$coord
    0.84733772589186      0.02097502576302     -4.71616977610762  h
   -0.37051269512419     -0.03362245036320     -3.36351913155887  o
    0.97686644351936      0.03377445259034     -1.03895548831613  c
    2.14630080896442      1.73286508061822     -0.88306338663250  h
    2.19661177990007     -1.62250845670564     -0.81747162569045  h
   -0.97686630473314      0.03377888774439      1.03895543953953  c
   -2.14629143145490      1.73287615887538      0.88306534998272  h
   -2.19662058701336     -1.62249705008679      0.81746928088672  h
    0.37051235946913     -0.03362682845425      3.36351896126633  o
   -0.84734149598160      0.02089702637022      4.71616958402619  h
$intdef
# definitions of internal coordinates
   1 f  1.0000000000000 tors    2    3    6    9 val= 177.00000
$user-defined bonds
$redundant
     number_of_atoms            10
     degrees_of_freedom         24
     internal_coordinates       25
     frozen_coordinates          1
# definitions of redundant internals
   1 k  1.0000000000000 tors   1    2    3    6 val= 178.16146
   2 k  1.0000000000000 stre   2    1           val=   1.82094
   3 k  1.0000000000000 bend   3    1    2      val= 107.84478
   4 k  1.0000000000000 stre   3    4           val=   2.06852
   5 k  1.0000000000000 stre   3    5           val=   2.06884
   6 k  0.0902349024668 bend   5    4    3      val=   1.07705
       -0.5097100703360 bend   2    4    3
       -0.5091945276599 bend   2    5    3
        0.4886475414575 bend   6    4    3
        0.4837332113921 bend   6    5    3
   7 k  0.0043735474061 bend   5    4    3      val=   0.11250
       -0.5415152929064 bend   2    4    3
        0.5398131293992 bend   2    5    3
       -0.4549909744108 bend   6    4    3
        0.4564285904329 bend   6    5    3
   8 k -0.8835097898944 bend   5    4    3      val=   3.02777
        0.1827160918171 bend   2    4    3
        0.1859734073024 bend   2    5    3
        0.2729453853196 bend   6    4    3
        0.2773805857678 bend   6    5    3
   9 k -0.0009247097309 bend   5    4    3      val=   0.12881
       -0.4539336946283 bend   2    4    3
        0.4575007229992 bend   2    5    3
        0.5396442206688 bend   6    4    3
       -0.5416830709438 bend   6    5    3
  10 k  1.0000000000000 stre   6    7           val=   2.06852
  11 k  1.0000000000000 stre   6    8           val=   2.06884
  12 k  0.0902351411945 bend   8    7    6      val=   1.07705
       -0.5097095946580 bend   9    7    6
       -0.5091950213670 bend   9    8    6
        0.4886474703614 bend   3    7    6
        0.4837332202069 bend   3    8    6
  13 k  0.0043729087494 bend   8    7    6      val=   0.11247
       -0.5415156523396 bend   9    7    6
        0.5398129263892 bend   9    8    6
       -0.4549906191462 bend   3    7    6
        0.4564287643570 bend   3    8    6
  14 k -0.8835097762781 bend   8    7    6      val=   3.02777
        0.1827163871182 bend   9    7    6
        0.1859728654055 bend   9    8    6
        0.2729456623942 bend   3    7    6
        0.2773805252944 bend   3    8    6
  15 k -0.0009248054751 bend   8    7    6      val=   0.12884
       -0.4539337769365 bend   9    7    6
        0.4575004593322 bend   9    8    6
        0.5396446244217 bend   3    7    6
       -0.5416828222628 bend   3    8    6
  16 k  1.0000000000000 tors  10    9    6    3 val= 178.16407
  17 k  1.0000000000000 stre   9   10           val=   1.82094
  18 k  1.0000000000000 bend   6   10    9      val= 107.84479
  19 k  1.0000000000000 tors   2    3    6    9 val= 177.00000
  20 k  1.0000000000000 stre   3    2           val=   2.68767
  21 k  1.0000000000000 bend   6    2    3      val= 106.66109
  22 k  1.0000000000000 stre   6    9           val=   2.68767
  23 k  1.0000000000000 bend   3    9    6      val= 106.66109
  24 k  1.0000000000000 stre   3    6           val=   2.85215
  25 f  1.0000000000000 tors   2    3    6    9 val= 177.00000
        24 non zero eigenvalues  of BmBt
           1           3.950286959    1    0
         1
           2           3.744051594    2    0
         2
           3           3.728125594    3    0
         3
           4           3.105462918    4    0
         4
           5           3.003263138    5    0
         5
           6           2.442742039    6    0
         6
           7           2.136307086    7    0
         7
           8           1.673160309    8    0
         8
           9           1.245724717    9    0
         9
          10           1.170421212   10    0
        10
          11           1.056755984   11    0
        11
          12           0.870385433   12    0
        12
          13           0.769909337   13    0
        13
          14           0.757561785   14    0
        14
          15           0.589141305   15    0
        15
          16           0.383607273   16    0
        16
          17           0.354300739   17    0
        17
          18           0.338271343   18    0
        18
          19           0.276757075   20    0
        20
          20           0.260546284   21    0
        21
          21           0.140523115   22    0
        22
          22           0.067685089   23    0
        23
          23           0.064710507   24    0
        24
          24           0.000000000    0    1
         0.000000000         0.000000000         0.000000000         0.000000000
         0.000000000         0.000000000         0.000000000         0.000000000
         0.000000000         0.000000000         0.000000000         0.000000000
         0.000000000         0.000000000         0.000000000         0.000000000
         0.000000000         0.000000000         0.000000000         0.000000000
         0.000000000         0.000000000         0.000000000         0.000000000
         1.000000000
$end
