$energy      SCF               SCFKIN            SCFPOT            MP2
     1 -229.0301984105      228.755289     -457.785487     -.8118085868519
     2 -229.0302398891      228.793363     -457.823603     -.8119178581582
     3 -229.0301656337      228.793220     -457.823386     -.8120038345294
     4 -229.0300957946      228.790706     -457.820801     -.8120772524048
     5 -229.0300876548      228.789950     -457.820038     -.8120854794712
     6 -229.0300843188      228.789878     -457.819963     -.8120888484577
     7 -229.0300843187      228.789876     -457.819960     -.8120888357400
     8 -229.0300843727      228.789890     -457.819975     -.8120888311796
     9 -229.0300843482      228.789898     -457.819983     -.8120888766374
    10 -229.0300843481      228.789896     -457.819980     -.8120888554242
    11 -229.0300842829      228.789890     -457.819974     -.8120889102277
    12 -229.0300842480      228.789888     -457.819972     -.8120889394870
$end
