$grad          cartesian gradients
  cycle =      1 MP2 energy =     -229.8420069974 |dE/dxyz| =  0.008653
    0.82696309012437     -0.03232610451012     -4.74903303492691      h
   -0.37032752732460     -0.03215343707081     -3.38111374432019      o
    0.97388138452598      0.03516758733314     -1.04955483818549      c
    2.14227791771587      1.73915317157581     -0.89650805177276      h
    2.20670799394135     -1.61620529522079     -0.83688637681036      h
   -0.97387248278866      0.03525405647312      1.04955272798322      c
   -2.14214481026397      1.73930622154833      0.89649657368363      h
   -2.20681617267229     -1.61604947522618      0.83687927574780      h
    0.37032198351383     -0.03208592222413      3.38111807450460      o
   -0.82700609721682     -0.03337088589628      4.74900802707064      h
  -.22941378474504D-02  -.17590863047159D-03  -.37663117380049D-03
  0.32961736254107D-02  -.20044074588846D-03  -.39406176866903D-02
  -.16752398905004D-02  0.15133379655621D-03  -.35219354719659D-03
  0.63057714443238D-03  0.80145430648937D-03  -.39791771620348D-04
  0.10759672948248D-02  -.57731410046680D-03  -.30637649717418D-03
  0.16751141734392D-02  0.15834755150487D-03  0.35290312421005D-03
  -.62702019039884D-03  0.79808298805695D-03  0.41434799901624D-04
  -.10793613045705D-02  -.58066190835016D-03  0.30445226658497D-03
  -.32949181427906D-02  -.19862014170371D-03  0.39391536861491D-02
  0.22928451373545D-02  -.17627311415671D-03  0.37766680062523D-03
  cycle =      2 MP2 energy =     -229.8421577473 |dE/dxyz| =  0.002290
    0.82164723785125     -0.01049169802248     -4.72383589208564      h
   -0.38069634231376     -0.03612712206624     -3.35795872906465      o
    0.97514659099761      0.03121109683502     -1.04078278221327      c
    2.14321127315609      1.73249662984154     -0.88754473014351      h
    2.19890196855964     -1.62342413295465     -0.82570955383601      h
   -0.97513730684603      0.03126554740365      1.04077825919035      c
   -2.14309052587537      1.73262766607754      0.88758033551575      h
   -2.19899876441105     -1.62328853823143      0.82565360367509      h
    0.38069113163663     -0.03618647345811      3.35795900465343      o
   -0.82168998319995     -0.01139305864275      4.72381911728264      h
  -.75322747114592D-03  -.92474121702990D-04  -.70359296322042D-04
  0.12000034909994D-02  -.26772228961525D-03  0.43180379291385D-03
  -.27201437124358D-03  0.21029012937526D-03  0.24436993297294D-03
  0.10282477413615D-03  0.22121358005922D-03  -.11659539404893D-04
  0.23449801835085D-03  -.72582845904279D-04  -.21125466106594D-03
  0.27189421782392D-03  0.21323485832669D-03  -.24433538556923D-03
  -.10213601235387D-03  0.22061200260870D-03  0.12702272560977D-04
  -.23507037938719D-03  -.73218540791231D-04  0.21027234984435D-03
  -.11997987382646D-02  -.26580246981822D-03  -.43172333905694D-03
  0.75302647097297D-03  -.93550337032573D-04  0.70183873975616D-04
  cycle =      3 MP2 energy =     -229.8421694682 |dE/dxyz| =  0.001285
    0.82449957587090      0.00318932300097     -4.72185672848452      h
   -0.38277734451482     -0.03881448450272     -3.35960064371112      o
    0.97347599073239      0.02847254953928     -1.04179691510325      c
    2.14301726000690      1.72789669478109     -0.88887753485338      h
    2.19486919846202     -1.62704275306729     -0.82554443955345      h
   -0.97346880076350      0.02849103364663      1.04179130554157      c
   -2.14290162767037      1.72799822338738      0.88896426784098      h
   -2.19496587270266     -1.62693455018554      0.82543675334846      h
    0.38277115169813     -0.03899653947264      3.35959691840789      o
   -0.82453425156394      0.00243041965493      4.72184564954101      h
  -.26861692540203D-03  -.40210210227598D-04  -.17485665321626D-03
  0.53180126352625D-03  -.31811048220831D-03  0.42136751533395D-03
  -.23813390483074D-03  0.27943633613745D-03  0.11006978906647D-03
  0.20209956907991D-06  0.59844948601118D-05  0.41436970585021D-04
  0.10586421158365D-04  0.71727228067253D-04  -.77582394787334D-04
  0.23804660451754D-03  0.28120774107204D-03  -.11014843249449D-03
  -.35455717783961D-06  0.60539785748936D-05  -.40835778422600D-04
  -.10316283869827D-04  0.71778615370555D-04  0.76753777104491D-04
  -.53173259178330D-03  -.31682840179970D-03  -.42112567260411D-03
  0.26851787417170D-03  -.41039300897189D-04  0.17492088091142D-03
  cycle =      4 MP2 energy =     -229.8421730470 |dE/dxyz| =  0.000750
    0.82727559513765      0.01414596892106     -4.72002123689722      h
   -0.38430881284080     -0.04108337367307     -3.36167810155665      o
    0.97244819786499      0.02615845604444     -1.04302690189410      c
    2.14302171080952      1.72472935905807     -0.89115675066846      h
    2.19273845794480     -1.63020385534603     -0.82614626618646      h
   -0.97244681831516      0.02613363042507      1.04302070003891      c
   -2.14291034250184      1.72479458602370      0.89130422609971      h
   -2.19284353012628     -1.63012989507983      0.82598524058435      h
    0.38430279998262     -0.04140383209960      3.36166647749517      o
   -0.82729197840046      0.01354887250828      4.72001124595894      h
  0.36946906036839D-05  0.23526816161912D-05  -.64615792683576D-04
  0.55827030751132D-04  -.33759114169324D-03  0.12366873853953D-03
  -.10172466911440D-03  0.34031381801322D-03  -.10796800931279D-03
  -.39398788684863D-05  -.46324925692787D-04  0.39657180525565D-04
  -.31070988952386D-04  0.40647669216742D-04  0.23153845280274D-04
  0.10181627230343D-03  0.34127040049456D-03  0.10831759866692D-03
  0.36945121197896D-05  -.46197857006991D-04  -.39416032309753D-04
  0.31349903754752D-04  0.40702401207238D-04  -.23409447397385D-04
  -.55964096746131D-04  -.33716202978745D-03  -.12377348046844D-03
  -.36827757048385D-05  0.19889853798277D-05  0.64385397732902D-04
  cycle =      5 MP2 energy =     -229.8421731343 |dE/dxyz| =  0.000667
    0.82764452975918      0.01406114736687     -4.71970268146904      h
   -0.38442246233528     -0.04113983002594     -3.36190565979356      o
    0.97252716784759      0.02609384221546     -1.04309017846906      c
    2.14284488535299      1.72500912991922     -0.89172360427964      h
    2.19311551963454     -1.63026181413792     -0.82644659268890      h
   -0.97252761939957      0.02605349632575      1.04308337590597      c
   -2.14273336483119      1.72506113903549      0.89189071694087      h
   -2.19322471780036     -1.63019983917582      0.82626602163774      h
    0.38441584853178     -0.04150582159657      3.36189290323638      o
   -0.82765450720463      0.01351846685553      4.71969433195343      h
  -.61539417344214D-05  0.12836744757855D-05  -.14198982212221D-06
  0.25411544366527D-04  -.32179481365324D-03  0.29624405727624D-04
  -.38815447614748D-04  0.32773165016806D-03  -.88904105706028D-04
  0.10075997054937D-04  -.44344966729781D-05  0.13620183545393D-04
  0.74683253075136D-05  -.30355755371581D-05  0.17120855747246D-04
  0.38794979566159D-04  0.32830703580725D-03  0.89023548153266D-04
  -.10072779889292D-04  -.44923695470267D-05  -.13532231629407D-04
  -.74789471069536D-05  -.31275452263557D-05  -.17354874888166D-04
  -.25327295516853D-04  -.32164886166897D-03  -.29650872057196D-04
  0.60975649658346D-05  0.12113034999900D-05  0.19508183779493D-06
  cycle =      6 MP2 energy =     -229.8421731673 |dE/dxyz| =  0.000636
    0.82778512377202      0.01356704182334     -4.71963469075873      h
   -0.38445073102115     -0.04106266365049     -3.36195180207892      o
    0.97254871237818      0.02616960094436     -1.04301256031159      c
    2.14266871005348      1.72522846218521     -0.89186521423542      h
    2.19319573204621     -1.63013350918150     -0.82660125238452      h
   -0.97254991760468      0.02612305587456      1.04300541842137      c
   -2.14255723439879      1.72527570784677      0.89203948893436      h
   -2.19330662815783     -1.63007583809678      0.82641583584800      h
    0.38444398893021     -0.04144594768425      3.36193774509559      o
   -0.82779247644260      0.01304400672086      4.71962566444404      h
  0.33553521427976D-06  -.30673090145594D-06  0.80601383034562D-06
  0.65121325780737D-05  -.31762121101436D-03  0.98160701123007D-05
  -.14606685355911D-04  0.31684267983326D-03  -.22929504243208D-04
  0.20389698676126D-05  0.14791251938817D-05  0.10627809108738D-05
  0.36816492552383D-05  -.43701916530026D-06  0.44956566005103D-05
  0.14647903175291D-04  0.31683771906513D-03  0.23030687565678D-04
  -.20146638859408D-05  0.14965704995262D-05  -.10551242477438D-05
  -.36907535796438D-05  -.40892041797136D-06  -.45197167266101D-05
  -.65767654531257D-05  -.31750169925998D-03  -.98836663600110D-05
  -.32732138599556D-06  -.38051216955104D-06  -.82319573024847D-06
  cycle =      7 MP2 energy =     -229.8421731544 |dE/dxyz| =  0.000636
    0.84733634259872      0.02096422811188     -4.71615984824062      h
   -0.37051328360968     -0.03363012576021     -3.36350884260406      o
    0.97686333856992      0.03377007887896     -1.03897010895913      c
    2.14629403748678      1.73287382717686     -0.88306745953519      h
    2.19665473162091     -1.62248302403465     -0.81741287038739      h
   -0.97686250069464      0.03377525915033      1.03896998524184      c
   -2.14628714918114      1.73288303077175      0.88306507880924      h
   -2.19665963766770     -1.62247364863981      0.81741351364140      h
    0.37051281331220     -0.03362580465286      3.36350908538894      o
   -0.84734084414685      0.02089950139354      4.71615920625151      h
  0.52290360263996D-06  0.14030249280428D-06  0.78983555518164D-06
  0.64362626872594D-05  -.31806673659562D-03  0.99078211759362D-05
  -.14597113905612D-04  0.31695409246543D-03  -.22929972661095D-04
  0.20363038295557D-05  0.13668477176765D-05  0.10567422671845D-05
  0.36264252027962D-05  -.44099129148378D-06  0.44968897167513D-05
  0.14618406936062D-04  0.31693429614144D-03  0.22997704113403D-04
  -.20099699833409D-05  0.13797616289501D-05  -.10479072415220D-05
  -.36396163838326D-05  -.41836965625208D-06  -.45275881520590D-05
  -.64774569432657D-05  -.31789889860340D-03  -.99364438668204D-05
  -.51614465013117D-06  0.49697081602740D-07  -.80708070981927D-06
  cycle =      8 MP2 energy =     -229.8421732039 |dE/dxyz| =  0.000639
    0.84734238972717      0.02095273293256     -4.71616675588867      h
   -0.37050796041334     -0.03361772265367     -3.36351487300500      o
    0.97686470631848      0.03377982442508     -1.03896278505384      c
    2.14630322396822      1.73287130819104     -0.88305831939147      h
    2.19662902914127     -1.62248889076542     -0.81743834351827      h
   -0.97686418259414      0.03378278278615      1.03896259155920      c
   -2.14629683819356      1.73287853589471      0.88305979188333      h
   -2.19663411157346     -1.62248138599464      0.81743538784279      h
    0.37050743698391     -0.03362144250382      3.36351486210536      o
   -0.84734584507602      0.02089758008381      4.71616618307310      h
  0.99446236578871D-07  -.15993509584755D-06  0.55347873839651D-07
  0.67354115556029D-05  -.31914413641021D-03  0.80099203501049D-05
  -.12759402859164D-04  0.31900921035133D-03  -.16473074570922D-04
  0.11972217901501D-05  0.49310480143561D-07  0.93282353775398D-06
  0.14293199126492D-05  0.20487014174009D-06  0.23627462580889D-05
  0.12770725933198D-04  0.31910568604115D-03  0.16519630307216D-04
  -.12035505245755D-05  0.69418690351597D-07  -.89874952079877D-06
  -.14175752891532D-05  0.22510240205165D-06  -.24210026178043D-05
  -.67703083335147D-05  -.31933908764120D-03  -.79944736679494D-05
  -.81288928921452D-07  -.20437498637893D-07  -.93169203907451D-07
  cycle =      9 MP2 energy =     -229.8421732248 |dE/dxyz| =  0.000642
    0.84734781119865      0.02099439438801     -4.71616846977507      h
   -0.37050192729500     -0.03363131518258     -3.36351819637843      o
    0.97686900908093      0.03377375282650     -1.03895344400565      c
    2.14630519256548      1.73286268364510     -0.88306053357060      h
    2.19661312407564     -1.62250744456871     -0.81745848245998      h
   -0.97686832915759      0.03378216779120      1.03895305780924      c
   -2.14629802543898      1.73287485755609      0.88305173562309      h
   -2.19661871641898     -1.62249542146607      0.81746587282972      h
    0.37050218837373     -0.03361521017307      3.36351817464244      o
   -0.84735247869536      0.02091485757933      4.71616802489178      h
  -.19341796875239D-06  0.84181980115894D-06  -.25542834869441D-06
  0.68201472664953D-05  -.32135847023890D-03  0.64566439945679D-05
  -.10186653547350D-04  0.32056641306638D-03  -.97300468112904D-05
  0.22313469649760D-06  -.40406877532817D-06  0.18663156980958D-06
  -.25091761290952D-06  0.33052175441028D-06  0.20188121735432D-06
  0.10173541682423D-04  0.32034919729962D-03  0.97111598439670D-05
  -.14955801619365D-06  -.39204949775495D-06  -.30082977146850D-06
  0.17564060250663D-06  0.33844959590468D-06  -.94932570596229D-07
  -.67531168150836D-05  -.32048246589311D-03  -.64890637672121D-05
  0.14119969549142D-06  0.21065445172941D-06  0.31398408406602D-06
  cycle =     10 MP2 energy =     -229.8421732035 |dE/dxyz| =  0.000642
    0.84733464497755      0.02099599000194     -4.71617067262168      h
   -0.37051140459596     -0.03363047088293     -3.36351710828063      o
    0.97686601949590      0.03377014419872     -1.03895598723176      c
    2.14630419545661      1.73285778466538     -0.88306395980179      h
    2.19660922455659     -1.62251248049993     -0.81746668787649      h
   -0.97686557478872      0.03377748120990      1.03895591528552      c
   -2.14629414046881      1.73287146132903      0.88306017541104      h
   -2.19661809650360     -1.62249868074292      0.81746981159651      h
    0.37051130656927     -0.03362434968527      3.36351721437849      o
   -0.84733957126117      0.02090496675777      4.71617050653672      h
  -.26156662569221D-06  0.40089882653860D-06  -.28290158793354D-06
  0.69115743581705D-05  -.32079219865250D-03  0.68715583676493D-05
  -.10349745626748D-04  0.32042114575598D-03  -.10309949401571D-04
  0.22868227311790D-06  -.31449295079256D-06  0.18555223917083D-06
  -.18890788444637D-06  0.31508333231400D-06  0.22952134942633D-06
  0.10347404561628D-04  0.32034048980070D-03  0.10294100203395D-04
  -.13597978743007D-06  -.26885703485746D-06  -.22455176743041D-06
  0.95515686471259D-07  0.36014469273482D-06  -.19704290044747D-06
  -.68844700589210D-05  -.32055693353100D-03  -.68658381326969D-05
  0.23749320732236D-06  0.94721228832695D-07  0.29955168701079D-06
  cycle =     11 MP2 energy =     -229.8421731931 |dE/dxyz| =  0.000641
    0.84733839953342      0.02094084756092     -4.71617027984292      h
   -0.37051306217610     -0.03361057139766     -3.36351873209671      o
    0.97686595090954      0.03378302042648     -1.03895587195742      c
    2.14630104008790      1.73287281371090     -0.88306078162680      h
    2.19661130858803     -1.62249992115862     -0.81747359490727      h
   -0.97686604408274      0.03378486338461      1.03895584448761      c
   -2.14629207865926      1.73288158384500      0.88306735288204      h
   -2.19662015997224     -1.62249065952646      0.81746680522846      h
    0.37051251300008     -0.03362411222415      3.36351837247735      o
   -0.84734126379098      0.02087398173067      4.71617009275159      h
  -.19224398473128D-06  -.74033839027321D-06  -.10414074980147D-06
  0.65909024833388D-05  -.31964391601036D-03  0.61883179878208D-05
  -.10080081622732D-04  0.32044607215234D-03  -.97589432147827D-05
  0.98737862330722D-07  -.10763292035421D-06  0.19872164210011D-06
  0.11934901111843D-06  0.54617197431384D-07  0.12656475866651D-06
  0.10082715323989D-04  0.32055035106351D-03  0.97836569858401D-05
  -.95786884646287D-07  -.67109607204685D-07  -.13084047561368D-06
  -.11817054579311D-06  0.95924646892342D-07  -.19132762522217D-06
  -.66111839407412D-05  -.32022006597665D-03  -.62088893715284D-05
  0.20576235382208D-06  -.36790068014270D-06  0.96879920974402D-07
  cycle =     12 MP2 energy =     -229.8421731875 |dE/dxyz| =  0.000642
    0.84733772589186      0.02097502576302     -4.71616977610762      h
   -0.37051269512419     -0.03362245036320     -3.36351913155887      o
    0.97686644351936      0.03377445259034     -1.03895548831613      c
    2.14630080896442      1.73286508061822     -0.88306338663250      h
    2.19661177990007     -1.62250845670564     -0.81747162569045      h
   -0.97686630473314      0.03377888774439      1.03895543953953      c
   -2.14629143145490      1.73287615887538      0.88306534998272      h
   -2.19662058701336     -1.62249705008679      0.81746928088672      h
    0.37051235946913     -0.03362682845425      3.36351896126633      o
   -0.84734149598160      0.02089702637022      4.71616958402619      h
  -.22190007742395D-06  0.50460863605661D-06  -.52290933805210D-07
  0.65339008932241D-05  -.32094036911468D-03  0.60365215528435D-05
  -.99112666340773D-05  0.32041347652448D-03  -.95378204574004D-05
  0.11509257280551D-06  -.23486112166182D-07  0.80785734019040D-07
  0.10130011585119D-06  0.45827563965872D-08  0.17956632961807D-06
  0.99134632818298D-05  0.32036024457241D-03  0.95431005872615D-05
  -.90054598889111D-07  0.92873575496810D-09  -.10738287227474D-06
  -.12337363308745D-06  0.27094033683284D-07  -.16083138938000D-06
  -.65257973700383D-05  -.32061978829873D-03  -.60317679562161D-05
  0.20863573890750D-06  0.27271000811735D-06  0.50117878735989D-07
$end
