$hessapprox internal
  0.399111399277D-01 -0.135264484965D-02  0.616634327246D+00  0.521631447647D-02
 -0.791864143622D-03  0.365273013499D+00  0.384324136101D-03  0.505920307067D-04
  0.120436935062D-02  0.425284644634D+00  0.161276497513D-02  0.121285160590D-03
  0.361186230388D-02 -0.428738942992D-03  0.423952642174D+00 -0.525435605105D-02
  0.806770223798D-03  0.727617311420D-02 -0.123313284053D-02 -0.369644714669D-02
  0.339874668608D+00  0.595843542003D-02  0.401058786723D-05  0.630798993044D-02
 -0.612280858347D-03 -0.166946308568D-02 -0.644427287715D-02  0.346460241306D+00
  0.324386949671D-02 -0.502023255670D-03 -0.455464977705D-02  0.769938192250D-03
  0.230725870534D-02  0.468053287649D-02  0.401753354807D-02  0.318743299982D+00
 -0.224081510062D-02  0.842994935762D-05 -0.221480892514D-02  0.208516946457D-03
  0.564450187516D-03  0.226211779660D-02  0.570119957094D-03 -0.141003425812D-02
  0.346344519141D+00  0.335053918365D-03  0.601920494600D-04  0.130484009224D-02
 -0.165644737627D-03 -0.476380562734D-03 -0.133629927042D-02 -0.692828196510D-03
  0.834478834969D-03  0.236672266705D-03  0.425251163496D+00  0.163839730273D-02
  0.110682639103D-03  0.347073504082D-02 -0.408135353038D-03 -0.115802195735D-02
 -0.355169204663D-02 -0.157211070117D-02  0.221676763207D-02  0.530666749892D-03
 -0.453840487743D-03  0.424071173245D+00 -0.510253062201D-02  0.803668554088D-03
  0.738614236692D-02 -0.124172372485D-02 -0.371855011146D-02 -0.758970807364D-02
 -0.645788198710D-02  0.475038852232D-02  0.226571289976D-02 -0.134625381072D-02
 -0.357222618085D-02  0.339650474266D+00 -0.254832069448D-02  0.414274675692D-03
  0.389326705722D-02 -0.648381421315D-03 -0.193943999641D-02 -0.400005303523D-02
 -0.335279811196D-02  0.250340996249D-02  0.117557964712D-02 -0.703360221163D-03
 -0.186269009297D-02 -0.405797897875D-02  0.346100067320D+00  0.316141398679D-02
 -0.497067710612D-03 -0.456254586980D-02  0.767446350639D-03  0.229839794412D-02
  0.468832644621D-02  0.399258369345D-02 -0.293443215219D-02 -0.140082551507D-02
  0.832024393225D-03  0.220798574941D-02  0.475760252809D-02  0.250678653767D-02
  0.318734070534D+00  0.123716445624D-02 -0.103727880176D-03 -0.346950581249D-03
  0.101663690769D-03  0.320317455042D-03  0.360145243045D-03  0.664776941356D-03
 -0.226954597835D-03 -0.238398601758D-03  0.107417387511D-03  0.310774246713D-03
  0.373342425276D-03  0.201526740853D-03 -0.230301610478D-03  0.346540928460D+00
  0.115771696773D-01 -0.665088902371D-03  0.159498744470D-02  0.282703044638D-03
  0.104830627806D-02 -0.159277284413D-02  0.319960721704D-02  0.977337541542D-03
 -0.118822003835D-02  0.270853330676D-03  0.104596666104D-02 -0.151610278751D-02
 -0.737608510310D-03  0.940658704876D-03  0.505786151341D-03  0.196800449164D-01
 -0.147074197020D-02  0.326979605064D-04 -0.102326106974D-02  0.774176812868D-04
  0.197197270743D-03  0.104353234484D-02  0.105612869646D-03 -0.649783193740D-03
 -0.257773560367D-04  0.900574049444D-04  0.182754615770D-03  0.104172919282D-02
  0.538364892859D-03 -0.644215422163D-03 -0.124744697417D-03 -0.738686050335D-03
  0.616615885256D+00  0.491175175719D-02 -0.772878175480D-03 -0.709822551502D-02
  0.119367332027D-02  0.357478430696D-02  0.729388566724D-02  0.620909202493D-02
 -0.456524619814D-02 -0.217846834359D-02  0.129413562058D-02  0.343414244495D-02
  0.740160971823D-02  0.389988502991D-02 -0.457220348863D-02 -0.358516954117D-03
  0.146054222849D-02 -0.100173911744D-02  0.365239695552D+00 -0.475626490734D-02
  0.110668034226D-02  0.125500510758D-01 -0.193982719348D-02 -0.574687818207D-02
 -0.128816843939D-01 -0.955474218175D-02  0.805658690344D-02  0.333196379858D-02
 -0.211412808230D-02 -0.550872949371D-02 -0.130408994076D-01 -0.685224542212D-02
  0.805704200303D-02  0.765594445680D-03 -0.871027567361D-03  0.147259236126D-02
  0.125338021470D-01  0.475515313754D+00  0.263371401486D-02 -0.290922975123D-03
 -0.184934843520D-02  0.369821724755D-03  0.112906738017D-02  0.190525603637D-02
  0.210831557283D-02 -0.119459123539D-02 -0.746713517877D-03  0.397140961314D-03
  0.108880077013D-02  0.194409332565D-02  0.103087372095D-02 -0.120048724477D-02
 -0.480024484484D-04  0.970427490868D-03 -0.363899197201D-03 -0.186795856338D-02
  0.347323386803D-02  0.383877585598D+00 -0.519223633059D-02  0.112275824442D-02
  0.123478964537D-01 -0.193085013270D-02 -0.572915220692D-02 -0.126760545455D-01
 -0.958656655991D-02  0.792877223397D-02  0.334610993931D-02 -0.210277690594D-02
 -0.549346757885D-02 -0.128367825443D-01 -0.674747703466D-02  0.793076582533D-02
  0.736073861077D-03 -0.108031333167D-02  0.148782986142D-02  0.123374796120D-01
 -0.212892469302D-01  0.339502737770D-02  0.476058547733D+00  0.207398379243D-02
 -0.267862702894D-03 -0.207057132248D-02  0.376055409138D-03  0.113639947454D-02
  0.212998101653D-02  0.204354696497D-02 -0.133414609524D-02 -0.720300006292D-03
  0.405902813771D-03  0.109365756804D-02  0.216650524264D-02  0.114462052369D-02
 -0.133810928646D-02 -0.830785878178D-04  0.705399169208D-03 -0.340943877979D-03
 -0.208190123360D-02  0.375451080172D-02 -0.517042471876D-03  0.368442972045D-02
  0.383710185248D+00  0.171329694462D-02 -0.827223675087D-04  0.484855122641D-03
  0.747524791036D-05  0.549704633659D-04 -0.490758862747D-03  0.318245260283D-03
  0.304002764446D-03 -0.122260962025D-03  0.234572071420D-05  0.590933014216D-04
 -0.481818946130D-03 -0.243977580030D-03  0.298299338977D-03  0.931914454131D-04
  0.792830351713D-03 -0.872891638822D-04  0.463611788467D-03 -0.541837548634D-03
  0.216567328139D-03 -0.569368387909D-03  0.180594237444D-03  0.403212284315D+00
  0.000000000000D+00  0.000000000000D+00  0.000000000000D+00  0.000000000000D+00
  0.000000000000D+00  0.000000000000D+00  0.000000000000D+00  0.000000000000D+00
  0.000000000000D+00  0.000000000000D+00  0.000000000000D+00  0.000000000000D+00
  0.000000000000D+00  0.000000000000D+00  0.000000000000D+00  0.000000000000D+00
  0.000000000000D+00  0.000000000000D+00  0.000000000000D+00  0.000000000000D+00
  0.000000000000D+00  0.000000000000D+00  0.000000000000D+00  0.000000000000D+00
$end
