$coord
    0.74654646190061     -0.22986473439899     -4.70117520954362  h
   -0.37462075719874     -0.41239327626570     -3.27662311799202  o
    0.93549354647942      0.44497061814389     -1.08719211204669  c
    1.74138781956313      2.32533130243360     -1.38530720561096  h
    2.46660625857698     -0.85189113360816     -0.58482482413771  h
   -0.93549358995881      0.44497057537840      1.08719201524665  c
   -1.74138784195105      2.32533125696965      1.38530709091612  h
   -2.46660630984804     -0.85189117739469      0.58482472017263  h
    0.37462076736596     -0.41239317601318      3.27662304847944  o
   -0.74654661245581     -0.22986502717864      4.70117506856694  h
$intdef
# definitions of internal coordinates
   1 f  1.0000000000000 tors    2    3    6    9 val= 141.00000
$user-defined bonds
$redundant
     number_of_atoms            10
     degrees_of_freedom         24
     internal_coordinates       25
     frozen_coordinates          1
# definitions of redundant internals
   1 k  1.0000000000000 tors   1    2    3    6 val= 173.43117
   2 k  1.0000000000000 stre   2    1           val=   1.82200
   3 k  1.0000000000000 bend   3    1    2      val= 107.73144
   4 k  1.0000000000000 stre   3    4           val=   2.06739
   5 k  1.0000000000000 stre   3    5           val=   2.06846
   6 k  0.0721314367713 bend   5    4    3      val=   0.79343
       -0.5070395553791 bend   2    4    3
       -0.5100681571995 bend   2    5    3
        0.5128869060768 bend   6    4    3
        0.4631257299010 bend   6    5    3
   7 k  0.0406762176187 bend   5    4    3      val=   1.08043
       -0.5492442821120 bend   2    4    3
        0.5266171688566 bend   2    5    3
       -0.4475760466193 bend   6    4    3
        0.4680023545300 bend   6    5    3
   8 k -0.8863031845470 bend   5    4    3      val=   2.26433
        0.1771636114597 bend   2    4    3
        0.2036594077542 bend   2    5    3
        0.2425242486383 bend   6    4    3
        0.2877230513742 bend   6    5    3
   9 k -0.0108655415276 bend   5    4    3      val=   1.48639
       -0.4415963981072 bend   2    4    3
        0.4756385181078 bend   2    5    3
        0.5303770671743 bend   6    4    3
       -0.5452914155695 bend   6    5    3
  10 k  1.0000000000000 stre   6    7           val=   2.06739
  11 k  1.0000000000000 stre   6    8           val=   2.06846
  12 k  0.0721314058623 bend   8    7    6      val=   0.79343
       -0.5070397090778 bend   9    7    6
       -0.5100679935449 bend   9    8    6
        0.5128869484687 bend   3    7    6
        0.4631256997384 bend   3    8    6
  13 k  0.0406764739348 bend   8    7    6      val=   1.08045
       -0.5492441934075 bend   9    7    6
        0.5266172549783 bend   9    8    6
       -0.4475761081940 bend   3    7    6
        0.4680022805601 bend   3    8    6
  14 k -0.8863031931542 bend   8    7    6      val=   2.26433
        0.1771634653841 bend   9    7    6
        0.2036595564672 bend   9    8    6
        0.2425241399559 bend   3    7    6
        0.2877231011511 bend   3    8    6
  15 k -0.0108655219667 bend   8    7    6      val=   1.48639
       -0.4415963214289 bend   9    7    6
        0.4756385873820 bend   9    8    6
        0.5303769517193 bend   3    7    6
       -0.5452915299278 bend   3    8    6
  16 k  1.0000000000000 tors  10    9    6    3 val= 173.43118
  17 k  1.0000000000000 stre   9   10           val=   1.82200
  18 k  1.0000000000000 bend   6   10    9      val= 107.73144
  19 k  1.0000000000000 tors   2    3    6    9 val= 141.00000
  20 k  1.0000000000000 stre   3    2           val=   2.69167
  21 k  1.0000000000000 bend   6    2    3      val= 107.40399
  22 k  1.0000000000000 stre   6    9           val=   2.69167
  23 k  1.0000000000000 bend   3    9    6      val= 107.40399
  24 k  1.0000000000000 stre   3    6           val=   2.86854
  25 f  1.0000000000000 tors   2    3    6    9 val= 141.00000
        24 non zero eigenvalues  of BmBt
           1           3.967966421    1    0
         1
           2           3.808537870    2    0
         2
           3           3.736631016    3    0
         3
           4           3.016042074    4    0
         4
           5           3.000508232    5    0
         5
           6           2.443982020    6    0
         6
           7           2.138794152    7    0
         7
           8           1.698412853    8    0
         8
           9           1.245481561    9    0
         9
          10           1.182730924   10    0
        10
          11           1.041646620   11    0
        11
          12           0.857304767   12    0
        12
          13           0.770221016   13    0
        13
          14           0.751407006   14    0
        14
          15           0.567631591   15    0
        15
          16           0.426926022   16    0
        16
          17           0.353669399   17    0
        17
          18           0.339670546   18    0
        18
          19           0.282597995   20    0
        20
          20           0.253779195   21    0
        21
          21           0.123936055   22    0
        22
          22           0.069789131   23    0
        23
          23           0.067168061   24    0
        24
          24           0.000000000    0    1
         0.000000000         0.000000000         0.000000000         0.000000000
         0.000000000         0.000000000         0.000000000         0.000000000
         0.000000000         0.000000000         0.000000000         0.000000000
         0.000000000         0.000000000         0.000000000         0.000000000
         0.000000000         0.000000000         0.000000000         0.000000000
         0.000000000         0.000000000         0.000000000         0.000000000
         1.000000000
$end
