$energy      SCF               SCFKIN            SCFPOT            MP2
     1 -229.0255754462      228.784644     -457.810219     -.8126198831563
     2 -229.0259939811      228.786263     -457.812257     -.8126890561850
     3 -229.0259189157      228.791126     -457.817045     -.8128932682939
     4 -229.0258578462      228.786752     -457.812610     -.8129619659140
     5 -229.0258415148      228.786667     -457.812509     -.8129794545800
     6 -229.0258425681      228.786941     -457.812784     -.8129784802620
     7 -229.0258420898      228.786901     -457.812743     -.8129789995294
     8 -229.0258420896      228.786899     -457.812741     -.8129789852852
     9 -229.0258418129      228.786884     -457.812726     -.8129792379574
    10 -229.0258410747      228.786858     -457.812699     -.8129799469085
    11 -229.0258410746      228.786861     -457.812702     -.8129799811083
    12 -229.0258411402      228.786866     -457.812707     -.8129799282275
    13 -229.0258411794      228.786870     -457.812711     -.8129798923638
$end
