$grad          cartesian gradients
  cycle =      1 MP2 energy =     -229.8381953294 |dE/dxyz| =  0.009616
    0.77536993752331     -0.42583288381649     -4.67704710798469      h
   -0.37596368182283     -0.40933300919935     -3.27032514946797      o
    0.93709524917351      0.44922191174948     -1.08255085985846      c
    1.67645055679968      2.36662723433716     -1.34532662257128      h
    2.52354011670244     -0.79740186865946     -0.61218563468255      h
   -0.93703244872758      0.44934794045302      1.08254567386759      c
   -1.67616583604708      2.36682522896917      1.34530559681193      h
   -2.52362511119789     -0.79710714563328      0.61216622343968      h
    0.37592667363933     -0.40928609772486      3.27034738599170      o
   -0.77573057813810     -0.42677539744282      4.67679638421485      h
  -.24077557443225D-02  -.11936782633536D-02  0.66786566419896D-03
  0.24440613323033D-02  -.12898541815325D-02  -.14063159139877D-02
  -.19870238858033D-02  0.48713559004288D-03  0.25963549976936D-02
  -.10898163520263D-02  0.17518507032372D-02  0.23729233987877D-02
  0.27041082874284D-02  0.24275161576393D-03  -.88170730603643D-03
  0.19872047787186D-02  0.49521352371729D-03  -.25947000798195D-02
  0.10930477135935D-02  0.17470963942499D-02  -.23717167948454D-02
  -.27085400627782D-02  0.24104622972976D-03  0.87927697067208D-03
  -.24415044669057D-02  -.12863840068849D-02  0.14049308224378D-02
  0.24062184001723D-02  -.11951776389706D-02  -.66691176052913D-03
  cycle =      2 MP2 energy =     -229.8386830373 |dE/dxyz| =  0.005477
    0.76504362587151     -0.30606838978635     -4.69972647045131      h
   -0.36489688133907     -0.42700820185386     -3.27662011415532      o
    0.93869006522889      0.42944308382440     -1.08578980286639      c
    1.71319160506868      2.32852361599971     -1.36266027520861      h
    2.49625541411320     -0.84153829309762     -0.60222523010568      h
   -0.93864132222892      0.42950026441909      1.08576660701497      c
   -1.71293306778072      2.32864906463927      1.36273889752877      h
   -2.49634578340192     -0.84127650037339      0.60210140382907      h
    0.36481713941996     -0.42720425618682      3.27657393138540      o
   -0.76531591704681     -0.30673447455187      4.69956694278990      h
  -.82334090809777D-03  -.57244356287573D-03  -.30585246074111D-03
  0.20112230542253D-02  -.18437360051156D-02  0.55633011376699D-03
  -.10712401546504D-02  0.10520586999689D-02  -.30579568882794D-03
  -.38961575971874D-03  0.77905694421343D-03  0.10495451499783D-02
  0.74528362715176D-03  0.58369133391656D-03  -.10224374603515D-02
  0.10717683294734D-02  0.10551515100166D-02  0.30486690840081D-03
  0.39006683906440D-03  0.77794706251666D-03  -.10483538369794D-02
  -.74574856098097D-03  0.58355674923760D-03  0.10212347528152D-02
  -.20114593628469D-02  -.18415538520480D-02  -.55503660211276D-03
  0.82306289649647D-03  -.57372885129775D-03  0.30549912260591D-03
  cycle =      3 MP2 energy =     -229.8388121840 |dE/dxyz| =  0.006137
    0.75135723476323     -0.22936471348899     -4.70370744089804      h
   -0.36211290830005     -0.43659234786191     -3.27617254633268      o
    0.93960383510553      0.41980197843242     -1.08444601304262      c
    1.74265144305225      2.30314699364280     -1.37332603768253      h
    2.47250001594900     -0.87359086601208     -0.58264145752661      h
   -0.93959758469297      0.41980473301708      1.08441623591034      c
   -1.74242277016915      2.30321716218783      1.37349493682054      h
   -2.47264296651629     -0.87334739919394      0.58245315419123      h
    0.36199811043270     -0.43698853685293      3.27605626353430      o
   -0.75146953171946     -0.22980109083772      4.70359879478688      h
  0.18623104279136D-04  0.42462507689328D-04  -.21613800966014D-03
  0.11002112268423D-02  -.26360833931358D-02  0.14752118228039D-02
  -.96626329073146D-03  0.22569825178567D-02  -.14576736208745D-02
  -.24027742661525D-04  0.95165903078342D-04  0.26149781100515D-03
  -.12370124222727D-03  0.24073564571347D-03  -.37640357934615D-03
  0.96662707440975D-03  0.22572538087400D-02  0.14587053001339D-02
  0.23287960683627D-04  0.95934541730625D-04  -.26117678324300D-03
  0.12465671342277D-03  0.24091286234551D-03  0.37576168254400D-03
  -.11006037072114D-02  -.26358745917530D-02  -.14756510113036D-02
  -.18810097100808D-04  0.42510213788538D-04  0.21586638726578D-03
  cycle =      4 MP2 energy =     -229.8388198121 |dE/dxyz| =  0.006206
    0.75348410588176     -0.23602090583992     -4.70273301418136      h
   -0.36510532561368     -0.43374918478021     -3.27821872508434      o
    0.93826901111072      0.42310632808974     -1.08514372165989      c
    1.74536016731707      2.30378189459233     -1.37814007893277      h
    2.46837455108044     -0.87370882046797     -0.57958170409464      h
   -0.93827170089080      0.42310125204713      1.08511127099303      c
   -1.74513112615607      2.30384378768777      1.37831569465568      h
   -2.46853568656992     -0.87346791201957      0.57939668094735      h
    0.36499142143166     -0.43416324507444      3.27809165154160      o
   -0.75357053968638     -0.23643728120230      4.70262783557615      h
  -.44983017090328D-04  0.17628603395603D-04  -.48915630505686D-04
  0.86912242039539D-03  -.27548114865130D-02  0.67406141314486D-03
  -.12458427146513D-02  0.27107813868306D-02  -.12376466669083D-02
  0.28403677307720D-04  0.89747183578126D-05  0.12309372366115D-03
  -.10741240363821D-05  0.17387603973962D-04  -.38634399795567D-04
  0.12462021964885D-02  0.27107543357672D-02  0.12384693221293D-02
  -.28462361129744D-04  0.90062446136407D-05  -.12318197232997D-03
  0.11717324706062D-05  0.17307758190643D-04  0.38329651983804D-04
  -.86945884656764D-03  -.27547493302813D-02  -.67443077776019D-03
  0.44921036578049D-04  0.17720197125093D-04  0.48855336964415D-04
  cycle =      5 MP2 energy =     -229.8388209694 |dE/dxyz| =  0.006051
    0.75553608642816     -0.24527621687674     -4.70034113654731      h
   -0.36723564841447     -0.43140881415016     -3.27763359622551      o
    0.93786454604985      0.42571020186113     -1.08515761032351      c
    1.74504670773297      2.30591201930097     -1.38058514423902      h
    2.46770892113609     -0.87152802640327     -0.57905642046906      h
   -0.93786897230518      0.42570527328761      1.08512394744112      c
   -1.74481681838454      2.30597439644863      1.38075928425105      h
   -2.46787469622193     -0.87128675235607      0.57887787645394      h
    0.36712499812432     -0.43181915088492      3.27750444451568      o
   -0.75562024624047     -0.24569701719463      4.70023424490344      h
  -.39291877334868D-04  -.84511637071794D-06  0.21541354263466D-04
  0.75038331622324D-03  -.27042308987646D-02  0.57189598006335D-03
  -.12116927588037D-02  0.27459457171433D-02  -.10413539027250D-02
  0.13686575075056D-04  -.84645602074218D-05  0.42710658553657D-04
  0.41757604897885D-04  -.32262297442909D-04  0.37587674032780D-04
  0.12120030760951D-02  0.27456805219952D-02  0.10418407936497D-02
  -.13554254234549D-04  -.85912923077913D-05  -.42830455366016D-04
  -.41882992172670D-04  -.32325471372552D-04  -.37652091194607D-04
  -.75070941215660D-03  -.27040797310414D-02  -.57220008699854D-03
  0.39300721895952D-04  -.82684040256242D-06  -.21539925375347D-04
  cycle =      6 MP2 energy =     -229.8388210484 |dE/dxyz| =  0.005901
    0.75652726039497     -0.24860243352849     -4.69957001513603      h
   -0.36772325547855     -0.43069346833614     -3.27739937824680      o
    0.93779939936859      0.42645319597876     -1.08522000515495      c
    1.74452964558447      2.30675420874574     -1.38146148235477      h
    2.46778427475197     -0.87050370987183     -0.57955508332505      h
   -0.93780329856248      0.42644948053037      1.08518609454933      c
   -1.74430006459908      2.30681798747822      1.38163486203841      h
   -2.46794909429739     -0.87026184002743      0.57937856651276      h
    0.36761359035198     -0.43110069262331      3.27727052144313      o
   -0.75661357960967     -0.24902681531335      4.69946180943480      h
  -.26580608709637D-05  -.26870407535684D-05  -.11100251331442D-05
  0.72202578540725D-03  -.26648898027370D-02  0.63302766278905D-03
  -.11336426154367D-02  0.26702274101076D-02  -.98503909872344D-03
  0.42328273091030D-05  -.24189131266894D-05  0.38722006241443D-05
  0.75923091231722D-05  -.15392506202971D-06  0.67504600101409D-05
  0.11339504692907D-02  0.26698730139005D-02  0.98535511592640D-03
  -.42071749697392D-05  -.24070799371501D-05  -.38971514014774D-05
  -.75902288689811D-05  -.13814727450878D-06  -.67246938941778D-05
  -.72237034272682D-03  -.26647131785245D-02  -.63335418077148D-03
  0.26670316715105D-05  -.26923061285100D-05  0.11197100158178D-05
  cycle =      7 MP2 energy =     -229.8388210893 |dE/dxyz| =  0.005895
    0.75652890707707     -0.24831896070270     -4.69963050589629      h
   -0.36767018054509     -0.43076624765796     -3.27746010230824      o
    0.93780668699090      0.42638308777184     -1.08522015517345      c
    1.74451249059093      2.30669331295494     -1.38148672465324      h
    2.46776412429492     -0.87058346189684     -0.57959061355450      h
   -0.93781038429944      0.42637946193125      1.08518623734061      c
   -1.74428301315616      2.30675704335130      1.38166027144030      h
   -2.46792861568165     -0.87034157844528      0.57941374083784      h
    0.36756036591096     -0.43117362599647      3.27733141779899      o
   -0.75661550327764     -0.24874311827754      4.69952232392881      h
  -.90546551723136D-06  -.15239009018564D-06  -.22261555123748D-05
  0.72055466010301D-03  -.26690551210438D-02  0.62632386264205D-03
  -.11258418956355D-02  0.26676699610850D-02  -.97825926817757D-03
  0.31180646564710D-05  -.53856071513536D-06  0.80774677946316D-06
  0.10580647100689D-05  0.21316785288050D-05  0.28174062667308D-05
  0.11261753212972D-02  0.26673781096744D-02  0.97855929251994D-03
  -.31166358798185D-05  -.52206042555625D-06  -.81775175475585D-06
  -.10550922766583D-05  0.21375925882694D-05  -.28062039487131D-05
  -.72089860276670D-03  -.26688923817728D-02  -.62663396909901D-03
  0.91158156889648D-06  -.15679751325104D-06  0.22350413240169D-05
  cycle =      8 MP2 energy =     -229.8388210749 |dE/dxyz| =  0.005895
    0.74651909341710     -0.22994777515523     -4.70118372479696      h
   -0.37462427257398     -0.41238628547677     -3.27660203152153      o
    0.93548523095052      0.44496498835510     -1.08720652071346      c
    1.74143869624477      2.32530888074281     -1.38530136270478      h
    2.46660121150408     -0.85187877787383     -0.58477908877348      h
   -0.93548536699658      0.44496483707573      1.08720657904755      c
   -1.74143886055511      2.32530876424448      1.38530133659607      h
   -2.46660130488114     -0.85187899565729      0.58477933551844      h
    0.37462434878765     -0.41238631836363      3.27660195567569      o
   -0.74651842431199     -0.22994703269727      4.70118401293420      h
  -.12950402004108D-05  -.41717256715756D-06  -.21783674890585D-05
  0.72203029793982D-03  -.26685947336902D-02  0.62513876097636D-03
  -.11278847988003D-02  0.26674202487333D-02  -.97611618805682D-03
  0.30903167032026D-05  -.46447977153363D-06  0.75843340752169D-06
  0.11470154879234D-05  0.20703287333390D-05  0.28328922916376D-05
  0.11278529402858D-02  0.26673203102054D-02  0.97610393282926D-03
  -.30834130277935D-05  -.47392239910238D-06  -.76813305882606D-06
  -.11465589087045D-05  0.20620845448960D-05  -.28278036061091D-05
  -.72201863613941D-03  -.26685227189129D-02  -.62513603218761D-03
  0.13078762610697D-05  -.39991437336684D-06  0.21925056126193D-05
  cycle =      9 MP2 energy =     -229.8388210509 |dE/dxyz| =  0.005893
    0.74654543548172     -0.22999718107932     -4.70116999923581      h
   -0.37463454063644     -0.41237815800332     -3.27661177993689      o
    0.93548335773191      0.44497785516421     -1.08720424426602      c
    1.74141106254787      2.32532988261275     -1.38530626573725      h
    2.46660238453014     -0.85187131824943     -0.58480286630246      h
   -0.93548335544114      0.44497774230570      1.08720433348271      c
   -1.74141134127297      2.32532971318122      1.38530633337541      h
   -2.46660220866247     -0.85187157200152      0.58480293275995      h
    0.37463441240856     -0.41237864653018      3.27661174477299      o
   -0.74654485510187     -0.22999603220601      4.70117030234912      h
  -.87235793522211D-06  -.11078176327117D-05  -.83022939145749D-06
  0.72024226416456D-03  -.26693478671729D-02  0.62053481771684D-03
  -.11255464771853D-02  0.26695300738449D-02  -.97087879806129D-03
  0.18228469522708D-05  -.25479648124715D-06  0.72880614110371D-06
  0.93853784610687D-06  0.11796807490860D-05  0.18250527934471D-05
  0.11255645665065D-02  0.26695313347327D-02  0.97089139729672D-03
  -.18406913446789D-05  -.24088617367468D-06  -.73973914094250D-06
  -.92431011955441D-06  0.11759901648034D-05  -.18124300082412D-05
  -.72026306433060D-03  -.26693692199156D-02  -.62054978119974D-03
  0.87868545506353D-06  -.10964614470255D-05  0.83090546798559D-06
  cycle =     10 MP2 energy =     -229.8388210216 |dE/dxyz| =  0.005892
    0.74654851926202     -0.22988438910896     -4.70117320455318      h
   -0.37462147989295     -0.41241487479468     -3.27662843664643      o
    0.93549349285845      0.44495182849063     -1.08718819175168      c
    1.74137350036891      2.32531911205888     -1.38530088241887      h
    2.46660992573182     -0.85191084828202     -0.58482343122516      h
   -0.93549320464807      0.44495204124959      1.08718831688134      c
   -1.74137366951153      2.32531921929232      1.38530049431900      h
   -2.46660938771615     -0.85191102716059      0.58482375602462      h
    0.37462154042290     -0.41241442213740      3.27662879608552      o
   -0.74654888529008     -0.22988435441366      4.70117327454658      h
  -.81086684966536D-06  0.61537653775479D-06  0.10737797362381D-05
  0.71691960917342D-03  -.26733429725807D-02  0.61414837374407D-03
  -.11189686691879D-02  0.26730497264946D-02  -.96063178583444D-03
  -.76549174621299D-06  0.35328104219801D-06  0.99676372822266D-07
  0.24011291888115D-06  -.68756640514422D-06  -.13249518621139D-06
  0.11189906365932D-02  0.26731071202508D-02  0.96063425747678D-03
  0.74702475982846D-06  0.35158179034767D-06  -.10905111746951D-06
  -.23396350545823D-06  -.69889844978022D-06  0.14068757492325D-06
  -.71692383399924D-03  -.26733535200356D-02  -.61414255133219D-03
  0.80544204728028D-06  0.60590187656029D-06  -.10808932100481D-05
  cycle =     11 MP2 energy =     -229.8388210557 |dE/dxyz| =  0.005892
    0.74654734364889     -0.22986584464498     -4.70117350910018      h
   -0.37462233129269     -0.41239636929745     -3.27662849101834      o
    0.93549318659261      0.44497014924508     -1.08718849997659      c
    1.74137320208096      2.32533741745443     -1.38530126595472      h
    2.46660968306884     -0.85189262056575     -0.58482417347976      h
   -0.93549300457783      0.44497030909875      1.08718844434355      c
   -1.74137332255453      2.32533750252057      1.38530092185209      h
   -2.46660935805678     -0.85189266620123      0.58482416250276      h
    0.37462221501542     -0.41239633914821      3.27662856721396      o
   -0.74654787145127     -0.22986631039503      4.70117331766801      h
  -.71456583139451D-06  0.13304226817445D-06  0.10755957275954D-05
  0.71684349930656D-03  -.26728272107719D-02  0.61434637152757D-03
  -.11191024433570D-02  0.26730355661015D-02  -.96093096833383D-03
  -.70130535445578D-06  0.36794198843282D-06  0.88713842605337D-07
  0.24995822300866D-06  -.72059822242565D-06  -.77808216314423D-07
  0.11191250335685D-02  0.26730972313649D-02  0.96093570586891D-03
  0.68372366324176D-06  0.36709533146606D-06  -.95864727045480D-07
  -.24436405521300D-06  -.73007207435083D-06  0.85067469179911D-07
  -.71685189649084D-03  -.26728521241752D-02  -.61434589073528D-03
  0.71235984089313D-06  0.12915859348706D-06  -.10809232802167D-05
  cycle =     12 MP2 energy =     -229.8388210684 |dE/dxyz| =  0.005891
    0.74655391206070     -0.22989480026462     -4.70116905611851      h
   -0.37462638260977     -0.41238738213130     -3.27662493488562      o
    0.93549202353476      0.44497787210483     -1.08719150732187      c
    1.74137846446275      2.32534185248777     -1.38530681929529      h
    2.46660711046892     -0.85188476029565     -0.58482858202509      h
   -0.93549199054826      0.44497789637985      1.08719142824132      c
   -1.74137856029317      2.32534182905262      1.38530666740971      h
   -2.46660701915765     -0.85188481226725      0.58482847341122      h
    0.37462630682494     -0.41238745751112      3.27662488661607      o
   -0.74655412226958     -0.22989500948895      4.70116891801884      h
  0.14715840546131D-06  -.42110538078788D-06  0.25564934569289D-06
  0.71664746523226D-03  -.26718826834289D-02  0.61644510059100D-03
  -.11190291617433D-02  0.26725235646825D-02  -.96248796546222D-03
  -.37331175595234D-06  0.67524239089067D-07  -.58500963739938D-07
  -.94806350769971D-07  -.29040946936121D-06  -.31941556349890D-06
  0.11190345948946D-02  0.26725461267201D-02  0.96249207920701D-03
  0.36742868814166D-06  0.65553100281335D-07  0.55622476402561D-07
  0.95039497605143D-07  -.29444959759317D-06  0.32116251724723D-06
  -.71664852367892D-03  -.26718970118980D-02  -.61644775348935D-03
  -.14588298569151D-06  -.41707843034811D-06  -.25597851527337D-06
  cycle =     13 MP2 energy =     -229.8388210718 |dE/dxyz| =  0.005892
    0.74654646190061     -0.22986473439899     -4.70117520954362      h
   -0.37462075719874     -0.41239327626570     -3.27662311799202      o
    0.93549354647942      0.44497061814389     -1.08719211204669      c
    1.74138781956313      2.32533130243360     -1.38530720561096      h
    2.46660625857698     -0.85189113360816     -0.58482482413771      h
   -0.93549358995881      0.44497057537840      1.08719201524665      c
   -1.74138784195105      2.32533125696965      1.38530709091612      h
   -2.46660630984804     -0.85189117739469      0.58482472017263      h
    0.37462076736596     -0.41239317601318      3.27662304847944      o
   -0.74654661245581     -0.22986502717864      4.70117506856694      h
  0.47736895369965D-06  0.50479349827937D-06  -.65072340849071D-06
  0.71705400786648D-03  -.26723855628847D-02  0.61840949554703D-03
  -.11190992338883D-02  0.26718447176093D-02  -.96389876858716D-03
  -.16016820314491D-07  -.16488944742932D-06  -.23020871076085D-06
  -.41124633520795D-06  0.20533948275059D-06  -.37572099115257D-06
  0.11190916345374D-02  0.26718281276352D-02  0.96389793868035D-03
  0.22791905918140D-07  -.16790594647986D-06  0.23072342247854D-06
  0.40596632633338D-06  0.20719323456930D-06  0.37296297272782D-06
  -.71704651658155D-03  -.26723741670405D-02  -.61840773583377D-03
  -.47875565512001D-06  0.50238424303961D-06  0.65203776866696D-06
$end
