$hessapprox internal
  0.292435467138D-01  0.867941408085D-02  0.603065108078D+00  0.291005266829D-06
 -0.654391404220D-02  0.369244164859D+00 -0.147626547182D-02 -0.562381589116D-03
  0.110788302106D-03  0.426514021836D+00 -0.471095215995D-02  0.578203629197D-02
  0.322161757268D-02  0.320018894967D-03  0.422774635952D+00  0.575115615070D-02
  0.584711058546D-02  0.952423172786D-03 -0.609227486836D-03 -0.304669883728D-02
  0.348234917028D+00 -0.325828118978D-02  0.961740106390D-02  0.435496004548D-02
  0.126197639657D-03 -0.463948600434D-02 -0.292480916882D-02  0.340242389672D+00
  0.980918230825D-03 -0.153376062078D-01 -0.602097695112D-02  0.172703782198D-03
  0.752216383531D-02  0.269115294728D-02  0.103718547328D-01  0.306860071159D+00
 -0.878146500099D-03 -0.119354139108D-01 -0.432550657819D-02  0.280017986652D-03
  0.590157816875D-02  0.132579533996D-02  0.779534396866D-02 -0.105708625678D-01
  0.337913955026D+00 -0.152005621471D-02 -0.520212628457D-03  0.136352138035D-03
  0.143660805434D-03  0.300538818212D-03 -0.635863262915D-03  0.907763011036D-04
  0.231973597300D-03  0.327223378689D-03  0.426520220722D+00 -0.468245770555D-02
  0.581116622077D-02  0.322639700156D-02  0.316997729692D-03 -0.272401244070D-02
 -0.303759912667D-02 -0.465408366990D-02  0.753564458502D-02  0.590825270026D-02
  0.297385059069D-03  0.422744323167D+00  0.572928483101D-02  0.590749039706D-02
  0.980074703330D-03 -0.608309642803D-03 -0.307578501377D-02  0.182230932148D-02
 -0.296866645737D-02  0.275693095785D-02  0.137536073643D-02 -0.635166866977D-03
 -0.306678023995D-02  0.348196588972D+00 -0.304853203005D-02  0.877751794449D-02
  0.399104230920D-02  0.121812287197D-03 -0.423213549614D-02 -0.270439985849D-02
 -0.635360787961D-02  0.950105110751D-02  0.714760062421D-02  0.895336171396D-04
 -0.424563222912D-02 -0.274450100522D-02  0.341380218452D+00  0.971773438756D-03
 -0.152503678102D-01 -0.598594865394D-02  0.172037773029D-03  0.747948292609D-02
  0.267417695141D-02  0.103122617976D-01 -0.144856537327D-01 -0.105091627456D-01
  0.230972820793D-03  0.749287871042D-02  0.273957730230D-02  0.944647613732D-02
  0.307028659746D+00 -0.820567319811D-03 -0.120990525284D-01 -0.440007476331D-02
  0.277680901340D-03  0.598045576196D-02  0.137656230619D-02  0.791391909984D-02
 -0.107483385286D-01 -0.763493529815D-02  0.325487570374D-03  0.598738364540D-02
  0.142687604203D-02  0.725602691268D-02 -0.106856194125D-01  0.337644767494D+00
  0.148282927645D-01  0.861574268680D-02  0.102921204447D-04 -0.146138813810D-02
 -0.467505936333D-02  0.568760846380D-02 -0.324204519759D-02  0.995051164574D-03
 -0.851562196934D-03 -0.150482753910D-02 -0.464688000451D-02  0.566585251472D-02
 -0.303300371736D-02  0.985859841212D-03 -0.794279589757D-03  0.289340313664D-01
  0.869520356712D-02 -0.122932881483D-01 -0.655994312065D-02 -0.563220160000D-03
  0.579791895334D-02  0.585933314948D-02  0.964214790964D-02 -0.153755329775D-01
 -0.119643284849D-01 -0.520931921627D-03  0.582710983164D-02  0.591986884300D-02
  0.880013096587D-02 -0.152880775554D-01 -0.121283889476D-01  0.863143299942D-02
  0.602998629584D+00  0.389373190447D-04 -0.662036262282D-02 -0.251461437818D-02
  0.108654374162D-03  0.325812418558D-02  0.981639205290D-03  0.441232970202D-02
 -0.610938137558D-02 -0.439309886346D-02  0.134491365519D-03  0.326304928216D-02
  0.100965194962D-02  0.404345668162D-02 -0.607384763362D-02 -0.446864475195D-02
  0.486883445883D-04 -0.663659306698D-02  0.369168875485D+00 -0.887588725371D-02
  0.265714682076D-01  0.120044318336D-01  0.337463924386D-03 -0.128219101295D-01
 -0.802171139544D-02 -0.191744987508D-01  0.285968856486D-01  0.214816481898D-01
  0.239516669480D-03 -0.128619478102D-01 -0.814275790392D-02 -0.175351694564D-01
  0.284325535441D-01  0.218089056693D-01 -0.883222852132D-02  0.266397940150D-01
  0.121628432992D-01  0.440295822489D+00 -0.583283467443D-02 -0.327256262396D-02
  0.400563577365D-04  0.572876395311D-03  0.178161396292D-02 -0.225422424805D-02
  0.119774782507D-02 -0.284212195447D-03  0.411981520853D-03  0.589508490644D-03
  0.177044428869D-02 -0.224615868472D-02  0.112199895946D-02 -0.281220367935D-03
  0.390776575886D-03 -0.577244721327D-02 -0.327844914948D-02  0.256189879189D-04
  0.326049840009D-02  0.383937467225D+00 -0.885836818093D-02  0.265838820483D-01
  0.120052899045D-01  0.335699507402D-03 -0.128285336814D-01 -0.801531689281D-02
 -0.191798162525D-01  0.286001173047D-01  0.214821191624D-01  0.237692200680D-03
 -0.128685397011D-01 -0.813639854768D-02 -0.175401157119D-01  0.284357623795D-01
  0.218094697829D-01 -0.881489477504D-02  0.266522318668D-01  0.121637595095D-01
 -0.529314876886D-01  0.325366475274D-02  0.440266770934D+00 -0.606840115917D-02
 -0.320461247547D-02  0.117426447555D-03  0.592623979387D-03  0.175504748363D-02
 -0.237438547581D-02  0.111294463573D-02 -0.111569581413D-03  0.560892549708D-03
  0.609146020013D-03  0.174328057074D-02 -0.236683976581D-02  0.104526521352D-02
 -0.109528089070D-03  0.541111530727D-03 -0.600588079774D-02 -0.321024656037D-02
  0.103550085305D-03  0.302507933362D-02  0.236037133615D-02  0.301794347145D-02
  0.384119644402D+00  0.689186382570D-02 -0.134208953787D-01 -0.659140442271D-02
 -0.384142325890D-03  0.640576425864D-02  0.517924932362D-02  0.100895383297D-01
 -0.155699723208D-01 -0.119135155263D-01 -0.336259450932D-03  0.643158638875D-02
  0.524276807960D-02  0.921766080171D-02 -0.154809719236D-01 -0.120854517785D-01
  0.684694034203D-02 -0.134562852269D-01 -0.667318017039D-02  0.278603205096D-01
 -0.257594431074D-02  0.278706607816D-01 -0.247840915617D-02  0.376094187449D+00
  0.000000000000D+00  0.000000000000D+00  0.000000000000D+00  0.000000000000D+00
  0.000000000000D+00  0.000000000000D+00  0.000000000000D+00  0.000000000000D+00
  0.000000000000D+00  0.000000000000D+00  0.000000000000D+00  0.000000000000D+00
  0.000000000000D+00  0.000000000000D+00  0.000000000000D+00  0.000000000000D+00
  0.000000000000D+00  0.000000000000D+00  0.000000000000D+00  0.000000000000D+00
  0.000000000000D+00  0.000000000000D+00  0.000000000000D+00  0.000000000000D+00
$end
