$coord
    0.72470288513421     -0.35883065601792     -4.70824540832920  h
   -0.37641120920441     -0.46989979349439     -3.26435291927306  o
    0.91812124495111      0.51160941455016     -1.11104371270156  c
    1.63505341696662      2.41675679855821     -1.48931730743556  h
    2.51908324571019     -0.69560687164670     -0.59578153916868  h
   -0.91812126073710      0.51160939785916      1.11104370922444  c
   -1.63505343247801      2.41675677582330      1.48931733834520  h
   -2.51908325965873     -0.69560688267899      0.59578151694077  h
    0.37641119541224     -0.46989984726694      3.26435289378848  o
   -0.72470285154499     -0.35883062345332      4.70824541017520  h
$user-defined bonds
$intdef
# definitions of internal coordinates
   1 f  1.0000000000000 tors    2    3    6    9 val= 135.00000
$redundant
     number_of_atoms            10
     degrees_of_freedom         24
     internal_coordinates       25
     frozen_coordinates          1
# definitions of redundant internals
   1 k  1.0000000000000 tors   1    2    3    6 val= 175.68060
   2 k  1.0000000000000 stre   2    1           val=   1.81923
   3 k  1.0000000000000 bend   3    1    2      val= 108.71721
   4 k  1.0000000000000 stre   3    5           val=   2.07025
   5 k  1.0000000000000 stre   3    4           val=   2.07043
   6 k  0.0656908676454 bend   4    5    3      val=   0.68577
       -0.5124225842745 bend   2    5    3
       -0.5040081025715 bend   2    4    3
        0.4656971373568 bend   6    5    3
        0.5120642672882 bend   6    4    3
   7 k  0.0349579247824 bend   4    5    3      val=   0.98529
        0.5255746599829 bend   2    5    3
       -0.5497718817168 bend   2    4    3
        0.4697124094729 bend   6    5    3
       -0.4468448844281 bend   6    4    3
   8 k -0.8887137559026 bend   4    5    3      val=   1.74559
        0.2016092433777 bend   2    5    3
        0.1821576302767 bend   2    4    3
        0.2813202423688 bend   6    5    3
        0.2392051254045 bend   6    4    3
   9 k -0.0116608214209 bend   4    5    3      val=   1.55629
        0.4743184153810 bend   2    5    3
       -0.4437123137959 bend   2    4    3
       -0.5424183235068 bend   6    5    3
        0.5327173837826 bend   6    4    3
  10 k  1.0000000000000 stre   6    8           val=   2.07025
  11 k  1.0000000000000 stre   6    7           val=   2.07043
  12 k  0.0656908769880 bend   7    8    6      val=   0.68577
       -0.5124225862494 bend   9    8    6
       -0.5040081007228 bend   9    7    6
        0.4656971350489 bend   3    8    6
        0.5120642680320 bend   3    7    6
  13 k  0.0349579236241 bend   7    8    6      val=   0.98529
        0.5255746619167 bend   9    8    6
       -0.5497718853343 bend   9    7    6
        0.4697124084674 bend   3    8    6
       -0.4468448788503 bend   3    7    6
  14 k -0.8887137558015 bend   7    8    6      val=   1.74559
        0.2016092361884 bend   9    8    6
        0.1821576275522 bend   9    7    6
        0.2813202466572 bend   3    8    6
        0.2392051288706 bend   3    7    6
  15 k -0.0116608236355 bend   7    8    6      val=   1.55629
        0.4743184129871 bend   9    8    6
       -0.4437123097152 bend   9    7    6
       -0.5424183251418 bend   3    8    6
        0.5327173875998 bend   3    7    6
  16 k  1.0000000000000 tors  10    9    6    3 val= 175.68060
  17 k  1.0000000000000 stre   9   10           val=   1.81923
  18 k  1.0000000000000 bend   6   10    9      val= 108.71721
  19 k  1.0000000000000 tors   2    3    6    9 val= 135.00000
  20 k  1.0000000000000 stre   3    2           val=   2.69739
  21 k  1.0000000000000 bend   6    2    3      val= 108.03870
  22 k  1.0000000000000 stre   6    9           val=   2.69739
  23 k  1.0000000000000 bend   3    9    6      val= 108.03870
  24 k  1.0000000000000 stre   3    6           val=   2.88261
  25 f  1.0000000000000 tors   2    3    6    9 val= 135.00000
        24 non zero eigenvalues  of BmBt
           1           3.932688607    1    0
         1
           2           3.835644961    2    0
         2
           3           3.742242945    3    0
         3
           4           2.996415785    4    0
         4
           5           2.995425650    5    0
         5
           6           2.453417508    6    0
         6
           7           2.133395503    7    0
         7
           8           1.699977211    8    0
         8
           9           1.250710261    9    0
         9
          10           1.194221420   10    0
        10
          11           1.051252323   11    0
        11
          12           0.863626378   12    0
        12
          13           0.767965308   13    0
        13
          14           0.746028494   14    0
        14
          15           0.557845157   15    0
        15
          16           0.440663153   16    0
        16
          17           0.354117129   17    0
        17
          18           0.341834853   18    0
        18
          19           0.283025050   20    0
        20
          20           0.254254318   21    0
        21
          21           0.117817743   22    0
        22
          22           0.071398767   23    0
        23
          23           0.066588980   24    0
        24
          24           0.000000000    0    1
         0.000000000         0.000000000         0.000000000         0.000000000
         0.000000000         0.000000000         0.000000000         0.000000000
         0.000000000         0.000000000         0.000000000         0.000000000
         0.000000000         0.000000000         0.000000000         0.000000000
         0.000000000         0.000000000         0.000000000         0.000000000
         0.000000000         0.000000000         0.000000000         0.000000000
         1.000000000
$end
