$energy      SCF               SCFKIN            SCFPOT
     1 -230.2228758050      229.3249872927     -459.5478630977
     2 -230.2233844206      229.2863968099     -459.5097812306
     3 -230.2234702464      229.2880723783     -459.5115426247
     4 -230.2234874982      229.2910105584     -459.5144980566
     5 -230.2234883338      229.2906594373     -459.5141477711
     6 -230.2234883824      229.2907030557     -459.5141914381
     7 -230.2234884255      229.2907121134     -459.5142005389
     8 -230.2234884280      229.2906830995     -459.5141715275
     9 -230.2234884296      229.2906539207     -459.5141423503
    10 -230.2234884295      229.2906521648     -459.5141405942
    11 -230.2234884295      229.2906545667     -459.5141429962
    12 -230.2234884295      229.2906576312     -459.5141460606
$end
