$grad          cartesian gradients
  cycle =      1    SCF energy =     -230.2228758050   |dE/dxyz| =  0.008827
    0.75837146763389     -0.48951220398381     -4.65387214163964      h
   -0.37744635733034     -0.46922189886491     -3.23462893029466      o
    0.92429864211251      0.51507303543030     -1.09350057050239      c
    1.58332586547782      2.45015505338066     -1.43003744750134      h
    2.56447917213952     -0.65083668153846     -0.60097286559735      h
   -0.92426726645571      0.51513088001241      1.09349866979883      c
   -1.58320960482915      2.45024601112992      1.43002418535240      h
   -2.56449583940103     -0.65070644331007      0.60096830941243      h
    0.37742746239078     -0.46920422985752      3.23463904332586      o
   -0.75854502157954     -0.48990146163036      4.65375208603295      h
  -.27533330941361D-03  -.26044037607519D-03  0.10687556006886D-02
  -.87401369609626D-03  -.10340437492472D-02  0.30482179884651D-02
  -.30557231468515D-03  0.72645992658563D-04  0.31887912446118D-02
  -.15000828308204D-02  0.79905799500538D-03  0.30318421227835D-02
  0.18603525642089D-02  0.42288695734257D-03  -.75300839679256D-03
  0.30471197664376D-03  0.74298582673031D-04  -.31888794736113D-02
  0.14999317175646D-02  0.79932061552189D-03  -.30311673673967D-02
  -.18598597878638D-02  0.42330205826791D-03  0.75263800783939D-03
  0.87477136132971D-03  -.10326948251693D-02  -.30480204141214D-02
  0.27509788969232D-03  -.26148396611757D-03  -.10691723152011D-02
  cycle =      2    SCF energy =     -230.2233844206   |dE/dxyz| =  0.004232
    0.76176259708795     -0.40646749443819     -4.70262152556915      h
   -0.35804447985280     -0.47914945317376     -3.27035705241371      o
    0.92206802489615      0.50101216426342     -1.10865647169544      c
    1.61331568014723      2.42258499892580     -1.46085358732366      h
    2.54438363451128     -0.68228846395325     -0.60898516827853      h
   -0.92204616741447      0.50103717547090      1.10864619453411      c
   -1.61320407452958      2.42263553473505      1.46088556586481      h
   -2.54441571835495     -0.68217154296763      0.60893624678790      h
    0.35800432280897     -0.47923452115150      3.27033364085187      o
   -0.76188529914102     -0.40673633694267      4.70254249562890      h
  -.10974369664549D-03  -.26577494640226D-03  -.32834577532484D-03
  0.88489937218966D-03  -.16677817982933D-02  0.22009845434619D-03
  -.95407972047137D-03  0.65880574706987D-03  -.39387614044979D-03
  -.24993131723930D-03  0.66009879275342D-03  0.12188542076069D-02
  0.53291823605969D-03  0.61684466485924D-03  -.10032521553894D-02
  0.95417374156259D-03  0.65970119138737D-03  0.39340081693448D-03
  0.24973527619912D-03  0.66013005209659D-03  -.12184554636940D-02
  -.53257082956876D-03  0.61701161153279D-03  0.10029656543398D-02
  -.88508499907924D-03  -.16671865607512D-02  -.21952490065095D-03
  0.10968463650396D-03  -.26628478854905D-03  0.32813696732999D-03
  cycle =      3    SCF energy =     -230.2234702464   |dE/dxyz| =  0.004242
    0.75220583078525     -0.36884019098777     -4.70844938275949      h
   -0.35544287641877     -0.48226523653671     -3.26958818909260      o
    0.92392234389418      0.49801402958178     -1.10809606450198      c
    1.63389818586635      2.40953649897850     -1.47260844737938      h
    2.53086286347242     -0.70073860429936     -0.59491904329822      h
   -0.92391293393306      0.49802264084146      1.10808289812200      c
   -1.63379094888211      2.40956818818202      1.47266671293864      h
   -2.53091396691536     -0.70062581070778      0.59485214969776      h
    0.35539253348214     -0.48240607414068      3.26954196035175      o
   -0.75228251119227     -0.36904338014329      4.70838774430863      h
  -.46968442545071D-04  -.69822607802174D-04  -.17608379805205D-03
  0.10015302190428D-02  -.18100664799741D-02  0.51207336551436D-03
  -.86702723093916D-03  0.12786742744841D-02  -.11568711476467D-02
  0.12759095593262D-04  0.31504512602633D-03  0.41065825964367D-03
  0.92165354461123D-04  0.28876395321221D-03  -.57480807564110D-03
  0.86723431673602D-03  0.12790874660908D-02  0.11569503372985D-02
  -.12872993736779D-04  0.31505585213910D-03  -.41049308928388D-03
  -.92020120052439D-04  0.28875069813596D-03  0.57454992310641D-03
  -.10016908875496D-02  -.18098060289412D-02  -.51197985373049D-03
  0.46894258773588D-04  -.69966203438544D-04  0.17600559646145D-03
  cycle =      4    SCF energy =     -230.2234874982   |dE/dxyz| =  0.004429
    0.74631382042918     -0.35742951610609     -4.70727014224314      h
   -0.35722558372328     -0.48211551065034     -3.26640129545517      o
    0.92457516251315      0.49901913196823     -1.10614999466309      c
    1.64394424423804      2.40455114524894     -1.47846735114185      h
    2.52274717834097     -0.70831137722866     -0.58268550086966      h
   -0.92457478415143      0.49901889268678      1.10613510104492      c
   -1.64383968221912      2.40457308989411      1.47853991882310      h
   -2.52281235016771     -0.70819978294174      0.58261185364672      h
    0.35717056552893     -0.48228635535945      3.26634117178942      o
   -0.74636005062996     -0.35759765674362      4.70721657745588      h
  -.25384091352207D-04  0.26786514291520D-04  -.33022736773851D-05
  0.72075664678234D-03  -.18957270831306D-02  0.63619544912451D-03
  -.93296711881194D-03  0.18258804471306D-02  -.10365920430988D-02
  0.29474946472513D-04  0.38715596258637D-04  0.60830358722218D-04
  -.10549200427492D-04  0.70714881193152D-05  -.60527689963444D-04
  0.93309353072916D-03  0.18258774628831D-02  0.10369419273353D-02
  -.29483374866801D-04  0.38714895557020D-04  -.60836243301349D-04
  0.10557232220125D-04  0.70278932133269D-05  0.60384564734723D-04
  -.72083384157134D-03  -.18956633516801D-02  -.63638686016754D-03
  0.25340003730047D-04  0.26832399525322D-04  0.32934375875014D-05
  cycle =      5    SCF energy =     -230.2234883338   |dE/dxyz| =  0.004293
    0.74849259802704     -0.36781148203326     -4.70478503837801      h
   -0.35947923514228     -0.47970124413166     -3.26622457577572      o
    0.92384656971177      0.50173240142006     -1.10616447601051      c
    1.64271901333534      2.40691244918868     -1.48019138444426      h
    2.52220145067966     -0.70541864368943     -0.58224992223439      h
   -0.92384634619938      0.50173270194197      1.10614902298630      c
   -1.64261401965763      2.40693528919597      1.48026218398107      h
   -2.52226752127641     -0.70530670556927      0.58217956776582      h
    0.35942560155901     -0.47986940633929      3.26616456620113      o
   -0.74853959087835     -0.36798329921560      4.70473039429568      h
  -.15945282401817D-04  -.53474612618317D-05  -.88303351524830D-05
  0.58712537690330D-03  -.18626521781330D-02  0.47828065165478D-03
  -.99126798615037D-03  0.18941487346708D-02  -.77432560841493D-03
  -.94014422239432D-05  -.14095612362550D-04  0.35616044872934D-04
  0.28122713280566D-04  -.92130874607401D-05  0.34525319702813D-04
  0.99134976067285D-03  0.18940107487057D-02  0.77441761793133D-03
  0.94205092094967D-05  -.14101614384190D-04  -.35640423622250D-04
  -.28124998123031D-04  -.92014700503230D-05  -.34527576428189D-04
  -.58723404416715D-03  -.18625929599275D-02  -.47834251394392D-03
  0.15959940634778D-04  -.53507151803391D-05  0.88274643490562D-05
  cycle =      7    SCF energy =     -230.2234884255   |dE/dxyz| =  0.004247
    0.72445948274756     -0.35850934870979     -4.70838398901202      h
   -0.37638798954835     -0.46990295146539     -3.26431921586209      o
    0.91811874052550      0.51158282818818     -1.11105791028961      c
    1.63509977186478      2.41672293687728     -1.48924134432375      h
    2.51909775467550     -0.69560561340096     -0.59571178357935      h
   -0.91811880522857      0.51158271757005      1.11105794696657      c
   -1.63509987098873      2.41672283323317      1.48924128141286      h
   -2.51909776111038     -0.69560579997158      0.59571184731913      h
    0.37638801340357     -0.46990299718117      3.26431917277399      o
   -0.72445898482673     -0.35850853348837      4.70838423506675      h
  -.55929008234545D-05  -.13033788662718D-05  -.32487638617252D-05
  0.60519722182281D-03  -.18508232986604D-02  0.49928668878555D-03
  -.95077358698336D-03  0.18563156916290D-02  -.79260662403001D-03
  0.14280370233173D-05  -.26375449675102D-05  0.46871925086086D-05
  0.38431362001667D-05  0.11283298650300D-05  0.52627225705537D-05
  0.95076098870614D-03  0.18562999524135D-02  0.79260473224475D-03
  -.14210624044674D-05  -.26373343873945D-05  -.46938852266174D-05
  -.38363432023583D-05  0.11279471232863D-05  -.52563677900575D-05
  -.60520318766919D-03  -.18508212663869D-02  -.49929180533780D-03
  0.55977045258521D-05  -.13037198787088D-05  0.32560968791739D-05
  cycle =      8    SCF energy =     -230.2234884280   |dE/dxyz| =  0.004240
    0.72453089231010     -0.35864894702573     -4.70832715571442      h
   -0.37642215168819     -0.46987431698916     -3.26432801083879      o
    0.91811189878094      0.51161932713426     -1.11106257335361      c
    1.63507259198162      2.41676753725900     -1.48928613502513      h
    2.51909020575267     -0.69557579205576     -0.59576714191167      h
   -0.91811188956613      0.51161925966757      1.11106262355117      c
   -1.63507269915658      2.41676746131179      1.48928605009636      h
   -2.51909013114805     -0.69557596658124      0.59576720454536      h
    0.37642220162308     -0.46987424506837      3.26432804241401      o
   -0.72453056737531     -0.35864824600096      4.70832733670920      h
  -.33653287127005D-05  -.81828781678693D-06  -.17688797086654D-05
  0.60104948480338D-03  -.18522404625813D-02  0.49615754452617D-03
  -.94482355294841D-03  0.18544741760342D-02  -.78616974958560D-03
  0.15969257936574D-05  -.10014855378127D-06  0.26495657406169D-05
  0.20402853529232D-05  0.13619811953801D-05  0.27366642802578D-05
  0.94482973753943D-03  0.18544611703839D-02  0.78618463985387D-03
  -.15961802194712D-05  -.96976536097851D-07  -.26552114271979D-05
  -.20423537269947D-05  0.13606879806444D-05  -.27363169009870D-05
  -.60105726335942D-03  -.18522399041470D-02  -.49616380289504D-03
  0.33682515965753D-05  -.81691591064921D-06  0.17655352355708D-05
  cycle =     10    SCF energy =     -230.2234884295   |dE/dxyz| =  0.004232
    0.72469874582964     -0.35882959097758     -4.70824835107023      h
   -0.37640722844830     -0.46990191670127     -3.26435016671435      o
    0.91812274366446      0.51160507108084     -1.11104612068407      c
    1.63505697705857      2.41675858863156     -1.48931266748205      h
    2.51908830057494     -0.69560327497534     -0.59578383389754      h
   -0.91812274525085      0.51160507019075      1.11104611745606      c
   -1.63505699607655      2.41675858243709      1.48931265560275      h
   -2.51908830071522     -0.69560326938220      0.59578381922667      h
    0.37640723132375     -0.46990191084792      3.26435017032304      o
   -0.72469875340932     -0.35882963722336      4.70824835880576      h
  -.67663506769714D-07  0.41663263783920D-06  0.20970027283928D-07
  0.59395377127355D-03  -.18553317051603D-02  0.49070942413004D-03
  -.93668036413812D-03  0.18548275536741D-02  -.77541162481844D-03
  0.73369540104443D-06  0.15767424836122D-05  0.26625008265767D-06
  -.13049009825155D-06  0.11835215814661D-05  0.88701968193377D-08
  0.93668055393940D-03  0.18548285642248D-02  0.77541082117903D-03
  -.73420458071924D-06  0.15764073540980D-05  -.26618543588059D-06
  0.13016027236838D-06  0.11855093607881D-05  -.10036794736206D-07
  -.59395169136805D-03  -.18553335333122D-02  -.49071079660042D-03
  0.66232120842762D-07  0.41603146974443D-06  -.17688303934742D-07
  cycle =     11    SCF energy =     -230.2234884295   |dE/dxyz| =  0.004233
    0.72469989070419     -0.35883092180466     -4.70824678659825      h
   -0.37640933186120     -0.46990076090152     -3.26435048906586      o
    0.91812213256879      0.51160725344580     -1.11104476585683      c
    1.63505522202064      2.41675778598649     -1.48931363978993      h
    2.51908659621774     -0.69560448429665     -0.59578191281116      h
   -0.91812212843325      0.51160725931400      1.11104476518835      c
   -1.63505523086554      2.41675779156684      1.48931361580068      h
   -2.51908658877365     -0.69560448526275      0.59578192138814      h
    0.37640934104944     -0.46990072151179      3.26435050043206      o
   -0.72469992807604     -0.35883100430319      4.70824677287883      h
  0.23582085359580D-07  0.45050917447641D-06  -.15534289671209D-06
  0.59336339462158D-03  -.18555526728339D-02  0.49060694623560D-03
  -.93671653378270D-03  0.18560950712744D-02  -.77484654593674D-03
  0.33076585375157D-06  0.87262515248332D-06  0.30736637018703D-06
  0.13394398286734D-06  0.80735183470632D-06  0.12574960948938D-06
  0.93671694508254D-03  0.18560943468327D-02  0.77484635642275D-03
  -.33095394997197D-06  0.87246416411546D-06  -.30763748268786D-06
  -.13428432549363D-06  0.80802814870476D-06  -.12585709665930D-06
  -.59336304020044D-03  -.18555518010680D-02  -.49060671984689D-03
  -.23823558017585D-07  0.44976343245702D-06  0.15568593583825D-06
$end
