$hessapprox internal
  0.139457923142D-01  0.193410794089D-03  0.622567146692D+00  0.459256065146D-03
  0.170326906699D-02  0.360023633200D+00  0.151746427663D-03  0.599206731902D-02
  0.719826194033D-02  0.431389025645D+00  0.823698563083D-04 -0.763059203436D-02
 -0.180270940740D-01 -0.602182675848D-02  0.420720220913D+00 -0.616250365794D-03
 -0.397794400924D-02  0.117941758733D-01 -0.112184678401D-01  0.242099341899D-01
  0.333932768997D+00  0.113256237102D-03  0.166598079628D-03 -0.330524427648D-02
  0.154160996870D-02 -0.444257562564D-02  0.361413763341D-02  0.344948461716D+00
  0.410645049576D-03  0.397473340324D-03 -0.124005198321D-01  0.539922094015D-02
 -0.161054270697D-01  0.136792884012D-01 -0.350137344059D-02  0.307581469744D+00
 -0.234250760795D-03 -0.434674089821D-03  0.665473945611D-02 -0.327157115769D-02
  0.918977682831D-02 -0.722438225409D-02  0.189647441911D-02  0.708439090333D-02
  0.340145770970D+00  0.151782618461D-03  0.599628349661D-02  0.720559593143D-02
  0.738568540339D-02 -0.602329648361D-02 -0.112289028614D-01  0.154332964622D-02
  0.540538365840D-02 -0.327515962876D-02  0.431397686645D+00  0.822433518983D-04
 -0.763093765783D-02 -0.180237237370D-01 -0.602369570785D-02 -0.313275826840D-02
  0.242063414511D-01 -0.444160524541D-02 -0.161017951761D-01  0.918781925979D-02
 -0.602516740981D-02  0.420730148603D+00 -0.616523963267D-03 -0.396873762488D-02
  0.118215265614D-01 -0.112133376960D-01  0.242205506303D-01 -0.111496205138D-01
  0.362106491455D-02  0.137045540311D-01 -0.723864529204D-02 -0.112237734995D-01
  0.242169502687D-01  0.333861780191D+00  0.115441495027D-03  0.202933961668D-03
 -0.330226401662D-02  0.160187546393D-02 -0.452869297343D-02  0.359165950971D-02
 -0.940075762678D-03 -0.351099775642D-02  0.189969416290D-02  0.160363994604D-02
 -0.452772206511D-02  0.359869661664D-02  0.344944719412D+00  0.411297313440D-03
  0.391246087117D-03 -0.124340397889D-01  0.540147700247D-02 -0.161309261877D-01
  0.137201112198D-01 -0.351026206077D-02 -0.130893692465D-01  0.710255423343D-02
  0.540764710253D-02 -0.161272847575D-01  0.137454219169D-01 -0.351997655085D-02
  0.307515929720D+00 -0.235028679242D-03 -0.455763068461D-03  0.663724468100D-02
 -0.330053839248D-02  0.922053143794D-02 -0.719367920871D-02  0.189324243302D-02
  0.707355458144D-02 -0.382467907648D-02 -0.330414567487D-02  0.921857816080D-02
 -0.720797547521D-02  0.189625836567D-02  0.709172999005D-02  0.340160017295D+00
  0.138155088956D-06  0.228090950611D-03  0.455263043619D-03  0.211872501800D-03
 -0.816233402483D-05 -0.630046203706D-03  0.109403217387D-03  0.394336809988D-03
 -0.227301105904D-03  0.211954575157D-03 -0.828634026169D-05 -0.630201745930D-03
  0.111888981061D-03  0.394885548384D-03 -0.228278281646D-03  0.139506648055D-01
  0.192439535817D-03  0.389182577429D-02  0.165712224465D-02  0.594478881157D-02
 -0.759204868087D-02 -0.390603746141D-02  0.156713117148D-03  0.362851132799D-03
 -0.413697241902D-03  0.594897727058D-02 -0.759238232186D-02 -0.389686388626D-02
  0.192662866372D-03  0.356609349310D-03 -0.434600657741D-03  0.226734437235D-03
  0.622490663394D+00  0.459346183496D-03  0.169034699815D-02 -0.113604718452D-01
  0.718745913744D-02 -0.180304719073D-01  0.118333966339D-01 -0.331232343363D-02
 -0.124261402874D-01  0.666940203781D-02  0.719478991545D-02 -0.180270936267D-01
  0.118607622284D-01 -0.330948733078D-02 -0.124596993728D-01  0.665196044302D-02
  0.455202351277D-03  0.164426932792D-02  0.359965747369D+00 -0.748877896762D-03
 -0.581881586972D-03  0.229025197750D-01 -0.971460783286D-02  0.293691392249D-01
 -0.253444562468D-01  0.645467966215D-02  0.240609749962D-01 -0.130635955647D-01
 -0.972579637352D-02  0.293624373340D-01 -0.253906351116D-01  0.647379227454D-02
  0.241210248670D-01 -0.130444443744D-01 -0.717519059613D-03 -0.519585876413D-03
  0.229492101734D-01  0.443437042934D+00 -0.219434241561D-03 -0.395048536704D-02
 -0.907509204573D-03 -0.632969529388D-02  0.865116789384D-02  0.309736552130D-02
  0.576772450820D-04  0.438556078690D-03 -0.192343854363D-04 -0.633430028993D-02
  0.865128065462D-02  0.308655446107D-02  0.220049782752D-04  0.446869937230D-03
  0.252030931270D-05 -0.253025247469D-03 -0.390993110140D-02 -0.892964636661D-03
 -0.958569038557D-03  0.383047566107D+00 -0.749380242024D-03 -0.607767764424D-03
  0.228664972619D-01 -0.974461805947D-02  0.293891468568D-01 -0.252904750552D-01
  0.644664150074D-02  0.240325191715D-01 -0.130466695454D-01 -0.975582305297D-02
  0.293824544764D-01 -0.253366665493D-01  0.646548855169D-02  0.240925467182D-01
 -0.130273966241D-01 -0.718288916892D-03 -0.545279849752D-03  0.229132248041D-01
 -0.442827837138D-01 -0.930895958808D-03  0.443539991504D+00 -0.218351420933D-03
 -0.393599405850D-02 -0.913113798352D-03 -0.630307067040D-02  0.860853804236D-02
  0.309600929016D-02  0.549658086510D-04  0.427641435314D-03 -0.140987996113D-04
 -0.630765469832D-02  0.860865299497D-02  0.308525517830D-02  0.194149464889D-04
  0.435901983922D-03  0.756990953265D-05 -0.251833287014D-03 -0.389561039751D-02
 -0.898639859300D-03 -0.937914510038D-03  0.390345693243D-02 -0.910361300685D-03
  0.383020059524D+00  0.162850242247D-03 -0.614277879158D-02 -0.176158102314D-01
 -0.366446348571D-02 -0.631112020962D-02  0.229655762693D-01 -0.444484911660D-02
 -0.161981950481D-01  0.915761544962D-02 -0.366423060912D-02 -0.630621878008D-02
  0.229801297996D-01 -0.451745822594D-02 -0.162266478120D-01  0.918022502123D-02
  0.850784785704D-04 -0.611933886628D-02 -0.176245313666D-01  0.295968172251D-01
  0.717124596299D-02  0.296065455828D-01  0.713387198322D-02  0.370993719688D+00
  0.000000000000D+00  0.000000000000D+00  0.000000000000D+00  0.000000000000D+00
  0.000000000000D+00  0.000000000000D+00  0.000000000000D+00  0.000000000000D+00
  0.000000000000D+00  0.000000000000D+00  0.000000000000D+00  0.000000000000D+00
  0.000000000000D+00  0.000000000000D+00  0.000000000000D+00  0.000000000000D+00
  0.000000000000D+00  0.000000000000D+00  0.000000000000D+00  0.000000000000D+00
  0.000000000000D+00  0.000000000000D+00  0.000000000000D+00  0.000000000000D+00
$end
