$coord
    0.72783886801226     -0.26525964776016     -4.72837281342889  h
   -0.37437425085412     -0.42161563024471     -3.28980250629440  o
    0.93052182362375      0.45605996776330     -1.09913825760058  c
    1.71894060910332      2.34458084679208     -1.41235149477668  h
    2.48215588370254     -0.82155843855751     -0.60134035395419  h
   -0.93052181485318      0.45606005190477      1.09913816306396  c
   -1.71894046020334      2.34458100204307      1.41235134006238  h
   -2.48215599314308     -0.82155817964015      0.60134019872219  h
    0.37437413547734     -0.42161566409182      3.28980242101935  o
   -0.72783873731481     -0.26525887451062      4.72837283929407  h
$user-defined bonds
$intdef
# definitions of internal coordinates
   1 f  1.0000000000000 tors    2    3    6    9 val= 140.00000
$redundant
     number_of_atoms            10
     degrees_of_freedom         24
     internal_coordinates       25
     frozen_coordinates          1
# definitions of redundant internals
   1 k  1.0000000000000 tors   1    2    3    6 val= 174.09826
   2 k  1.0000000000000 stre   2    1           val=   1.81901
   3 k  1.0000000000000 bend   3    1    2      val= 108.73972
   4 k  1.0000000000000 stre   3    4           val=   2.07032
   5 k  1.0000000000000 stre   3    5           val=   2.07067
   6 k  0.0676809698094 bend   5    4    3      val=   0.71887
       -0.5058353995175 bend   2    4    3
       -0.5107787106068 bend   2    5    3
        0.5117630172284 bend   6    4    3
        0.4655679949360 bend   6    5    3
   7 k  0.0369402453173 bend   5    4    3      val=   1.02510
       -0.5489785590875 bend   2    4    3
        0.5269099059089 bend   2    5    3
       -0.4476059069194 bend   6    4    3
        0.4682658038806 bend   6    5    3
   8 k -0.8881841861727 bend   5    4    3      val=   1.88410
        0.1800189463234 bend   2    4    3
        0.2025242075080 bend   2    5    3
        0.2402172528139 bend   6    4    3
        0.2828456243628 bend   6    5    3
   9 k -0.0109851203468 bend   5    4    3      val=   1.46068
       -0.4429833954345 bend   2    4    3
        0.4743537250838 bend   2    5    3
        0.5318220903490 bend   6    4    3
       -0.5438739249276 bend   6    5    3
  10 k  1.0000000000000 stre   6    7           val=   2.07032
  11 k  1.0000000000000 stre   6    8           val=   2.07067
  12 k  0.0676812162013 bend   8    7    6      val=   0.71887
       -0.5058354307382 bend   9    7    6
       -0.5107786987240 bend   9    8    6
        0.5117629767290 bend   3    7    6
        0.4655679827508 bend   3    8    6
  13 k  0.0369402562050 bend   8    7    6      val=   1.02511
       -0.5489786271167 bend   9    7    6
        0.5269100239337 bend   9    8    6
       -0.4476058237526 bend   3    7    6
        0.4682656699583 bend   3    8    6
  14 k -0.8881841826529 bend   8    7    6      val=   1.88409
        0.1800188017464 bend   9    7    6
        0.2025240870847 bend   9    8    6
        0.2402173578335 bend   3    7    6
        0.2828457244665 bend   3    8    6
  15 k -0.0109851221987 bend   8    7    6      val=   1.46068
       -0.4429832861357 bend   9    7    6
        0.4743536157985 bend   9    8    6
        0.5318221767469 bend   3    7    6
       -0.5438740247464 bend   3    8    6
  16 k  1.0000000000000 tors  10    9    6    3 val= 174.09824
  17 k  1.0000000000000 stre   9   10           val=   1.81901
  18 k  1.0000000000000 bend   6   10    9      val= 108.73972
  19 k  1.0000000000000 tors   2    3    6    9 val= 140.00000
  20 k  1.0000000000000 stre   3    2           val=   2.69668
  21 k  1.0000000000000 bend   6    2    3      val= 107.89950
  22 k  1.0000000000000 stre   6    9           val=   2.69668
  23 k  1.0000000000000 bend   3    9    6      val= 107.89950
  24 k  1.0000000000000 stre   3    6           val=   2.88026
  25 f  1.0000000000000 tors   2    3    6    9 val= 140.00000
        24 non zero eigenvalues  of BmBt
           1           3.943032742    1    0
         1
           2           3.820322821    2    0
         2
           3           3.730539687    3    0
         3
           4           3.010697201    4    0
         4
           5           2.995745073    5    0
         5
           6           2.450500946    6    0
         6
           7           2.136629006    7    0
         7
           8           1.696410272    8    0
         8
           9           1.250255954    9    0
         9
          10           1.189887338   10    0
        10
          11           1.051740759   11    0
        11
          12           0.867384033   12    0
        12
          13           0.767733707   13    0
        13
          14           0.748175002   14    0
        14
          15           0.562914025   15    0
        15
          16           0.429549831   16    0
        16
          17           0.354464842   17    0
        17
          18           0.341669884   18    0
        18
          19           0.283390545   20    0
        20
          20           0.253880530   21    0
        21
          21           0.122383512   22    0
        22
          22           0.069600300   23    0
        23
          23           0.066615865   24    0
        24
          24           0.000000000    0    1
         0.000000000         0.000000000         0.000000000         0.000000000
         0.000000000         0.000000000         0.000000000         0.000000000
         0.000000000         0.000000000         0.000000000         0.000000000
         0.000000000         0.000000000         0.000000000         0.000000000
         0.000000000         0.000000000         0.000000000         0.000000000
         0.000000000         0.000000000         0.000000000         0.000000000
         1.000000000
$end
