$energy      SCF               SCFKIN            SCFPOT
     1 -230.2233923095      229.3207707891     -459.5441630985
     2 -230.2238792469      229.2871550250     -459.5110342719
     3 -230.2239734771      229.2884652938     -459.5124387709
     4 -230.2239865226      229.2909784129     -459.5149649354
     5 -230.2239875070      229.2909614955     -459.5149490026
     6 -230.2239875651      229.2909199685     -459.5149075335
     7 -230.2239875677      229.2908809764     -459.5148685441
     8 -230.2239876282      229.2908934400     -459.5148810682
     9 -230.2239876286      229.2908854392     -459.5148730678
    10 -230.2239876288      229.2908612058     -459.5148488346
    11 -230.2239876287      229.2908635833     -459.5148512120
    12 -230.2239876288      229.2908605314     -459.5148481601
    13 -230.2239876288      229.2908586338     -459.5148462626
$end
