$grad          cartesian gradients
  cycle =      1    SCF energy =     -230.2233923095   |dE/dxyz| =  0.008085
    0.77297077003739     -0.43750623499777     -4.67324656159431      h
   -0.37620688088546     -0.41936547900112     -3.26476980973496      o
    0.93507434630694      0.46034376640601     -1.08429729188083      c
    1.66110732863317      2.38110914340945     -1.35934790901042      h
    2.53065870816091     -0.77295724439584     -0.60974451267138      h
   -0.93505038913063      0.46039365804056      1.08429558603789      c
   -1.66101652623854      2.38118816832336      1.35933488437922      h
   -2.53067473061280     -0.77285150996136      0.60974115467925      h
    0.37619365660624     -0.41934386896230      3.26477897530690      o
   -0.77312112038939     -0.43790964544859      4.67313778720282      h
  -.21996043944454D-03  -.41607126926960D-03  0.93928571651945D-03
  -.68899652473789D-03  -.12012715575803D-02  0.26223761730086D-02
  -.59446494440194D-03  0.31826619799490D-03  0.27809316960347D-02
  -.15991765132110D-02  0.78103716620942D-03  0.27017255121267D-02
  0.18270035001597D-02  0.51566933068359D-03  -.72640483903271D-03
  0.59363126352459D-03  0.31983688726159D-03  -.27809439954909D-02
  0.15989727265021D-02  0.78134219757254D-03  -.27010633742395D-02
  -.18264908209206D-02  0.51608609451426D-03  0.72604093373199D-03
  0.68969598599400D-03  -.11999348765339D-02  -.26222688700126D-02
  0.21978728344905D-03  -.41708515205547D-03  -.93968154612950D-03
  cycle =      2    SCF energy =     -230.2238792469   |dE/dxyz| =  0.004598
    0.77133625128127     -0.33692904913937     -4.71914361246700      h
   -0.35673722052060     -0.43343214372064     -3.29508487043768      o
    0.93451376831294      0.44319531435278     -1.09669428447374      c
    1.69532594426464      2.34896256216707     -1.38521140587293      h
    2.50893447291389     -0.81013821622688     -0.61364942315521      h
   -0.93449573949355      0.44321325658756      1.09668464376341      c
   -1.69523836077134      2.34900333284097      1.38524051857851      h
   -2.50896103094019     -0.81004810868204      0.61360154533079      h
    0.35670671339281     -0.43350895422862      3.29506610417969      o
   -0.77144963595204     -0.33721724053844      4.71907308726833      h
  -.78827671550478D-04  -.28657973336665D-03  -.27133157717635D-03
  0.85835618574693D-03  -.19806620340496D-02  0.26284474217762D-03
  -.10103722365999D-02  0.98431793351466D-03  -.51548898843244D-03
  -.32928355121885D-03  0.65134188133979D-03  0.11410714142608D-02
  0.54553650252308D-03  0.63034722980831D-03  -.94648721038771D-03
  0.10104872468928D-02  0.98528384112344D-03  0.51493330551087D-03
  0.32909177578652D-03  0.65134152751086D-03  -.11406654862088D-02
  -.54521574031233D-03  0.63051520696583D-03  0.94621357499355D-03
  -.85859137282769D-03  -.19800294126669D-02  -.26222646505648D-03
  0.78813917056121D-04  -.28712155188695D-03  0.27113640272486D-03
  cycle =      3    SCF energy =     -230.2239734771   |dE/dxyz| =  0.005010
    0.75859075255748     -0.28271715009946     -4.72690539195262      h
   -0.35189340545394     -0.43982307875806     -3.29459540773795      o
    0.93713364057039      0.43692019639853     -1.09548951398097      c
    1.71974014181355      2.33111678029606     -1.39529792827512      h
    2.49335209208406     -0.83382125269925     -0.59799081166451      h
   -0.93712850014263      0.43691967716325      1.09547719032887      c
   -1.71965810584741      2.33113720772585      1.39535622923482      h
   -2.49339774513351     -0.83373752094988      0.59792181463820      h
    0.35185316105229     -0.43996168744955      3.29455389915535      o
   -0.75865686901245     -0.28293241821509      4.72685222296809      h
  -.81146241655111D-05  -.45539465134801D-04  -.14682403905766D-03
  0.96154605324643D-03  -.22713395166883D-02  0.61295341088616D-03
  -.84424728304115D-03  0.17526607516479D-02  -.13088463761474D-02
  0.23314327874222D-04  0.30061761504811D-03  0.35257114923634D-03
  0.49720752539444D-04  0.26235056091363D-03  -.52948411917742D-03
  0.84448660810508D-03  0.17531087366527D-02  0.13089494028701D-02
  -.23419706780259D-04  0.30061914152602D-03  -.35241983794825D-03
  -.49598848259342D-04  0.26231139707247D-03  0.52923390624748D-03
  -.96172650143432D-03  -.22710885851484D-02  -.61289410049732D-03
  0.80367592009155D-05  -.45679592273590D-04  0.14675896433651D-03
  cycle =      4    SCF energy =     -230.2239865226   |dE/dxyz| =  0.005247
    0.75289903274703     -0.26957066875774     -4.72648456520046      h
   -0.35268849700146     -0.44053995227311     -3.29220297890128      o
    0.93770656893425      0.43682616526742     -1.09353648401899      c
    1.72819310289121      2.32584250593987     -1.39931605877340      h
    2.48639989127749     -0.84087566378002     -0.58719558266156      h
   -0.93770975434927      0.43681746975066      1.09352287851700      c
   -1.72811429715970      2.32585434732190      1.39938766717056      h
   -2.48645799507556     -0.84079368515089      0.58712012655156      h
    0.35264475846205     -0.44070575880991      3.29214980416245      o
   -0.75293764823821     -0.26975400609578      4.72643749586829      h
  -.15507698787909D-04  0.29939256574184D-04  -.87566701957276D-05
  0.73486528543999D-03  -.23470713772251D-02  0.66884496892553D-03
  -.95316140302001D-03  0.22611880189580D-02  -.11081041957956D-02
  0.29320145875228D-04  0.45462076378540D-04  0.88045173654634D-04
  -.15532319462657D-04  0.92548743064527D-05  -.83065753093331D-04
  0.95329623574338D-03  0.22612260294365D-02  0.11084900549448D-02
  -.29337422189166D-04  0.45474951713329D-04  -.88055417306581D-04
  0.15544365168369D-04  0.92033697531512D-05  0.82907507459290D-04
  -.73493759752537D-03  -.23469997216080D-02  -.66904090498567D-03
  0.15448055481936D-04  0.29968193117495D-04  0.87326854854185D-05
  cycle =      5    SCF energy =     -230.2239875070   |dE/dxyz| =  0.005104
    0.75488090443298     -0.27961427486984     -4.72451169214982      h
   -0.35476738965668     -0.43813541554168     -3.29193870184787      o
    0.93700386183537      0.43945080610581     -1.09349890070115      c
    1.72713212420511      2.32804776821400     -1.40137944888927      h
    2.48582798180251     -0.83806610616526     -0.58630539727023      h
   -0.93700825034145      0.43944165716568      1.09348454368472      c
   -1.72705346901090      2.32805924411937      1.40145135008725      h
   -2.48588837502478     -0.83798389859692      0.58623202228426      h
    0.35472439821871     -0.43830204197299      3.29188406784677      o
   -0.75491662397303     -0.27979698504576      4.72446445966952      h
  -.20581621759470D-04  -.30073611713171D-05  -.39526240107481D-05
  0.63815191745953D-03  -.22783999761964D-02  0.52645878027319D-03
  -.10467169547539D-02  0.23092988688877D-02  -.84759026831073D-03
  -.14347458054453D-04  -.16843895106480D-04  0.38273883575525D-04
  0.27033020205838D-04  -.12016585744418D-04  0.25477191906703D-04
  0.10467896232861D-02  0.23091798226522D-02  0.84774538702303D-03
  0.14363932278936D-04  -.16849785167935D-04  -.38299517410166D-04
  -.27029900677752D-04  -.12006030846310D-04  -.25496054184891D-04
  -.63824927115241D-03  -.22783389400359D-02  -.52656782821610D-03
  0.20584274056096D-04  -.30056172727492D-05  0.39485395433596D-05
  cycle =      6    SCF energy =     -230.2239875651   |dE/dxyz| =  0.005046
    0.75542617306406     -0.28096411620213     -4.72415533074209      h
   -0.35496680074001     -0.43773980665265     -3.29194209624552      o
    0.93698243525816      0.43983877583976     -1.09364405914299      c
    1.72729957456397      2.32834153194669     -1.40209608810972      h
    2.48565692263112     -0.83779362583619     -0.58667803800840      h
   -0.93698685108062      0.43982965591922      1.09362958399402      c
   -1.72722100627558      2.32835300252558      1.40216817138548      h
   -2.48571744217625     -0.83771143697308      0.58660489324680      h
    0.35492386212210     -0.43790656472445      3.29188728061398      o
   -0.75546170487912     -0.28114666243034      4.72410798572263      h
  -.55084516113060D-05  -.17320737232767D-05  -.31216853888299D-05
  0.63977949024953D-03  -.22650436069753D-02  0.54696858122511D-03
  -.10020745246018D-02  0.22697328351174D-02  -.85894367866548D-03
  0.48806010067595D-06  -.35621031332345D-05  0.28713510487326D-05
  0.41941041320168D-05  -.34453326468362D-06  0.37196142517244D-05
  0.10021657082296D-02  0.22696241138222D-02  0.85904945599648D-03
  -.48432432327115D-06  -.35576086263255D-05  -.28816753313205D-05
  -.41919959784441D-05  -.34125304790612D-06  -.37196900648309D-05
  -.63988086014257D-03  -.22649894842566D-02  -.54706870591541D-03
  0.55103524505767D-05  -.17302547489171D-05  0.31239893830072D-05
  cycle =      8    SCF energy =     -230.2239876282   |dE/dxyz| =  0.005035
    0.72778043976147     -0.26528685247601     -4.72839889432263      h
   -0.37437393763521     -0.42161074720526     -3.28978313374642      o
    0.93051867427143      0.45605571192369     -1.09914701899738      c
    1.71895888578969      2.34457078648728     -1.41236514002052      h
    2.48216422182550     -0.82154175853584     -0.60132022491552      h
   -0.93051877228351      0.45605558124290      1.09914706967650      c
   -1.71895915643371      2.34457059163395      1.41236517343099      h
   -2.48216420492047     -0.82154204146386      0.60132031964945      h
    0.37437399616163     -0.42161078620906      3.28978307588141      o
   -0.72777994707663     -0.26528609535771      4.72839908076199      h
  -.25785578204445D-05  -.13554707284358D-05  -.16385061279563D-05
  0.63718511730918D-03  -.22657365669667D-02  0.53884897284089D-03
  -.99918483132257D-03  0.22654130509024D-02  -.84712235287557D-03
  0.15541958014878D-05  -.23044910722468D-06  -.66802638569101D-06
  0.92342006544113D-06  0.11302439254228D-05  0.13407373964305D-05
  0.99914290177343D-03  0.22654274553755D-02  0.84707385877147D-03
  -.15420891128661D-05  -.23900012264671D-06  0.67442495024049D-06
  -.90032319196515D-06  0.11326865792297D-05  -.13242245301835D-05
  -.63718385681503D-03  -.22657400696989D-02  -.53885032485177D-03
  0.25840282033679D-05  -.13593627166819D-05  0.16654345501762D-05
  cycle =      9    SCF energy =     -230.2239876286   |dE/dxyz| =  0.005036
    0.72779201840359     -0.26528500215857     -4.72838867372540      h
   -0.37438414105836     -0.42161270436667     -3.28978931073553      o
    0.93051666429650      0.45605788659327     -1.09914517939629      c
    1.71894919779864      2.34457539998654     -1.41235813614985      h
    2.48215814656736     -0.82154844169202     -0.60133072932108      h
   -0.93051657633590      0.45605776208682      1.09914530566065      c
   -1.71894941424952      2.34457521394182      1.41235807170432      h
   -2.48215796568979     -0.82154873729990      0.60133078998595      h
    0.37438419777203     -0.42161258454555      3.28978943538298      o
   -0.72779192804436     -0.26528440250566      4.72838873399210      h
  -.15334862873285D-05  -.93389164392125D-06  -.81359405299003D-06
  0.63430559881787D-03  -.22677205599732D-02  0.53623838431579D-03
  -.99732609650404D-03  0.22674094081547D-02  -.84464032369828D-03
  0.10339106434063D-05  -.13062021048175D-06  0.28414396233251D-07
  0.65602722124252D-06  0.59815508577220D-06  0.11061929628578D-05
  0.99731720629572D-03  0.22674157761466D-02  0.84461967970176D-03
  -.10289241424704D-05  -.13300884829550D-06  -.24784546620213D-07
  -.65064723979518D-06  0.59465206967389D-06  -.10987480551623D-05
  -.63431230934372D-03  -.22677201004282D-02  -.53623225047004D-03
  0.15387286213131D-05  -.93748474802941D-06  0.81702866720064D-06
  cycle =     11    SCF energy =     -230.2239876287   |dE/dxyz| =  0.005037
    0.72783318204872     -0.26525953235122     -4.72837235322431      h
   -0.37437512014923     -0.42161541802976     -3.28979884443150      o
    0.93052259362553      0.45606015926235     -1.09913743690332      c
    1.71894415685164      2.34458054033773     -1.41234541102266      h
    2.48215562881330     -0.82155860477358     -0.60133498476906      h
   -0.93052243593382      0.45606017268978      1.09913748023704      c
   -1.71894399417712      2.34458064262828      1.41234526637764      h
   -2.48215567023485     -0.82155836578270      0.60133474842010      h
    0.37437500013617     -0.42161550916223      3.28979884381657      o
   -0.72783327742965     -0.26525865112038      4.72837222760671      h
  -.13117948719494D-06  -.20285079468478D-06  0.80241762576699D-07
  0.63086675612440D-03  -.22700689032262D-02  0.53417941256669D-03
  -.99372683130978D-03  0.22698221755960D-02  -.84185547782681D-03
  0.13738460148905D-06  -.21650264193452D-06  0.40522208850899D-06
  0.12606238560838D-06  -.11126979564309D-06  0.34330823453750D-06
  0.99376188210862D-03  0.22698060066707D-02  0.84190696960622D-03
  -.14710521322437D-06  -.20692418515806D-06  -.41250453305001D-06
  -.14531130368911D-06  -.11464313947990D-06  -.35475778224574D-06
  -.63087121875656D-03  -.22700712112145D-02  -.53419011278222D-03
  0.12956674063711D-06  -.19486553322525D-06  -.10231153296257D-06
  cycle =     12    SCF energy =     -230.2239876288   |dE/dxyz| =  0.005037
    0.72783730140906     -0.26526318023617     -4.72837268805882      h
   -0.37437490316309     -0.42161465718633     -3.28980128156883      o
    0.93052188956967      0.45606086039755     -1.09913847985286      c
    1.71894207597198      2.34458152764316     -1.41234929368527      h
    2.48215579205105     -0.82155748226142     -0.60133887704987      h
   -0.93052175883114      0.45606097120250      1.09913846294500      c
   -1.71894189102639      2.34458173476444      1.41234899676782      h
   -2.48215581036151     -0.82155720956478      0.60133878075974      h
    0.37437484451238     -0.42161446728856      3.28980131990387      o
   -0.72783747658133     -0.26526266377214      4.72837259594643      h
  -.63812072707811D-08  -.22051571061097D-06  -.70174491242363D-07
  0.63083179461803D-03  -.22700030999759D-02  0.53409349957916D-03
  -.99372102284256D-03  0.22697119605042D-02  -.84170176993662D-03
  0.11371376388741D-06  -.15923895837788D-06  0.19220667256873D-06
  0.78004985318942D-07  -.10653844132419D-06  0.15349324002502D-06
  0.99373600128964D-03  0.22696980692759D-02  0.84172829710634D-03
  -.11931089190554D-06  -.15578240200163D-06  -.19917158968869D-06
  -.86463837095698D-07  -.10488165393304D-06  -.15899969531470D-06
  -.63082764809485D-03  -.22699986062858D-02  -.53410081281639D-03
  0.13182950802981D-08  -.22029163027930D-06  0.63433809316319D-07
$end
