$hessapprox internal
  0.150324651077D-01  0.215764845107D-02  0.622340261316D+00  0.135279368063D-02
  0.638909861842D-02  0.360436581461D+00  0.815928977557D-03  0.135275982196D-02
  0.222603864365D-02  0.424481078040D+00 -0.397162288123D-03  0.295404590466D-03
 -0.447109026346D-02  0.528729556044D-04  0.422586121806D+00  0.166235169748D-02
 -0.343342043136D-02  0.265163236087D-01 -0.936114013757D-03  0.691299956575D-02
  0.301385020088D+00  0.469236281192D-03 -0.121516981721D-02  0.835849560683D-02
 -0.344280932145D-03  0.222183454335D-02 -0.140310420981D-01  0.341538099560D+00
  0.711516984235D-03  0.375303420607D-02 -0.719779757184D-02  0.129855157580D-02
 -0.278329684989D-02  0.166044052143D-01  0.524177719127D-02  0.315997705202D+00
 -0.137435271793D-03 -0.671212209924D-03  0.119954605710D-02 -0.233348474339D-03
  0.478555405999D-03 -0.284363540164D-02 -0.896808079980D-03  0.781137016410D-03
  0.344005898221D+00  0.783361688086D-03  0.138451404509D-02  0.183266403642D-02
  0.535751718186D-03 -0.435171879318D-04 -0.318266235182D-03 -0.145871815640D-03
  0.105333704905D-02 -0.191225428103D-03  0.424485969076D+00 -0.479709881141D-03
  0.290187479106D-03 -0.516380412952D-02  0.421883880384D-04 -0.122459838735D-02
  0.789886555563D-02  0.254016717873D-02 -0.321155439702D-02  0.552531868753D-03
 -0.677349718462D-04  0.422265532934D+00  0.159715089469D-02 -0.380266348384D-02
  0.272658546456D-01 -0.106334948352D-02  0.719589935979D-02 -0.455005520646D-01
 -0.145659270185D-01  0.170895795758D-01 -0.292490719602D-02 -0.420559353805D-03
  0.822513276017D-02  0.297948629428D+00  0.581524763383D-03 -0.964515294099D-03
  0.843582766817D-02 -0.250502893706D-03  0.215820808235D-02 -0.137233193805D-01
 -0.439888214444D-02  0.527505068210D-02 -0.904247597323D-03 -0.574530922364D-04
  0.246457195664D-02 -0.142607759554D-01  0.341732791222D+00  0.747928758134D-03
  0.398422209620D-02 -0.770509709861D-02  0.137773509530D-02 -0.296875123901D-02
  0.177190061206D-01  0.559428755864D-02 -0.499849282407D-02  0.836082282996D-03
  0.111615342186D-02 -0.342529456707D-02  0.182380730171D-01  0.562852633676D-02
  0.315320341412D+00 -0.179977623504D-03 -0.776452875417D-03  0.120674133556D-02
 -0.272221252498D-03  0.513959735369D-03 -0.302978579409D-02 -0.953604174002D-03
  0.791705706205D-03 -0.131443128745D-03 -0.227064919148D-03  0.594143676012D-03
 -0.311246373570D-02 -0.965279066648D-03  0.847867921727D-03  0.344005095771D+00
  0.119288093837D-02  0.246862686346D-02  0.151107826166D-02  0.933063886779D-03
 -0.462443260731D-03  0.195462441815D-02  0.553868254704D-03  0.791366941992D-03
 -0.153324335205D-03  0.895078312144D-03 -0.557981932104D-03  0.188232590474D-02
  0.681718180735D-03  0.831526033337D-03 -0.201673367015D-03  0.153460173823D-01
  0.227738322588D-02  0.357572051199D-02  0.692362810546D-02  0.141133990585D-02
  0.367518285355D-03 -0.396702627516D-02 -0.139174464799D-02  0.407559466830D-02
 -0.727850576400D-03  0.144980193100D-02  0.370262043557D-03 -0.436849962051D-02
 -0.112622529552D-02  0.432741720139D-02 -0.839807090961D-03  0.260605789592D-02
  0.622622681902D+00  0.141310344506D-02  0.621981598929D-02 -0.991322892037D-02
  0.217752689549D-02 -0.417112025471D-02  0.246242680829D-01  0.775314646807D-02
 -0.649454172853D-02  0.107926929450D-02  0.181093171157D-02 -0.482078699435D-02
  0.253020170907D-01  0.784248552126D-02 -0.695451640175D-02  0.107893835222D-02
  0.158237905802D-02  0.673026879394D-02  0.362596640398D+00 -0.657552205175D-03
 -0.511660493738D-02  0.125052788458D-01 -0.173632770293D-02  0.438439499761D-02
 -0.265027992126D-01 -0.839379629967D-02  0.803403845203D-02 -0.135253119201D-02
 -0.134886458043D-02  0.504849728018D-02 -0.273329878530D-01 -0.839347995740D-02
  0.859035410073D-02 -0.139077886135D-02 -0.717065959819D-03 -0.558857820407D-02
  0.113778399163D-01  0.474901685481D+00  0.507501146709D-02  0.764171859100D-02
  0.165886143464D-01  0.303883668217D-02  0.117804051511D-02 -0.110509498756D-01
 -0.380469289832D-02  0.981868567924D-02 -0.174691895029D-02  0.315641536191D-02
  0.123731785774D-02 -0.120212570179D-01 -0.320684389098D-02  0.104301520404D-01
 -0.200205012175D-02  0.581027246943D-02  0.792460495224D-02  0.160631140785D-01
 -0.136654625915D-01  0.396271669668D+00 -0.584340175573D-03 -0.525509737010D-02
  0.136279186822D-01 -0.177341685608D-02  0.467486695528D-02 -0.283460299267D-01
 -0.898434790803D-02  0.873663121814D-02 -0.147290164020D-02 -0.135998424125D-02
  0.538031726981D-02 -0.292478352670D-01 -0.897071882052D-02  0.934007625585D-02
 -0.151912781295D-02 -0.631092079191D-03 -0.574922945077D-02  0.124208364175D-01
 -0.146602021683D-01 -0.141167267373D-01  0.472584225850D+00  0.509631376478D-02
  0.779008889610D-02  0.162452434561D-01  0.308942967138D-02  0.105512115058D-02
 -0.103100723873D-01 -0.357021330839D-02  0.959762852001D-02 -0.170975524696D-02
  0.319615292588D-02  0.109571489324D-02 -0.112575126426D-01 -0.297204679395D-02
  0.101937504545D-01 -0.196394780935D-02  0.583365345335D-02  0.808643102908D-02
  0.157512301500D-01 -0.132913297112D-01  0.171440730190D-01 -0.137112753994D-01
  0.397049898776D+00  0.523715670602D-02  0.108193414824D-01  0.670083814897D-02
  0.409036118294D-02 -0.200963880893D-02  0.845435509606D-02  0.239123241626D-02
  0.351672050595D-02 -0.680331135873D-03  0.392542395366D-02 -0.242602940873D-02
  0.813258993792D-02  0.295289139666D-02  0.369592473805D-02 -0.892924448987D-03
  0.597049377331D-02  0.114207299479D-01  0.700843285728D-02 -0.321783750433D-02
  0.254567809082D-01 -0.284574539868D-02  0.255613664078D-01  0.407878116322D+00
  0.000000000000D+00  0.000000000000D+00  0.000000000000D+00  0.000000000000D+00
  0.000000000000D+00  0.000000000000D+00  0.000000000000D+00  0.000000000000D+00
  0.000000000000D+00  0.000000000000D+00  0.000000000000D+00  0.000000000000D+00
  0.000000000000D+00  0.000000000000D+00  0.000000000000D+00  0.000000000000D+00
  0.000000000000D+00  0.000000000000D+00  0.000000000000D+00  0.000000000000D+00
  0.000000000000D+00  0.000000000000D+00  0.000000000000D+00  0.000000000000D+00
$end
