$coord
    0.00607978117919     -1.09652846165682     -4.23637382466665  h
   -0.09096848120575     -1.19365397605366     -2.42244898777998  o
    0.14268764327098      1.29397132139963     -1.45164299284440  c
   -1.28730098146738      2.56149433050998     -2.25444653090180  h
    2.00426440305404      2.06255107977648     -1.94913068025051  h
   -0.14268762247912      1.29397132650650      1.45164299539984  c
    1.28730103661935      2.56149430005552      2.25444652065546  h
   -2.00426435967329      2.06255112647680      1.94913070298728  h
    0.09096844812030     -1.19365397948648      2.42244898732245  o
   -0.00607827897886     -1.09652830089927      4.23637389844962  h
$user-defined bonds
$intdef
# definitions of internal coordinates
   1 f  1.0000000000000 tors    2    3    6    9 val=  15.00000
$redundant
     number_of_atoms            10
     degrees_of_freedom         24
     internal_coordinates       25
     frozen_coordinates          1
# definitions of redundant internals
   1 k  1.0000000000000 tors   1    2    3    6 val= 176.92590
   2 k  1.0000000000000 stre   2    1           val=   1.81911
   3 k  1.0000000000000 bend   3    1    2      val= 107.87459
   4 k  1.0000000000000 stre   3    4           val=   2.07267
   5 k  1.0000000000000 stre   3    5           val=   2.07453
   6 k  0.0717648676618 bend   5    4    3      val=   0.76447
       -0.5218772471803 bend   2    4    3
       -0.4949718506453 bend   2    5    3
        0.4847608500970 bend   6    4    3
        0.4924466752116 bend   6    5    3
   7 k  0.0109309489469 bend   5    4    3      val=   0.31271
       -0.5374536113240 bend   2    4    3
        0.5576175189601 bend   2    5    3
       -0.4560776313076 bend   6    4    3
        0.4382693541643 bend   6    5    3
   8 k  0.8958773642491 bend   5    4    3      val=   0.18355
       -0.1713985274632 bend   2    4    3
       -0.1936866863538 bend   2    5    3
       -0.2571711832240 bend   6    4    3
       -0.2537217827817 bend   6    5    3
   9 k -0.0082696402845 bend   5    4    3      val=   1.08227
        0.4471514759990 bend   2    4    3
       -0.4470461371604 bend   2    5    3
       -0.5390523025297 bend   6    4    3
        0.5563807481831 bend   6    5    3
  10 k  1.0000000000000 stre   6    7           val=   2.07267
  11 k  1.0000000000000 stre   6    8           val=   2.07453
  12 k  0.0717648758653 bend   8    7    6      val=   0.76447
       -0.5218772519459 bend   9    7    6
       -0.4949718456781 bend   9    8    6
        0.4847608384245 bend   3    7    6
        0.4924466854487 bend   3    8    6
  13 k  0.0109309367381 bend   8    7    6      val=   0.31271
       -0.5374536090980 bend   9    7    6
        0.5576175287020 bend   9    8    6
       -0.4560776350796 bend   3    7    6
        0.4382693408785 bend   3    8    6
  14 k  0.8958773648912 bend   8    7    6      val=   0.18355
       -0.1713985218702 bend   9    7    6
       -0.1936866815603 bend   9    8    6
       -0.2571711959498 bend   3    7    6
       -0.2537217750532 bend   3    8    6
  15 k -0.0082696498242 bend   8    7    6      val=   1.08227
        0.4471514785678 bend   9    7    6
       -0.4470461251103 bend   9    8    6
       -0.5390523059192 bend   3    7    6
        0.5563807523751 bend   3    8    6
  16 k  1.0000000000000 tors  10    9    6    3 val= 176.92585
  17 k  1.0000000000000 stre   9   10           val=   1.81911
  18 k  1.0000000000000 bend   6   10    9      val= 107.87459
  19 k  1.0000000000000 tors   2    3    6    9 val=  15.00000
  20 k  1.0000000000000 stre   3    2           val=   2.68055
  21 k  1.0000000000000 bend   6    2    3      val= 110.60376
  22 k  1.0000000000000 stre   6    9           val=   2.68055
  23 k  1.0000000000000 bend   3    9    6      val= 110.60376
  24 k  1.0000000000000 stre   3    6           val=   2.91728
  25 f  1.0000000000000 tors   2    3    6    9 val=  15.00000
        24 non zero eigenvalues  of BmBt
           1           4.640403969    1    0
         1
           2           3.805239485    2    0
         2
           3           3.711507824    3    0
         3
           4           3.067605799    4    0
         4
           5           2.646690908    5    0
         5
           6           2.478939643    6    0
         6
           7           2.099390841    7    0
         7
           8           1.751686175    8    0
         8
           9           1.230647683    9    0
         9
          10           1.213244898   10    0
        10
          11           1.042775246   11    0
        11
          12           0.836829742   12    0
        12
          13           0.756403530   13    0
        13
          14           0.725262832   14    0
        14
          15           0.690767737   15    0
        15
          16           0.388672391   16    0
        16
          17           0.348774079   17    0
        17
          18           0.291925501   18    0
        18
          19           0.252278858   20    0
        20
          20           0.246995769   21    0
        21
          21           0.197338335   22    0
        22
          22           0.066354602   23    0
        23
          23           0.054103927   24    0
        24
          24           0.000000000    0    1
         0.000000000         0.000000000         0.000000000         0.000000000
         0.000000000         0.000000000         0.000000000         0.000000000
         0.000000000         0.000000000         0.000000000         0.000000000
         0.000000000         0.000000000         0.000000000         0.000000000
         0.000000000         0.000000000         0.000000000         0.000000000
         0.000000000         0.000000000         0.000000000         0.000000000
         1.000000000
$end
