$energy      SCF               SCFKIN            SCFPOT
     1 -230.2112621403      229.3406324355     -459.5518945758
     2 -230.2135856432      229.2539371402     -459.4675227833
     3 -230.2139120294      229.2764327553     -459.4903447848
     4 -230.2139395873      229.2849560172     -459.4988956045
     5 -230.2139447527      229.2810753650     -459.4950201177
     6 -230.2139449672      229.2810855559     -459.4950305231
     7 -230.2139450044      229.2808525324     -459.4947975368
     8 -230.2139450341      229.2810960801     -459.4950411142
     9 -230.2139450382      229.2811132461     -459.4950582843
    10 -230.2139450385      229.2810949632     -459.4950400017
    11 -230.2139450385      229.2810751227     -459.4950201612
    12 -230.2139450385      229.2810721156     -459.4950171541
    13 -230.2139450385      229.2810699400     -459.4950149785
    14 -230.2139450385      229.2810802993     -459.4950253379
$end
