$grad          cartesian gradients
  cycle =      1    SCF energy =     -230.2112621403   |dE/dxyz| =  0.023001
    0.07695453710035     -1.26796607592568     -4.05760240741625      h
   -0.10393816623226     -1.21563959547632     -2.24948601450920      o
    0.14787989151705      1.33449759960905     -1.42414052278415      c
   -1.30627572993868      2.54975369725065     -2.26121902229388      h
    2.00376467132553      2.11176301390068     -1.91777129617005      h
   -0.14787962661356      1.33449985416086      1.42413753707233      c
    1.30625567384198      2.54977641435108      2.26122678590853      h
   -2.00377640027712      2.11174424510635      1.91774762147150      h
    0.10397020772037     -1.21563115635733      2.24949223611619      o
   -0.07743449980291     -1.26801959667721      4.05755514187166      h
  -.10487325232438D-03  -.18609076804749D-02  0.12454973531313D-02
  0.17126454374776D-02  -.48437216705748D-02  0.92685587201250D-02
  -.32980235339588D-02  0.52449019053099D-02  0.95058177506515D-02
  -.11365985743006D-02  -.49226581952893D-03  0.16800753781046D-02
  -.45141056060940D-03  0.19510210367526D-02  0.31741575431631D-02
  0.32973654985512D-02  0.52450198834055D-02  -.95056918844215D-02
  0.11368137840682D-02  -.49220606724889D-03  -.16795955189506D-02
  0.45177781917751D-03  0.19511848884000D-02  -.31746999015848D-02
  -.17116766674986D-02  -.48441198861948D-02  -.92685603506270D-02
  0.10398049743222D-03  -.18607596003338D-02  -.12455580750588D-02
  cycle =      2    SCF energy =     -230.2135856432   |dE/dxyz| =  0.013975
    0.06162915007370     -1.08996301127719     -4.30166681348610      h
   -0.07857043348228     -1.21412512630311     -2.49150507803107      o
    0.14498845504891      1.25445882024478     -1.45640646769309      c
   -1.28099306998576      2.51828698083104     -2.27071277407163      h
    1.99866038513110      2.04375557368096     -1.94347325896853      h
   -0.14503003648304      1.25445708852709      1.45639953055621      c
    1.28096383900347      2.51826403256834      2.27072030424015      h
   -1.99869418665073      2.04377641742237      1.94345441329400      h
    0.07849405241276     -1.21413214122400      2.49149208000227      o
   -0.06192759642736     -1.09000023452816      4.30163812342447      h
  -.44885892911190D-04  -.99276414759239D-03  -.82523227270193D-03
  0.38356865053488D-02  0.19373333619761D-03  -.39780898375425D-02
  -.75866052731454D-02  0.12392367702239D-02  0.11153860098282D-02
  0.57411738195408D-03  -.76299626746167D-03  -.17899847269969D-02
  -.85967769749004D-03  0.32538028290863D-03  -.33220312145513D-03
  0.75863381863837D-02  0.12391977989154D-02  -.11154132027871D-02
  -.57404399981117D-03  -.76299802586263D-03  0.17904480331238D-02
  0.85987717910792D-03  0.32537984797280D-03  0.33168816576414D-03
  -.38353883333754D-02  0.19392169225202D-03  0.39784252155726D-02
  0.44583566461443D-04  -.99289244265747D-03  0.82497588899944D-03
  cycle =      3    SCF energy =     -230.2139120294   |dE/dxyz| =  0.012081
    0.05697340117261     -1.11681015451978     -4.24969909374266      h
   -0.08035176074429     -1.21495025444661     -2.43865706786824      o
    0.14775788470944      1.26859024676054     -1.45112656875408      c
   -1.28069122432668      2.52978286454326     -2.26596001047846      h
    2.00750924567161      2.04579991655202     -1.93904746490628      h
   -0.14780679602555      1.26858820559422      1.45111938068577      c
    1.28066249218208      2.52975145412040      2.26596485660264      h
   -2.00754596131481      2.04582997373682      1.93903309250362      h
    0.08025612763547     -1.21495948356812      2.43864149586617      o
   -0.05724285031910     -1.11684436883062      4.24967143935821      h
  -.16740360873832D-04  -.43370792039389D-03  -.42774037086718D-04
  0.40290489804822D-02  -.25749450953090D-03  -.10612322121615D-02
  -.73020630947711D-02  0.94949655124066D-03  0.57728098818539D-03
  0.95061680303461D-04  -.46192248936000D-03  -.67518517335468D-03
  -.29024391968013D-03  0.20601586735720D-03  0.78382516469238D-04
  0.73018956151365D-02  0.94940426193484D-03  -.57727580117226D-03
  -.95024490555734D-04  -.46197556559661D-03  0.67548187057463D-03
  0.29032174003165D-03  0.20605294803216D-03  -.78720640486889D-04
  -.40287445765607D-02  -.25729972381091D-03  0.10613724492845D-02
  0.16489987012107D-04  -.43378302342103D-03  0.42670130365297D-04
  cycle =      4    SCF energy =     -230.2139395873   |dE/dxyz| =  0.012393
    0.04838499875847     -1.12616661255917     -4.22649423504058      h
   -0.07860508655882     -1.21591646767968     -2.41419222969979      o
    0.15073980534140      1.27405694874650     -1.44992002579424      c
   -1.27526280676684      2.53927346635519     -2.26365992468882      h
    2.01568093208499      2.04116462339528     -1.93742948417593      h
   -0.15080436076706      1.27405408734684      1.44991220822768      c
    1.27523363522860      2.53922513395512      2.26366149284376      h
   -2.01572439091800      2.04121285610220      1.93742169374087      h
    0.07846814057764     -1.21593072451793      2.41417133882981      o
   -0.04859030833960     -1.12619491120221      4.22646922502393      h
  0.23746974776978D-04  0.34581023872546D-04  0.11244065960709D-03
  0.44394345663157D-02  -.53678087605392D-03  0.91162818260041D-03
  -.74340050998879D-02  0.56281904188280D-03  -.59801715384106D-03
  -.71063251079062D-04  -.53360766117895D-04  -.11311139133318D-04
  0.68521858060709D-04  -.50750788529352D-05  0.65601799452246D-04
  0.74340009498005D-02  0.56262041041333D-03  0.59806964993196D-03
  0.71076549205096D-04  -.53392401657345D-04  0.11415807537875D-04
  -.68545898235692D-04  -.50491591968450D-05  -.65721585069362D-04
  -.44393048467449D-02  -.53657284092462D-03  -.91165934639597D-03
  -.23860161940885D-04  0.34568294795831D-04  -.11244697153071D-03
  cycle =      5    SCF energy =     -230.2139447527   |dE/dxyz| =  0.012529
    0.04506616713893     -1.12067731909683     -4.23502370357678      h
   -0.07629446872280     -1.21644819584841     -2.42246927879581      o
    0.15153370117466      1.27130463014080     -1.45078740149567      c
   -1.27309280017645      2.53882439230087     -2.26325598551870      h
    2.01640610733434      2.03940850357807     -1.93672727772956      h
   -0.15160363392302      1.27130138453627      1.45077925228697      c
    1.27306324760606      2.53877047198880      2.26325645642054      h
   -2.01645175471554      2.03946264904483      1.93672146000603      h
    0.07614385580727     -1.21646423284167      2.42244689000718      o
   -0.04524986288266     -1.12070388386058      4.23499964766249      h
  0.19014483303984D-04  0.22409640681102D-04  -.34750158712498D-05
  0.45081161809867D-02  -.59588573783794D-03  0.52108322191790D-03
  -.75201852727902D-02  0.58401918970611D-03  -.79773344321513D-03
  0.25291252339100D-05  -.52296242128595D-06  -.39458450004847D-04
  0.21299893345245D-04  -.77218547583303D-05  -.12880367424609D-04
  0.75201953295540D-02  0.58377233511315D-03  0.79776342040314D-03
  -.25204629234915D-05  -.53407144882140D-06  0.39508300666671D-04
  -.21312528563668D-04  -.77093649028192D-05  0.12817284727007D-04
  -.45080620681553D-02  -.59570616555168D-03  -.52109737739311D-03
  -.19072748157730D-04  0.22403887379703D-04  0.34722087928108D-05
  cycle =      6    SCF energy =     -230.2139449672   |dE/dxyz| =  0.012467
    0.04133132260210     -1.12005553615807     -4.23568863294973      h
   -0.07428830921358     -1.21673579309411     -2.42281402867285      o
    0.15271069986792      1.27098023386080     -1.45061650481980      c
   -1.27156343790844      2.53879339658867     -2.26312245573910      h
    2.01776199392237      2.03942956723367     -1.93507491394024      h
   -0.15278517122700      1.27097676390089      1.45060812168237      c
    1.27153357981941      2.53873473655780      2.26312207104530      h
   -2.01780946002553      2.03948888983705      1.93507081722182      h
    0.07412602061011     -1.21675320361608      2.42279038380565      o
   -0.04149667980657     -1.12008065516847      4.23566520163328      h
  0.97534241516778D-05  0.18163960424234D-04  -.44644046345555D-06
  0.45188944611568D-02  -.63769925936121D-03  0.50830816193069D-03
  -.74561923190595D-02  0.60287404019903D-03  -.81620198629938D-03
  0.19685874399338D-05  0.17135714160998D-04  0.20992885999603D-04
  0.24452561476400D-05  0.18496750645393D-05  0.38901092174331D-05
  0.74562097808616D-02  0.60260383771943D-03  0.81621928888239D-03
  -.19646931328922D-05  0.17136966018386D-04  -.20984546795908D-04
  -.24457441565726D-05  0.18507092295935D-05  -.39043894247054D-05
  -.45189033680267D-02  -.63753263495616D-03  -.50831802664584D-03
  -.97633297322178D-05  0.18166127633503D-04  0.44466018402647D-06
  cycle =      7    SCF energy =     -230.2139450044   |dE/dxyz| =  0.012432
    0.03888274031252     -1.11929022227333     -4.23682645146360      h
   -0.07300578921151     -1.21675123678834     -2.42376281012960      o
    0.15340436624121      1.27065940184043     -1.45061394266709      c
   -1.27058236647945      2.53839934101811     -2.26369714106161      h
    2.01853962045744      2.03939453738758     -1.93418937503460      h
   -0.15348060820621      1.27065585391446      1.45060544297921      c
    1.27055236610935      2.53833884228144      2.26369640364458      h
   -2.01858779067569      2.03945589120829      1.93418595258166      h
    0.07283899851761     -1.21676915245807      2.42373872384876      o
   -0.03904097842447     -1.11931485618843      4.23680325656899      h
  0.21458240256847D-05  0.49496770637913D-06  -.75690526585241D-05
  0.45197206604842D-02  -.60407862911820D-03  0.44745256589116D-03
  -.74346741422198D-02  0.59825890155770D-03  -.80378048767749D-03
  0.28867691946795D-05  0.62145885919998D-05  0.49843608991470D-05
  -.10551800987226D-04  0.14566710630152D-05  -.50690947601740D-06
  0.74346944180301D-02  0.59797907178348D-03  0.80378228140746D-03
  -.28871627824533D-05  0.62172028008519D-05  -.49920267692396D-05
  0.10554845960388D-04  0.14549517514120D-05  0.51361301010104D-06
  -.45197498843119D-02  -.60391749112656D-03  -.44745440624081D-03
  -.21374050963706D-05  0.49685124358820D-06  0.75697577320821D-05
  cycle =      9    SCF energy =     -230.2139450382   |dE/dxyz| =  0.012432
    0.00623455358740     -1.09654726600221     -4.23639365370667      h
   -0.09098921456922     -1.19364042309965     -2.42247822554057      o
    0.14267227703537      1.29395729206580     -1.45165462438556      c
   -1.28736608152651      2.56148128514779     -2.25438621971384      h
    2.00422460212744      2.06256730529418     -1.94915035949748      h
   -0.14267230053247      1.29395729182925      1.45165460680543      c
    1.28736623207726      2.56148115059022      2.25438605995693      h
   -2.00422449905168      2.06256748286893      1.94915055066063      h
    0.09098896960096     -1.19364045986533      2.42247822428123      o
   -0.00623063886330     -1.09654682828299      4.23639385177777      h
  0.25324918559282D-06  -.81165186823002D-06  0.16352087157971D-06
  0.45229596507028D-02  -.59199021771700D-03  0.44416570565651D-03
  -.74414815938741D-02  0.59403865490391D-03  -.73748489093809D-03
  -.26038008413950D-05  0.11993493463451D-05  0.15884613692030D-05
  -.16772419891660D-05  -.24499019113182D-06  0.12652066042151D-05
  0.74414798741198D-02  0.59405454956568D-03  0.73747687604975D-03
  0.26028916935996D-05  0.11982518462651D-05  -.15925598218120D-05
  0.16802832142462D-05  -.25066811896177D-06  -.12585259365458D-05
  -.45229671277341D-02  -.59199434527211D-03  -.44416442608096D-03
  -.24618611802797D-06  -.81427943562813D-06  -.15937184317920D-06
  cycle =     10    SCF energy =     -230.2139450385   |dE/dxyz| =  0.012438
    0.00618962216239     -1.09655430727687     -4.23637223066675      h
   -0.09098360673091     -1.19364746889876     -2.42245373389364      o
    0.14267795371064      1.29396698982118     -1.45164976953475      c
   -1.28733426587188      2.56149358519809     -2.25441357359968      h
    2.00424481886806      2.06255940880644     -1.94913906224872      h
   -0.14267777822861      1.29396697987752      1.45164976419611      c
    1.28733442648511      2.56149364893715      2.25441345129341      h
   -2.00424463702189      2.06255936173301      1.94913918123414      h
    0.09098387145469     -1.19364745415014      2.42245377930084      o
   -0.00618650494235     -1.09655391350163      4.23637240455693      h
  0.33654521357089D-06  -.43024611936710D-06  0.29022680953390D-06
  0.45232719942396D-02  -.59496378794816D-03  0.44481367543643D-03
  -.74456545317132D-02  0.59637997830696D-03  -.73583430220236D-03
  -.11090774548463D-05  0.98176360627360D-06  0.11006054267917D-05
  -.50418125028263D-06  0.22619502114636D-06  0.10436017385736D-05
  0.74456582445283D-02  0.59637612950812D-03  0.73583292333314D-03
  0.11076280507901D-05  0.98306065154096D-06  -.11045224761347D-05
  0.50306290548303D-06  0.22574709582662D-06  -.10389800664541D-05
  -.45232757657125D-02  -.59496577014230D-03  -.44481100602661D-03
  -.33392337842089D-06  -.42899326117856D-06  -.29222778713476D-06
  cycle =     12    SCF energy =     -230.2139450385   |dE/dxyz| =  0.012443
    0.00610039320810     -1.09653655972652     -4.23637156059282      h
   -0.09098133287027     -1.19365271078492     -2.42244833012993      o
    0.14268012936429      1.29397256417815     -1.45164549699662      c
   -1.28730685795211      2.56150072929257     -2.25444141021618      h
    2.00425786187456      2.06255027632669     -1.94913673864621      h
   -0.14268013666182      1.29397255441869      1.45164550017648      c
    1.28730690927646      2.56150066744414      2.25444138648699      h
   -2.00425782672820      2.06255035325192      1.94913678250143      h
    0.09098123142542     -1.19365273084013      2.42244832185425      o
   -0.00609878249696     -1.09653637693189      4.23637163393392      h
  0.32849370861743D-06  0.19482967166144D-06  0.62729151127833D-07
  0.45234922920298D-02  -.59769091071064D-03  0.44464014771025D-03
  -.74497954534484D-02  0.59850561469482D-03  -.73338111411182D-03
  0.44506523070044D-06  0.54753691426676D-06  0.16553725322423D-06
  0.40704959269204D-06  0.63554005097348D-06  0.25586626027270D-06
  0.74497974079167D-02  0.59850064011527D-03  0.73338337335530D-03
  -.44407330402979D-06  0.54818032135805D-06  -.16582389401134D-06
  -.40678045758823D-06  0.63748665776530D-06  -.25535660418331D-06
  -.45234979543561D-02  -.59769153439535D-03  -.44464259489193D-03
  -.32604795827745D-06  0.19641564594475D-06  -.62765340692626D-07
  cycle =     13    SCF energy =     -230.2139450385   |dE/dxyz| =  0.012442
    0.00608426263329     -1.09653033520192     -4.23637392257610      h
   -0.09097190879159     -1.19365351501314     -2.42244959027059      o
    0.14268553581190      1.29397117166649     -1.45164394315889      c
   -1.28730190240907      2.56149643537157     -2.25444519926865      h
    2.00426280677809      2.06255055222398     -1.94913117475945      h
   -0.14268543639918      1.29397116928011      1.45164394407812      c
    1.28730196581804      2.56149649284811      2.25444516080358      h
   -2.00426272297828      2.06255049575845      1.94913120726735      h
    0.09097211211926     -1.19365349994794      2.42244961475597      o
   -0.00608312414299     -1.09653020035702      4.23637399149997      h
  0.23663455485678D-06  0.34163233965628D-06  0.82380369442917D-07
  0.45235317835715D-02  -.59766221712740D-03  0.44459789539136D-03
  -.74490009241958D-02  0.59847639952641D-03  -.73280737529264D-03
  0.24738747580630D-06  0.50014828264135D-06  0.12164506361945D-07
  0.15597236479226D-06  0.53705430338712D-06  0.27359230124764D-06
  0.74490004954801D-02  0.59847291826472D-03  0.73280763699783D-03
  -.24790790974058D-06  0.50101391089325D-06  -.13382102339189D-07
  -.15616000657375D-06  0.53750250945793D-06  -.27277642774939D-06
  -.45235287478920D-02  -.59766252353755D-03  -.44459758298583D-03
  -.23853617085509D-06  0.34201026519706D-06  -.82555085058016D-07
$end
