$hessapprox internal
  0.147022897058D-01  0.135630275288D-02  0.618557976228D+00 -0.187497818423D-02
  0.181831813048D-02  0.369109924759D+00  0.822446324220D-03 -0.117181968559D-02
  0.237047673478D-02  0.420790045058D+00  0.214712377653D-05  0.153882301823D-02
 -0.188107884406D-02  0.764033217779D-03  0.420747468833D+00  0.484061519975D-02
 -0.254724074513D-02  0.862776028017D-02 -0.505145410745D-02  0.520685894977D-02
  0.328869097669D+00  0.321116702330D-02 -0.276038359783D-02  0.703389402653D-02
 -0.388375683611D-02  0.327936090999D-02 -0.135786628135D-01  0.334172302230D+00
  0.324961561424D-03 -0.393137240488D-03  0.851095188897D-03 -0.449649143247D-03
  0.313286810547D-03 -0.175937365605D-02 -0.138547677934D-02  0.319126502690D+00
  0.233322129084D-02 -0.892841694394D-04  0.276512213120D-02 -0.186833025168D-02
  0.269560541443D-02 -0.337822649461D-02 -0.411610922728D-02 -0.615839947444D-03
  0.342217309710D+00  0.827427939192D-03 -0.116806525750D-02  0.237155173411D-02
 -0.122803303973D-02  0.770432546442D-03 -0.504531089128D-02 -0.388412855149D-02
 -0.450159432504D-03 -0.186064006306D-02  0.420786027383D+00 -0.286258110952D-05
  0.154296892712D-02 -0.189185584764D-02  0.770012341334D-03  0.248550498662D-03
  0.522749937796D-02  0.329663471384D-02  0.315415536745D-03  0.270174574697D-02
  0.776411583086D-03  0.420737154731D+00  0.486086858655D-02 -0.255391353503D-02
  0.865898163270D-02 -0.507060673735D-02  0.522929523408D-02 -0.150545082506D-01
 -0.136269749269D-01 -0.176592224289D-02 -0.338538176582D-02 -0.506442126490D-02
  0.525000869228D-02  0.328770366813D+00  0.316265603185D-02 -0.276956876648D-02
  0.698991803952D-02 -0.385040580022D-02  0.322151301075D-02 -0.135458057512D-01
 -0.112298305129D-01 -0.137492446268D-02 -0.414305038244D-02 -0.385098326943D-02
  0.323869608445D-02 -0.135941301220D-01  0.334297324407D+00  0.337536842161D-03
 -0.397995668349D-03  0.871355992821D-03 -0.461896900814D-03  0.327100679760D-03
 -0.179240024179D-02 -0.141699971903D-02 -0.167626232298D-03 -0.621535443487D-03
 -0.462383924463D-03  0.329277142968D-03 -0.179905122897D-02 -0.140642813584D-02
  0.319118008667D+00  0.230112988926D-02 -0.853628270358D-04  0.272379368783D-02
 -0.184129283342D-02  0.265896939818D-02 -0.332264373447D-02 -0.405374976615D-02
 -0.606820320711D-03  0.365359109500D-03 -0.183369722915D-02  0.266501626617D-02
 -0.332966131281D-02 -0.408042156868D-02 -0.612413294689D-03  0.342216625030D+00
 -0.275907940580D-03  0.131731628580D-02 -0.192645611592D-02  0.871170904983D-03
 -0.105444233445D-03  0.482351551903D-02  0.327461706971D-02  0.339332366467D-03
  0.224544084858D-02  0.875689493153D-03 -0.110541710843D-03  0.484341896099D-02
  0.322870253783D-02  0.351740339931D-03  0.221436862977D-02  0.145342301972D-01
  0.135694106700D-02 -0.224147288720D-03  0.181892343825D-02 -0.117226936350D-02
  0.153958063230D-02 -0.254774683858D-02 -0.276124618924D-02 -0.393280532405D-03
 -0.889678301628D-04 -0.116851231856D-02  0.154372780790D-02 -0.255441978490D-02
 -0.277044336876D-02 -0.398139409411D-03 -0.850495132969D-04  0.131792195735D-02
  0.618558173512D+00 -0.186143491750D-02  0.180628600089D-02 -0.432971551240D-02
  0.235390268991D-02 -0.186731164069D-02  0.856917098287D-02  0.698543785665D-02
  0.845172314962D-03  0.274707905394D-02  0.235497450127D-02 -0.187801448624D-02
  0.860018288792D-02  0.694173811326D-02  0.865296666496D-03  0.270602290093D-02
 -0.191261799460D-02  0.180688747867D-02  0.369170003667D+00  0.342726087491D-02
 -0.341991513309D-04  0.394301146376D-02 -0.269614206708D-02  0.397539190134D-02
 -0.463404078228D-02 -0.583930262871D-02 -0.884832643021D-03  0.706933840892D-03
 -0.268444326712D-02  0.398408709745D-02 -0.464313724929D-02 -0.588251922011D-02
 -0.892328142612D-03  0.704166989208D-03  0.329154738054D-02 -0.336867707629D-04
  0.391737641973D-02  0.505289259068D+00 -0.141957759661D-02 -0.150700053448D-02
  0.228708066039D-03  0.359821342957D-03 -0.189493086572D-02 -0.323048329388D-02
 -0.826653531019D-03  0.562635936988D-04 -0.295701321807D-02  0.348657112092D-03
 -0.189344382341D-02 -0.324889968595D-02 -0.751596574115D-03  0.457084285358D-04
 -0.291965376241D-02 -0.125709354384D-02 -0.150796135656D-02  0.225701228844D-03
 -0.446275475784D-02  0.380582554230D+00  0.342459720636D-02 -0.446241069066D-04
  0.395273965631D-02 -0.269924726284D-02  0.397059610761D-02 -0.466582290499D-02
 -0.585706195420D-02 -0.886276499352D-03  0.688079386634D-03 -0.268760096843D-02
  0.397931950832D-02 -0.467506472385D-02 -0.589985224973D-02 -0.893860026470D-03
  0.685563498344D-03  0.328971935090D-02 -0.441172679497D-04  0.392703092257D-02
  0.126082266704D-02 -0.444643528626D-02  0.505233323458D+00 -0.146551493364D-02
 -0.151159001241D-02  0.182036459351D-03  0.393447322720D-03 -0.194903910238D-02
 -0.318546043287D-02 -0.759155637666D-03  0.670939677357D-04 -0.297532954868D-02
  0.382105319176D-03 -0.194765172011D-02 -0.320382851669D-02 -0.683329757126D-03
  0.565939396053D-04 -0.293781283616D-02 -0.130085919054D-02 -0.151256018634D-02
  0.179328008616D-03 -0.449306727719D-02  0.378490216476D-02 -0.447635688297D-02
  0.380715185024D+00 -0.401052061663D-02  0.320212065657D-02 -0.848446219010D-02
  0.472842611872D-02 -0.413574980885D-02  0.161279763461D-01  0.135791762163D-01
  0.168031353586D-02  0.471092522848D-02  0.472787101698D-02 -0.415650264493D-02
  0.161847358821D-01  0.135109341331D-01  0.171747977847D-02  0.463888482933D-02
 -0.407262093838D-02  0.320307720487D-02 -0.842614191033D-02  0.665903939515D-02
  0.133417527367D-02  0.668198153735D-02  0.125850092208D-02  0.338863482676D+00
  0.000000000000D+00  0.000000000000D+00  0.000000000000D+00  0.000000000000D+00
  0.000000000000D+00  0.000000000000D+00  0.000000000000D+00  0.000000000000D+00
  0.000000000000D+00  0.000000000000D+00  0.000000000000D+00  0.000000000000D+00
  0.000000000000D+00  0.000000000000D+00  0.000000000000D+00  0.000000000000D+00
  0.000000000000D+00  0.000000000000D+00  0.000000000000D+00  0.000000000000D+00
  0.000000000000D+00  0.000000000000D+00  0.000000000000D+00  0.000000000000D+00
$end
