$coord
    0.53052820821716     -1.14672534736215     -4.22395859761315  h
   -0.32430955195060     -1.04504828284587     -2.62245421082535  o
    0.52495078046526      1.14706982252166     -1.32805755442611  c
   -0.10685112308674      2.88556049794399     -2.27113769422397  h
    2.59670171299607      1.18059388279686     -1.22971712023174  h
   -0.52495084859841      1.14706980348904      1.32805751800387  c
    0.10685097344802      2.88556050224830      2.27113767400841  h
   -2.59670177636167      1.18059377814679      1.22971705425334  h
    0.32430956459799     -1.04504825565943      2.62245419832093  o
   -0.53052913991847     -1.14672604370625      4.22395803204088  h
$user-defined bonds
$intdef
# definitions of internal coordinates
   1 f  1.0000000000000 tors    2    3    6    9 val=  60.00000
$redundant
     number_of_atoms            10
     degrees_of_freedom         24
     internal_coordinates       25
     frozen_coordinates          1
# definitions of redundant internals
   1 k  1.0000000000000 tors   1    2    3    6 val= 187.66007
   2 k  1.0000000000000 stre   2    1           val=   1.81821
   3 k  1.0000000000000 bend   3    1    2      val= 108.76774
   4 k  1.0000000000000 stre   3    5           val=   2.07435
   5 k  1.0000000000000 stre   3    4           val=   2.07628
   6 k  0.0901443702203 bend   4    5    3      val=   1.19036
       -0.5011960295435 bend   2    5    3
       -0.5155083200431 bend   2    4    3
        0.4932374464443 bend   6    5    3
        0.4812946352068 bend   6    4    3
   7 k -0.0030284652813 bend   4    5    3      val=  -0.01637
        0.5527536408534 bend   2    5    3
       -0.5376878910490 bend   2    4    3
        0.4447749870904 bend   6    5    3
       -0.4555449303849 bend   6    4    3
   8 k -0.8905566613969 bend   4    5    3      val=   0.73603
        0.1798016916215 bend   2    5    3
        0.1758818646556 bend   2    4    3
        0.2628085248887 bend   6    5    3
        0.2730886915689 bend   6    4    3
   9 k -0.0054225342044 bend   4    5    3      val=   0.75437
       -0.4476737930926 bend   2    5    3
        0.4527234087034 bend   2    4    3
        0.5483092448528 bend   6    5    3
       -0.5421782532727 bend   6    4    3
  10 k  1.0000000000000 stre   6    8           val=   2.07435
  11 k  1.0000000000000 stre   6    7           val=   2.07628
  12 k  0.0901443681155 bend   7    8    6      val=   1.19036
       -0.5011960380172 bend   9    8    6
       -0.5155083113233 bend   9    7    6
        0.4932374359901 bend   3    8    6
        0.4812946468302 bend   3    7    6
  13 k -0.0030284570656 bend   7    8    6      val=  -0.01637
        0.5527536319343 bend   9    8    6
       -0.5376879008646 bend   9    7    6
        0.4447749961220 bend   3    8    6
       -0.4555449208582 bend   3    7    6
  14 k -0.8905566635503 bend   7    8    6      val=   0.73603
        0.1798016892050 bend   9    8    6
        0.1758818657181 bend   9    7    6
        0.2628085303078 bend   3    8    6
        0.2730886802382 bend   3    7    6
  15 k -0.0054225258540 bend   7    8    6      val=   0.75437
       -0.4476737983668 bend   9    8    6
        0.4527234026421 bend   9    7    6
        0.5483092429558 bend   3    8    6
       -0.5421782559810 bend   3    7    6
  16 k  1.0000000000000 tors  10    9    6    3 val= 187.66011
  17 k  1.0000000000000 stre   9   10           val=   1.81821
  18 k  1.0000000000000 bend   6   10    9      val= 108.76774
  19 k  1.0000000000000 tors   2    3    6    9 val=  60.00000
  20 k  1.0000000000000 stre   3    2           val=   2.68367
  21 k  1.0000000000000 bend   6    2    3      val= 109.40379
  22 k  1.0000000000000 stre   6    9           val=   2.68367
  23 k  1.0000000000000 bend   3    9    6      val= 109.40379
  24 k  1.0000000000000 stre   3    6           val=   2.85609
  25 f  1.0000000000000 tors   2    3    6    9 val=  60.00000
        24 non zero eigenvalues  of BmBt
           1           4.449957268    1    0
         1
           2           3.799611239    2    0
         2
           3           3.759795741    3    0
         3
           4           3.064340191    4    0
         4
           5           2.755544175    5    0
         5
           6           2.457563830    6    0
         6
           7           2.089201531    7    0
         7
           8           1.718018012    8    0
         8
           9           1.244613338    9    0
         9
          10           1.242389558   10    0
        10
          11           1.056713174   11    0
        11
          12           0.846828805   12    0
        12
          13           0.770707798   13    0
        13
          14           0.727790372   14    0
        14
          15           0.629536628   15    0
        15
          16           0.426359674   16    0
        16
          17           0.348900088   17    0
        17
          18           0.335734836   18    0
        18
          19           0.283628095   20    0
        20
          20           0.248272885   21    0
        21
          21           0.132566460   22    0
        22
          22           0.067372534   23    0
        23
          23           0.062277555   24    0
        24
          24           0.000000000    0    1
         0.000000000         0.000000000         0.000000000         0.000000000
         0.000000000         0.000000000         0.000000000         0.000000000
         0.000000000         0.000000000         0.000000000         0.000000000
         0.000000000         0.000000000         0.000000000         0.000000000
         0.000000000         0.000000000         0.000000000         0.000000000
         0.000000000         0.000000000         0.000000000         0.000000000
         1.000000000
$end
