$energy      SCF               SCFKIN            SCFPOT
     1 -230.2246215911      229.2895848298     -459.5142064209
     2 -230.2250331032      229.2824117521     -459.5074448553
     3 -230.2251216181      229.2904771890     -459.5155988071
     4 -230.2251364382      229.2925260204     -459.5176624586
     5 -230.2251390647      229.2913701417     -459.5165092064
     6 -230.2251395592      229.2916518062     -459.5167913655
     7 -230.2251396203      229.2917409196     -459.5168805399
     8 -230.2251396232      229.2917066925     -459.5168463157
     9 -230.2251398203      229.2917016289     -459.5168414492
    10 -230.2251398208      229.2917153424     -459.5168551633
    11 -230.2251398211      229.2916867512     -459.5168265723
    12 -230.2251398212      229.2916864708     -459.5168262921
    13 -230.2251398214      229.2916880134     -459.5168278347
    14 -230.2251398214      229.2916879610     -459.5168277824
$end
