$coord
    0.41608520843679     -1.10294919094568     -4.24862824773039  h
   -0.29966397554213     -1.07632274854386     -2.57721805812388  o
    0.48017828072436      1.17604609779467     -1.34701954479397  c
   -0.25914214828060      2.87051757231580     -2.29141389194696  h
    2.55132286824577      1.30314451947270     -1.32315414980001  h
   -0.48017866794521      1.17604598993070      1.34701938798264  c
    0.25914175920616      2.87051735517563      2.29141394924006  h
   -2.55132324279909      1.30314444725553      1.32315390269680  h
    0.29966352058395     -1.07632296633081      2.57721772872725  o
   -0.41608788723961     -1.10295085681906      4.24862693637944  h
$user-defined bonds
$intdef
# definitions of internal coordinates
   1 f  1.0000000000000 tors    2    3    6    9 val=  54.00000
$redundant
     number_of_atoms            10
     degrees_of_freedom         24
     internal_coordinates       25
     frozen_coordinates          1
# definitions of redundant internals
   1 k  1.0000000000000 tors   1    2    3    6 val= 183.75153
   2 k  1.0000000000000 stre   2    1           val=   1.81841
   3 k  1.0000000000000 bend   3    1    2      val= 108.62775
   4 k  1.0000000000000 stre   3    5           val=   2.07518
   5 k  1.0000000000000 stre   3    4           val=   2.07598
   6 k  0.0901752056871 bend   4    5    3      val=   1.18130
       -0.4964913517419 bend   2    5    3
       -0.5201565024610 bend   2    4    3
        0.4946772366152 bend   6    5    3
        0.4796836608090 bend   6    4    3
   7 k  0.0004272004674 bend   4    5    3      val=   0.06031
        0.5568425944507 bend   2    5    3
       -0.5348873881498 bend   2    4    3
        0.4405028752462 bend   6    5    3
       -0.4580162021187 bend   6    4    3
   8 k  0.8909306500928 bend   4    5    3      val=  -0.63845
       -0.1830713133495 bend   2    5    3
       -0.1717964977275 bend   2    4    3
       -0.2619898454921 bend   6    5    3
       -0.2730837878403 bend   6    4    3
   9 k -0.0079778506898 bend   4    5    3      val=   1.09796
       -0.4467952586613 bend   2    5    3
        0.4517803362036 bend   2    4    3
        0.5518062959905 bend   6    5    3
       -0.5401061842464 bend   6    4    3
  10 k  1.0000000000000 stre   6    8           val=   2.07518
  11 k  1.0000000000000 stre   6    7           val=   2.07598
  12 k  0.0901752201721 bend   7    8    6      val=   1.18130
       -0.4964913841792 bend   9    8    6
       -0.5201564717325 bend   9    7    6
        0.4946771878417 bend   3    8    6
        0.4796837081313 bend   3    7    6
  13 k  0.0004272358817 bend   7    8    6      val=   0.06031
        0.5568425691548 bend   9    8    6
       -0.5348874291400 bend   9    7    6
        0.4405029090864 bend   3    8    6
       -0.4580161524237 bend   3    7    6
  14 k  0.8909306533243 bend   7    8    6      val=  -0.63845
       -0.1830712938439 bend   9    8    6
       -0.1717964958493 bend   9    7    6
       -0.2619898822547 bend   3    8    6
       -0.2730837562863 bend   3    7    6
  15 k -0.0079778142603 bend   7    8    6      val=   1.09795
       -0.4467952764706 bend   9    8    6
        0.4517803012360 bend   9    7    6
        0.5518062971263 bend   3    8    6
       -0.5401061981407 bend   3    7    6
  16 k  1.0000000000000 tors  10    9    6    3 val= 183.75163
  17 k  1.0000000000000 stre   9   10           val=   1.81841
  18 k  1.0000000000000 bend   6   10    9      val= 108.62775
  19 k  1.0000000000000 tors   2    3    6    9 val=  54.00000
  20 k  1.0000000000000 stre   3    2           val=   2.68230
  21 k  1.0000000000000 bend   6    2    3      val= 109.53517
  22 k  1.0000000000000 stre   6    9           val=   2.68230
  23 k  1.0000000000000 bend   3    9    6      val= 109.53517
  24 k  1.0000000000000 stre   3    6           val=   2.86009
  25 f  1.0000000000000 tors   2    3    6    9 val=  54.00000
        24 non zero eigenvalues  of BmBt
           1           4.473208345    1    0
         1
           2           3.797846036    2    0
         2
           3           3.765322430    3    0
         3
           4           3.072424286    4    0
         4
           5           2.727779912    5    0
         5
           6           2.462571628    6    0
         6
           7           2.093959120    7    0
         7
           8           1.717814031    8    0
         8
           9           1.241434560    9    0
         9
          10           1.240495323   10    0
        10
          11           1.056932688   11    0
        11
          12           0.848669463   12    0
        12
          13           0.770502819   13    0
        13
          14           0.727305360   14    0
        14
          15           0.638103770   15    0
        15
          16           0.418805351   16    0
        16
          17           0.347886640   17    0
        17
          18           0.329476774   18    0
        18
          19           0.281740868   20    0
        20
          20           0.247374352   21    0
        21
          21           0.139122540   22    0
        22
          22           0.067299816   23    0
        23
          23           0.060813391   24    0
        24
          24           0.000000000    0    1
         0.000000000         0.000000000         0.000000000         0.000000000
         0.000000000         0.000000000         0.000000000         0.000000000
         0.000000000         0.000000000         0.000000000         0.000000000
         0.000000000         0.000000000         0.000000000         0.000000000
         0.000000000         0.000000000         0.000000000         0.000000000
         0.000000000         0.000000000         0.000000000         0.000000000
         1.000000000
$end
