$energy      SCF               SCFKIN            SCFPOT
     1 -230.2235566228      229.2913318238     -459.5148884466
     2 -230.2240492810      229.2809161408     -459.5049654217
     3 -230.2241279844      229.2892734157     -459.5134014000
     4 -230.2241414359      229.2917650680     -459.5159065038
     5 -230.2241427247      229.2906848042     -459.5148275289
     6 -230.2241428732      229.2908968666     -459.5150397397
     7 -230.2241429025      229.2910043663     -459.5151472689
     8 -230.2241429046      229.2909958808     -459.5151387854
     9 -230.2241429828      229.2909802219     -459.5151232047
    10 -230.2241429831      229.2909860806     -459.5151290638
    11 -230.2241429833      229.2909880107     -459.5151309940
    12 -230.2241429834      229.2909867251     -459.5151297085
    13 -230.2241429835      229.2909722699     -459.5151152534
    14 -230.2241429836      229.2909720198     -459.5151150034
$end
