$grad          cartesian gradients
  cycle =      1    SCF energy =     -230.2235566228   |dE/dxyz| =  0.010487
    0.31170144182097     -1.13954489620104     -4.20422341348594      h
   -0.30702799481806     -1.09249642174605     -2.49550885331932      o
    0.50514061702667      1.19930767541344     -1.33973060305948      c
   -0.22653115853877      2.85652651792009     -2.34491641252763      h
    2.57197984749465      1.33281953819279     -1.29001702093905      h
   -0.50514473854484      1.19931055067709      1.33972551782813      c
    0.22649264779105      2.85654767034092      2.34491051895651      h
   -2.57198358983222      1.33278885550821      1.28999243156558      h
    0.30705910135893     -1.09247080597401      2.49552395776379      o
   -0.31210382678740     -1.13974846100514      4.20407474172141      h
  -.41321966007851D-03  -.17208038080698D-03  0.48920938523077D-03
  0.31797418343180D-03  -.41262030508614D-02  0.31876516928671D-02
  0.12289238649111D-02  0.38444036578431D-02  -.23371878129291D-02
  0.38594693372111D-03  -.12572782011305D-02  -.29905606954939D-03
  -.71893950436952D-03  0.17137142399474D-02  0.48681119938640D-03
  -.12294665782938D-02  0.38445941816447D-02  0.23369886379637D-02
  -.38598928612248D-03  -.12571451990591D-02  0.29930060786058D-03
  0.71924380456868D-03  0.17139252626707D-02  -.48704745353231D-03
  -.31708507297094D-03  -.41265776898688D-02  -.31872831850679D-02
  0.41261169069154D-03  -.17203841113533D-03  -.48938850997647D-03
  cycle =      2    SCF energy =     -230.2240492810   |dE/dxyz| =  0.009887
    0.34107908962030     -1.09434074628736     -4.26158758270864      h
   -0.30016391993496     -1.08766229901287     -2.55952955379564      o
    0.48843846629501      1.17811594702115     -1.34745484767732      c
   -0.24129866985204      2.85544199793356     -2.32518619368205      h
    2.55740542936618      1.30506059346646     -1.31259922913576      h
   -0.48846266194144      1.17811344089867      1.34744590550554      c
    0.24126177034498      2.85543952649056      2.32519007682578      h
   -2.55742861862324      1.30504824270545      1.31257499189610      h
    0.30014834520397     -1.08766265779654      2.55951713827462      o
   -0.34139688350779     -1.09451382229277      4.26146015900138      h
  -.20421731412514D-03  -.25095654624756D-03  -.25263327703015D-03
  0.26145161224648D-02  -.27071812912453D-02  0.10236358097710D-02
  -.38631939117803D-02  0.31122945846835D-02  -.24978948375417D-02
  0.46656241893631D-03  -.74902345900005D-03  -.10515831223737D-02
  -.61139338611891D-03  0.59525625743496D-03  0.17577621099225D-03
  0.38628668727090D-02  0.31127662172970D-02  0.24980074666006D-02
  -.46656292303135D-03  -.74893864190171D-03  0.10519386776705D-02
  0.61159300733803D-03  0.59535174466481D-03  -.17607392187028D-03
  -.26139633027249D-02  -.27070384059530D-02  -.10236286581445D-02
  0.20379138608505D-03  -.25106152772957D-03  0.25245521760856D-03
  cycle =      3    SCF energy =     -230.2241279844   |dE/dxyz| =  0.011363
    0.36562588488925     -1.08783036055067     -4.26493241128574      h
   -0.30484775562315     -1.08298015430960     -2.57443733263202      o
    0.47869383234604      1.17181230816462     -1.34782878767604      c
   -0.25688032512500      2.86029461332207     -2.30397694300309      h
    2.54989158214794      1.29532328639962     -1.32485435565220      h
   -0.47873497963056      1.17180349581830      1.34781576512097      c
    0.25684638673136      2.86027042080133      2.30398731761008      h
   -2.54993114801796      1.29532708559187      1.32483116458130      h
    0.30479070112477     -1.08300496809701      2.57440349496568      o
   -0.36587183187171     -1.08797550401421      4.26482295247507      h
  -.69912744960817D-04  -.30276478450439D-04  -.12054578311683D-03
  0.35716995174694D-02  -.19456364793835D-02  0.10750947758911D-02
  -.61251057645736D-02  0.23482091238180D-02  -.18060871415751D-02
  0.20286707040915D-03  -.37470993429062D-03  -.59369574097330D-03
  -.12154821401041D-03  0.23602165374249D-05  0.48673639272214D-04
  0.61249709893390D-02  0.23484619385779D-02  0.18061520927302D-02
  -.20284861651408D-03  -.37473333459733D-03  0.59394512895355D-03
  0.12161476651545D-03  0.23998759539985D-05  -.48924359525635D-04
  -.35714250732733D-02  -.19453269555306D-02  -.10750743659904D-02
  0.69686930806788D-04  -.30431447368077D-04  0.12046027012538D-03
  cycle =      4    SCF energy =     -230.2241414359   |dE/dxyz| =  0.011468
    0.38275656032786     -1.09623311359510     -4.25704518487199      h
   -0.31052241067020     -1.08077631587446     -2.57604297322614      o
    0.47423895235703      1.17163518773513     -1.34830001694061      c
   -0.26811433218432      2.86521050444571     -2.29140741311195      h
    2.54605636947160      1.29678757097775     -1.33322072443494      h
   -0.47429390928157      1.17162051132329      1.34828331093617      c
    0.26808323118253      2.86516783459236      2.29142289612235      h
   -2.54610897979033      1.29680445720772      1.33319912933773      h
    0.31043124655746     -1.08082276746158      2.57599025086644      o
   -0.38294438099907     -1.09635364622449      4.25695158982695      h
  -.71234154790098D-05  0.58170834799845D-04  0.10463348754867D-04
  0.36813495982289D-02  -.19801886884740D-02  0.12356879110910D-02
  -.62825653629540D-02  0.20969064671555D-02  -.16890703866893D-02
  0.73326907421870D-05  -.89296395548544D-04  -.85422707996377D-04
  0.12330898451224D-03  -.85552424124301D-04  -.68305746707501D-05
  0.62825405327007D-02  0.20969030074146D-02  0.16890676901480D-02
  -.73179959489990D-05  -.89338424550593D-04  0.85553501869790D-04
  -.12326999716695D-03  -.85544891355230D-04  0.66716225933225D-05
  -.36813129292302D-02  -.19799008574150D-02  -.12355832901220D-02
  0.70569764881164D-05  0.58040628678165D-04  -.10538952186723D-04
  cycle =      5    SCF energy =     -230.2241427247   |dE/dxyz| =  0.011083
    0.38834681506306     -1.10236632189644     -4.25325145575147      h
   -0.31283589803399     -1.08007403587949     -2.57557933505554      o
    0.47336103622041      1.17264088928195     -1.34926458668316      c
   -0.27115384997982      2.86694632869931     -2.28977624515537      h
    2.54466283786655      1.29947890936172     -1.33644455278690      h
   -0.47342314335873      1.17262325318797      1.34924605617536      c
    0.27112429895335      2.86689429724212      2.28979424204707      h
   -2.54472218265631      1.29950256614754      1.33642463790553      h
    0.31272784088625     -1.08013181632320      2.57551597776362      o
   -0.38850540798979     -1.10247384669514      4.25316612604487      h
  0.45646966988189D-05  0.29332251478385D-04  -.21827529164798D-05
  0.36035467299239D-02  -.20635729003715D-02  0.12660441869631D-02
  -.58659469157531D-02  0.20553104849537D-02  -.19841731284334D-02
  -.13526154593762D-04  -.36171319400913D-05  0.16535135865416D-04
  0.21346389188005D-04  -.17306769351774D-04  -.21354614308092D-04
  0.58659613933288D-02  0.20552205355923D-02  0.19842053472744D-02
  0.13532676201149D-04  -.36395637382497D-05  -.16461818940907D-04
  -.21320575439898D-04  -.17306766198851D-04  0.21262615880963D-04
  -.36035649955142D-02  -.20633541780575D-02  -.12660148267066D-02
  -.45941241983706D-05  0.29261464063783D-04  0.21380905671017D-05
  cycle =      6    SCF energy =     -230.2241428732   |dE/dxyz| =  0.011084
    0.39051218525027     -1.10440153645203     -4.25198544272915      h
   -0.31387950584856     -1.07944077261757     -2.57570833939179      o
    0.47272522111263      1.17294245479403     -1.34966733505157      c
   -0.27211199242073      2.86746583590815     -2.28964198433429      h
    2.54390087661751      1.30006104477578     -1.33751921442370      h
   -0.47279153646569      1.17292301684396      1.34964765667278      c
    0.27208338845370      2.86740827184997      2.28966127967683      h
   -2.54396421607020      1.30008862411503      1.33750046132641      h
    0.31376173114898     -1.07950526311093      2.57563865603652      o
   -0.39065380480693     -1.10450145298006      4.25190512672196      h
  0.37066494494352D-05  0.11533885236402D-04  -.54718392484427D-05
  0.36314353852142D-02  -.19924773438608D-02  0.12782704045644D-02
  -.58633784374142D-02  0.19831517620952D-02  -.20789461546398D-02
  -.96835639008394D-05  0.57460796032097D-05  0.12060968820131D-04
  -.17798217449162D-04  -.77587351199667D-05  -.12362551769671D-04
  0.58634152773717D-02  0.19830000541467D-02  0.20789866561958D-02
  0.96854587133686D-05  0.57325385878935D-05  -.12029396300281D-04
  0.17807613849787D-04  -.77569412987500D-05  0.12317321205389D-04
  -.36314719764620D-02  -.19923151258063D-02  -.12782811021106D-02
  -.37190864074387D-05  0.11500951458503D-04  0.54539985745697D-05
  cycle =      7    SCF energy =     -230.2241429025   |dE/dxyz| =  0.011132
    0.39117186289843     -1.10538660667095     -4.25125572863800      h
   -0.31441458518379     -1.07914234917500     -2.57552368481070      o
    0.47245090797891      1.17318052186979     -1.34976356526047      c
   -0.27231462526023      2.86767593017144     -2.28983573797106      h
    2.54367837952786      1.30030012731797     -1.33772266498464      h
   -0.47251942544725      1.17316017632418      1.34974329840657      c
    0.27228654107333      2.86761554849476      2.28985565612884      h
   -2.54374380899917      1.30032974639886      1.33770467979065      h
    0.31429184075553     -1.07921028774733      2.57545065257819      o
   -0.39130474037265     -1.10548258385740      4.25117795926463      h
  -.19697596755443D-05  0.72868382409413D-06  -.25903278209402D-06
  0.36442031718709D-02  -.19620557721533D-02  0.12777315222219D-02
  -.59161429311648D-02  0.19609520857004D-02  -.20861500281893D-02
  -.36003991153059D-05  0.86801169730699D-06  0.15100419400215D-05
  -.61570011030179D-05  -.26821655508623D-06  0.44735445370097D-06
  0.59161881149723D-02  0.19607664340364D-02  0.20861983935242D-02
  0.36007339722166D-05  0.86321901843087D-06  -.14996083888517D-05
  0.61593732512128D-05  -.26632114319981D-06  -.46338504806631D-06
  -.36442447290704D-02  -.19619196673614D-02  -.12777692924504D-02
  0.19625111053277D-05  0.71788644694447D-06  0.25238144799996D-06
  cycle =      9    SCF energy =     -230.2241429828   |dE/dxyz| =  0.011146
    0.41592073001631     -1.10285218856090     -4.24872086637712      h
   -0.29962018988354     -1.07633156529441     -2.57722120885966      o
    0.48019881539365      1.17602304502228     -1.34701752789137      c
   -0.25913175161002      2.87050167916851     -2.29139408955380      h
    2.55134334317314      1.30314489933491     -1.32309674738623      h
   -0.48019888395654      1.17602305725676      1.34701746487928      c
    0.25913111727626      2.87050192755320      2.29139408407799      h
   -2.55134341925406      1.30314436186636      1.32309628795887      h
    0.29962061255790     -1.07633119028128      2.57722142745309      o
   -0.41592591165881     -1.10285516573686      4.24871861243338      h
  -.23105771713258D-05  -.70230782434480D-06  0.29952882864172D-07
  0.36376422596428D-02  -.19632912436898D-02  0.12975178911366D-02
  -.59175816488598D-02  0.19628195931728D-02  -.21146674154328D-02
  -.17400792567229D-05  0.45830464888703D-06  0.90095329952329D-06
  -.17709294076616D-06  0.58762152787651D-06  0.11504991754242D-05
  0.59175790591306D-02  0.19628237178394D-02  0.21146686866907D-02
  0.17403057087090D-05  0.45652399686774D-06  -.89500930552904D-06
  0.17903034427348D-06  0.58891737461497D-06  -.11588773062817D-05
  -.36376374329361D-02  -.19632802713093D-02  -.12975114238220D-02
  0.23061804334704D-05  -.70785052325090D-06  -.35303022208159D-07
  cycle =     10    SCF energy =     -230.2241429831   |dE/dxyz| =  0.011146
    0.41596684049748     -1.10288676720039     -4.24868782931619      h
   -0.29964630629994     -1.07632454668263     -2.57721877130313      o
    0.48018653341938      1.17603633908761     -1.34702043870401      c
   -0.25914134946475      2.87051360377229     -2.29139943890253      h
    2.55133146595435      1.30314730078429     -1.32313056594207      h
   -0.48018680710764      1.17603627017556      1.34702031503826      c
    0.25914075923184      2.87051358418888      2.29139950591737      h
   -2.55133173574512      1.30314695579264      1.32313014488105      h
    0.29964624728333     -1.07632449923676      2.57721867461300      o
   -0.41597118571464     -1.10288938035292      4.24868584045268      h
  -.15684745061756D-05  -.68641226297873D-06  -.33077639280896D-06
  0.36367534250934D-02  -.19648791233108D-02  0.12973439146153D-02
  -.59179944632460D-02  0.19648122483269D-02  -.21128988198119D-02
  -.11809146760970D-05  0.34022866746295D-06  0.75756612510019D-06
  -.10321139617856D-06  0.28755739144498D-06  0.17178871285697D-06
  0.59179929367253D-02  0.19648156460429D-02  0.21129001551877D-02
  0.11820408914058D-05  0.33863881334079D-06  -.75204671262513D-06
  0.10507428517719D-06  0.28940672525473D-06  -.17824419245648D-06
  -.36367567318550D-02  -.19648747417274D-02  -.12973430740626D-02
  0.15703169414735D-05  -.68830629448426D-06  0.32949494788525D-06
  cycle =     12    SCF energy =     -230.2241429834   |dE/dxyz| =  0.011146
    0.41602445029967     -1.10290040540505     -4.24867288575859      h
   -0.29963088424998     -1.07633481415987     -2.57722196577830      o
    0.48019524789184      1.17603204142214     -1.34701485884607      c
   -0.25911543678763      2.87050628765852     -2.29141091302422      h
    2.55133947559649      1.30313306246886     -1.32312236776452      h
   -0.48019530440438      1.17603205572448      1.34701479285609      c
    0.25911498925068      2.87050650807886      2.29141080173291      h
   -2.55133954365594      1.30313266786421      1.32312211406818      h
    0.29963121380998     -1.07633451674421      2.57722214783617      o
   -0.41602849236033     -1.10290266760230      4.24867114730933      h
  -.15464062350323D-05  -.14068526519418D-06  -.29425592366895D-06
  0.36367545607316D-02  -.19667202715164D-02  0.12967076945453D-02
  -.59180756530908D-02  0.19664856410689D-02  -.21107086763275D-02
  -.61219129574673D-06  0.18178553851080D-06  0.30715378401308D-06
  -.39038788616994D-06  0.70598831227717D-07  -.52335423145085D-06
  0.59180769405492D-02  0.19664860073810D-02  0.21107071300984D-02
  0.61146905529658D-06  0.18073822937790D-06  -.30825055372031D-06
  0.38920100283348D-06  0.70856679791481D-07  0.52147649321172D-06
  -.36367485971325D-02  -.19667158779872D-02  -.12967019917967D-02
  0.15410690655781D-05  -.14376412942730D-06  0.29303937119637D-06
  cycle =     13    SCF energy =     -230.2241429835   |dE/dxyz| =  0.011146
    0.41605211066141     -1.10292493492961     -4.24864892840717      h
   -0.29964641808464     -1.07632925532270     -2.57721701060433      o
    0.48018807515225      1.17603938622971     -1.34701652597179      c
   -0.25912802818208      2.87051170784990     -2.29141150092870      h
    2.55133256594212      1.30313929223752     -1.32313678483705      h
   -0.48018831124694      1.17603934600727      1.34701641769353      c
    0.25912760728328      2.87051170286648      2.29141150105690      h
   -2.55133279701006      1.30313907826598      1.32313652170473      h
    0.29964632245253     -1.07632922701529      2.57721690930535      o
   -0.41605541157747     -1.10292687688364      4.24864741361950      h
  -.14716791635549D-05  -.61548878630780D-07  -.72608816215696D-07
  0.36364053149132D-02  -.19670165456570D-02  0.12967651663556D-02
  -.59178322171192D-02  0.19669480573180D-02  -.21103181445983D-02
  -.68986626016153D-06  -.91197691454582D-08  0.41262001797181D-06
  -.34826449733143D-06  0.14949004291732D-07  -.70607814193451D-06
  0.59178310079723D-02  0.19669507848713D-02  0.21103191632840D-02
  0.69033855062193D-06  -.90547614446320D-08  -.41023659748632D-06
  0.34951772040950D-06  0.15354521164810D-07  0.70352635620435D-06
  -.36364043566591D-02  -.19670132974243D-02  -.12967642946924D-02
  0.14702044350732D-05  -.63337160724062D-07  0.70851469183189D-07
$end
