$hessapprox internal
  0.114031267295D-01 -0.149970653403D-02  0.620584803451D+00  0.296751629567D-02
  0.174009823837D-02  0.370851291815D+00  0.400807495883D-03 -0.351746688888D-03
 -0.490343248956D-03  0.420091001768D+00 -0.140476821721D-02  0.114247611599D-02
  0.169482195682D-02 -0.410067734373D-03  0.420647424507D+00 -0.492586698588D-02
 -0.997747577159D-03  0.462718603875D-02  0.196411783821D-03 -0.754375287605D-03
  0.340146350833D+00  0.176185787680D-02 -0.163397569898D-02 -0.217851761782D-02
  0.579982786454D-03 -0.189815133613D-02  0.799271211861D-03  0.350264349408D+00
  0.109034328253D-02 -0.454966547670D-03 -0.120193580033D-02  0.177254759048D-03
 -0.568965410798D-03  0.900892405360D-03  0.829972635787D-03  0.320121796879D+00
  0.357510129538D-02 -0.131131922033D-02 -0.389354765214D-02  0.522256055774D-03
 -0.166905173030D-02  0.308571705575D-02  0.245251334661D-02  0.524172588283D-03
  0.346748045066D+00  0.389312590535D-03 -0.338629680626D-03 -0.475484007065D-03
  0.120832771034D-03 -0.395008610061D-03  0.192991195457D-03  0.558836183638D-03
  0.170418095964D-03  0.501867213001D-03  0.420082004027D+00 -0.139230009375D-02
  0.112523457288D-02  0.167791213179D-02 -0.404108739689D-03  0.131922832138D-02
 -0.752866403381D-03 -0.187072386784D-02 -0.559805582473D-03 -0.164155286357D-02
 -0.389263068525D-03  0.420608459052D+00 -0.493114863525D-02 -0.100571143514D-02
  0.463033465278D-02  0.198874061793D-03 -0.762691565595D-03 -0.631169430530D-02
  0.810399546524D-03  0.905848287645D-03  0.310134030756D-02  0.195372341065D-03
 -0.761084216742D-03  0.340122782706D+00  0.173281198896D-02 -0.161334409072D-02
 -0.214426086251D-02  0.572480847428D-03 -0.187372559678D-02  0.781488769997D-03
  0.264545911341D-02  0.819939356927D-03  0.242334564062D-02  0.551612008894D-03
 -0.184666170989D-02  0.792455535227D-03  0.350195211382D+00  0.109995540276D-02
 -0.454478410087D-03 -0.121134868358D-02  0.177347959266D-03 -0.569081972217D-03
  0.912120286789D-03  0.830586451605D-03  0.190802475773D-03  0.520757115063D-03
  0.170501578950D-03 -0.559904594882D-03  0.917104240141D-03  0.820557718177D-03
  0.320119951130D+00  0.351473872805D-02 -0.129227936856D-02 -0.382862370355D-02
  0.514450918783D-03 -0.164424773660D-02  0.303135270746D-02  0.241572436479D-02
  0.517116883559D-03  0.137830860192D-02  0.494371483874D-03 -0.161716960721D-02
  0.304672293796D-02  0.238698503891D-02  0.513766288376D-03  0.346712187628D+00
 -0.333295937576D-02 -0.145374123285D-02  0.292612184710D-02  0.387210728534D-03
 -0.135834625724D-02 -0.483135885867D-02  0.170089197828D-02  0.106020310962D-02
  0.347873754658D-02  0.376147098864D-03 -0.134638704571D-02 -0.483663323499D-02
  0.167276513250D-02  0.106961090692D-02  0.341995969484D-02  0.115103285006D-01
 -0.151075445360D-02  0.968067761648D-03  0.175416615111D-02 -0.355889425507D-03
  0.115606539348D-02 -0.100162822447D-02 -0.165309019065D-02 -0.461067408686D-03
 -0.132946474364D-02 -0.342622410950D-03  0.113863010460D-02 -0.100966724097D-02
 -0.163220840387D-02 -0.460586722113D-03 -0.131015045191D-02 -0.146438572617D-02
  0.620608538025D+00  0.298228696873D-02  0.173847930566D-02 -0.250316381961D-02
 -0.489426273328D-03  0.169206302431D-02  0.464270934048D-02 -0.217404478777D-02
 -0.120196873157D-02 -0.389456435636D-02 -0.474608583270D-03  0.167521344636D-02
  0.464590931476D-02 -0.213983001661D-02 -0.121140456023D-02 -0.382960762783D-02
  0.294054622013D-02  0.175251137134D-02  0.370821095983D+00 -0.417742372260D-02
 -0.430841299057D-03  0.403332930941D-02  0.309243091953D-04 -0.187497038138D-03
 -0.503936165375D-02  0.590690714252D-04  0.523651042603D-03  0.187501613303D-02
  0.326900341650D-04 -0.192051602132D-03 -0.505080211186D-02  0.525730784730D-04
  0.532207139718D-03  0.184064281466D-02 -0.409160891849D-02 -0.429855319802D-03
  0.404440265310D-02  0.498383401953D+00 -0.308389627556D-02  0.515109250038D-02
  0.441562888061D-02 -0.176346293251D-02  0.581733251396D-02  0.274277819624D-03
 -0.810480033098D-02 -0.277869081760D-02 -0.838521804610D-02 -0.170070547680D-02
  0.573714018139D-02  0.246845716146D-03 -0.799654635706D-02 -0.278509306673D-02
 -0.825611085108D-02 -0.294592513134D-02  0.520814385555D-02  0.439626301758D-02
  0.190286874228D-02  0.407372479464D+00 -0.419826745019D-02 -0.413439609901D-03
  0.405859508534D-02  0.246928758220D-04 -0.167141645035D-03 -0.505022642847D-02
  0.302344382893D-04  0.514948497192D-03  0.184944752416D-02  0.266870999614D-04
 -0.171993590647D-03 -0.506179184374D-02  0.241101683262D-04  0.523501818746D-03
  0.181545494891D-02 -0.411175770728D-02 -0.412247362785D-03  0.406962522737D-02
 -0.391237753634D-02  0.199099442559D-02  0.498378946522D+00 -0.309357899691D-02
  0.521167566263D-02  0.444117047293D-02 -0.178350462381D-02  0.588395871296D-02
  0.307574478796D-03 -0.819641320073D-02 -0.281311745451D-02 -0.849087402696D-02
 -0.172005111358D-02  0.580289072952D-02  0.279902073687D-03 -0.808690136395D-02
 -0.281964308127D-02 -0.836010705511D-02 -0.295456873404D-02  0.526936349669D-02
  0.442152017443D-02  0.194773308474D-02  0.236524438661D-01  0.203686536515D-02
  0.407879205912D+00  0.164679391301D-02  0.316767048425D-02 -0.801714776495D-03
 -0.991317928932D-03  0.333846088446D-02  0.417609153882D-02 -0.448970326643D-02
 -0.194141895972D-02 -0.609409938416D-02 -0.958329013340D-03  0.329814321832D-02
  0.417019441308D-02 -0.442517620386D-02 -0.195176338323D-02 -0.599587185144D-02
  0.165386644632D-02  0.319815460168D-02 -0.821175926065D-03  0.416656561811D-02
  0.113064043450D-01  0.421677808916D-02  0.114087363073D-01  0.399792993210D+00
  0.000000000000D+00  0.000000000000D+00  0.000000000000D+00  0.000000000000D+00
  0.000000000000D+00  0.000000000000D+00  0.000000000000D+00  0.000000000000D+00
  0.000000000000D+00  0.000000000000D+00  0.000000000000D+00  0.000000000000D+00
  0.000000000000D+00  0.000000000000D+00  0.000000000000D+00  0.000000000000D+00
  0.000000000000D+00  0.000000000000D+00  0.000000000000D+00  0.000000000000D+00
  0.000000000000D+00  0.000000000000D+00  0.000000000000D+00  0.000000000000D+00
$end
