$coord
    0.64766685040247     -1.21376163383817     -4.18131655587514  h
   -0.34579645771513     -1.00998717084723     -2.67251929252815  o
    0.56773820623674      1.11586641058395     -1.30916546848280  c
    0.04450089538508      2.89348427481690     -2.24587328290180  h
    2.63324248641262      1.05527228423683     -1.14029618698816  h
   -0.56773804008000      1.11586648290822      1.30916555880018  c
   -0.04450047273068      2.89348428713213      2.24587334119179  h
   -2.63324234482429      1.05527261725442      1.14029633816460  h
    0.34579637656215     -1.00998725573133      2.67251930110547  o
   -0.64766508531387     -1.21375986625459      4.18131803974402  h
$user-defined bonds
$intdef
# definitions of internal coordinates
   1 f  1.0000000000000 tors    2    3    6    9 val=  66.00000
$redundant
     number_of_atoms            10
     degrees_of_freedom         24
     internal_coordinates       25
     frozen_coordinates          1
# definitions of redundant internals
   1 k  1.0000000000000 tors   1    2    3    6 val= 192.49003
   2 k  1.0000000000000 stre   2    1           val=   1.81796
   3 k  1.0000000000000 bend   3    1    2      val= 108.91469
   4 k  1.0000000000000 stre   3    5           val=   2.07328
   5 k  1.0000000000000 stre   3    4           val=   2.07632
   6 k  0.0882656180060 bend   4    5    3      val=   1.16390
       -0.5062798892775 bend   2    5    3
       -0.5103558435190 bend   2    4    3
        0.4912788077271 bend   6    5    3
        0.4838097771392 bend   6    4    3
   7 k  0.0058222097472 bend   4    5    3      val=   0.06930
       -0.5476923981852 bend   2    5    3
        0.5405629126847 bend   2    4    3
       -0.4500557597918 bend   6    5    3
        0.4530349758593 bend   6    4    3
   8 k -0.8904368455424 bend   4    5    3      val=   0.80877
        0.1773986510996 bend   2    5    3
        0.1807461024443 bend   2    4    3
        0.2630894006518 bend   6    5    3
        0.2716003615690 bend   6    4    3
   9 k -0.0024683719456 bend   4    5    3      val=   0.35226
       -0.4493645670708 bend   2    5    3
        0.4537797254197 bend   2    4    3
        0.5443721471760 bend   6    5    3
       -0.5438826336428 bend   6    4    3
  10 k  1.0000000000000 stre   6    8           val=   2.07328
  11 k  1.0000000000000 stre   6    7           val=   2.07632
  12 k  0.0882656260898 bend   7    8    6      val=   1.16390
       -0.5062798652671 bend   9    8    6
       -0.5103558695313 bend   9    7    6
        0.4912788308877 bend   3    8    6
        0.4838097498322 bend   3    7    6
  13 k  0.0058222170949 bend   7    8    6      val=   0.06930
       -0.5476924201386 bend   9    8    6
        0.5405628886616 bend   9    7    6
       -0.4500557341169 bend   3    8    6
        0.4530350033950 bend   3    7    6
  14 k -0.8904368383577 bend   7    8    6      val=   0.80878
        0.1773986652157 bend   9    8    6
        0.1807460920535 bend   9    7    6
        0.2630893958985 bend   3    8    6
        0.2716003874230 bend   3    7    6
  15 k -0.0024683931043 bend   7    8    6      val=   0.35226
       -0.4493645567711 bend   9    8    6
        0.4537797380518 bend   9    7    6
        0.5443721550220 bend   3    8    6
       -0.5438826236641 bend   3    7    6
  16 k  1.0000000000000 tors  10    9    6    3 val= 192.48993
  17 k  1.0000000000000 stre   9   10           val=   1.81796
  18 k  1.0000000000000 bend   6   10    9      val= 108.91469
  19 k  1.0000000000000 tors   2    3    6    9 val=  66.00000
  20 k  1.0000000000000 stre   3    2           val=   2.68562
  21 k  1.0000000000000 bend   6    2    3      val= 109.29335
  22 k  1.0000000000000 stre   6    9           val=   2.68562
  23 k  1.0000000000000 bend   3    9    6      val= 109.29335
  24 k  1.0000000000000 stre   3    6           val=   2.85394
  25 f  1.0000000000000 tors   2    3    6    9 val=  66.00000
        24 non zero eigenvalues  of BmBt
           1           4.433073811    1    0
         1
           2           3.797623300    2    0
         2
           3           3.753027638    3    0
         3
           4           3.054740317    4    0
         4
           5           2.790968639    5    0
         5
           6           2.448709148    6    0
         6
           7           2.083423330    7    0
         7
           8           1.722075682    8    0
         8
           9           1.248176905    9    0
         9
          10           1.242729349   10    0
        10
          11           1.053492533   11    0
        11
          12           0.843150376   12    0
        12
          13           0.770369064   13    0
        13
          14           0.728335250   14    0
        14
          15           0.621043061   15    0
        15
          16           0.434839210   16    0
        16
          17           0.350739475   17    0
        17
          18           0.341926318   18    0
        18
          19           0.284936868   20    0
        20
          20           0.249636836   21    0
        21
          21           0.126691332   22    0
        22
          22           0.067435143   23    0
        23
          23           0.063719847   24    0
        24
          24           0.000000000    0    1
         0.000000000         0.000000000         0.000000000         0.000000000
         0.000000000         0.000000000         0.000000000         0.000000000
         0.000000000         0.000000000         0.000000000         0.000000000
         0.000000000         0.000000000         0.000000000         0.000000000
         0.000000000         0.000000000         0.000000000         0.000000000
         0.000000000         0.000000000         0.000000000         0.000000000
         1.000000000
$end
