$energy      SCF               SCFKIN            SCFPOT
     1 -230.2252805815      229.2901471779     -459.5154277594
     2 -230.2256840791      229.2831527576     -459.5088368367
     3 -230.2257946802      229.2911779603     -459.5169726405
     4 -230.2258162284      229.2932383503     -459.5190545787
     5 -230.2258227983      229.2918536305     -459.5176764288
     6 -230.2258241732      229.2922641626     -459.5180883358
     7 -230.2258242562      229.2922492426     -459.5180734988
     8 -230.2258242597      229.2921974008     -459.5180216606
     9 -230.2258244312      229.2921933288     -459.5180177600
    10 -230.2258244321      229.2922120621     -459.5180364942
    11 -230.2258244325      229.2921778764     -459.5180023089
    12 -230.2258244326      229.2921725417     -459.5179969743
    13 -230.2258244328      229.2921681862     -459.5179926191
    14 -230.2258244328      229.2921630981     -459.5179875309
$end
