$grad          cartesian gradients
  cycle =      1    SCF energy =     -230.2252805815   |dE/dxyz| =  0.010163
    0.39274840684114     -1.07261931265436     -4.27107772792736      h
   -0.34117937751345     -1.02832782895918     -2.60850941561369      o
    0.59881976052667      1.12886437016855     -1.30056039020796      c
    0.10274587676137      2.88563593827812     -2.28024438561735      h
    2.65990437275100      1.05766346208422     -1.10312218793347      h
   -0.59882692839301      1.12886503606726      1.30055552572595      c
   -0.10279442800886      2.88565284612658      2.28023575529693      h
   -2.65990636888437      1.05762333699205      1.10309979743593      h
    0.34121091888341     -1.02829749796226      2.60852552707785      o
   -0.39311309868041     -1.07286804613983      4.27091097923195      h
  -.55312595216786D-03  0.40781644985062D-03  0.46330727452544D-03
  -.74103237377200D-03  -.29181232499017D-02  0.25813212939162D-02
  0.42361835594374D-02  0.24605635597329D-02  -.28886442475950D-02
  0.10222126701910D-02  -.86671690576713D-03  0.28692082162324D-03
  -.20145096724843D-03  0.92026810614262D-03  -.34812675629919D-03
  -.42366153227731D-02  0.24606779054035D-02  0.28883402077871D-02
  -.10222875136154D-02  -.86660154638324D-03  -.28670699066981D-03
  0.20172101100036D-03  0.92043680801379D-03  0.34789021170420D-03
  0.74187978503872D-03  -.29182816587512D-02  -.25807250991330D-02
  0.55251500953604D-03  0.40774232425205D-03  -.46358014511564D-03
  cycle =      2    SCF energy =     -230.2256840791   |dE/dxyz| =  0.005157
    0.45126879611852     -1.07901023555589     -4.28464261349431      h
   -0.35109854937705     -1.01643467851497     -2.65341980741384      o
    0.57507650055277      1.12184296578361     -1.30916808533413      c
    0.06312975153594      2.88924415589303     -2.26690763960870      h
    2.63909054352365      1.05557394263185     -1.13545959548787      h
   -0.57510527399016      1.12183842713948      1.30916070392237      c
   -0.06317553106118      2.88923913473629      2.26691376612696      h
   -2.63911619529348      1.05555503572507      1.13543765783563      h
    0.35108420947881     -1.01643546863320      2.65340671856157      o
   -0.45154511720434     -1.07922097520412      4.28449237236110      h
  -.24885353785370D-03  0.56938166655499D-04  -.31377792170633D-03
  0.70859131203209D-03  -.19745976715345D-02  0.84838521139685D-03
  -.12549619742277D-03  0.20119374477403D-02  -.16584730703948D-02
  0.65074963536645D-03  -.47480148871891D-03  -.51824068070564D-03
  -.34983409646010D-03  0.38318112339287D-03  -.11565148126494D-03
  0.12509915036023D-03  0.20125719331278D-02  0.16588298507786D-02
  -.65075503214995D-03  -.47464013659393D-03  0.51865008193641D-03
  0.35001914441183D-03  0.38327304646779D-03  0.11530872672274D-03
  -.70785964991364D-03  -.19743244967091D-02  -.84866981715223D-03
  0.24834093452356D-03  0.56838697789343D-04  0.31363980511570D-03
  cycle =      3    SCF energy =     -230.2257946802   |dE/dxyz| =  0.005085
    0.50695014003875     -1.11160768961491     -4.25907354838318      h
   -0.36995690827218     -1.00229767515841     -2.66951927946001      o
    0.55568802774304      1.12411396477218     -1.31337841179306      c
    0.02461552699707      2.89911958665917     -2.24966516390338      h
    2.62308862703486      1.06189633525394     -1.16333213992725      h
   -0.55573564525256      1.12409883782084      1.31336473516385      c
   -0.02465705993235      2.89908666335877      2.24968262393343      h
   -2.62313509912335      1.06189403101432      1.16330808333662      h
    0.36989643408905     -1.00233597782062      2.66947780523399      o
   -0.50714490903886     -1.11177577228414      4.25894877326777      h
  -.37004809093721D-04  0.78611166037765D-04  -.24717048192372D-03
  0.14834009124174D-02  -.10679066124754D-02  0.54526197665306D-03
  -.27125408289740D-02  0.12437038684530D-02  -.36680078894311D-03
  0.89334004631727D-04  -.20057274412818D-03  -.36033263939496D-03
  -.14741234838421D-04  -.51218397510013D-04  0.42720105634172D-04
  0.27124029450250D-02  0.12439922454687D-02  0.36681718854792D-03
  -.89329779059694D-04  -.20060246002426D-03  0.36054061485325D-03
  0.14814860677633D-04  -.51167546044083D-04  -.42960043418673D-04
  -.14831668071113D-02  -.10676293764878D-02  -.54521709348611D-03
  0.36829695184010D-04  0.78421497364434D-04  0.24714287502661D-03
  cycle =      4    SCF energy =     -230.2258162284   |dE/dxyz| =  0.005020
    0.53777654738407     -1.14646045839006     -4.22872043289723      h
   -0.38470638491288     -0.99352017781770     -2.66935736091607      o
    0.54720503452131      1.13105906451769     -1.31658152247265      c
    0.00631624292750      2.90904172242152     -2.24264397475957      h
    2.61587072264787      1.07111047899981     -1.18045745119751      h
   -0.54726390045557      1.13103663195156      1.31656356510734      c
   -0.00635452127447      2.90899063786680      2.24266883904342      h
   -2.61592957109166      1.07111703235113      1.18043309002957      h
    0.38461909495542     -0.99358358300362      2.66929456197442      o
   -0.53792413041811     -1.14659904489598      4.22861416355706      h
  0.17623910307525D-04  0.11211247716264D-03  -.45444302322959D-04
  0.15351241785874D-02  -.10155604864516D-02  0.59149500178874D-03
  -.27410583149078D-02  0.10301662560234D-02  -.47211189519694D-03
  -.11801041513383D-03  -.16673493547140D-04  -.13415260265249D-04
  0.14860786482719D-03  -.10760319797653D-03  0.13152810978254D-04
  0.27410422890143D-02  0.10302282074010D-02  0.47202787701822D-03
  0.11801248717733D-03  -.16760786166512D-04  0.13510244656081D-04
  -.14855364697093D-03  -.10759111654408D-03  -.13272530918157D-04
  -.15351940819576D-02  -.10153338924509D-02  -.59131597274810D-03
  -.17595122592320D-04  0.11198060697861D-03  0.45373647201888D-04
  cycle =      5    SCF energy =     -230.2258227983   |dE/dxyz| =  0.004712
    0.55329754979764     -1.17276454265880     -4.20684908879363      h
   -0.39458983675018     -0.98794553106639     -2.66649291762067      o
    0.54347117156961      1.13769308213261     -1.31938294199715      c
    0.00032005343943      2.91623831021849     -2.24318314111188      h
    2.61191629333823      1.07801283875979     -1.19013707810002      h
   -0.54353653589664      1.13766633717557      1.31936265117918      c
   -0.00035619490032      2.91617694730910      2.24321224234150      h
   -2.61198244459656      1.07802415377684      1.19011360797540      h
    0.39448827259885     -0.98802423307211      2.66641575769298      o
   -0.55341919431658     -1.17288505857395      4.20675438590307      h
  0.18348727758871D-04  0.60710932599447D-04  0.12383882930369D-05
  0.14687046305855D-02  -.11554477184730D-02  0.64051266962620D-03
  -.22274373849300D-02  0.10646844969938D-02  -.10362145452141D-02
  -.72870184894037D-04  0.62369798662880D-04  0.11169426778519D-03
  0.19114852289074D-04  -.29758924410347D-04  -.38451248040847D-04
  0.22274636505183D-02  0.10646527493055D-02  0.10361975097060D-02
  0.72875067407974D-04  0.62341249122451D-04  -.11165525866704D-03
  -.19105026019581D-04  -.29764718843655D-04  0.38416975056389D-04
  -.14687703962548D-02  -.11553272307809D-02  -.64047486196906D-03
  -.18324340621578D-04  0.60666089818150D-04  -.12641421899976D-05
  cycle =      6    SCF energy =     -230.2258241732   |dE/dxyz| =  0.004895
    0.56129389836837     -1.18697157398231     -4.19462249605892      h
   -0.40040603954522     -0.98410266470632     -2.66522702173635      o
    0.54072219312017      1.14150086690234     -1.32066950857369      c
   -0.00218340754860      2.91959718793837     -2.24532710028147      h
    2.60913989803607      1.08121266368910     -1.19439940834554      h
   -0.54079094137988      1.14147156963759      1.32064786715637      c
    0.00214839352906      2.91953009179666      2.24535828139883      h
   -2.60920984308676      1.08122629388713      1.19437637299452      h
    0.40029716625682     -0.98418996066039      2.66514185729893      o
   -0.56140218346655     -1.18708217050103      4.19453463361611      h
  0.98712285103243D-05  0.24744336385098D-05  -.10855507753789D-04
  0.15350159275749D-02  -.10626561429823D-02  0.66045242773123D-03
  -.23995339725918D-02  0.10362463197317D-02  -.11059412652061D-02
  -.15157987406415D-04  0.28320800774150D-04  0.43977556880929D-04
  -.39687012441710D-04  -.16439928092678D-05  -.58309144572654D-05
  0.23995602032812D-02  0.10361442938464D-02  0.11059566039457D-02
  0.15156367828550D-04  0.28318744844294D-04  -.43994091969268D-04
  0.39683378132589D-04  -.16432192814463D-05  0.58431856258038D-05
  -.15350408745309D-02  -.10626246329782D-02  -.66046860808306D-03
  -.98677029930248D-05  0.24778104565556D-05  0.10860782507738D-04
  cycle =      7    SCF energy =     -230.2258242562   |dE/dxyz| =  0.004966
    0.56139600879268     -1.18797323353259     -4.19367617352514      h
   -0.40091318876014     -0.98379719305863     -2.66488039640287      o
    0.54055154027971      1.14193994847299     -1.32066149136414      c
   -0.00188090539260      2.91965945184802     -2.24621229599894      h
    2.60907405851373      1.08140729884376     -1.19434203210262      h
   -0.54062034073385      1.14191075407361      1.32063995441710      c
    0.00184588760260      2.91959246341136      2.24624358714145      h
   -2.60914405678265      1.08142101092590      1.19431909904090      h
    0.40080436089596     -0.98388444424364      2.66479506901742      o
   -0.56150423013197     -1.18808375273963      4.19358815724562      h
  -.41751205089435D-05  -.59011302461942D-05  -.18241620553091D-05
  0.15466337675053D-02  -.10544698991178D-02  0.63577617759010D-03
  -.24912186987804D-02  0.10549600755986D-02  -.10511390778329D-02
  0.89307523826414D-06  0.38592606582594D-05  0.46844871261572D-05
  -.76712961286492D-05  0.42933467750417D-05  0.59456328453488D-05
  0.24912338659459D-02  0.10548772602124D-02  0.10511873252687D-02
  -.89316271233374D-06  0.38684488112250D-05  -.46912795461281D-05
  0.76701735150936D-05  0.42937277801888D-05  -.59371875732930D-05
  -.15466429826470D-02  -.10544349228041D-02  -.63582978253099D-03
  0.41699308085822D-05  -.58890149646779D-05  0.18280482900524D-05
  cycle =      9    SCF energy =     -230.2258244312   |dE/dxyz| =  0.004961
    0.64743204004593     -1.21360441005179     -4.18150212069035      h
   -0.34575099898660     -1.00999752571775     -2.67250283290641      o
    0.56775869793375      1.11583075308321     -1.30916316731962      c
    0.04453434756125      2.89346945244917     -2.24584885714263      h
    2.63326762545526      1.05528053878726     -1.14020337451201      h
   -0.56775858021298      1.11583078972803      1.30916323467904      c
   -0.04453376515061      2.89346937231760      2.24584889791198      h
   -2.63326755934554      1.05528104785645      1.14020364746941      h
    0.34575071587847     -1.00999783872521      2.67250263695770      o
   -0.64742959760284     -1.21360195100852      4.18150411456948      h
  -.37620999852071D-05  -.18219365597956D-05  0.36862291409881D-06
  0.15255670111781D-02  -.10675825929304D-02  0.66119276077007D-03
  -.24708770847366D-02  0.10661227494683D-02  -.10773042139163D-02
  -.11796313814286D-06  0.19537892172053D-05  0.45541790283706D-06
  0.18383825824933D-05  0.26578176250617D-05  0.36218607002930D-05
  0.24708781556723D-02  0.10661156992598D-02  0.10773071603935D-02
  0.11729310794559D-06  0.19580073649195D-05  -.46036895848150D-06
  -.18406246622700D-05  0.26579449161708D-05  -.36170928923616D-05
  -.15255639886692D-02  -.10675925094201D-02  -.66119858218065D-03
  0.37608951449323D-05  -.18162353699857D-05  -.36552113843613D-06
  cycle =     10    SCF energy =     -230.2258244321   |dE/dxyz| =  0.004959
    0.64750428223593     -1.21366346449484     -4.18142912407048      h
   -0.34578570048987     -1.00998410341037     -2.67250604355714      o
    0.56774324553558      1.11585435558780     -1.30916875575764      c
    0.04450850466108      2.89348607666693     -2.24585532554854      h
    2.63325101019622      1.05528588047064     -1.14026317774200      h
   -0.56774305082803      1.11585445604670      1.30916886127885      c
   -0.04450794477829      2.89348612945899      2.24585532253944      h
   -2.63325085580470      1.05528633514945      1.14026344567778      h
    0.34578558662992     -1.00998420415629      2.67250604324049      o
   -0.64750215178174     -1.21366123260055      4.18143093295583      h
  -.15682002268753D-05  -.13564178880029D-05  -.61586710375716D-06
  0.15226767157470D-02  -.10703910841047D-02  0.66147775440705D-03
  -.24684583000539D-02  0.10701611586382D-02  -.10749625258466D-02
  0.86404757406792D-07  0.12215285691277D-05  0.76564639006045D-06
  0.10842587380413D-05  0.16943746301110D-05  0.16151485166333D-05
  0.24684595565163D-02  0.10701560610497D-02  0.10749657078309D-02
  -.87213829771738D-07  0.12243931797060D-05  -.76946501601986D-06
  -.10859932882179D-05  0.16938821829230D-05  -.16116698489611D-05
  -.15226728660488D-02  -.10703946102436D-02  -.66148096589267D-03
  0.15656168859618D-05  -.13537422411449D-05  0.61627371682194D-06
  cycle =     12    SCF energy =     -230.2258244326   |dE/dxyz| =  0.004957
    0.64761624844068     -1.21369685508215     -4.18138129712152      h
   -0.34576610344686     -1.01000323363530     -2.67252013980166      o
    0.56775363723153      1.11584810041224     -1.30916055852154      c
    0.04452743368361      2.89346952765434     -2.24586625309523      h
    2.63325530169511      1.05525666847879     -1.14026772427591      h
   -0.56775354259957      1.11584812868310      1.30916061268900      c
   -0.04452699254575      2.89346942134126      2.24586636692796      h
   -2.63325523456155      1.05525705548866      1.14026786327074      h
    0.34576587165910     -1.01000348321878      2.67251997954153      o
   -0.64761420522122     -1.21369489986102      4.18138294261663      h
  -.95788494109517D-06  0.34140667180273D-06  -.21875957671522D-06
  0.15212275487367D-02  -.10750026054307D-02  0.65984809641393D-03
  -.24648931897394D-02  0.10750523680171D-02  -.10709216934972D-02
  0.18630672912261D-06  0.39065371612371D-06  0.52601434646513D-06
  -.47058211462796D-06  0.54583804745150D-06  -.75664019525676D-07
  0.24648914996643D-02  0.10750518031622D-02  0.10709211888366D-02
  -.18620422548797D-06  0.39060483423986D-06  -.52537689123195D-06
  0.47177567804598D-06  0.54557736331171D-06  0.76783096117904D-07
  -.15212297129118D-02  -.10750047275341D-02  -.65985070178411D-03
  0.96042173512409D-06  0.34283817981340D-06  0.22014848322358D-06
  cycle =     13    SCF energy =     -230.2258244328   |dE/dxyz| =  0.004956
    0.64765733109978     -1.21375505921252     -4.18132295666174      h
   -0.34579175291931     -1.00998955470125     -2.67251492853150      o
    0.56774181090954      1.11586415576441     -1.30916427739336      c
    0.04450522605441      2.89348323351059     -2.24586972521519      h
    2.63324602587854      1.05527139010273     -1.14029103163021      h
   -0.56774164364992      1.11586422854827      1.30916436834821      c
   -0.04450480017890      2.89348325119914      2.24586977222532      h
   -2.63324588532604      1.05527171955911      1.14029119727179      h
    0.34579167922467     -1.00998963559732      2.67251494120897      o
   -0.64765557675769     -1.21375329891203      4.18132443260770      h
  -.37400670404980D-06  0.12997375004316D-06  -.20911570712679D-06
  0.15201992994359D-02  -.10751373410420D-02  0.66004168904048D-03
  -.24650802257048D-02  0.10754682351496D-02  -.10701741297781D-02
  -.13239174832641D-06  0.44971331759694D-06  0.47697611385070D-06
  0.35600011725058D-07  0.41835650625831D-06  -.19230255476961D-06
  0.24650806906561D-02  0.10754674770332D-02  0.10701741067134D-02
  0.13200130073686D-06  0.45004004175094D-06  -.47811955160415D-06
  -.36281044180834D-07  0.41760754992750D-06  0.19336294773517D-06
  -.15201982306079D-02  -.10751376817081D-02  -.66004195671324D-03
  0.37352630097669D-06  0.13021205015651D-06  0.20951865046967D-06
$end
