$hessapprox internal
  0.141717437140D-01  0.716079546702D-03  0.620672384744D+00  0.218461717760D-02
  0.239740990900D-03  0.370788147326D+00  0.784291944525D-03  0.649855516292D-03
  0.509190566596D-03  0.422353392526D+00 -0.355884188358D-03  0.362993362915D-04
  0.530562550205D-03  0.435560837680D-05  0.418919785256D+00 -0.413558693338D-02
 -0.845262752525D-03  0.325154960332D-02 -0.141742163130D-02 -0.875163046698D-03
  0.342307090069D+00 -0.154214235622D-02 -0.754025044788D-03  0.203312806826D-03
 -0.103697711925D-02 -0.181475901991D-03  0.385738235664D-03  0.348684470881D+00
  0.476379458449D-03 -0.108408146675D-03 -0.847764933783D-03 -0.751358714531D-04
  0.168741379334D-03  0.144572127448D-02  0.360689144756D-03  0.319928754654D+00
  0.359581483763D-02  0.108452964564D-02 -0.202321141541D-02  0.163745435513D-02
  0.645529685598D-03  0.218891789382D-02 -0.102365429069D-02 -0.111489567548D-02
  0.345297811125D+00  0.787757327305D-03  0.652257659781D-03  0.510361322953D-03
  0.839153998138D-03  0.452975912941D-05 -0.142153322924D-02 -0.104063517353D-02
 -0.756586333631D-04  0.164272205783D-02  0.422359696415D+00 -0.357594082367D-03
  0.353475653968D-04  0.530521848463D-03  0.307175300296D-05 -0.111470371408D-03
 -0.874204796578D-03 -0.180130644194D-03  0.169094253934D-03  0.643909480468D-03
  0.324128743648D-05  0.418919461786D+00 -0.413519647494D-02 -0.846329670932D-03
  0.324860549643D-02 -0.141861639494D-02 -0.874701857441D-03 -0.435515451662D-02
  0.387959452837D-03  0.144511855758D-02  0.218390333939D-02 -0.142273315723D-02
 -0.873741116196D-03  0.342318427309D+00 -0.154739529453D-02 -0.755566724139D-03
  0.206366500726D-03 -0.103931977282D-02 -0.182433003571D-03  0.382345009903D-03
  0.100920811810D-02  0.362335179174D-03 -0.102283634831D-02 -0.104298531588D-02
 -0.181085474926D-03  0.384573542151D-03  0.348687291739D+00  0.477379320441D-03
 -0.108345925146D-03 -0.848877935648D-03 -0.749578613491D-04  0.168999890932D-03
  0.144742724029D-02  0.360875721757D-03 -0.250601435471D-03 -0.111602083506D-02
 -0.754803174419D-04  0.169352853848D-03  0.144682318754D-02  0.362523443559D-03
  0.319927939010D+00  0.361227795937D-02  0.109016665450D-02 -0.203093006912D-02
  0.164572939155D-02  0.648263479717D-03  0.219586069753D-02 -0.102966319998D-02
 -0.111972708258D-02 -0.436678744946D-03  0.165102446384D-02  0.646634344693D-03
  0.219082302025D-02 -0.102884560922D-02 -0.112085670558D-02  0.345299453020D+00
 -0.423045564749D-03  0.723042736065D-03  0.219423569960D-02  0.792898699772D-03
 -0.356762267812D-03 -0.415737329358D-02 -0.155427779393D-02  0.477008029368D-03
  0.361795330677D-02  0.796397822056D-03 -0.358486675180D-03 -0.415699126053D-02
 -0.155956268327D-02  0.478011859354D-03  0.363452392659D-02  0.141820051441D-01
  0.720665056422D-03  0.497449267290D-03  0.238634906688D-03  0.652686255804D-03
  0.369109457274D-04 -0.845409873158D-03 -0.756592326034D-03 -0.109569312222D-03
  0.108665905842D-02  0.655098220385D-03  0.359556657345D-04 -0.846483342972D-03
 -0.758136871931D-03 -0.109507868901D-03  0.109230966162D-02  0.727662336526D-03
  0.620676428752D+00  0.217855161728D-02  0.236908590488D-03 -0.219202230690D-02
  0.505266404135D-03  0.529804751726D-03  0.325245550539D-02  0.207014172816D-03
 -0.846292060662D-03 -0.202667862507D-02  0.506423418233D-03  0.529769040985D-03
  0.324952010240D-02  0.210072604850D-03 -0.847404192085D-03 -0.203441830069D-02
  0.218812362695D-02  0.235793172008D-03  0.370790372380D+00 -0.454016884777D-02
 -0.890229717687D-03  0.365640170507D-02 -0.151237959782D-02 -0.973233508366D-03
 -0.496039304709D-02  0.349203706629D-03  0.160249286857D-02  0.256122691891D-02
 -0.151671076494D-02 -0.972266441857D-03 -0.495417865650D-02  0.345248413893D-03
  0.160440437580D-02  0.256958805734D-02 -0.456374170942D-02 -0.890175247794D-03
  0.365710707859D-02  0.493428133407D+00 -0.487270709039D-02 -0.217728490749D-02
  0.111432328048D-02 -0.303878348716D-02 -0.641153559790D-03  0.278016309447D-03
  0.278032747431D-02  0.122310031245D-02 -0.237406087157D-02 -0.304934820472D-02
 -0.637364929777D-03  0.284984528945D-03  0.278353545030D-02  0.122390007004D-02
 -0.238902665239D-02 -0.490917560182D-02 -0.218422187530D-02  0.112444560219D-02
  0.751124997271D-04  0.391873586887D+00 -0.453708208266D-02 -0.889085256930D-03
  0.365515581871D-02 -0.151072663380D-02 -0.972749834582D-03 -0.495949266457D-02
  0.347904704389D-03  0.160162259354D-02  0.256174636091D-02 -0.151505224533D-02
 -0.971784639480D-03 -0.495328263081D-02  0.343948811721D-03  0.160353335359D-02
  0.257011237939D-02 -0.456063398861D-02 -0.889027736935D-03  0.365585657969D-02
 -0.563356839555D-02  0.717724927797D-04  0.493430392595D+00 -0.487058615851D-02
 -0.217333751830D-02  0.112073661889D-02 -0.303398537843D-02 -0.641864756495D-03
  0.264142867998D-03  0.277321158779D-02  0.122378751121D-02 -0.236045067078D-02
 -0.304453097275D-02 -0.638084528692D-03  0.271107321223D-03  0.277639987015D-02
  0.122458999379D-02 -0.237535116563D-02 -0.490701137588D-02 -0.218025429266D-02
  0.113083154259D-02  0.600488209041D-04  0.751175351638D-02  0.567214423298D-04
  0.391830458178D+00  0.838177594706D-03 -0.547130806705D-03 -0.231120802431D-02
 -0.545110853606D-03  0.414549039141D-03  0.417762036649D-02  0.133627282733D-02
 -0.585106487551D-03 -0.345587166261D-02 -0.547756311028D-03  0.415972246037D-03
  0.417664701582D-02  0.134134286355D-02 -0.586188270339D-03 -0.347135501673D-02
  0.836025751753D-03 -0.551214272882D-03 -0.230588487720D-02  0.460535964770D-02
  0.432582047584D-02  0.460250078229D-02  0.432545197936D-02  0.400491646685D+00
  0.000000000000D+00  0.000000000000D+00  0.000000000000D+00  0.000000000000D+00
  0.000000000000D+00  0.000000000000D+00  0.000000000000D+00  0.000000000000D+00
  0.000000000000D+00  0.000000000000D+00  0.000000000000D+00  0.000000000000D+00
  0.000000000000D+00  0.000000000000D+00  0.000000000000D+00  0.000000000000D+00
  0.000000000000D+00  0.000000000000D+00  0.000000000000D+00  0.000000000000D+00
  0.000000000000D+00  0.000000000000D+00  0.000000000000D+00  0.000000000000D+00
$end
