$coord
   -0.00319762021395     -1.10405151325810     -4.23239893427133  h
   -0.05466083904407     -1.19964583644839     -2.41647675028406  o
    0.08602669864306      1.30037241452174     -1.45946886018817  c
   -1.44429090488411      2.47658754891888     -2.21472136764279  h
    1.87829958581229      2.17382333883229     -2.03017125880246  h
   -0.08602657958735      1.30037240107408      1.45946885863273  c
    1.44429104081760      2.47658753786906      2.21472132199445  h
   -1.87829944314171      2.17382337228353      2.03017129002814  h
    0.05466093591991     -1.19964583733487      2.41647676409808  o
    0.00320156923591     -1.10405122209249      4.23239903962873  h
$user-defined bonds
$intdef
# definitions of internal coordinates
   1 f  1.0000000000000 tors    2    3    6    9 val=   9.00000
$redundant
     number_of_atoms            10
     degrees_of_freedom         24
     internal_coordinates       25
     frozen_coordinates          1
# definitions of redundant internals
   1 k  1.0000000000000 tors   1    2    3    6 val= 177.92181
   2 k  1.0000000000000 stre   2    1           val=   1.81916
   3 k  1.0000000000000 bend   3    1    2      val= 107.81113
   4 k  1.0000000000000 stre   3    4           val=   2.07262
   5 k  1.0000000000000 stre   3    5           val=   2.07385
   6 k  0.0696770488585 bend   5    4    3      val=   0.71963
       -0.5171050920491 bend   2    4    3
       -0.4999467261129 bend   2    5    3
        0.4864350871406 bend   6    4    3
        0.4911024431692 bend   6    5    3
   7 k  0.0072681122021 bend   5    4    3      val=   0.20759
       -0.5414523279315 bend   2    4    3
        0.5541902961339 bend   2    5    3
       -0.4526236091877 bend   6    4    3
        0.4413406113190 bend   6    5    3
   8 k  0.8963559435607 bend   5    4    3      val=   0.24301
       -0.1758918868625 bend   2    4    3
       -0.1903994085197 bend   2    5    3
       -0.2553193088159 bend   6    4    3
       -0.2533143943018 bend   6    5    3
   9 k -0.0052945037779 bend   5    4    3      val=   0.69143
        0.4469337461638 bend   2    4    3
       -0.4469668358208 bend   2    5    3
       -0.5423068011540 bend   6    4    3
        0.5534854793652 bend   6    5    3
  10 k  1.0000000000000 stre   6    7           val=   2.07262
  11 k  1.0000000000000 stre   6    8           val=   2.07385
  12 k  0.0696770753832 bend   8    7    6      val=   0.71963
       -0.5171051021769 bend   9    7    6
       -0.4999467163870 bend   9    8    6
        0.4864350677613 bend   3    7    6
        0.4911024578381 bend   3    8    6
  13 k  0.0072680967583 bend   8    7    6      val=   0.20759
       -0.5414523291844 bend   9    7    6
        0.5541903186238 bend   9    8    6
       -0.4526236093303 bend   3    7    6
        0.4413405816496 bend   3    8    6
  14 k  0.8963559451362 bend   8    7    6      val=   0.24301
       -0.1758918672482 bend   9    7    6
       -0.1903993956784 bend   9    8    6
       -0.2553193329454 bend   3    7    6
       -0.2533143876778 bend   3    8    6
  15 k -0.0052945198329 bend   8    7    6      val=   0.69143
        0.4469337422959 bend   9    7    6
       -0.4469668101317 bend   9    8    6
       -0.5423068107644 bend   3    7    6
        0.5534854936638 bend   3    8    6
  16 k  1.0000000000000 tors  10    9    6    3 val= 177.92168
  17 k  1.0000000000000 stre   9   10           val=   1.81916
  18 k  1.0000000000000 bend   6   10    9      val= 107.81113
  19 k  1.0000000000000 tors   2    3    6    9 val=   9.00000
  20 k  1.0000000000000 stre   3    2           val=   2.68062
  21 k  1.0000000000000 bend   6    2    3      val= 110.68945
  22 k  1.0000000000000 stre   6    9           val=   2.68062
  23 k  1.0000000000000 bend   3    9    6      val= 110.68945
  24 k  1.0000000000000 stre   3    6           val=   2.92400
  25 f  1.0000000000000 tors   2    3    6    9 val=   9.00000
        24 non zero eigenvalues  of BmBt
           1           4.651632077    1    0
         1
           2           3.810034098    2    0
         2
           3           3.700198563    3    0
         3
           4           3.064084478    4    0
         4
           5           2.642243640    5    0
         5
           6           2.481891873    6    0
         6
           7           2.098532893    7    0
         7
           8           1.755450492    8    0
         8
           9           1.229562553    9    0
         9
          10           1.210874599   10    0
        10
          11           1.042166312   11    0
        11
          12           0.835114765   12    0
        12
          13           0.753676739   13    0
        13
          14           0.725184348   14    0
        14
          15           0.696122654   15    0
        15
          16           0.386886808   16    0
        16
          17           0.348896767   17    0
        17
          18           0.291920610   18    0
        18
          19           0.247139293   20    0
        20
          20           0.242693321   21    0
        21
          21           0.208321381   22    0
        22
          22           0.066275999   23    0
        23
          23           0.053706564   24    0
        24
          24           0.000000000    0    1
         0.000000000         0.000000000         0.000000000         0.000000000
         0.000000000         0.000000000         0.000000000         0.000000000
         0.000000000         0.000000000         0.000000000         0.000000000
         0.000000000         0.000000000         0.000000000         0.000000000
         0.000000000         0.000000000         0.000000000         0.000000000
         0.000000000         0.000000000         0.000000000         0.000000000
         1.000000000
$end
