$energy      SCF               SCFKIN            SCFPOT
     1 -230.2099899782      229.3465713607     -459.5565613388
     2 -230.2125334569      229.2519230822     -459.4644565391
     3 -230.2129143543      229.2752522875     -459.4881666418
     4 -230.2129434980      229.2840329095     -459.4969764075
     5 -230.2129489755      229.2797602518     -459.4927092274
     6 -230.2129491700      229.2796782715     -459.4926274415
     7 -230.2129491938      229.2797028758     -459.4926520696
     8 -230.2129492281      229.2799831606     -459.4929323887
     9 -230.2129492305      229.2799752663     -459.4929244968
    10 -230.2129492307      229.2799656018     -459.4929148325
    11 -230.2129492308      229.2799654022     -459.4929146330
    12 -230.2129492308      229.2799635576     -459.4929127883
    13 -230.2129492307      229.2799712778     -459.4929205085
    14 -230.2129492307      229.2799733758     -459.4929226065
$end
