$grad          cartesian gradients
  cycle =      1    SCF energy =     -230.2099899782   |dE/dxyz| =  0.024425
    0.04574266500719     -1.27495959996563     -4.04882930534652      h
   -0.06307425934818     -1.22234830909525     -2.23495608761117      o
    0.08894574205916      1.34186374140499     -1.42903194256398      c
   -1.45991770199804      2.47523243575179     -2.20916898570664      h
    1.87980817692747      2.21200565886600     -2.00155789515769      h
   -0.08894527346772      1.34186519881657      1.42902970572195      c
    1.45989963985420      2.47525447339381      2.20917917228818      h
   -1.87982144332248      2.21198700186221      2.00153576526064      h
    0.06310639471124     -1.22234288057211      2.23496030108922      o
   -0.04622700146812     -1.27499011324396      4.04880102318365      h
  -.66627766348752D-04  -.19791485493142D-02  0.13355403502732D-02
  0.11420450480884D-02  -.47058615338690D-02  0.99857688686189D-02
  -.21888513901533D-02  0.51842917767540D-02  0.10927593513222D-01
  -.96348063113597D-03  -.25616005599416D-04  0.22249241102408D-02
  -.79075392194826D-04  0.15264384639526D-02  0.31808677519412D-02
  0.21882089633254D-02  0.51842752087720D-02  -.10927445843172D-01
  0.96374537936441D-03  -.25587832789370D-04  -.22244355368469D-02
  0.79414820378958D-04  0.15265709291444D-02  -.31814591101146D-02
  -.11410829040259D-02  -.47061622564452D-02  -.99856972416121D-02
  0.65704881044597D-04  -.19790210468623D-02  -.13356556397903D-02
  cycle =      2    SCF energy =     -230.2125334569   |dE/dxyz| =  0.011247
    0.04253340065133     -1.09025756839228     -4.30715249921044      h
   -0.04987310864460     -1.22006806146596     -2.49420746192477      o
    0.08534198986814      1.25712515245653     -1.46383573052660      c
   -1.44079949008341      2.43569699976982     -2.22228326727824      h
    1.86857097354431      2.14929973168045     -2.02880622825984      h
   -0.08537127629682      1.25712502630625      1.46383152960685      c
    1.44077082845531      2.43569065163265      2.22229079080534      h
   -1.86859990285248      2.14930599171957      2.02878874952901      h
    0.04983203562461     -1.22006873712109      2.49420278001778      o
   -0.04288851131168     -1.09028157936753      4.30713308839855      h
  -.13993029739783D-04  -.10471675912326D-02  -.89758300300273D-03
  0.24424018640601D-02  0.66636320153616D-03  -.46028124895724D-02
  -.49543551049227D-02  0.77745449804791D-03  0.21040751985883D-02
  0.63857101680527D-03  -.55696496736323D-03  -.15454445900842D-02
  -.80524372076544D-03  0.16072223443362D-03  -.62593525108685D-03
  0.49542033098305D-02  0.77745795444391D-03  -.21040468369747D-02
  -.63850636042517D-03  -.55698902833761D-03  0.15458538998258D-02
  0.80537535480903D-03  0.16074778560412D-03  0.62545384236517D-03
  -.24420063675137D-02  0.66644464567537D-03  0.46030192672502D-02
  0.13553535257738D-04  -.10472421486551D-02  0.89741968163710D-03
  cycle =      3    SCF energy =     -230.2129143543   |dE/dxyz| =  0.008256
    0.03698591629492     -1.12102198848415     -4.24975741204919      h
   -0.04998467029576     -1.22111604229400     -2.43567494019683      o
    0.08786087004659      1.27340980688440     -1.45878749446993      c
   -1.44166648398927      2.44660430108182     -2.21988506208323      h
    1.87757228031634      2.15391986552578     -2.02468671778702      h
   -0.08790275908516      1.27340927386767      1.45878287792834      c
    1.44163700774494      2.44658285495249      2.21989002665991      h
   -1.87760512578742      2.15394161885424      2.02467336006715      h
    0.04990927688901     -1.22111924658959      2.43566740009937      o
   -0.03728937317948     -1.12104283658023      4.24973971298907      h
  -.12781445469832D-05  -.47101934757053D-03  -.51187325952198D-04
  0.25771711586881D-02  0.12781871784482D-03  -.14983642343111D-02
  -.47326868264200D-02  0.56384599630842D-03  0.13315975562004D-02
  0.11588323224248D-03  -.32774181204662D-03  -.51765256451159D-03
  -.24808282593151D-03  0.10803228880008D-03  -.33820918661853D-04
  0.47325178113421D-02  0.56379446410555D-03  -.13315692055626D-02
  -.11583318676131D-03  -.32779284743019D-03  0.51793949352924D-03
  0.24815111691474D-03  0.10807616307832D-03  0.33488291356730D-04
  -.25767882384023D-02  0.12792308929047D-03  0.14984563428837D-02
  0.94640694043365D-06  -.47106228952107D-03  0.51112081693566D-04
  cycle =      4    SCF energy =     -230.2129434980   |dE/dxyz| =  0.007940
    0.02879073733266     -1.13352610136430     -4.22282116098207      h
   -0.04783778823484     -1.22200846593899     -2.40760422570461      o
    0.09054524666997      1.28047045768458     -1.45812303519939      c
   -1.43808417697437      2.45430105904113     -2.22087424987183      h
    1.88510507071783      2.15255856356347     -2.02389263698571      h
   -0.09060723772256      1.28046930182053      1.45811782082819      c
    1.43805241080197      2.45425687492565      2.22087566793835      h
   -1.88514490405663      2.15260389507104      2.02388525426369      h
    0.04770790297101     -1.22201563940925      2.40759238257658      o
   -0.02901032255035     -1.13354233817542      4.22280593429444      h
  0.19439645775703D-04  0.36606370571461D-05  0.11911136016374D-03
  0.28447450071839D-02  -.16308180214211D-03  0.61024834205663D-03
  -.47911243770873D-02  0.21264039047543D-03  -.40453133661207D-04
  -.78219274876723D-04  -.48743612582483D-04  -.11856730074878D-05
  0.57876165818460D-04  -.32691489390264D-05  0.72535183914821D-04
  0.47910732644725D-02  0.21251956098787D-03  0.40491838848127D-04
  0.78243086495255D-04  -.48768055903109D-04  0.13130501058274D-05
  -.57877133794274D-04  -.32486120653780D-05  -.72678222999779D-04
  -.28445687123383D-02  -.16295127664005D-03  -.61025950596420D-03
  -.19587296125820D-04  0.36495465018075D-05  -.11912439536926D-03
  cycle =      5    SCF energy =     -230.2129489755   |dE/dxyz| =  0.008035
    0.02568546691724     -1.12759197186685     -4.23204158418966      h
   -0.04591715497125     -1.22249250411161     -2.41674687456917      o
    0.09131634731719      1.27748495182006     -1.45921842470522      c
   -1.43595464148764      2.45361703090283     -2.22095761874176      h
    1.88577420633949      2.15077801693480     -2.02329821660246      h
   -0.09138485468165      1.27748353238157      1.45921295225674      c
    1.43592199730867      2.45356589886897      2.22095749005461      h
   -1.88581624301102      2.15083055639597      2.02329304984303      h
    0.04577057673582     -1.22250095649702      2.41673389264261      o
   -0.02587876151216     -1.12760694761029      4.23202708516891      h
  0.15844131752564D-04  0.58444025568011D-05  -.84770650127442D-05
  0.29002183958793D-02  -.21040827356961D-03  0.18428637711182D-03
  -.48639737473321D-02  0.21417810214639D-03  -.29334835071621D-03
  0.22196872841248D-05  -.63890578946702D-05  -.51179868046921D-04
  0.63401726741938D-05  -.20973567076465D-05  -.19702191997363D-04
  0.48639606581050D-02  0.21402561973903D-03  0.29336808290436D-03
  -.22101118717508D-05  -.64008795562217D-05  0.51242341553499D-04
  -.63443730997800D-05  -.20873253525129D-05  0.19631065122521D-04
  -.29001289583131D-02  -.21029346902747D-03  -.18429181129169D-03
  -.15925420517295D-04  0.58402505398167D-05  0.84702391034300D-05
  cycle =      6    SCF energy =     -230.2129491700   |dE/dxyz| =  0.008025
    0.02110976519980     -1.12702148902511     -4.23244205274682      h
   -0.04363155299867     -1.22282191337144     -2.41692397720262      o
    0.09269733453928      1.27719230958455     -1.45916532365052      c
   -1.43398807880575      2.45384343806447     -2.22109962314384      h
    1.88763319520487      2.15060297735315     -2.02142832684805      h
   -0.09277349655257      1.27719069574838      1.45915963571713      c
    1.43395443626003      2.45378405741598      2.22109796443511      h
   -1.88767781033360      2.15066432810808      2.02142555123004      h
    0.04346496914641     -1.22283173331893      2.41690973126546      o
   -0.02127182270510     -1.12703506334069      4.23242817210173      h
  0.73318940085166D-05  0.22971928842844D-04  -.89652748104833D-05
  0.29262977305418D-02  -.28090810052127D-03  0.20543885646593D-03
  -.48283150732102D-02  0.23218691993506D-03  -.38686356697826D-03
  0.65433690991630D-05  0.22380065690877D-04  0.22499078967881D-04
  -.21171729807693D-05  0.44834292924317D-05  0.31249933268217D-05
  0.48283268812299D-02  0.23201230034029D-03  0.38687251885162D-03
  -.65414026993846D-05  0.22383427299109D-04  -.22498074945089D-04
  0.21144206913893D-05  0.44838689237371D-05  -.31276707293335D-05
  -.29263110899420D-02  -.28080785646008D-03  -.20544945638008D-03
  -.73290944841815D-05  0.22975556506606D-04  0.89672691941621D-05
  cycle =      7    SCF energy =     -230.2129491938   |dE/dxyz| =  0.007991
    0.01935125375677     -1.12670097419929     -4.23303120440977      h
   -0.04275599606706     -1.22273923688140     -2.41745085494625      o
    0.09319429079922      1.27706368483044     -1.45910106049503      c
   -1.43333494854933      2.45351517847649     -2.22161760248682      h
    1.88821137315250      2.15065667278276     -2.02077800927548      h
   -0.09327144941362      1.27706204088026      1.45909531414593      c
    1.43330116199613      2.45345474057705      2.22161565322508      h
   -1.88825629085333      2.15071914034470      2.02077560948588      h
    0.04258693515264     -1.22274920111794      2.41743649855216      o
   -0.01950939101921     -1.12671443847465      4.23301740736192      h
  0.20362772931800D-05  0.31179404013738D-05  -.79580597620356D-05
  0.29213959694452D-02  -.24097015899157D-03  0.15622799874758D-03
  -.48114901337367D-02  0.23191679484527D-03  -.33178408508216D-03
  0.42761961044341D-05  0.56101139107681D-05  0.64940873200036D-05
  -.90296515790063D-05  0.14299611790941D-05  0.13160990839641D-05
  0.48115007000547D-02  0.23173546101534D-03  0.33178166781602D-03
  -.42781707769728D-05  0.56113954838405D-05  -.65040078794295D-05
  0.90314413544863D-05  0.14285859697707D-05  -.13066146971081D-05
  -.29214180838422D-02  -.24086883174896D-03  -.15622675100901D-03
  -.20240740789788D-05  0.31183690483962D-05  0.79583304386385D-05
  cycle =      9    SCF energy =     -230.2129492305   |dE/dxyz| =  0.007988
   -0.00310774386797     -1.10405665493854     -4.23241536113970      h
   -0.05467725832035     -1.19963380172520     -2.41649599466101      o
    0.08601530564193      1.30036001654630     -1.45947506280608      c
   -1.44434386823581      2.47656932726717     -2.21466598954335      h
    1.87827752168490      2.17382493559867     -2.03016734308944      h
   -0.08601534251363      1.30036001182875      1.45947505115801      c
    1.44434408985072      2.47656908361243      2.21466575897386      h
   -1.87827734508269      2.17382520026923      2.03016762031697      h
    0.05467689326618     -1.19963383247979      2.41649599097951      o
    0.00311357948638     -1.10405629840613      4.23241551171830      h
  -.20591766698423D-06  -.58668671295527D-06  0.41744645072804D-06
  0.29223222265933D-02  -.22461323404514D-03  0.17230465312366D-03
  -.48115121052176D-02  0.22751630575221D-03  -.28873775539734D-03
  -.28175540194434D-05  -.42758715568450D-07  0.21363011836433D-05
  -.78964151095589D-06  -.11038954841122D-05  0.18111247800290D-05
  0.48115111928168D-02  0.22752230673659D-03  0.28873198650189D-03
  0.28168059445355D-05  -.42711469834466D-07  -.21430057537321D-05
  0.79170009498394D-06  -.11082248185425D-05  -.18021227042704D-05
  -.29223329594083D-02  -.22461373033978D-03  -.17230231482300D-03
  0.21625873020371D-06  -.58831055817000D-06  -.41631190357990D-06
  cycle =     10    SCF energy =     -230.2129492307   |dE/dxyz| =  0.007992
   -0.00313772059014     -1.10406666657334     -4.23240368557203      h
   -0.05467300694127     -1.19964162731013     -2.41648249371239      o
    0.08601892697369      1.30036680751455     -1.45947410665640      c
   -1.44431889634164      2.47658170780755     -2.21469271428757      h
    1.87828840418886      2.17382361216025     -2.03017021773090      h
   -0.08601866159813      1.30036680263247      1.45947410499078      c
    1.44431915388199      2.47658178582519      2.21469255071246      h
   -1.87828812960150      2.17382353826622      2.03017039219797      h
    0.05467341368952     -1.19964161298687      2.41648252918889      o
    0.00314234824827     -1.10406635976300      4.23240382277627      h
  -.24183969800608D-06  -.47803260296969D-06  -.20291653554110D-07
  0.29226539530086D-02  -.22762433997474D-03  0.17264151717948D-03
  -.48145789042751D-02  0.22925254636075D-03  -.28739126615623D-03
  -.14080339299802D-05  0.28251688779012D-06  0.12196111336709D-05
  -.12900844910709D-06  -.26383192702582D-06  0.10269206856795D-05
  0.48145816494311D-02  0.22926197607626D-03  0.28738617794860D-03
  0.14052787590964D-05  0.28190344310985D-06  -.12245592983754D-05
  0.12801314413980D-06  -.26813298756493D-06  -.10203513452469D-05
  -.29226521639751D-02  -.22762458618211D-03  -.17263918490871D-03
  0.24105796105341D-06  -.48069604091432D-06  0.21433274017306D-07
  cycle =     12    SCF energy =     -230.2129492308   |dE/dxyz| =  0.007995
   -0.00317052599229     -1.10405760700793     -4.23240104961637      h
   -0.05467409026055     -1.19964443546729     -2.41647944820469      o
    0.08601870704187      1.30037248581665     -1.45947162191102      c
   -1.44430162706544      2.47659090977410     -2.21471288354515      h
    1.87828998378926      2.17382459475312     -2.03017912315169      h
   -0.08601872615962      1.30037246348941      1.45947162207423      c
    1.44430174293102      2.47659074401544      2.21471283254609      h
   -1.87828989011068      2.17382479014645      2.03017917907719      h
    0.05467380552343     -1.19964446279925      2.41647944114656      o
    0.00317506386057     -1.10405727835498      4.23240115477819      h
  -.12727786415586D-06  -.61787940753709D-07  -.61377510370194D-07
  0.29226734322374D-02  -.22976167681467D-03  0.17219274450665D-03
  -.48169990020309D-02  0.23026694542117D-03  -.28520521642917D-03
  -.40717438098016D-07  0.32984525029706D-06  0.32149717426315D-06
  0.28843625285402D-07  0.39670429844573D-06  0.13377109656648D-07
  0.48169998559184D-02  0.23026116739670D-03  0.28520796277208D-03
  0.42366905400258D-07  0.33167607203157D-06  -.32100568660652D-06
  -.28444861367130D-07  0.39748189640546D-06  -.13665686722371D-07
  -.29226844351766D-02  -.22976136133525D-03  -.17219318905299D-03
  0.13538457746586D-06  -.59635553296090D-07  0.58871447188762D-07
  cycle =     13    SCF energy =     -230.2129492307   |dE/dxyz| =  0.007995
   -0.00318898196761     -1.10405478786577     -4.23239851065658      h
   -0.05466533412895     -1.19964512351427     -2.41647640331381      o
    0.08602396442063      1.30037263353058     -1.45946975307096      c
   -1.44429464560464      2.47658913273263     -2.21471818993368      h
    1.87829648873699      2.17382411094473     -2.03017282895502      h
   -0.08602373226212      1.30037261817121      1.45946974821081      c
    1.44429480213277      2.47658925417696      2.21471810977507      h
   -1.87829629879524      2.17382399762775      2.03017287510371      h
    0.05466577128094     -1.19964510587528      2.41647643920351      o
    0.00319240974480     -1.10405452556281      4.23239861683029      h
  -.23428737603407D-06  0.73408771622936D-07  -.39072402127816D-07
  0.29227812649541D-02  -.22979495546561D-03  0.17242014362811D-03
  -.48167040269783D-02  0.23025504508008D-03  -.28455254013304D-03
  -.15433523240279D-06  0.31720787801471D-06  0.19917875614415D-06
  -.90193216877431D-07  0.31932469623823D-06  0.73613815739590D-07
  0.48167037013224D-02  0.23025538520634D-03  0.28455169952954D-03
  0.15286838431707D-06  0.31764270834481D-06  -.20080257641771D-06
  0.89453619090074D-07  0.31829139420065D-06  -.72369957797617D-07
  -.29227763510778D-02  -.22979494615694D-03  -.17241936805606D-03
  0.23190759083385D-06  0.72808663620382D-07  0.39520485773700D-07
$end
