$hessapprox internal
  0.140394424871D-01 -0.481600268943D-03  0.618608793763D+00 -0.430411002378D-02
 -0.110503337549D-02  0.362691634995D+00 -0.497166397737D-03  0.105638455157D-03
  0.687596455209D-03  0.422696191258D+00 -0.927569521324D-05 -0.241066570265D-03
 -0.199865959771D-02 -0.570170178206D-03  0.421392471530D+00  0.629977824211D-02
  0.128248596605D-02  0.129803712685D-01 -0.180853070724D-02  0.341249993537D-02
  0.329318727817D+00  0.145645851507D-02  0.317138218077D-03  0.317176519514D-02
 -0.368690532764D-03  0.758925348519D-03 -0.358710124706D-02  0.344326469563D+00
 -0.140268419246D-02 -0.173662435946D-03 -0.196409927401D-02  0.670659692702D-03
 -0.922558920654D-03  0.158622604602D-02  0.446125021205D-03  0.319326874530D+00
  0.179761946609D-02  0.110988544442D-03  0.159370319473D-02 -0.112669851123D-02
  0.134458941635D-02 -0.450793551043D-03 -0.220181565917D-03 -0.528335178993D-03
  0.342753855716D+00 -0.473140401274D-03  0.104559118194D-03  0.687686547968D-03
  0.616935325704D-03 -0.548471624204D-03 -0.177821629734D-02 -0.363558211044D-03
  0.653738237772D-03 -0.109487013779D-02  0.422654456681D+00 -0.134324771650D-04
 -0.241597407214D-03 -0.200461416048D-02 -0.568221505588D-03  0.340148974443D-03
  0.341743031005D-02  0.760298454183D-03 -0.922392133565D-03  0.134311473397D-02
 -0.546571624978D-03  0.421387043221D+00  0.629773739794D-02  0.128444565262D-02
  0.129958240644D-01 -0.180225631953D-02  0.340793978629D-02 -0.142789547862D-01
 -0.359342323001D-02  0.159485043754D-02 -0.463993337382D-03 -0.177216765036D-02
  0.341289540720D-02  0.329260656933D+00  0.139674626969D-02  0.316714473454D-03
  0.314583263485D-02 -0.323449622207D-03  0.709515553193D-03 -0.361839608962D-02
 -0.897305742899D-03  0.476229154909D-03 -0.281831456010D-03 -0.319671189294D-03
  0.710974521711D-03 -0.362421681404D-02  0.344323257363D+00 -0.140307410456D-02
 -0.172778317913D-03 -0.195692834798D-02  0.673079202854D-03 -0.924171530239D-03
  0.157344577355D-02  0.443311093055D-03  0.809191693138D-04 -0.533721087696D-03
  0.656068282394D-03 -0.923994159110D-03  0.158209050616D-02  0.473616389502D-03
  0.319334098495D+00  0.175043536873D-02  0.106100558276D-03  0.153552760715D-02
 -0.110185434458D-02  0.131216876057D-02 -0.410959394954D-03 -0.208179845372D-03
 -0.522065101854D-03  0.128086255459D-02 -0.107068188538D-02  0.131071046767D-02
 -0.423850715618D-03 -0.268619869623D-03 -0.527323110370D-03  0.342707932416D+00
 -0.983247724615D-03 -0.471204768689D-03 -0.426917122286D-02 -0.366869848473D-03
 -0.138386377667D-03  0.606737089033D-02  0.141389773159D-02 -0.129037741718D-02
  0.159330593668D-02 -0.346961657307D-03 -0.142219110944D-03  0.606669086448D-02
  0.136273832050D-02 -0.129023146276D-02  0.155041586879D-02  0.137929580258D-01
 -0.494292211584D-03 -0.109067267776D-03 -0.108832584590D-02  0.121684286315D-03
 -0.255473551005D-03  0.123776590330D-02  0.308048095255D-03 -0.156934650965D-03
  0.827997836675D-04  0.120073120281D-03 -0.255955796139D-03  0.123988379922D-02
  0.308758154531D-03 -0.155989463394D-03  0.785322057283D-04 -0.480625740391D-03
  0.618614393392D+00 -0.432524322206D-02 -0.110232065170D-02 -0.107476876307D-01
  0.710464163522D-03 -0.202031035865D-02  0.129287028236D-01  0.316169457982D-02
 -0.194243086203D-02  0.155579895380D-02  0.709814850098D-03 -0.202620217956D-02
  0.129443881156D-01  0.313731750978D-02 -0.193516921467D-02  0.149843889545D-02
 -0.428572801978D-02 -0.108503862584D-02  0.362721477709D+00  0.462664180718D-02
  0.519214507239D-03  0.603483018247D-02 -0.234048291745D-02  0.312094382040D-02
 -0.447203858584D-02 -0.130262462789D-02 -0.461213809767D-03  0.204383010613D-02
 -0.227979644429D-02  0.311978794370D-02 -0.450151692022D-02 -0.141300321695D-02
 -0.473482766517D-03  0.201589679426D-02  0.422719793563D-02  0.460796045841D-03
  0.595848991474D-02  0.506145102841D+00  0.200846741449D-02 -0.193392674429D-03
 -0.846307720500D-03 -0.201902520253D-02  0.196395638782D-02  0.399701625204D-02
  0.754108962848D-03 -0.181147940450D-02  0.324038778367D-02 -0.195460948256D-02
  0.195872156144D-02  0.397615993274D-02  0.619598002430D-03 -0.181966201269D-02
  0.317159752667D-02  0.160840007549D-02 -0.244093810968D-03 -0.917490264512D-03
  0.641643961674D-02  0.382237745383D+00  0.460514022886D-02  0.521907248599D-03
  0.604904142203D-02 -0.231737770346D-02  0.309901349990D-02 -0.452365381705D-02
 -0.131265882538D-02 -0.439426500936D-03  0.200564312224D-02 -0.225743741006D-02
  0.309792069848D-02 -0.455289689719D-02 -0.142146871935D-02 -0.451603613805D-03
  0.197853045356D-02  0.421031612290D-02  0.464069227232D-03  0.597351973350D-02
  0.214237491593D-02  0.634457028298D-02  0.505992350974D+00  0.197952028162D-02
 -0.194588844315D-03 -0.867079113705D-03 -0.199946628873D-02  0.194144468696D-02
  0.399589391567D-02  0.755792070130D-03 -0.180069744960D-02  0.321606826862D-02
 -0.193561683631D-02  0.193624028773D-02  0.397526152829D-02  0.622396080793D-03
 -0.180878929655D-02  0.314773047381D-02  0.158306292868D-02 -0.244800289408D-03
 -0.937597590650D-03  0.637583120886D-02  0.617747472217D-02  0.630463118588D-02
  0.382124097801D+00 -0.272569238774D-02 -0.177718602131D-02 -0.157324534765D-01
 -0.214492525815D-02  0.301361357351D-03  0.234974846051D-01  0.540344268496D-02
 -0.538902494404D-02  0.706305656530D-02 -0.204692458285D-02  0.285414012408D-03
  0.234865362493D-01  0.516424296760D-02 -0.539183263443D-02  0.688043854709D-02
 -0.328669544728D-02 -0.183179932832D-02 -0.158211314482D-01  0.178505530569D-01
  0.833733374224D-02  0.177604237973D-01  0.822276682381D-02  0.342098374736D+00
  0.000000000000D+00  0.000000000000D+00  0.000000000000D+00  0.000000000000D+00
  0.000000000000D+00  0.000000000000D+00  0.000000000000D+00  0.000000000000D+00
  0.000000000000D+00  0.000000000000D+00  0.000000000000D+00  0.000000000000D+00
  0.000000000000D+00  0.000000000000D+00  0.000000000000D+00  0.000000000000D+00
  0.000000000000D+00  0.000000000000D+00  0.000000000000D+00  0.000000000000D+00
  0.000000000000D+00  0.000000000000D+00  0.000000000000D+00  0.000000000000D+00
$end
