$coord
    0.75433214898171     -0.07170616069476     -4.75260279441034  h
   -0.37050671124001     -0.29114204166045     -3.34078276780095  o
    0.95506472781065      0.30864106848077     -1.07265955993748  c
    1.90329429685298      2.14359415117768     -1.21571210949245  h
    2.38498742794947     -1.12831092293335     -0.64592759248063  h
   -0.95506458370798      0.30864105977606      1.07265964847310  c
   -1.90329423800610      2.14359415428371      1.21571203621872  h
   -2.38498734483071     -1.12831090530609      0.64592754083470  h
    0.37050668449448     -0.29114199031034      3.34078285518771  o
   -0.75433238703239     -0.07170607542364      4.75260267282694  h
$user-defined bonds
$intdef
# definitions of internal coordinates
   1 f  1.0000000000000 tors    2    3    6    9 val= 153.00000
$redundant
     number_of_atoms            10
     degrees_of_freedom         24
     internal_coordinates       25
     frozen_coordinates          1
# definitions of redundant internals
   1 k  1.0000000000000 tors   1    2    3    6 val= 172.10565
   2 k  1.0000000000000 stre   2    1           val=   1.81842
   3 k  1.0000000000000 bend   3    1    2      val= 108.80490
   4 k  1.0000000000000 stre   3    4           val=   2.07042
   5 k  1.0000000000000 stre   3    5           val=   2.07162
   6 k  0.0745627249226 bend   5    4    3      val=   0.83157
       -0.5089874364465 bend   2    4    3
       -0.5082419410984 bend   2    5    3
        0.5071858150801 bend   6    4    3
        0.4688548473481 bend   6    5    3
   7 k  0.0332188349415 bend   5    4    3      val=   0.90227
       -0.5465503744671 bend   2    4    3
        0.5312788935629 bend   2    5    3
       -0.4500255709989 bend   6    4    3
        0.4641108917884 bend   6    5    3
   8 k -0.8869343127276 bend   5    4    3      val=   2.24504
        0.1776938400741 bend   2    4    3
        0.2004187015285 bend   2    5    3
        0.2475834116317 bend   6    4    3
        0.2833852897886 bend   6    5    3
   9 k -0.0082209542729 bend   5    4    3      val=   1.09081
       -0.4439345941648 bend   2    4    3
        0.4711846060645 bend   2    5    3
        0.5321809304075 bend   6    4    3
       -0.5455483629644 bend   6    5    3
  10 k  1.0000000000000 stre   6    7           val=   2.07042
  11 k  1.0000000000000 stre   6    8           val=   2.07162
  12 k  0.0745627624223 bend   8    7    6      val=   0.83156
       -0.5089874416336 bend   9    7    6
       -0.5082419387340 bend   9    8    6
        0.5071858087034 bend   3    7    6
        0.4688548452143 bend   3    8    6
  13 k  0.0332188371763 bend   8    7    6      val=   0.90227
       -0.5465503851046 bend   9    7    6
        0.5312789118685 bend   9    8    6
       -0.4500255582317 bend   3    7    6
        0.4641108705263 bend   3    8    6
  14 k -0.8869343118106 bend   8    7    6      val=   2.24504
        0.1776938173830 bend   9    7    6
        0.2004186840385 bend   9    8    6
        0.2475834277024 bend   3    7    6
        0.2833853052158 bend   3    8    6
  15 k -0.0082209539646 bend   8    7    6      val=   1.09081
       -0.4439345770443 bend   9    7    6
        0.4711845889598 bend   9    8    6
        0.5321809434490 bend   3    7    6
       -0.5455483789517 bend   3    8    6
  16 k  1.0000000000000 tors  10    9    6    3 val= 172.10565
  17 k  1.0000000000000 stre   9   10           val=   1.81842
  18 k  1.0000000000000 bend   6   10    9      val= 108.80489
  19 k  1.0000000000000 tors   2    3    6    9 val= 153.00000
  20 k  1.0000000000000 stre   3    2           val=   2.69467
  21 k  1.0000000000000 bend   6    2    3      val= 107.54871
  22 k  1.0000000000000 stre   6    9           val=   2.69467
  23 k  1.0000000000000 bend   3    9    6      val= 107.54872
  24 k  1.0000000000000 stre   3    6           val=   2.87245
  25 f  1.0000000000000 tors   2    3    6    9 val= 153.00000
        24 non zero eigenvalues  of BmBt
           1           3.952243068    1    0
         1
           2           3.787879342    2    0
         2
           3           3.715530183    3    0
         3
           4           3.049526854    4    0
         4
           5           2.997167618    5    0
         5
           6           2.445629584    6    0
         6
           7           2.139565249    7    0
         7
           8           1.686576486    8    0
         8
           9           1.249725568    9    0
         9
          10           1.181280062   10    0
        10
          11           1.055343209   11    0
        11
          12           0.875511744   12    0
        12
          13           0.767298537   13    0
        13
          14           0.751899862   14    0
        14
          15           0.573755181   15    0
        15
          16           0.406477139   16    0
        16
          17           0.354795377   17    0
        17
          18           0.341380577   18    0
        18
          19           0.283377645   20    0
        20
          20           0.253748880   21    0
        21
          21           0.132201357   22    0
        22
          22           0.066747250   23    0
        23
          23           0.066381867   24    0
        24
          24           0.000000000    0    1
         0.000000000         0.000000000         0.000000000         0.000000000
         0.000000000         0.000000000         0.000000000         0.000000000
         0.000000000         0.000000000         0.000000000         0.000000000
         0.000000000         0.000000000         0.000000000         0.000000000
         0.000000000         0.000000000         0.000000000         0.000000000
         0.000000000         0.000000000         0.000000000         0.000000000
         1.000000000
$end
