$energy      SCF               SCFKIN            SCFPOT
     1 -230.2250369688      229.3078660666     -459.5329030354
     2 -230.2253881086      229.2891865548     -459.5145746634
     3 -230.2254754539      229.2906470550     -459.5161225089
     4 -230.2254792784      229.2912528889     -459.5167321673
     5 -230.2254799364      229.2915052025     -459.5169851389
     6 -230.2254800097      229.2914680245     -459.5169480342
     7 -230.2254800125      229.2914133092     -459.5168933217
     8 -230.2254800483      229.2914168661     -459.5168969144
     9 -230.2254800485      229.2914238105     -459.5169038590
    10 -230.2254800486      229.2914242207     -459.5169042693
    11 -230.2254800486      229.2914263976     -459.5169064461
    12 -230.2254800486      229.2914273830     -459.5169074316
    13 -230.2254800486      229.2914205616     -459.5169006102
$end
