$grad          cartesian gradients
  cycle =      1    SCF energy =     -230.2250369688   |dE/dxyz| =  0.005702
    0.80267743995990     -0.29864908157903     -4.71412555262075      h
   -0.37321688587410     -0.28624166398846     -3.32781256076176      o
    0.95661786054903      0.31420592617688     -1.06533395245862      c
    1.84802243607274      2.18072201570814     -1.18208983950164      h
    2.43123379116245     -1.08302918312098     -0.65868535007767      h
   -0.95660483969399      0.31424564125677      1.06533272641019      c
   -1.84796604339031      2.18078543600376      1.18207773813141      h
   -2.43125078223938     -1.08295495051177      0.65868491521808      h
    0.37321083449559     -0.28621466837585      3.32781909410636      o
   -0.80277594750864     -0.29907688157011      4.71404899558193      h
  -.10056512697258D-03  -.59709333515268D-03  0.52638813661090D-03
  -.30731099546477D-03  -.12948804814856D-02  0.14099357411644D-02
  -.66925929299683D-03  0.68440534520038D-03  0.15215816220041D-02
  -.14819997351339D-02  0.64113082456756D-03  0.17214229151504D-02
  0.15212064303857D-02  0.56834608069314D-03  -.64744888202640D-03
  0.66859112808895D-03  0.68568756720337D-03  -.15214234544586D-02
  0.14816493395911D-02  0.64153084661116D-03  -.17208389077199D-02
  -.15206532848586D-02  0.56877162352439D-03  0.64707999973654D-03
  0.30781623374687D-03  -.12936860451187D-02  -.14099659062768D-02
  0.10052689300340D-03  -.59798754627378D-03  -.52673154768901D-03
  cycle =      2    SCF energy =     -230.2253881086   |dE/dxyz| =  0.004381
    0.79633728617179     -0.18415083710747     -4.74273491201532      h
   -0.35932614150230     -0.30504721114697     -3.34370598814812      o
    0.95786399538965      0.29432873487849     -1.07114418793291      c
    1.88138021827775      2.14506654892875     -1.19583750853082      h
    2.40878215359888     -1.12315883020096     -0.65632535566577      h
   -0.95784976768549      0.29434115883265      1.07113673350802      c
   -1.88132220450582      2.14509969449863      1.19585816717774      h
   -2.40880056150415     -1.12310227894715      0.65628478869258      h
    0.35931152677692     -0.30510225085855      3.34369774202620      o
   -0.79642864148394     -0.18448213887807      4.74268673491593      h
  -.16009821482854D-04  -.29941028616074D-03  -.12557101483693D-03
  0.53999078415034D-03  -.21097069792566D-02  0.21010108021296D-03
  -.69483555802992D-03  0.13261776948723D-02  -.51698836304989D-03
  -.37942982046548D-03  0.54419871834113D-03  0.84299907193908D-03
  0.46846932194644D-03  0.54148862499847D-03  -.73026878064843D-03
  0.69486956792705D-03  0.13272759877099D-02  0.51631815780562D-03
  0.37927037579070D-03  0.54415282756644D-03  -.84256827380520D-03
  -.46818708661693D-03  0.54166582300632D-03  0.73003688844682D-03
  -.54022041437896D-03  -.21090080381012D-02  -.20948740315272D-03
  0.16080190848711D-04  -.29999540634632D-03  0.12543106404957D-03
  cycle =      3    SCF energy =     -230.2254754539   |dE/dxyz| =  0.005202
    0.78075001025941     -0.09979045827641     -4.74892595268599      h
   -0.35196136550960     -0.31855277524608     -3.34311009304366      o
    0.96110496216084      0.28092224246027     -1.06863802667725      c
    1.90739393722334      2.11856620262125     -1.20107418054496      h
    2.39141265133853     -1.15408386472639     -0.64020885681572      h
   -0.96110178467101      0.28091133143660      1.06862865481148      c
   -1.90734228795839      2.11857593527948      1.20112936731685      h
   -2.39144660459388     -1.15404037483164      0.64013925710748      h
    0.35193937222523     -0.31868252229605      3.34308294867657      o
   -0.78080102694117     -0.10003312642168      4.74889309588272      h
  0.62455089821201D-04  0.41098156707677D-05  -.45194072707643D-04
  0.52813727880935D-03  -.25532071503575D-02  0.62126560612118D-03
  -.43021052695412D-03  0.21869033492419D-02  -.10582941936299D-02
  0.71128338621926D-04  0.22268584911719D-03  0.23317945159346D-03
  -.58895885152830D-04  0.14206093406331D-03  -.34725854104467D-03
  0.43047992391503D-03  0.21874510482670D-02  0.10584700121905D-02
  -.71199115755681D-04  0.22267698899163D-03  -.23306356474420D-03
  0.58939081094470D-04  0.14195981345605D-03  0.34702888515426D-03
  -.52828218823794D-03  -.25529593557933D-02  -.62127205798024D-03
  -.62548112570645D-04  0.39516492028746D-05  0.45143457606318D-04
  cycle =      4    SCF energy =     -230.2254792784   |dE/dxyz| =  0.005249
    0.77808641549716     -0.09071956999662     -4.74934598723506      h
   -0.35162169973033     -0.31985906469838     -3.34293411940954      o
    0.96111712384127      0.27976711390729     -1.06766829698605      c
    1.90991968438144      2.11518551046003     -1.20283591683155      h
    2.38886286197948     -1.15730647643376     -0.63479070147963      h
   -0.96111990513473      0.27974940343696      1.06765833674414      c
   -1.90987157754579      2.11518868586940      1.20290213189176      h
   -2.38890472152217     -1.15726592594145      0.63471496600122      h
    0.35159823744754     -0.32001040608434      3.34290002940989      o
   -0.77811855568057     -0.09093668051979      4.74931577192233      h
  0.10912962834010D-04  0.23655769740224D-04  -.95927902642950D-05
  0.46347657855817D-03  -.25180173074598D-02  0.46881239835089D-03
  -.60869536727717D-03  0.24374432842959D-02  -.81366487473477D-03
  0.22591827887421D-04  0.48882473821056D-04  0.11278914290273D-03
  -.28935221986613D-04  0.10635380549431D-04  -.95104050344775D-04
  0.60881637822368D-03  0.24376491689955D-02  0.81402817102211D-03
  -.22614216929813D-04  0.48902301319717D-04  -.11278291808978D-03
  0.28963952664562D-04  0.10574592570285D-04  0.94934338093516D-04
  -.46351463934704D-03  -.25179054415317D-02  -.46898129796237D-03
  -.10997977196568D-04  0.23609806092121D-04  0.95671093709919D-05
  cycle =      5    SCF energy =     -230.2254799364   |dE/dxyz| =  0.005115
    0.77866470228653     -0.09516661706704     -4.74893378727444      h
   -0.35237962045036     -0.31877760287634     -3.34277177142867      o
    0.96081701542803      0.28092158368354     -1.06746491223591      c
    1.90948246285954      2.11600807469173     -1.20469070170867      h
    2.38868669461524     -1.15591473527076     -0.63317837060857      h
   -0.96082305584071      0.28090038755903      1.06745417043902      c
   -1.90943630859724      2.11600773228143      1.20476266551696      h
   -2.38873319072284     -1.15587548534292      0.63310050969120      h
    0.35235559121681     -0.31893974453834      3.34273389392293      o
   -0.77868642726172     -0.09537100312099      4.74890451771368      h
  -.15866012031132D-04  0.52668712223027D-05  0.11951139504904D-05
  0.44271147752541D-03  -.24239436907504D-02  0.37722630146926D-03
  -.70028991728010D-03  0.24474810156534D-02  -.62045825824531D-03
  -.19405497641110D-04  -.14059528002858D-04  0.33684792158253D-04
  0.17670468958787D-04  -.11991257119743D-04  0.54796602301782D-05
  0.70033866372857D-03  0.24474596916535D-02  0.62071234868642D-03
  0.19411829565579D-04  -.14049553323313D-04  -.33713452150813D-04
  -.17653192410121D-04  -.11993495565702D-04  -.55468630097060D-05
  -.44275159232218D-03  -.24238887022785D-02  -.37737036415734D-03
  0.15838064892052D-04  0.52548171923256D-05  -.12039194163750D-05
  cycle =      6    SCF energy =     -230.2254800097   |dE/dxyz| =  0.005040
    0.77933510659923     -0.09813823601001     -4.74861716622097      h
   -0.35276595471745     -0.31801104964079     -3.34268728263625      o
    0.96074497642018      0.28169528521097     -1.06757163452603      c
    1.90963480398063      2.11669280336783     -1.20557029994351      h
    2.38849720267783     -1.15516702007406     -0.63330627767670      h
   -0.96075203224543      0.28167294498102      1.06756043580997      c
   -1.90958936750842      2.11669121240674      1.20564449211279      h
   -2.38854527600187     -1.15512825841656      0.63322783075888      h
    0.35274169651906     -0.31817698534975      3.34264802047327      o
   -0.77935329219047     -0.09833810647606      4.74858809587609      h
  -.47665429579619D-05  0.10767573804289D-06  -.21879668271058D-05
  0.43828154792326D-03  -.24010440691010D-02  0.39313061031021D-03
  -.67897400030555D-03  0.24009782718476D-02  -.60190951943887D-03
  -.19978377651649D-05  -.76065293589221D-07  -.26150699854350D-05
  0.53240400176175D-05  0.28475723708910D-05  -.32773595558221D-06
  0.67904228647829D-03  0.24009122362952D-02  0.60206650108326D-03
  0.20001679168897D-05  -.69094499345361D-07  0.26074382931332D-05
  -.53191440518194D-05  0.28507072626872D-05  0.31754508061852D-06
  -.43835249696429D-03  -.24010058375575D-02  -.39326065692456D-03
  0.47662830811895D-05  0.10619364160182D-06  0.21842565257785D-05
  cycle =      8    SCF energy =     -230.2254800483   |dE/dxyz| =  0.005050
    0.75428983099262     -0.07164939148802     -4.75262990399119      h
   -0.37050180194471     -0.29114792788107     -3.34078312527661      o
    0.95506403539559      0.30863385341178     -1.07266076915370      c
    1.90331111954515      2.14358251546659     -1.21572082575990      h
    2.38499127611822     -1.12830901163474     -0.64592691541915      h
   -0.95506403124489      0.30863383549707      1.07266078520545      c
   -1.90331111362079      2.14358250703016      1.21572080658145      h
   -2.38499126571813     -1.12830901931601      0.64592689056608      h
    0.37050178919741     -0.29114794755880      3.34078311170373      o
   -0.75428969444095     -0.07164914239052      4.75262997218818      h
  -.21487092837985D-05  0.23512749918047D-06  -.12753518395046D-05
  0.43458874075393D-03  -.24076981808500D-02  0.38497677543060D-03
  -.67909054036610D-03  0.24069741147737D-02  -.60162073913375D-03
  0.14869119828059D-05  0.11803361370707D-05  -.90720663519245D-06
  -.22087942169350D-06  0.19774610861622D-05  -.51125199794880D-06
  0.67909085697160D-03  0.24069679166516D-02  0.60162388664427D-03
  -.14857178637114D-05  0.11812560075327D-05  0.90590162287474D-06
  0.22338547539956D-06  0.19788559658619D-05  0.51130104145312D-06
  -.43459405073973D-03  -.24076964774976D-02  -.38498496717464D-03
  0.21500007399646D-05  0.23492458289741D-06  0.12816476716618D-05
  cycle =      9    SCF energy =     -230.2254800485   |dE/dxyz| =  0.005051
    0.75430012143302     -0.07168738175990     -4.75261389468315      h
   -0.37051381865890     -0.29113803477216     -3.34077730410699      o
    0.95506213141022      0.30864448000303     -1.07266066160028      c
    1.90330004705170      2.14359440764282     -1.21571839221158      h
    2.38498903218450     -1.12830344670039     -0.64592966352629      h
   -0.95506210775066      0.30864447873900      1.07266067908510      c
   -1.90330003305041      2.14359441086290      1.21571835619243      h
   -2.38498900770032     -1.12830344834538      0.64592966277692      h
    0.37051382189448     -0.29113800660969      3.34077731172394      o
   -0.75430004253410     -0.07168718792379      4.75261393299422      h
  -.14843492334055D-05  0.16180664517706D-06  -.50420592096386D-06
  0.43313243471712D-03  -.24078428438430D-02  0.38533519006935D-03
  -.67808731429682D-03  0.24087783381552D-02  -.60196517440392D-03
  0.54109274349387D-06  0.52592797500892D-06  -.44490436018768D-06
  0.17615083076171D-06  0.10456045654097D-05  -.28452245361000D-06
  0.67808513181278D-03  0.24087765944075D-02  0.60196236438808D-03
  -.53947969402091D-06  0.52560750208786D-06  0.44473114952927D-06
  -.17390993475850D-06  0.10462400672944D-05  0.28540497534846D-06
  -.43313618071862D-03  -.24078415752531D-02  -.38533705232149D-03
  0.14864203163650D-05  0.16068094316507D-06  0.50816967734313D-06
  cycle =     11    SCF energy =     -230.2254800486   |dE/dxyz| =  0.005053
    0.75432519109848     -0.07168436564359     -4.75260425444511      h
   -0.37050363749886     -0.29114708756920     -3.34078060190401      o
    0.95506562751918      0.30863580850219     -1.07265778271797      c
    1.90329658682050      2.14358777829405     -1.21570847227886      h
    2.38498910842671     -1.12831603841543     -0.64592264315974      h
   -0.95506560568197      0.30863580502959      1.07265779110078      c
   -1.90329657472140      2.14358778102428      1.21570844979560      h
   -2.38498910806768     -1.12831602531636      0.64592260786527      h
    0.37050362004085     -0.29114710078369      3.34078060049691      o
   -0.75432518666371     -0.07168421773224      4.75260423466643      h
  -.84085591134157D-06  0.63126939902167D-06  -.14199141018153D-06
  0.43202077563270D-03  -.24085630204087D-02  0.38512893933847D-03
  -.67719834603626D-03  0.24098322362110D-02  -.60249864322405D-03
  -.90161233904742D-07  0.31935699612705D-06  -.15293006615423D-06
  0.22089023060244D-06  0.44818250209740D-06  -.10308576871516D-06
  0.67718373196916D-03  0.24098385934977D-02  0.60247599872257D-03
  0.95024092191953D-07  0.31585724140731D-06  0.15686835899510D-06
  -.21404205519984D-06  0.44940210121634D-06  0.10747210595878D-06
  -.43202096464509D-03  -.24085651127477D-02  -.38512355876407D-03
  0.84394730487369D-06  0.62974543491003D-06  0.15092885584442D-06
  cycle =     12    SCF energy =     -230.2254800486   |dE/dxyz| =  0.005052
    0.75433242356714     -0.07171147874992     -4.75260298634315      h
   -0.37050708733614     -0.29114056181830     -3.34078238730003      o
    0.95506440155351      0.30864242513125     -1.07265972249441      c
    1.90329462732289      2.14359510774265     -1.21571188799124      h
    2.38498775163692     -1.12830940386897     -0.64592758929111      h
   -0.95506432542628      0.30864242696895      1.07265976201634      c
   -1.90329459043927      2.14359511876638      1.21571183261704      h
   -2.38498771153957     -1.12830938652247      0.64592756246795      h
    0.37050707072143     -0.29114052075485      3.34078242688033      o
   -0.75433253878853     -0.07171138950513      4.75260291885759      h
  -.70850193869655D-06  0.43431365221676D-06  -.22896716462396D-06
  0.43182052708769D-03  -.24084395303967D-02  0.38490632669885D-03
  -.67701710166706D-03  0.24096838602831D-02  -.60259411716136D-03
  -.52029947115900D-07  0.46386626904834D-06  -.16922298793953D-06
  0.97894345133808D-07  0.52575788792182D-06  -.24590385484567D-06
  0.67699133602972D-03  0.24096944945191D-02  0.60255431309516D-03
  0.60811770133063D-07  0.45790903941620D-06  0.17688808424507D-06
  -.85931349410883D-07  0.52739084483770D-06  0.25461351536278D-06
  -.43181941101513D-03  -.24084420445245D-02  -.38489574137904D-03
  0.71240401652283D-06  0.43126264982652D-06  0.24181577270933D-06
$end
