$hessapprox internal
  0.169675137204D-01  0.972026651126D-03  0.619944440211D+00  0.570178925179D-02
  0.212247341250D-02  0.364398663923D+00  0.810535346814D-04 -0.551681324008D-05
  0.335628554120D-02  0.423321773702D+00  0.210903266035D-02  0.821153473462D-03
 -0.623400410237D-02  0.183886004323D-02  0.418625348789D+00 -0.186945114136D-02
 -0.718148218627D-03  0.458271443847D-02 -0.146892844275D-02  0.324567197185D-02
  0.343189337807D+00 -0.761631089486D-03 -0.279208457837D-03  0.570148494975D-03
 -0.377006010676D-03  0.600144982214D-03 -0.427039758582D-03  0.346463536767D+00
  0.397615833864D-02  0.148458101961D-02 -0.559036525788D-02  0.241451652805D-02
 -0.458862813835D-02  0.338784079621D-02  0.445812083223D-03  0.316534062304D+00
 -0.579818559549D-03 -0.183940325854D-03 -0.234148155719D-02  0.186921847774D-03
 -0.108866522538D-02  0.904996041509D-03  0.286198242715D-03 -0.166040940188D-02
  0.344688255036D+00 -0.819609836884D-04 -0.651573196011D-04  0.346673213222D-02
 -0.622050585581D-03  0.196086046898D-02 -0.155519516702D-02 -0.382071791895D-03
  0.250158863312D-02  0.247440877015D-03  0.423163524011D+00  0.189284055149D-02
  0.742070104626D-03 -0.608875963442D-02  0.173467891319D-02 -0.409299057695D-02
  0.313180956563D-02  0.593563668746D-03 -0.447403909491D-02 -0.100848238612D-02
  0.185562628922D-02  0.418946205859D+00 -0.153644477417D-02 -0.596618279680D-03
  0.438655919706D-02 -0.131316295744D-02  0.301285694420D-02 -0.229581903169D-02
 -0.419969629149D-03  0.323119979979D-02  0.783242167279D-03 -0.139844706768D-02
  0.290024129185D-02  0.343515014527D+00 -0.763252789459D-03 -0.280007641480D-03
  0.591214173659D-03 -0.381198495136D-03  0.612477213644D-03 -0.436747168753D-03
 -0.319617611536D-04  0.461064701572D-03  0.288070548937D-03 -0.386735502482D-03
  0.605272551490D-03 -0.428752655373D-03  0.346458963316D+00  0.376389104922D-02
  0.140700667492D-02 -0.545486880996D-02  0.231344099834D-02 -0.443439990608D-02
  0.327919712305D-02  0.440141430404D-03 -0.410332876315D-02 -0.158213462593D-02
  0.239964410828D-02 -0.432092669517D-02  0.312345450943D-02  0.454791244893D-03
  0.316747946696D+00 -0.590773056100D-03 -0.187881326324D-03 -0.234053967966D-02
  0.182738812189D-03 -0.108407527542D-02  0.902070887591D-03  0.286578787964D-03
 -0.165922717139D-02  0.449603558810D-04  0.243353334950D-03 -0.100376429854D-02
  0.780086216938D-03  0.288427837352D-03 -0.158081796283D-02  0.344695578236D+00
  0.287131133431D-02  0.971389979958D-03  0.572722941080D-02  0.763265092362D-04
  0.212358611092D-02 -0.188096485675D-02 -0.764415302802D-03  0.399453622539D-02
 -0.577857797565D-03 -0.872668937006D-04  0.190662808753D-02 -0.154681926037D-02
 -0.766072115309D-03  0.378152738039D-02 -0.588841668420D-03  0.169653886780D-01
  0.110993189703D-02  0.377554768757D-03  0.201460065820D-02  0.635380625712D-04
  0.709904915989D-03 -0.638770254626D-03 -0.273316575687D-03  0.140051770964D-02
 -0.236056089954D-03  0.492237904350D-05  0.632155570955D-03 -0.518732942266D-03
 -0.273698379643D-03  0.132410815205D-02 -0.240060370722D-03  0.110980617035D-02
  0.620044494656D+00  0.609213867539D-02  0.226587926963D-02 -0.771703039387D-02
  0.355458507899D-02 -0.655814666438D-02  0.481475803582D-02  0.588673301796D-03
 -0.584027594056D-02 -0.249005487107D-02  0.366831763546D-02 -0.640861647282D-02
  0.461361720180D-02  0.610941948673D-03 -0.570098836717D-02 -0.248927198116D-02
  0.611904950624D-02  0.215438044624D-02  0.363743539546D+00 -0.281435069177D-02
 -0.111122951469D-02  0.981826577318D-02 -0.270985973126D-02  0.651175235838D-02
 -0.499565529327D-02 -0.967675198334D-03  0.720355494968D-02  0.154813558844D-02
 -0.290743842986D-02  0.625073438471D-02 -0.461629694254D-02 -0.986077519144D-03
  0.695312951947D-02  0.154019279390D-02 -0.283597556251D-02 -0.932198397788D-03
  0.103386939234D-01  0.480426597778D+00  0.241806980274D-02  0.808572095330D-03
  0.574285089459D-02 -0.927594358090D-04  0.230049333063D-02 -0.199164493786D-02
 -0.746072538110D-03  0.402662796810D-02 -0.428134306989D-03 -0.251860253187D-03
  0.208955366434D-02 -0.166811803878D-02 -0.748661300539D-03  0.381987605162D-02
 -0.438499318014D-03  0.241580552095D-02  0.943893920454D-03  0.612672440516D-02
 -0.314538755074D-02  0.382767321297D+00 -0.237519328520D-02 -0.950400204881D-03
  0.950529021386D-02 -0.249517086249D-02  0.617449106172D-02 -0.475641403074D-02
 -0.952310830664D-03  0.695786361460D-02  0.138411676263D-02 -0.269019445847D-02
  0.591678374645D-02 -0.438040983590D-02 -0.969423648746D-03  0.671023853762D-02
  0.137593542322D-02 -0.239523596293D-02 -0.774444701519D-03  0.100159613922D-01
 -0.937882011606D-02 -0.271599590434D-02  0.481508718571D+00  0.221447471665D-02
  0.733856771840D-03  0.590290601397D-02 -0.194844236714D-03  0.246517855448D-02
 -0.210918759621D-02 -0.754859769777D-03  0.415130915133D-02 -0.351142918330D-03
 -0.355476555207D-03  0.225224491428D-02 -0.178342050907D-02 -0.758065762559D-03
  0.394281386004D-02 -0.361415473805D-03  0.221145493340D-02  0.870909509794D-03
  0.629217962081D-02 -0.341035551106D-02  0.178830899513D-02 -0.297637267810D-02
  0.382365102488D+00  0.886388877607D-03  0.218823020848D-03  0.962898821446D-02
 -0.131872444524D-02  0.503292337930D-02 -0.406458978734D-02 -0.111057709302D-02
  0.689704899360D-02  0.321708911515D-03 -0.155155362398D-02  0.472465990512D-02
 -0.360135674103D-02 -0.112128989166D-02  0.659737226205D-02  0.308787930692D-03
  0.874497959064D-03  0.421860980822D-03  0.102106827311D-01 -0.734662052795D-02
  0.349711931104D-03 -0.671289324980D-02  0.496231198895D-04  0.384467363350D+00
  0.000000000000D+00  0.000000000000D+00  0.000000000000D+00  0.000000000000D+00
  0.000000000000D+00  0.000000000000D+00  0.000000000000D+00  0.000000000000D+00
  0.000000000000D+00  0.000000000000D+00  0.000000000000D+00  0.000000000000D+00
  0.000000000000D+00  0.000000000000D+00  0.000000000000D+00  0.000000000000D+00
  0.000000000000D+00  0.000000000000D+00  0.000000000000D+00  0.000000000000D+00
  0.000000000000D+00  0.000000000000D+00  0.000000000000D+00  0.000000000000D+00
$end
