$coord
    0.73885259104552     -0.15044967360563     -4.74575077791645  h
   -0.37195280599392     -0.35222884254146     -3.31991761464565  o
    0.94508562816741      0.37709723383032     -1.08391264009362  c
    1.82404513011690      2.23843780632165     -1.30531500246490  h
    2.42980224123111     -0.99051067697612     -0.61996853026825  h
   -0.94508556907110      0.37709726527201      1.08391265296213  c
   -1.82404501064152      2.23843788416444      1.30531497666469  h
   -2.42980226455410     -0.99051055439148      0.61996846961498  h
    0.37195276432142     -0.35222888051771      3.31991762550436  o
   -0.73885280317567     -0.15044996251383      4.74575068222363  h
$user-defined bonds
$intdef
# definitions of internal coordinates
   1 f  1.0000000000000 tors    2    3    6    9 val= 147.00000
$redundant
     number_of_atoms            10
     degrees_of_freedom         24
     internal_coordinates       25
     frozen_coordinates          1
# definitions of redundant internals
   1 k  1.0000000000000 tors   1    2    3    6 val= 172.59856
   2 k  1.0000000000000 stre   2    1           val=   1.81868
   3 k  1.0000000000000 bend   3    1    2      val= 108.77716
   4 k  1.0000000000000 stre   3    4           val=   2.07031
   5 k  1.0000000000000 stre   3    5           val=   2.07123
   6 k  0.0711905881115 bend   5    4    3      val=   0.77694
       -0.5078397839539 bend   2    4    3
       -0.5090844849593 bend   2    5    3
        0.5099612735753 bend   6    4    3
        0.4666938403549 bend   6    5    3
   7 k  0.0364779068340 bend   5    4    3      val=   0.99845
       -0.5477167595145 bend   2    4    3
        0.5291371254810 bend   2    5    3
       -0.4488402540282 bend   6    4    3
        0.4660815834825 bend   6    5    3
   8 k -0.8874787496863 bend   5    4    3      val=   2.08167
        0.1781667248917 bend   2    4    3
        0.2021416710666 bend   2    5    3
        0.2434248651516 bend   6    4    3
        0.2837625183864 bend   6    5    3
   9 k -0.0096657369655 bend   5    4    3      val=   1.28213
       -0.4429776868735 bend   2    4    3
        0.4732159063695 bend   2    5    3
        0.5315353449403 bend   6    4    3
       -0.5451735737352 bend   6    5    3
  10 k  1.0000000000000 stre   6    7           val=   2.07031
  11 k  1.0000000000000 stre   6    8           val=   2.07123
  12 k  0.0711906209986 bend   8    7    6      val=   0.77694
       -0.5078397881532 bend   9    7    6
       -0.5090844830354 bend   9    8    6
        0.5099612706924 bend   3    7    6
        0.4666938360175 bend   3    8    6
  13 k  0.0364779138318 bend   8    7    6      val=   0.99845
       -0.5477167704072 bend   9    7    6
        0.5291371408561 bend   9    8    6
       -0.4488402411212 bend   3    7    6
        0.4660815651087 bend   3    8    6
  14 k -0.8874787497756 bend   8    7    6      val=   2.08167
        0.1781667024458 bend   9    7    6
        0.2021416561918 bend   9    8    6
        0.2434248753816 bend   3    7    6
        0.2837625340206 bend   3    8    6
  15 k -0.0096657384644 bend   8    7    6      val=   1.28213
       -0.4429776693890 bend   9    7    6
        0.4732158927319 bend   9    8    6
        0.5315353562366 bend   3    7    6
       -0.5451735887394 bend   3    8    6
  16 k  1.0000000000000 tors  10    9    6    3 val= 172.59857
  17 k  1.0000000000000 stre   9   10           val=   1.81868
  18 k  1.0000000000000 bend   6   10    9      val= 108.77716
  19 k  1.0000000000000 tors   2    3    6    9 val= 147.00000
  20 k  1.0000000000000 stre   3    2           val=   2.69559
  21 k  1.0000000000000 bend   6    2    3      val= 107.70540
  22 k  1.0000000000000 stre   6    9           val=   2.69559
  23 k  1.0000000000000 bend   3    9    6      val= 107.70540
  24 k  1.0000000000000 stre   3    6           val=   2.87615
  25 f  1.0000000000000 tors   2    3    6    9 val= 147.00000
        24 non zero eigenvalues  of BmBt
           1           3.951315328    1    0
         1
           2           3.802148011    2    0
         2
           3           3.719463548    3    0
         3
           4           3.031497490    4    0
         4
           5           2.996544780    5    0
         5
           6           2.447195537    6    0
         6
           7           2.139097439    7    0
         7
           8           1.691198278    8    0
         8
           9           1.249876941    9    0
         9
          10           1.184720454   10    0
        10
          11           1.053224898   11    0
        11
          12           0.872177701   12    0
        12
          13           0.767482236   13    0
        13
          14           0.750498899   14    0
        14
          15           0.569111165   15    0
        15
          16           0.416089624   16    0
        16
          17           0.354781894   17    0
        17
          18           0.341525233   18    0
        18
          19           0.283617672   20    0
        20
          20           0.253556888   21    0
        21
          21           0.128093003   22    0
        22
          22           0.067633209   23    0
        23
          23           0.066674075   24    0
        24
          24           0.000000000    0    1
         0.000000000         0.000000000         0.000000000         0.000000000
         0.000000000         0.000000000         0.000000000         0.000000000
         0.000000000         0.000000000         0.000000000         0.000000000
         0.000000000         0.000000000         0.000000000         0.000000000
         0.000000000         0.000000000         0.000000000         0.000000000
         0.000000000         0.000000000         0.000000000         0.000000000
         1.000000000
$end
