$energy      SCF               SCFKIN            SCFPOT
     1 -230.2242535257      229.3139598492     -459.5382133749
     2 -230.2246831848      229.2881895744     -459.5128727591
     3 -230.2247798104      229.2895918922     -459.5143717026
     4 -230.2247871580      229.2911133165     -459.5159004745
     5 -230.2247880572      229.2913270079     -459.5161150651
     6 -230.2247881331      229.2912693428     -459.5160574759
     7 -230.2247881355      229.2912265649     -459.5160147003
     8 -230.2247881863      229.2912219792     -459.5160101655
     9 -230.2247881868      229.2912127388     -459.5160009256
    10 -230.2247881870      229.2912130684     -459.5160012554
    11 -230.2247881869      229.2912139387     -459.5160021256
    12 -230.2247881869      229.2912198889     -459.5160080759
    13 -230.2247881870      229.2911990657     -459.5159872527
$end
