$grad          cartesian gradients
  cycle =      1    SCF energy =     -230.2242535257   |dE/dxyz| =  0.006870
    0.79043731230764     -0.36332307971944     -4.69703684880624      h
   -0.37452360419030     -0.34824593005402     -3.30154988594090      o
    0.94780247031957      0.38227196277345     -1.07318623175671      c
    1.76439719565598      2.27685783224205     -1.26248442156741      h
    2.47912349179449     -0.94140962317457     -0.63154818142249      h
   -0.94778531164532      0.38231519901415      1.07318478876617      c
   -1.76432843484291      2.27692669975695      1.26247184010025      h
   -2.47913969398639     -0.94132444636374      0.63154643363831      h
    0.37451506472747     -0.34822085875105      3.30155766100381      o
   -0.79055879076615     -0.36374129932333      4.69694496024785      h
  -.15062784531760D-03  -.55733178972118D-03  0.72329250893416D-03
  -.46688745032224D-03  -.13208334565102D-02  0.19681437574804D-02
  -.73657901663388D-03  0.57436527243128D-03  0.21133821122836D-02
  -.16017736750489D-02  0.72211147693789D-03  0.21845144548628D-02
  0.17030295198503D-02  0.57898276618876D-03  -.69002845528157D-03
  0.73580983461613D-03  0.57579462157006D-03  -.21133090556541D-02
  0.16014923261729D-02  0.72247104063957D-03  -.21838846153445D-02
  -.17024910132347D-02  0.57940515694279D-03  0.68966561550972D-03
  0.46749359367411D-03  -.13195601501661D-02  -.19681217455584D-02
  0.15053478827791D-03  -.55828766053678D-03  -.72365520351025D-03
  cycle =      2    SCF energy =     -230.2246831848   |dE/dxyz| =  0.004701
    0.78485476225962     -0.24899664148591     -4.73484076006719      h
   -0.35718775319670     -0.36607559702718     -3.32396533402522      o
    0.94863645768124      0.36258492560783     -1.08183253127596      c
    1.80016888793693      2.24109870718401     -1.28149217974621      h
    2.45621428772335     -0.98242726593891     -0.63127008780907      h
   -0.94862083373971      0.36259837247986      1.08182399087338      c
   -1.80010076796084      2.24113327705857      1.28151672122166      h
   -2.45623527607218     -0.98235950785481      0.63122543526861      h
    0.35716697594739     -0.36614074262572      3.32395266360454      o
   -0.78495704120502     -0.24930907099730      4.73478219621810      h
  -.40654999498861D-04  -.29994685234870D-03  -.18968976358670D-03
  0.71490488729976D-03  -.21811866537001D-02  0.25835084145407D-03
  -.89669579258643D-03  0.12661026244670D-02  -.57173392769426D-03
  -.38371373628858D-03  0.60955625645825D-03  0.99473064159202D-03
  0.52251735604528D-03  0.60362733088743D-03  -.84216993284924D-03
  0.89678453754636D-03  0.12671563604276D-02  0.57110061760620D-03
  0.38354033462228D-03  0.60952007984228D-03  -.99430649663943D-03
  -.52222132743190D-03  0.60379886405915D-03  0.84192321854511D-03
  -.71515980985148D-03  -.21805161453791D-02  -.25771899064745D-03
  0.40692744343138D-04  -.30051730032266D-03  0.18951416801147D-03
  cycle =      3    SCF energy =     -230.2247798104   |dE/dxyz| =  0.005446
    0.76941094544541     -0.17555114339146     -4.74262720937349      h
   -0.35031346100048     -0.37667061520807     -3.32347838876211      o
    0.95186470758725      0.35210615804684     -1.07976391017940      c
    1.82705760516799      2.21765300253590     -1.28886690878682      h
    2.43886197276978     -1.01133305207718     -0.61458548284803      h
   -0.95186144723060      0.35209847792372      1.07975307900523      c
   -1.82699593918667      2.21766550373160      1.28892368845841      h
   -2.43890066678421     -1.01127518112873      0.61451542642028      h
    0.35028408331234     -0.37680471563791      3.32344457348942      o
   -0.76946810070672     -0.17578197839428      4.74258524683916      h
  0.37920140078052D-04  -.14630033598912D-04  -.91039494982963D-04
  0.76095180098811D-03  -.25986586954093D-02  0.66752905324243D-03
  -.65091089817699D-03  0.21448400971126D-02  -.12758590042463D-02
  0.47907269681699D-04  0.26524874705509D-03  0.28536383114180D-03
  -.10819621603836D-04  0.20092198674644D-03  -.44075454209261D-03
  0.65118957525532D-03  0.21453345464885D-02  0.12760146294001D-02
  -.47998965424155D-04  0.26524688222142D-03  -.28523803927577D-03
  0.10890262026368D-04  0.20084611912051D-03  0.44051205188842D-03
  -.76112324651592D-03  -.25984176956702D-02  -.66751348097545D-03
  -.38008269897660D-04  -.14778193990657D-04  0.90983581639023D-04
  cycle =      4    SCF energy =     -230.2247871580   |dE/dxyz| =  0.005608
    0.76505358321210     -0.16315535460810     -4.74280341533047      h
   -0.35021959900046     -0.37802987108239     -3.32237394459093      o
    0.95214835886125      0.35107589142253     -1.07821939847590      c
    1.83237003353866      2.21294570308263     -1.29130370779553      h
    2.43416188609075     -1.01662554898883     -0.60653230971632      h
   -0.95215228994897      0.35106079610489      1.07820769816043      c
   -1.83231199412404      2.21295079217594      1.29137264390937      h
   -2.43421062611089     -1.01657015269207      0.60645598145038      h
    0.35018796478486     -0.37818802033410      3.32233108841533      o
   -0.76508761792917     -0.16335777868007      4.74276547823629      h
  -.46353522811163D-06  0.29164091351935D-04  -.10933057043287D-04
  0.62390294624129D-03  -.26191691095854D-02  0.59890825332174D-03
  -.81372002483934D-03  0.25282060440241D-02  -.10169840078481D-02
  0.25620771904376D-04  0.49356628114285D-04  0.10928315644812D-03
  -.23819628143590D-04  0.10128724684316D-04  -.96911164887312D-04
  0.81384395169762D-03  0.25283312049775D-02  0.10173692328083D-02
  -.25640906705440D-04  0.49374825453694D-04  -.10928766459702D-03
  0.23846196566851D-04  0.10074187327584D-04  0.96742185428842D-04
  -.62395827266349D-03  -.26190847430828D-02  -.59909939577645D-03
  0.38648921013352D-06  0.29153402625590D-04  0.10910092974984D-04
  cycle =      5    SCF energy =     -230.2247880572   |dE/dxyz| =  0.005465
    0.76633187886422     -0.17067476653691     -4.74176992246352      h
   -0.35163869091621     -0.37620158607156     -3.32212489232881      o
    0.95163890158479      0.35303359117936     -1.07808145598307      c
    1.83165149877198      2.21450272683939     -1.29337922554420      h
    2.43376532902654     -1.01444740899366     -0.60515385277536      h
   -0.95164524757477      0.35301651133893      1.07806894747402      c
   -1.83159456066248      2.21450577803762      1.29345134662531      h
   -2.43381785451146     -1.01439239572617      0.60507757043210      h
    0.35160704349516     -0.37636564502602      3.32207906092110      o
   -0.76635859870369     -0.17087034864056      4.74173253790508      h
  -.21176522899479D-04  0.16886134326737D-05  -.29455914545210D-06
  0.57419092399767D-03  -.25275292857393D-02  0.48333613866391D-03
  -.91970961950659D-03  0.25533160738434D-02  -.78327536463689D-03
  -.18840965026020D-04  -.16455909843449D-04  0.38618761892776D-04
  0.22584857359481D-04  -.13105211624676D-04  0.12236149671868D-04
  0.91977280219184D-03  0.25532441983191D-02  0.78349911780592D-03
  0.18852900940178D-04  -.16452871641486D-04  -.38644012673605D-04
  -.22575559004106D-04  -.13101779911635D-04  -.12284250861975D-04
  -.57426554626915D-03  -.25274749189541D-02  -.48347526233905D-03
  0.21164562428002D-04  0.16842019076410D-05  0.28071652443588D-06
  cycle =      6    SCF energy =     -230.2247881331   |dE/dxyz| =  0.005394
    0.76704012146740     -0.17323907584571     -4.74135446262876      h
   -0.35202508549794     -0.37550905240868     -3.32207045938988      o
    0.95156941943398      0.35373320154182     -1.07822232183078      c
    1.83183888651951      2.21507473832020     -1.29429544770136      h
    2.43352386052595     -1.01384686745155     -0.60539170507017      h
   -0.95157624525410      0.35371570911706      1.07820949899719      c
   -1.83178227051044      2.21507729883683      1.29436848814055      h
   -2.43357723168483     -1.01379198266249      0.60531549998500      h
    0.35199340636482     -0.37567459979895      3.32202387375878      o
   -0.76706516199027     -0.17343291324811      4.74131715000208      h
  -.59679827828873D-05  -.12196980477795D-05  -.29188755139287D-05
  0.56826147470341D-03  -.25076779673888D-02  0.50093155876028D-03
  -.88661079179414D-03  0.25099661978337D-02  -.77585426592829D-03
  -.10294158630846D-05  -.29660750016475D-05  -.70891098216230D-06
  0.46446187761847D-05  -.12719959703515D-06  0.12003745832655D-05
  0.88669084931681D-03  0.25098752947066D-02  0.77599759302922D-03
  0.10341143071764D-05  -.29605235333262D-05  0.69874930106221D-06
  -.46431120399940D-05  -.12304628611995D-06  -.12066154588392D-05
  -.56834834573460D-03  -.25076341996490D-02  -.50106298998973D-03
  0.59663869807679D-05  -.12216354685363D-05  0.29207714155219D-05
  cycle =      8    SCF energy =     -230.2247881863   |dE/dxyz| =  0.005391
    0.73878171924492     -0.15041152482184     -4.74578355768829      h
   -0.37194762728664     -0.35223376014111     -3.31989955420596      o
    0.94508575011558      0.37708747232084     -1.08391342531007      c
    1.82404904864565      2.23842829390960     -1.30533448408610      h
    2.42982725708240     -0.99048993887012     -0.61995549486703      h
   -0.94508571050904      0.37708753141470      1.08391343623194      c
   -1.82404884846635      2.23842845650523      1.30533438873030      h
   -2.42982732262279     -0.99048974070557      0.61995547133039      h
    0.37194760231283     -0.35223372940461      3.31989955725064      o
   -0.73878192943581     -0.15041206613225      4.74578349810585      h
  -.36845066222402D-05  -.11673480230047D-05  -.17403932891431D-05
  0.56626959708497D-03  -.25098209011126D-02  0.49337235090670D-03
  -.88557848372898D-03  0.25082377123784D-02  -.76943677581622D-03
  0.90226719421660D-06  -.37114123644793D-06  -.17988501004099D-05
  0.94975419947869D-06  0.12612874818568D-05  -.10297672996725D-06
  0.88557592808784D-03  0.25082223715504D-02  0.76944234939240D-03
  -.90026207638768D-06  -.36786901877749D-06  0.17950918103218D-05
  -.94818483243418D-06  0.12648821480258D-05  0.10253314223238D-06
  -.56627157842975D-03  -.25098162960781D-02  -.49337615756118D-03
  0.36854686827407D-05  -.11693302773547D-05  0.17428296061888D-05
  cycle =      9    SCF energy =     -230.2247881868   |dE/dxyz| =  0.005393
    0.73880004856180     -0.15044318605959     -4.74577219492548      h
   -0.37196344269840     -0.35222317880257     -3.31990792399036      o
    0.94508021518237      0.37710000703841     -1.08391740096060      c
    1.82404523313649      2.23843953646950     -1.30532791894141      h
    2.42981137303829     -0.99049261806927     -0.61996919931560      h
   -0.94508017904491      0.37710005071160      1.08391740478756      c
   -1.82404505086011      2.23843966245921      1.30532789975457      h
   -2.42981144446126     -0.99049243200867      0.61996913059046      h
    0.37196339453463     -0.35222326079160      3.31990790547466      o
   -0.73880020830815     -0.15044358687215      4.74577213301788      h
  -.26361520875657D-05  -.10963753031467D-05  -.10850789541437D-05
  0.56366323232774D-03  -.25115020206208D-02  0.49107490409911D-03
  -.88452706118690D-03  0.25107471959813D-02  -.76935092828618D-03
  0.56152793718733D-06  -.42572118077183D-06  -.74857042851696D-06
  0.62805634221891D-06  0.41557463066298D-06  -.10662972401867D-06
  0.88452544317737D-03  0.25107417912191D-02  0.76935280290711D-03
  -.56032624396647D-06  -.42440332086111D-06  0.74726713466514D-06
  -.62642974612920D-06  0.41721745288609D-06  0.10639149763223D-06
  -.56366560163437D-03  -.25115013158999D-02  -.49107751084478D-03
  0.26373090709262D-05  -.10967788576221D-05  0.10873538877853D-05
  cycle =     11    SCF energy =     -230.2247881869   |dE/dxyz| =  0.005396
    0.73884387612831     -0.15042505168181     -4.74575547879982      h
   -0.37194967743336     -0.35223434353449     -3.31991741340355      o
    0.94508610743505      0.37709145703859     -1.08391174712489      c
    1.82404982166209      2.23843121871103     -1.30530768331332      h
    2.42980130965257     -0.99051745115640     -0.61996265689783      h
   -0.94508605571999      0.37709151119751      1.08391174690755      c
   -1.82404970038934      2.23843131905766      1.30530763128003      h
   -2.42980133167340     -0.99051732297023      0.61996262725356      h
    0.37194964610275     -0.35223432580010      3.31991742421460      o
   -0.73884409431864     -0.15042541181957      4.74575539146459      h
  -.13142780304340D-05  -.25956592711853D-06  -.26261317535257D-06
  0.56075565767698D-03  -.25138422150719D-02  0.48954222577617D-03
  -.88212307221077D-03  0.25129410091439D-02  -.76917894543127D-03
  -.46070870151537D-07  -.32240400498203D-06  0.58233706245224D-08
  0.11520157334160D-07  -.38017714065910D-06  -.19937327406960D-06
  0.88212146423789D-03  0.25129437521558D-02  0.76917467375105D-03
  0.46939923674801D-07  -.32347640367267D-06  -.50760703486323D-08
  -.10520971126062D-07  -.38080512188853D-06  0.20047393740293D-06
  -.56075667326869D-03  -.25138408535769D-02  -.48954103741281D-03
  0.13150312358694D-05  -.26103196249381D-06  0.26385419876372D-06
  cycle =     12    SCF energy =     -230.2247881869   |dE/dxyz| =  0.005395
    0.73885298495441     -0.15045749900282     -4.74575052587690      h
   -0.37195397184857     -0.35222661762835     -3.31991706263643      o
    0.94508512292368      0.37709928193551     -1.08391310833467      c
    1.82404598082735      2.23843956094222     -1.30531374523986      h
    2.42980181944445     -0.99050887679581     -0.61996855242739      h
   -0.94508507914203      0.37709931128469      1.08391311284655      c
   -1.82404586899083      2.23843963434702      1.30531373584273      h
   -2.42980185415885     -0.99050875606560      0.61996848498066      h
    0.37195392615395     -0.35222668073112      3.31991705893930      o
   -0.73885315871751     -0.15045775924354      4.74575044348693      h
  -.11598677578301D-05  -.50957996931914D-06  -.31943583972634D-06
  0.56059053844473D-03  -.25134694868685D-02  0.48974371906159D-03
  -.88178362556776D-03  0.25128483295981D-02  -.76911284646886D-03
  -.15116650975397D-06  -.36710433424278D-06  -.20045386859416D-06
  0.67078388520928D-08  -.36485488101032D-06  -.44779891374465D-06
  0.88178015684822D-03  0.25128518298585D-02  0.76910676523060D-03
  0.15232199798828D-06  -.36803966738057D-06  0.20202309331320D-06
  -.47526241339229D-08  -.36494996265008D-06  0.44885220547577D-06
  -.56059108284992D-03  -.25134707119648D-02  -.48974268144115D-03
  0.11607686978993D-05  -.50984160674977D-06  0.32186221869629D-06
$end
