$hessapprox internal
  0.180610871753D-01  0.142715473318D-02  0.619762127712D+00  0.428041946056D-02
  0.807115578345D-03  0.365304156152D+00  0.471010551301D-03  0.341186292094D-04
 -0.153327551254D-02  0.423635026702D+00  0.169101551160D-02  0.293851489760D-03
 -0.288753096203D-02 -0.677018708112D-03  0.421898521561D+00 -0.388892036694D-02
 -0.305541436584D-03  0.122954548973D-01  0.261243390304D-02  0.543324071745D-02
  0.324415241746D+00 -0.162901536789D-02 -0.688570626266D-04  0.605350555274D-02
  0.126287478400D-02  0.266432162830D-02 -0.101668816248D-01  0.341368715496D+00
  0.317001115364D-02  0.646747903375D-03 -0.394849973352D-02 -0.995804451002D-03
 -0.181651904350D-02  0.797724945972D-02  0.394839274262D-02  0.318290555719D+00
 -0.169461029211D-02 -0.437180519502D-03  0.714109547983D-03  0.271650520400D-03
  0.370385891560D-03 -0.215874312548D-02 -0.111299412710D-02  0.355852367384D-03
  0.344539510158D+00  0.454264264856D-03  0.305984257697D-04 -0.151399921523D-02
 -0.319673331050D-03 -0.668103162183D-03  0.257267823756D-02  0.124314701947D-02
 -0.984077208987D-03  0.270136404976D-03  0.423644895187D+00  0.166543764938D-02
  0.287401135824D-03 -0.287448744987D-02 -0.672495756467D-03 -0.129843906831D-02
  0.539724254764D-02  0.264590446062D-02 -0.180962599918D-02  0.371863317505D-03
 -0.663610775305D-03  0.421911656015D+00 -0.384364454600D-02 -0.295146086011D-03
  0.122567489331D-01  0.260151280994D-02  0.541490379812D-02 -0.209334654167D-01
 -0.101231246101D-01  0.795455403222D-02 -0.215774884797D-02  0.256186441769D-02
  0.537893869851D-02  0.324589592569D+00 -0.165486145790D-02 -0.761476760784D-04
  0.605488548137D-02  0.126524266824D-02  0.266587994066D-02 -0.101854662876D-01
 -0.491409259999D-02  0.394742896142D-02 -0.110877390850D-02  0.124552419316D-02
  0.264752046302D-02 -0.101417699619D-01  0.341348444722D+00  0.314031966056D-02
  0.639754133168D-03 -0.392581378301D-02 -0.989145894412D-03 -0.180565382168D-02
  0.792408692955D-02  0.392162396207D-02 -0.240814325191D-02  0.355823679196D-03
 -0.977479818937D-03 -0.179877249565D-02  0.790149005838D-02  0.392070713489D-02
  0.318316645377D+00 -0.168134750737D-02 -0.433249169862D-03  0.716306567428D-03
  0.270977684316D-03  0.370835696121D-03 -0.215358645760D-02 -0.110984531710D-02
  0.358298987822D-03  0.129729290086D-03  0.269448911474D-03  0.372272780935D-03
 -0.215253787001D-02 -0.110567878210D-02  0.358231730691D-03  0.344533866599D+00
  0.399255151322D-02  0.141902442747D-02  0.425905100698D-02  0.468946759105D-03
  0.168270519531D-02 -0.387175523615D-02 -0.162213600540D-02  0.315392834028D-02
 -0.168553204399D-02  0.452285978437D-03  0.165726357736D-02 -0.382671520762D-02
 -0.164784036037D-02  0.312439240625D-02 -0.167234298986D-02  0.180140835918D-01
  0.144986851849D-02  0.466305459923D-03  0.798198294228D-03  0.305996749640D-04
  0.289168415815D-03 -0.277593114802D-03 -0.544064127789D-04  0.642417879267D-03
 -0.439108603208D-03  0.270975384003D-04  0.282695840683D-03 -0.267205873017D-03
 -0.617553278606D-04  0.635421233465D-03 -0.435138511150D-03  0.144161630684D-02
  0.619773966478D+00  0.433987825432D-02  0.820533309746D-03 -0.639676916257D-02
 -0.154828488414D-02 -0.291314938446D-02  0.124154478378D-01  0.611352324560D-02
 -0.398070650686D-02  0.716241428198D-03 -0.152885554000D-02 -0.290004923072D-02
  0.123764729307D-01  0.611483295631D-02 -0.395787331662D-02  0.718505857262D-03
  0.431820137514D-02  0.811594518009D-03  0.365194956859D+00 -0.518911572641D-02
 -0.132472046567D-02  0.240025836337D-02  0.871689739846D-03  0.122601916489D-02
 -0.693233152178D-02 -0.356069256687D-02  0.123316671394D-02  0.356576588999D-03
  0.866326241678D-03  0.122975387339D-02 -0.692758378944D-02 -0.354833624199D-02
  0.123201479367D-02  0.348123099478D-03 -0.516139047164D-02 -0.132997574205D-02
  0.240909310471D-02  0.490409493667D+00 -0.283946910028D-03 -0.178556054929D-03
 -0.148865791470D-02 -0.254668749312D-03 -0.629647051285D-03  0.206308239973D-02
  0.962423444909D-03 -0.102106002793D-02  0.393925807172D-03 -0.249446896999D-03
 -0.623454919756D-03  0.205042297176D-02  0.967397044970D-03 -0.101305143280D-02
  0.391689606109D-03 -0.281872142851D-03 -0.183764890623D-03 -0.150567177900D-02
  0.122947986663D-02  0.380078475744D+00 -0.513335427231D-02 -0.131117455218D-02
  0.236393719794D-02  0.860357612594D-03  0.120831648125D-02 -0.684196449887D-02
 -0.351490886402D-02  0.121284089494D-02  0.355178182024D-03  0.855087593889D-03
  0.121204997156D-02 -0.683735174677D-02 -0.350265738917D-02  0.121175381041D-02
  0.346804005640D-03 -0.510592332479D-02 -0.131640533940D-02  0.237256328781D-02
  0.934151880163D-03  0.121512294577D-02  0.490404633989D+00 -0.321296208451D-03
 -0.188338134063D-03 -0.147515793001D-02 -0.249099464498D-03 -0.622446694783D-03
  0.201887929352D-02  0.939492468972D-03 -0.101472150966D-02  0.397365058923D-03
 -0.243903360527D-03 -0.616213724919D-03  0.200622392361D-02  0.944565022463D-03
 -0.100670239090D-02  0.395063878555D-03 -0.319020585480D-03 -0.193596266584D-03
 -0.149214899085D-02  0.123896728562D-02 -0.100483784051D-03  0.122455988290D-02
  0.380095442489D+00  0.226132123906D-02  0.891750817346D-03  0.375686911924D-02
  0.516570638079D-03  0.153135162110D-02 -0.422012133318D-02 -0.187928726824D-02
  0.268982943459D-02 -0.126542533970D-02  0.502556464507D-03  0.151197199581D-02
 -0.418388832586D-02 -0.189741274424D-02  0.266640123844D-02 -0.125648313796D-02
  0.224758580429D-02  0.908631193081D-03  0.380489383446D-02 -0.390127150913D-02
 -0.134020551799D-04 -0.385804875407D-02 -0.410155690971D-04  0.385838100320D+00
  0.000000000000D+00  0.000000000000D+00  0.000000000000D+00  0.000000000000D+00
  0.000000000000D+00  0.000000000000D+00  0.000000000000D+00  0.000000000000D+00
  0.000000000000D+00  0.000000000000D+00  0.000000000000D+00  0.000000000000D+00
  0.000000000000D+00  0.000000000000D+00  0.000000000000D+00  0.000000000000D+00
  0.000000000000D+00  0.000000000000D+00  0.000000000000D+00  0.000000000000D+00
  0.000000000000D+00  0.000000000000D+00  0.000000000000D+00  0.000000000000D+00
$end
