$coord
    0.74447530234144     -0.28628082513920     -4.69059127438351  h
   -0.37598225517278     -0.44154554752181     -3.26207962884985  o
    0.92844058548341      0.47860781351665     -1.09433120192457  c
    1.69337207847079      2.36936679048017     -1.43228076953677  h
    2.48895461879293     -0.77758261462371     -0.57995812944453  h
   -0.92844025179623      0.47860840578774      1.09433106600076  c
   -1.69337028370015      2.36936798648036      1.43228069171703  h
   -2.48895524021779     -0.77758073440052      0.57995778033163  h
    0.37598179808109     -0.44154592736681      3.26207953432479  o
   -0.74447797604699     -0.28628603546931      4.69058997659343  h
$intdef
# definitions of internal coordinates
   1 f  1.0000000000000 tors    2    3    6    9 val= 138.00000
$user-defined bonds
$redundant
     number_of_atoms            10
     degrees_of_freedom         24
     internal_coordinates       25
     frozen_coordinates          1
# definitions of redundant internals
   1 k  1.0000000000000 tors   1    2    3    6 val= 174.38091
   2 k  1.0000000000000 stre   2    1           val=   1.82214
   3 k  1.0000000000000 bend   3    1    2      val= 107.71040
   4 k  1.0000000000000 stre   3    4           val=   2.06744
   5 k  1.0000000000000 stre   3    5           val=   2.06828
   6 k  0.0704774757992 bend   5    4    3      val=   0.76576
       -0.5059323486575 bend   2    4    3
       -0.5110267479967 bend   2    5    3
        0.5134542813982 bend   6    4    3
        0.4629057654995 bend   6    5    3
   7 k  0.0402041164091 bend   5    4    3      val=   1.07306
       -0.5498201122446 bend   2    4    3
        0.5255592475663 bend   2    5    3
       -0.4470712322718 bend   6    4    3
        0.4690375931283 bend   6    5    3
   8 k -0.8866523623088 bend   5    4    3      val=   2.17756
        0.1783392832878 bend   2    4    3
        0.2035873833241 bend   2    5    3
        0.2413371692907 bend   6    4    3
        0.2869690514995 bend   6    5    3
   9 k -0.0113700129654 bend   5    4    3      val=   1.55901
       -0.4418915984029 bend   2    4    3
        0.4759361867111 bend   2    5    3
        0.5306970224832 bend   6    4    3
       -0.5444703431524 bend   6    5    3
  10 k  1.0000000000000 stre   6    7           val=   2.06744
  11 k  1.0000000000000 stre   6    8           val=   2.06828
  12 k  0.0704774747630 bend   8    7    6      val=   0.76576
       -0.5059324835301 bend   9    7    6
       -0.5110266081677 bend   9    8    6
        0.5134542647892 bend   3    7    6
        0.4629057910358 bend   3    8    6
  13 k  0.0402042518226 bend   8    7    6      val=   1.07307
       -0.5498200223992 bend   9    7    6
        0.5255593533532 bend   9    8    6
       -0.4470713009260 bend   3    7    6
        0.4690375028669 bend   3    8    6
  14 k -0.8866523746338 bend   8    7    6      val=   2.17755
        0.1783391732783 bend   9    7    6
        0.2035874696005 bend   9    8    6
        0.2413371287141 bend   3    7    6
        0.2869690547015 bend   3    8    6
  15 k -0.0113699756139 bend   8    7    6      val=   1.55901
       -0.4418915596581 bend   9    7    6
        0.4759362014962 bend   9    8    6
        0.5306969499363 bend   3    7    6
       -0.5444704331653 bend   3    8    6
  16 k  1.0000000000000 tors  10    9    6    3 val= 174.38111
  17 k  1.0000000000000 stre   9   10           val=   1.82214
  18 k  1.0000000000000 bend   6   10    9      val= 107.71040
  19 k  1.0000000000000 tors   2    3    6    9 val= 138.00000
  20 k  1.0000000000000 stre   3    2           val=   2.69209
  21 k  1.0000000000000 bend   6    2    3      val= 107.49052
  22 k  1.0000000000000 stre   6    9           val=   2.69209
  23 k  1.0000000000000 bend   3    9    6      val= 107.49053
  24 k  1.0000000000000 stre   3    6           val=   2.87024
  25 f  1.0000000000000 tors   2    3    6    9 val= 138.00000
        24 non zero eigenvalues  of BmBt
           1           3.961932411    1    0
         1
           2           3.817822847    2    0
         2
           3           3.742357192    3    0
         3
           4           3.007383346    4    0
         4
           5           2.999777057    5    0
         5
           6           2.445924447    6    0
         6
           7           2.137181262    7    0
         7
           8           1.700797795    8    0
         8
           9           1.245593373    9    0
         9
          10           1.185156805   10    0
        10
          11           1.041317712   11    0
        11
          12           0.855065011   12    0
        12
          13           0.770267819   13    0
        13
          14           0.750075747   14    0
        14
          15           0.564760706   15    0
        15
          16           0.433358528   16    0
        16
          17           0.353310546   17    0
        17
          18           0.339724930   18    0
        18
          19           0.282338698   20    0
        20
          20           0.254091796   21    0
        21
          21           0.121289472   22    0
        22
          22           0.070787560   23    0
        23
          23           0.067151075   24    0
        24
          24           0.000000000    0    1
         0.000000000         0.000000000         0.000000000         0.000000000
         0.000000000         0.000000000         0.000000000         0.000000000
         0.000000000         0.000000000         0.000000000         0.000000000
         0.000000000         0.000000000         0.000000000         0.000000000
         0.000000000         0.000000000         0.000000000         0.000000000
         0.000000000         0.000000000         0.000000000         0.000000000
         1.000000000
$end
