$energy      SCF               SCFKIN            SCFPOT            MP2
     1 -229.0251344531      228.787473     -457.812607     -.8127037898672
     2 -229.0255670059      228.785522     -457.811089     -.8127479263362
     3 -229.0255039164      228.790770     -457.816274     -.8129396879677
     4 -229.0254303689      228.786511     -457.811941     -.8130216590510
     5 -229.0254129427      228.786321     -457.811734     -.8130401847806
     6 -229.0254138784      228.786507     -457.811921     -.8130393194110
     7 -229.0254134453      228.786487     -457.811900     -.8130397946012
     8 -229.0254134452      228.786485     -457.811899     -.8130397797226
     9 -229.0254131023      228.786472     -457.811885     -.8130401400110
    10 -229.0254123204      228.786448     -457.811861     -.8130409105584
    11 -229.0254123202      228.786448     -457.811860     -.8130409091921
    12 -229.0254124132      228.786449     -457.811861     -.8130408111556
    13 -229.0254124459      228.786450     -457.811863     -.8130407759883
$end
