$grad          cartesian gradients
  cycle =      1 MP2 energy =     -229.8378382430 |dE/dxyz| =  0.009689
    0.76700956505215     -0.45725869832610     -4.66590288891215      h
   -0.37670756648547     -0.43944506421498     -3.25299743739060      o
    0.93097687022930      0.48227633358136     -1.08782129452143      c
    1.63061416774286      2.40915188321612     -1.38748579295505      h
    2.54444469929119     -0.72447290502547     -0.60553564021389      h
   -0.93090411299817      0.48241286389675      1.08781581444950      c
   -1.63029560713833      2.40936449074142      1.38746403997128      h
   -2.54452989283011     -0.72414476793911      0.60551517237828      h
    0.37666298944395     -0.43940330811560      3.25302102821684      o
   -0.76740235362689     -0.45818203866338      4.66563595658279      h
  -.24284233769620D-02  -.11480310146656D-02  0.77179590266008D-03
  0.23069209265154D-02  -.12077872654190D-02  -.11430187418702D-02
  -.18154042910723D-02  0.34859090723871D-03  0.28942301085780D-02
  -.10707780860224D-02  0.17804014636322D-02  0.25784930234932D-02
  0.27268610834135D-02  0.22499659720276D-03  -.89729506413472D-03
  0.18158255959517D-02  0.35669647866632D-03  -.28925391080408D-02
  0.10739627625000D-02  0.17755859929980D-02  -.25773934993684D-02
  -.27314220997332D-02  0.22340411049204D-03  0.89490493079691D-03
  -.23043368447349D-02  -.12042059129320D-02  0.11417929567106D-02
  0.24267943298342D-02  -.11496514468059D-02  -.77097050937613D-03
  cycle =      2 MP2 energy =     -229.8383149322 |dE/dxyz| =  0.005345
    0.75955072317733     -0.34847990402201     -4.69090672512490      h
   -0.36549616478491     -0.45438185979841     -3.26255787362740      o
    0.93166201301474      0.46469967088466     -1.09286895382404      c
    1.66563987179085      2.37386111107980     -1.40829684394757      h
    2.51804143342287     -0.76537570396009     -0.59792135970487      h
   -0.93160971637218      0.46476452908626      1.09284467019185      c
   -1.66535025381944      2.37399651447253      1.40838270698224      h
   -2.51814048153358     -0.76507796101624      0.59779353600174      h
    0.36540191910715     -0.45459498503752      3.26250311467586      o
   -0.75983058532237     -0.34911262253797      4.69073668598267      h
  -.84636121412363D-03  -.57145442135686D-03  -.34051281570324D-03
  0.20429673157940D-02  -.16592162425040D-02  0.51586023785877D-03
  -.10607853884710D-02  0.85624869917655D-03  -.23195140936139D-03
  -.36310437664988D-03  0.78428981943190D-03  0.11197458214461D-02
  0.74091952323929D-03  0.58879167075299D-03  -.10612286950934D-02
  0.10612479068888D-02  0.85924554578343D-03  0.23114914512856D-03
  0.36351683773717D-03  0.78318539940847D-03  -.11186588870555D-02
  -.74131804724553D-03  0.58872869731230D-03  0.10599171433893D-02
  -.20430736047885D-02  -.16570967458898D-02  -.51463012219699D-03
  0.84599104767280D-03  -.57272244470819D-03  0.34030958255293D-03
  cycle =      3 MP2 energy =     -229.8384436044 |dE/dxyz| =  0.005766
    0.74772770886238     -0.28106705827762     -4.69451676249479      h
   -0.36406966916445     -0.46169707114564     -3.26188044907778      o
    0.93219467610387      0.45727042512702     -1.09209156958448      c
    1.69430529987107      2.35102756042272     -1.42123279593531      h
    2.49470689397345     -0.79516399871248     -0.57889439331878      h
   -0.93218514739324      0.45728277104142      1.09205991781443      c
   -1.69404350186117      2.35110862799691      1.42140749565132      h
   -2.49486059000377     -0.79488128160961      0.57870683747643      h
    0.36393834565302     -0.46210534533455      3.26175209664581      o
   -0.74784525736071     -0.28147584035717      4.69439858042873      h
  0.11792940427302D-04  0.33236047149804D-04  -.24363954387852D-03
  0.11750076509900D-02  -.23576917805883D-02  0.14808332231953D-02
  -.98561309807721D-03  0.19816962295685D-02  -.14848051292937D-02
  -.19907022155818D-04  0.82665508231994D-04  0.24726645093975D-03
  -.14366150563605D-03  0.25937084305383D-03  -.40712471794346D-03
  0.98592485689464D-03  0.19818015234949D-02  0.14858236600532D-02
  0.19159873744456D-04  0.83461072272417D-04  -.24684651961215D-03
  0.14468589940853D-03  0.25956707152286D-03  0.40652710504213D-03
  -.11755177414452D-02  -.23574594710682D-02  -.14812587704442D-02
  -.11871853959899D-04  0.33352952446747D-04  0.24322424321133D-03
  cycle =      4 MP2 energy =     -229.8384520280 |dE/dxyz| =  0.005805
    0.74968782150911     -0.28846341945871     -4.69264948977614      h
   -0.36767497236139     -0.45867033270459     -3.26345035076903      o
    0.93086092236509      0.46092565184934     -1.09261660640591      c
    1.69724300906520      2.35192956845187     -1.42604935286976      h
    2.49034288751767     -0.79534434374652     -0.57524724215332      h
   -0.93085849668821      0.46093171512285      1.09258226984960      c
   -1.69697925886085      2.35200418337606      1.42622627922291      h
   -2.49051292117313     -0.79506359783229      0.57506480065845      h
    0.36754521406700     -0.45909120480578      3.26331365968882      o
   -0.74978544676004     -0.28885943110123      4.69253499015995      h
  -.42231109131041D-04  0.18992044786642D-04  -.45123754306431D-04
  0.87355582068760D-03  -.25193773530652D-02  0.69016481254902D-03
  -.12571678091446D-02  0.24746007041916D-02  -.12404523544094D-02
  0.34430022709753D-04  0.94715024596681D-05  0.10978828114094D-03
  -.40078588972037D-05  0.16316396201255D-04  -.28190586457033D-04
  0.12575269504445D-02  0.24744970845179D-02  0.12411491699884D-02
  -.34485203517454D-04  0.94952831624084D-05  -.10987078797298D-03
  0.40830768974764D-05  0.16243355074330D-04  0.27908363848972D-04
  -.87388664484944D-03  -.25193434545607D-02  -.69047923257859D-03
  0.42182754237174D-04  0.19104436295880D-04  0.45106089022529D-04
  cycle =      5 MP2 energy =     -229.8384531275 |dE/dxyz| =  0.005635
    0.75181239044204     -0.29794448709265     -4.69000549969675      h
   -0.36984335884555     -0.45635412434244     -3.26287743279532      o
    0.93045321954563      0.46354157712644     -1.09263984359497      c
    1.69669009026847      2.35416274431742     -1.42829961694165      h
    2.48983074223753     -0.79302992168909     -0.57496217947853      h
   -0.93045124447164      0.46354915652448      1.09260469543062      c
   -1.69642484795547      2.35423949556328      1.42847268904017      h
   -2.49000346201596     -0.79274854450925      0.57478753076574      h
    0.36971759224418     -0.45676696755156      3.26274053032842      o
   -0.75191236276880     -0.29835013919563      4.68988808454783      h
  -.34879840679736D-04  -.33155637871318D-06  0.18435855450694D-04
  0.74707846025568D-03  -.24764852445571D-02  0.58232718445339D-03
  -.12100523141338D-02  0.25097405879952D-02  -.10366408841080D-02
  0.15935444818149D-04  -.47809434047252D-05  0.41418680499006D-04
  0.40113296103872D-04  -.27998557288633D-04  0.39385035570438D-04
  0.12103753669148D-02  0.25094368534240D-02  0.10370282982453D-02
  -.15822238511820D-04  -.48873109763647D-05  -.41523247053754D-04
  -.40216067619614D-04  -.28046128162096D-04  -.39430887909142D-04
  -.74742196651734D-03  -.24763345479570D-02  -.58258396541522D-03
  0.34889859046316D-04  -.31315459773917D-06  -.18416069696769D-04
  cycle =      6 MP2 energy =     -229.8384531978 |dE/dxyz| =  0.005492
    0.75279784411512     -0.30098563691852     -4.68924794758903      h
   -0.37028108044778     -0.45570407845588     -3.26273960221170      o
    0.93037487618723      0.46422134256000     -1.09271553431699      c
    1.69613671601686      2.35491972180067     -1.42914002828853      h
    2.48990347191747     -0.79207712016773     -0.57551806947953      h
   -0.93037233126329      0.46423034718740      1.09268033748178      c
   -1.69587168839129      2.35499815138585      1.42931196879348      h
   -2.49007520244905     -0.79179516333531      0.57534573789947      h
    0.37015660166131     -0.45611304721480      3.26260320659075      o
   -0.75290044866616     -0.30139572769068      4.68912888872585      h
  -.24238586435743D-05  -.30673329445147D-05  -.20785590986172D-05
  0.72174393718338D-03  -.24400404690730D-02  0.62300952396388D-03
  -.11347872027545D-02  0.24445845091581D-02  -.97615132863588D-03
  0.48198358877372D-05  -.21412320649894D-05  0.44706988471255D-05
  0.68548574678751D-05  0.74068019806361D-06  0.74219347928617D-05
  0.11351034365124D-02  0.24442336714849D-02  0.97643322997903D-03
  -.47943538203921D-05  -.21301181476474D-05  -.44901149383048D-05
  -.68528580472460D-05  0.75086175188588D-06  -.73907554470343D-05
  -.72209630842579D-03  -.24398558769572D-02  -.62330853673398D-03
  0.24325145471238D-05  -.30746961302147D-05  0.20839073462398D-05
  cycle =      7 MP2 energy =     -229.8384532399 |dE/dxyz| =  0.005484
    0.75279758507795     -0.30069227259749     -4.68930436976898      h
   -0.37022583862700     -0.45578171702322     -3.26278927715366      o
    0.93038588649255      0.46414820517343     -1.09270666399390      c
    1.69610990751906      2.35485748214416     -1.42916839022487      h
    2.48989265020998     -0.79215748574132     -0.57555169121247      h
   -0.93038313720043      0.46415724500369      1.09267146642953      c
   -1.69584499735492      2.35493580111851      1.42934052784499      h
   -2.49006404507473     -0.79187551665125      0.57537889195209      h
    0.37010116654975     -0.45619094469326      3.26265306357323      o
   -0.75290041891179     -0.30110200758226      4.68918540015960      h
  -.76355646871917D-06  -.31320238823296D-06  -.23792181536031D-05
  0.72018789647199D-03  -.24439080522956D-02  0.61732844684226D-03
  -.11262405307453D-02  0.24421244207713D-02  -.96620951572135D-03
  0.30670585626780D-05  -.40533238720997D-06  0.67920534907451D-06
  0.55719964997536D-06  0.25579332247894D-05  0.29349612037932D-05
  0.11265699273153D-02  0.24418292551540D-02  0.96647496699198D-03
  -.30629567397966D-05  -.39461416223574D-06  -.68510638284724D-06
  -.54664986715025D-06  0.25648819170776D-05  -.29198633387795D-05
  -.72053765917524D-03  -.24437403373234D-02  -.61760839749692D-03
  0.76927053971332D-06  -.31495528858561D-06  0.23845211369888D-05
  cycle =      8 MP2 energy =     -229.8384532249 |dE/dxyz| =  0.005484
    0.74447561332648     -0.28644693069545     -4.69058149390376      h
   -0.37598829317414     -0.44153598461387     -3.26205509407574      o
    0.92843204799219      0.47860311868771     -1.09434845494388      c
    1.69342286083783      2.36934701604265     -1.43228026832538      h
    2.48894688477728     -0.77756609406272     -0.57990997068232      h
   -0.92843214279994      0.47860302776012      1.09434848833171      c
   -1.69342293655202      2.36934697826422      1.43228023238058      h
   -2.48894696217021     -0.77756622185435      0.57991019738084      h
    0.37598834926968     -0.44153598802907      3.26205504550515      o
   -0.74447522087164     -0.28644665916332      4.69058167625030      h
  -.10592541679344D-05  -.65322805296864D-06  -.23182461768023D-05
  0.72140532618814D-03  -.24434116741068D-02  0.61636382810448D-03
  -.11279671990079D-02  0.24419167567955D-02  -.96445543106455D-03
  0.30477591641542D-05  -.34332497689249D-06  0.64573290625702D-06
  0.62578792059398D-06  0.25034788673217D-05  0.29397611089887D-05
  0.11279315382411D-02  0.24418214755233D-02  0.96443306010907D-03
  -.30424399195539D-05  -.35382805396722D-06  -.65217160827302D-06
  -.62398936995223D-06  0.24944457344134D-05  -.29352634521307D-05
  -.72138829777746D-03  -.24433318885473D-02  -.61635118204695D-03
  0.10707688438139D-05  -.64221567296074D-06  0.23299140488042D-05
  cycle =      9 MP2 energy =     -229.8384532423 |dE/dxyz| =  0.005483
    0.74449386358341     -0.28646440623826     -4.69057171747664      h
   -0.37599419510747     -0.44153577951380     -3.26206483798879      o
    0.92843183057434      0.47860892884636     -1.09434314468284      c
    1.69339790406526      2.36936013092658     -1.43227980192501      h
    2.48894982622561     -0.77756758312147     -0.57992949561684      h
   -0.92843189685308      0.47860874154303      1.09434320021858      c
   -1.69339816360840      2.36935987777701      1.43228011451974      h
   -2.48894977467343     -0.77756778024134      0.57992935698177      h
    0.37599393772965     -0.44153673844656      3.26206463906182      o
   -0.74449313130037     -0.28646312919564      4.69057204482571      h
  -.80797154033974D-06  -.10573677623194D-05  -.78172633699580D-06
  0.71929882248778D-03  -.24447971343204D-02  0.61119461255199D-03
  -.11258411484469D-02  0.24446375371934D-02  -.95816698041556D-03
  0.17624299575303D-05  -.85572330110750D-07  0.70180239686302D-06
  0.84446335302246D-06  0.13015598945287D-05  0.19630484951461D-05
  0.11258550314066D-02  0.24446439093722D-02  0.95817547994781D-03
  -.17806287271327D-05  -.75816092959258D-07  -.70804618024223D-06
  -.82870212603225D-06  0.12948095871046D-05  -.19543747748485D-05
  -.71932382064421D-03  -.24448383259039D-02  -.61121230035699D-03
  0.82152387914647D-06  -.10236019363785D-05  0.78848577178547D-06
  cycle =     10 MP2 energy =     -229.8384532310 |dE/dxyz| =  0.005482
    0.74448373507056     -0.28630593982338     -4.69058625776995      h
   -0.37597328420046     -0.44158413713244     -3.26207984019456      o
    0.92844541227068      0.47857388506840     -1.09432268701690      c
    1.69336809948604      2.36933698832576     -1.43226882246847      h
    2.48895925126309     -0.77762040077115     -0.57994406817509      h
   -0.92844462610754      0.47857479775047      1.09432289936929      c
   -1.69336785879224      2.36933805477368      1.43226699854804      h
   -2.48895817434080     -0.77762037164429      0.57994550440798      h
    0.37597396200342     -0.44158106728293      3.26208102505385      o
   -0.74448631601722     -0.28630954692822      4.69058560616332      h
  -.85760744861219D-06  0.51629543176834D-06  0.10244483834576D-05
  0.71616817438702D-03  -.24489952525251D-02  0.60541073001641D-03
  -.11197770364175D-02  0.24491675980780D-02  -.94773190963154D-03
  -.66501468798386D-06  0.29300494208684D-06  0.11224071883031D-06
  0.44841840374232D-06  -.98896431310891D-06  0.47006757430967D-07
  0.11197937157581D-02  0.24492075701485D-02  0.94772110265762D-03
  0.65939372850821D-06  0.28998998358176D-06  -.12781140312779D-06
  -.45227866785069D-06  -.99741901404826D-06  -.27742435737554D-07
  -.71616353723769D-03  -.24489711019919D-02  -.60539188658471D-03
  0.84577210390790D-06  0.47827666461997D-06  -.10361792899261D-05
  cycle =     11 MP2 energy =     -229.8384532294 |dE/dxyz| =  0.005482
    0.74446973636379     -0.28627186077964     -4.69058884448116      h
   -0.37598322479840     -0.44155006419808     -3.26207924457875      o
    0.92844216312588      0.47860656234289     -1.09432552548420      c
    1.69336474575980      2.36936943641070     -1.43227317993132      h
    2.48895690954234     -0.77758863188167     -0.57995187801742      h
   -0.92844154796415      0.47860753035986      1.09432542908221      c
   -1.69336293124737      2.36937101657469      1.43227243198709      h
   -2.48895716285411     -0.77758673064282      0.57995208550190      h
    0.37598288246750     -0.44154973034475      3.26207944679313      o
   -0.74447319415954     -0.28627821609763      4.69058732395694      h
  -.81105269211790D-06  0.23063561407910D-06  0.10359825060036D-05
  0.71604664450486D-03  -.24486849043979D-02  0.60551070531734D-03
  -.11197774227356D-02  0.24491397183151D-02  -.94785844099182D-03
  -.65099124690882D-06  0.30518453097983D-06  0.89295289384950D-07
  0.44294540790801D-06  -.99934467812091D-06  0.39479216562555D-07
  0.11198073266248D-02  0.24492120907751D-02  0.94785824171201D-03
  0.65429038320630D-06  0.30631737635289D-06  -.95286845080977D-07
  -.45309170548791D-06  -.99600114689125D-06  -.25981677920228D-07
  -.71606330594598D-03  -.24487164341989D-02  -.60550939228321D-03
  0.80465678609087D-06  0.20273536305293D-06  -.10445992888464D-05
  cycle =     12 MP2 energy =     -229.8384532244 |dE/dxyz| =  0.005481
    0.74448209680438     -0.28631335042047     -4.69058313301492      h
   -0.37598860535209     -0.44153815211950     -3.26207904043774      o
    0.92843929737756      0.47861642640534     -1.09433062039525      c
    1.69336624831412      2.36937699641275     -1.43228086768213      h
    2.48895439119118     -0.77757626792423     -0.57996104719724      h
   -0.92843896839193      0.47861703533596      1.09433048260968      c
   -1.69336451442256      2.36937818014770      1.43228079795592      h
   -2.48895501397608     -0.77757440227658      0.57996072726573      h
    0.37598809305217     -0.44153874898187      3.26207888232478      o
   -0.74448464836102     -0.28631840483555      4.69058186339959      h
  0.13843380530787D-06  -.55529907901086D-06  0.27538418612139D-06
  0.71592666102394D-03  -.24474782851915D-02  0.60700318073170D-03
  -.11197100026079D-02  0.24483630786682D-02  -.94943903972122D-03
  -.36456770780013D-06  0.13323172787238D-07  -.55140524368724D-07
  -.79557216814408D-07  -.34195872089526D-06  -.32049443471349D-06
  0.11197149295725D-02  0.24483723132636D-02  0.94944084844772D-03
  0.36782498424870D-06  0.16573739269887D-07  0.55225491291111D-07
  0.75239026564589D-07  -.33676316624209D-06  0.32375265629492D-06
  -.71593570686979D-03  -.24475084275282D-02  -.60701043748068D-03
  -.13325409264908D-06  -.54455786835383D-06  -.27327895679718D-06
  cycle =     13 MP2 energy =     -229.8384532219 |dE/dxyz| =  0.005482
    0.74447530234144     -0.28628082513920     -4.69059127438351      h
   -0.37598225517278     -0.44154554752181     -3.26207962884985      o
    0.92844058548341      0.47860781351665     -1.09433120192457      c
    1.69337207847079      2.36936679048017     -1.43228076953677      h
    2.48895461879293     -0.77758261462371     -0.57995812944453      h
   -0.92844025179623      0.47860840578774      1.09433106600076      c
   -1.69337028370015      2.36936798648036      1.43228069171703      h
   -2.48895524021779     -0.77758073440052      0.57995778033163      h
    0.37598179808109     -0.44154592736681      3.26207953432479      o
   -0.74447797604699     -0.28628603546931      4.69058997659343      h
  0.21794196980451D-06  0.52301538144839D-06  -.44000709431558D-06
  0.71643884177508D-03  -.24482220500652D-02  0.60820060543154D-03
  -.11197241944738D-02  0.24476708995498D-02  -.95040179042932D-03
  -.11766543628333D-06  -.11619457840339D-06  -.20078603368834D-06
  -.40689953051398D-06  0.14602677333997D-06  -.36572159123338D-06
  0.11197197394206D-02  0.24476471278936D-02  0.95039689710891D-03
  0.12535345272902D-06  -.11231681851243D-06  0.20141589129885D-06
  0.40299690962087D-06  0.15368205552591D-06  0.36520045693100D-06
  -.71643127530763D-03  -.24482014176352D-02  -.60819393612199D-03
  -.22483906692017D-06  0.51122505514978D-06  0.43812006467192D-06
$end
