$hessapprox internal
  0.297048474829D-01  0.482204559659D-02  0.603010793512D+00  0.407723776539D-03
 -0.403619417401D-02  0.370393843652D+00 -0.148452649543D-02 -0.683579584279D-03
 -0.106453381140D-03  0.426471436427D+00 -0.435855910550D-02  0.889625285991D-02
  0.301200078999D-02  0.584133167079D-03  0.419155044297D+00  0.549992570674D-02
  0.383416175433D-02  0.791271675997D-03 -0.493569198767D-03 -0.314170616998D-02
  0.347916662755D+00 -0.468638906365D-03  0.493817711366D-02  0.153791125675D-02
  0.127192241308D-03 -0.368654228621D-02 -0.955900340308D-03  0.345207289184D+00
 -0.697841030507D-03 -0.132556091326D-01 -0.399387945684D-02 -0.143858976058D-03
  0.998900661833D-02  0.177586820203D-02  0.487605373556D-02  0.308982572665D+00
 -0.236293888759D-02 -0.912591919224D-02 -0.262029640247D-02  0.911187330915D-04
  0.696668691636D-02  0.462156181228D-03  0.319546552532D-02 -0.790423904881D-02
  0.340506958405D+00 -0.146816489049D-02 -0.711251368324D-03 -0.116014848057D-03
  0.136803943427D-03  0.604136867531D-03 -0.482664101205D-03  0.138899791575D-03
 -0.175891064072D-03  0.684833352137D-04  0.426467166683D+00 -0.437063500919D-02
  0.895492920407D-02  0.303072156791D-02  0.586301832815D-03 -0.651747170960D-02
 -0.315569309244D-02 -0.370942718748D-02  0.100491754998D-01  0.700689655420D-02
  0.606442630369D-03  0.419067769185D+00  0.549559216230D-02  0.396897980275D-02
  0.832677246305D-03 -0.490951365512D-03 -0.324275619404D-02  0.160385413373D-02
 -0.100647353364D-02  0.190608990069D-02  0.546483075849D-03 -0.479724019225D-03
 -0.325736244469D-02  0.347869946301D+00 -0.407518342558D-03  0.431019623857D-02
  0.134223257552D-02  0.110863398357D-03 -0.321780263510D-02 -0.833724064897D-03
 -0.163992225484D-02  0.425545043964D-02  0.278857791252D-02  0.121082588154D-03
 -0.323777631328D-02 -0.877861625784D-03  0.345655029949D+00 -0.708699121499D-03
 -0.131559615295D-01 -0.396274963593D-02 -0.141150797998D-03  0.991468255083D-02
  0.175601295189D-02  0.483801706377D-02 -0.123195394435D-01 -0.783927515980D-02
 -0.172947072823D-03  0.997438873351D-02  0.188521016851D-02  0.422225335258D-02
  0.309179549042D+00 -0.226141383935D-02 -0.949776430999D-02 -0.274065135046D-02
  0.748503301304D-04  0.724112828905D-02  0.560892314809D-03  0.334263663340D-02
 -0.829411159044D-02 -0.505700637570D-02  0.513538544803D-04  0.728310387878D-02
  0.649214742398D-03  0.291702944466D-02 -0.822617421971D-02  0.339968851645D+00
  0.149956233231D-01  0.479176918775D-02  0.430953105425D-03 -0.143728301786D-02
 -0.431330766888D-02  0.531373989109D-02 -0.497901276758D-03 -0.564769253624D-03
 -0.221884587080D-02 -0.142114034357D-02 -0.432554986469D-02  0.530837158549D-02
 -0.433101956091D-03 -0.576178763363D-03 -0.211696384581D-02  0.287732026553D-01
  0.483486067333D-02 -0.122012754904D-01 -0.405246716183D-02 -0.685690409720D-03
  0.893355736726D-02  0.384717520311D-02  0.495807414271D-02 -0.133082067142D-01
 -0.916134856358D-02 -0.713479394032D-03  0.899247283421D-02  0.398253295003D-02
  0.432756235798D-02 -0.132081570264D-01 -0.953471943740D-02  0.480465971433D-02
  0.602909628593D+00  0.438259315132D-03 -0.401220975614D-02 -0.125348414618D-02
 -0.109150057913D-03  0.299253231616D-02  0.799883471374D-03  0.153159977048D-02
 -0.398144434073D-02 -0.261607331155D-02 -0.118644506044D-03  0.301116310437D-02
  0.841136227450D-03  0.133672722470D-02 -0.395044510882D-02 -0.273580037195D-02
  0.460431823599D-03 -0.402839973214D-02  0.370404321135D+00 -0.101842308448D-02
  0.221260040917D-01  0.681648355639D-02  0.460665087601D-03 -0.165694438089D-01
 -0.384618409240D-02 -0.832630108199D-02  0.214769724350D-01  0.139452944883D-01
  0.513456660870D-03 -0.166712845447D-01 -0.406972350323D-02 -0.726677658609D-02
  0.213083299533D-01  0.146018452202D-01 -0.117968132574D-02  0.222147056581D-01
  0.679069613743D-02  0.455989637834D+00  0.831639118313D-03 -0.730572905408D-02
 -0.228474668913D-02 -0.202145021847D-03  0.544742288609D-02  0.147006984763D-02
  0.279173484257D-02 -0.726123515001D-02 -0.477511706846D-02 -0.219422809683D-03
  0.548136889160D-02  0.154528103965D-02  0.243653260375D-02 -0.720473395627D-02
 -0.499321404367D-02  0.871075124542D-03 -0.733522292715D-02 -0.227509050340D-02
  0.123800187889D-01  0.377249587066D+00 -0.100146465188D-02  0.221691418587D-01
  0.682847189677D-02  0.459649609823D-03 -0.166026507806D-01 -0.384603019409D-02
 -0.834090929124D-02  0.215123509812D-01  0.139659603789D-01  0.512549971299D-03
 -0.167046778520D-01 -0.406995183840D-02 -0.727952410170D-02  0.213434109726D-01
  0.146237409692D-01 -0.116356539250D-02  0.222580084938D-01  0.680267785522D-02
 -0.368872614607D-01  0.124019019104D-01  0.455862890914D+00  0.534136233353D-03
 -0.735458051468D-02 -0.227920523269D-02 -0.172883006367D-03  0.549828648869D-02
  0.135747475615D-02  0.278440442992D-02 -0.720590134426D-02 -0.470270192787D-02
 -0.190370131136D-03  0.553226403096D-02  0.143233156848D-02  0.243010659708D-02
 -0.714952252175D-02 -0.492145448830D-02  0.582284480212D-03 -0.738414574194D-02
 -0.227018284426D-02  0.123274597022D-01 -0.413833000622D-02  0.123488949822D-01
  0.377271815232D+00  0.637631394358D-02 -0.158277718291D-01 -0.526412580828D-02
 -0.900041352177D-03  0.115838388597D-01  0.503282552531D-02  0.644068424192D-02
 -0.172995034327D-01 -0.119202623812D-01 -0.936057532930D-03  0.116603326863D-01
  0.520871005825D-02  0.562164003506D-02 -0.171695443637D-01 -0.124048841638D-01
  0.633422556754D-02 -0.158935697794D-01 -0.523266436470D-02  0.288640536869D-01
 -0.952783942445D-02  0.289204318344D-01 -0.959320695667D-02  0.368564962256D+00
  0.000000000000D+00  0.000000000000D+00  0.000000000000D+00  0.000000000000D+00
  0.000000000000D+00  0.000000000000D+00  0.000000000000D+00  0.000000000000D+00
  0.000000000000D+00  0.000000000000D+00  0.000000000000D+00  0.000000000000D+00
  0.000000000000D+00  0.000000000000D+00  0.000000000000D+00  0.000000000000D+00
  0.000000000000D+00  0.000000000000D+00  0.000000000000D+00  0.000000000000D+00
  0.000000000000D+00  0.000000000000D+00  0.000000000000D+00  0.000000000000D+00
$end
