$coord
    0.00170828667453     -1.09109653004250     -4.19874275184817  h
   -0.01885717646585     -1.20592892761004     -2.37990136780673  o
    0.02875276951732      1.30730732967732     -1.45696357421030  c
   -1.59498024221531      2.37887178450274     -2.16326236542826  h
    1.74143714567984      2.27583956953320     -2.10018572126213  h
   -0.02875226619734      1.30730734375181      1.45696356503286  c
    1.59498032543279      2.37887246130449      2.16326232327027  h
   -1.74143702522577      2.27583891012658      2.10018570855868  h
    0.01885870797716     -1.20592888045721      2.37990141694389  o
   -0.00171091672720     -1.09109653221055      4.19874275833748  h
$intdef
# definitions of internal coordinates
   1 f  1.0000000000000 tors    2    3    6    9 val=   3.00000
$user-defined bonds
$redundant
     number_of_atoms            10
     degrees_of_freedom         24
     internal_coordinates       25
     frozen_coordinates          1
# definitions of redundant internals
   1 k  1.0000000000000 tors   1    2    3    6 val= 179.39902
   2 k  1.0000000000000 stre   2    1           val=   1.82258
   3 k  1.0000000000000 bend   3    1    2      val= 106.53645
   4 k  1.0000000000000 stre   3    4           val=   2.06969
   5 k  1.0000000000000 stre   3    5           val=   2.07004
   6 k  0.0655996480677 bend   5    4    3      val=   0.64008
       -0.5117293956557 bend   2    4    3
       -0.5053258107553 bend   2    5    3
        0.4884199936481 bend   6    4    3
        0.4898177687513 bend   6    5    3
   7 k  0.0029795253038 bend   5    4    3      val=   0.08840
       -0.5429187166932 bend   2    4    3
        0.5475518326281 bend   2    5    3
       -0.4522311311583 bend   6    4    3
        0.4482235871639 bend   6    5    3
   8 k  0.8952463123250 bend   5    4    3      val=  -0.20170
       -0.1838072923565 bend   2    4    3
       -0.1892003698690 bend   2    5    3
       -0.2540541498504 bend   6    4    3
       -0.2537885508260 bend   6    5    3
   9 k -0.0017562960278 bend   5    4    3      val=   0.24197
        0.4500451075073 bend   2    4    3
       -0.4504008769306 bend   2    5    3
       -0.5431451387974 bend   6    4    3
        0.5473469876540 bend   6    5    3
  10 k  1.0000000000000 stre   6    7           val=   2.06969
  11 k  1.0000000000000 stre   6    8           val=   2.07004
  12 k  0.0655996102186 bend   8    7    6      val=   0.64007
       -0.5117294166589 bend   9    7    6
       -0.5053257861808 bend   9    8    6
        0.4884200028780 bend   3    7    6
        0.4898177680265 bend   3    8    6
  13 k  0.0029795788794 bend   8    7    6      val=   0.08840
       -0.5429186991908 bend   9    7    6
        0.5475518282908 bend   9    8    6
       -0.4522311614875 bend   3    7    6
        0.4482235827058 bend   3    8    6
  14 k  0.8952463172483 bend   8    7    6      val=  -0.20170
       -0.1838072730525 bend   9    7    6
       -0.1892004213393 bend   9    8    6
       -0.2540541115877 bend   3    7    6
       -0.2537885473712 bend   3    8    6
  15 k -0.0017563041158 bend   8    7    6      val=   0.24197
        0.4500451115199 bend   9    7    6
       -0.4504008986064 bend   9    8    6
       -0.5431451102075 bend   3    7    6
        0.5473469948626 bend   3    8    6
  16 k  1.0000000000000 tors  10    9    6    3 val= 179.39915
  17 k  1.0000000000000 stre   9   10           val=   1.82258
  18 k  1.0000000000000 bend   6   10    9      val= 106.53645
  19 k  1.0000000000000 tors   2    3    6    9 val=   3.00000
  20 k  1.0000000000000 stre   3    2           val=   2.67777
  21 k  1.0000000000000 bend   6    2    3      val= 110.13596
  22 k  1.0000000000000 stre   6    9           val=   2.67777
  23 k  1.0000000000000 bend   3    9    6      val= 110.13596
  24 k  1.0000000000000 stre   3    6           val=   2.91449
  25 f  1.0000000000000 tors   2    3    6    9 val=   3.00000
        24 non zero eigenvalues  of BmBt
           1           4.665027287    1    0
         1
           2           3.811039280    2    0
         2
           3           3.695666251    3    0
         3
           4           3.058804613    4    0
         4
           5           2.645053808    5    0
         5
           6           2.477246024    6    0
         6
           7           2.103559090    7    0
         7
           8           1.763861871    8    0
         8
           9           1.221217376    9    0
         9
          10           1.202025974   10    0
        10
          11           1.027512347   11    0
        11
          12           0.822031455   12    0
        12
          13           0.754799896   13    0
        13
          14           0.728629108   14    0
        14
          15           0.699167132   15    0
        15
          16           0.383258111   16    0
        16
          17           0.346806571   17    0
        17
          18           0.290144108   18    0
        18
          19           0.247698893   20    0
        20
          20           0.234303761   21    0
        21
          21           0.220934505   22    0
        22
          22           0.067028650   23    0
        23
          23           0.053931760   24    0
        24
          24           0.000000000    0    1
         0.000000000         0.000000000         0.000000000         0.000000000
         0.000000000         0.000000000         0.000000000         0.000000000
         0.000000000         0.000000000         0.000000000         0.000000000
         0.000000000         0.000000000         0.000000000         0.000000000
         0.000000000         0.000000000         0.000000000         0.000000000
         0.000000000         0.000000000         0.000000000         0.000000000
         1.000000000
$end
