$energy      SCF               SCFKIN            SCFPOT            MP2
     1 -229.0101037451      228.813869     -457.823973     -.8140771555143
     2 -229.0139073985      228.740397     -457.754304     -.8123676362347
     3 -229.0140189299      228.768658     -457.782677     -.8126829661285
     4 -229.0137766038      228.776185     -457.789961     -.8129660896538
     5 -229.0137494122      228.770783     -457.784533     -.8129977624861
     6 -229.0137236097      228.770609     -457.784332     -.8130238095502
     7 -229.0137216581      228.770429     -457.784150     -.8130257968764
     8 -229.0137216581      228.770428     -457.784150     -.8130257910973
     9 -229.0137202845      228.770610     -457.784330     -.8130271686466
    10 -229.0137206613      228.770580     -457.784301     -.8130267847353
    11 -229.0137206614      228.770580     -457.784301     -.8130267873390
    12 -229.0137207108      228.770576     -457.784297     -.8130267562105
    13 -229.0137207215      228.770577     -457.784298     -.8130267574356
$end
