$grad          cartesian gradients
  cycle =      1 MP2 energy =     -229.8241809006 |dE/dxyz| =  0.023660
    0.01401418269344     -1.27841560992854     -4.04430139777159      h
   -0.02106157579097     -1.22570464374613     -2.22751872975197      o
    0.02972133341341      1.34554696315213     -1.43147668798126      c
   -1.60718230602071      2.39394887448301     -2.14809406118034      h
    1.74745602304394      2.30609575534575     -2.07866690606074      h
   -0.02971813400685      1.34554816368667      1.43147014953876      c
    1.60715914645426      2.39395547159960      2.14809765900995      h
   -1.74748011316868      2.30609723933772      2.07863523953505      h
    0.02113441318417     -1.22569649074950      2.22752627623655      o
   -0.01516119785230     -1.27842242895389      4.04428759517021      h
  -.12272808867250D-03  -.42234670818782D-02  0.29294539746028D-02
  0.57067125305901D-03  -.43557836143133D-02  0.44200070410829D-02
  -.88171391907563D-03  0.56495384304212D-02  0.12778860974537D-01
  -.14816315793085D-02  0.11916434747499D-02  0.21214052506293D-02
  0.11622989662929D-02  0.17385803777097D-02  0.24791165229208D-02
  0.88814368725319D-03  0.56484812235462D-02  -.12778321420950D-01
  0.14782183760449D-02  0.11873931122253D-02  -.21227260836711D-02
  -.11661832766583D-02  0.17426840581132D-02  -.24784563899731D-02
  -.56892311053333D-03  -.43559157837461D-02  -.44216321412112D-02
  0.12184769167482D-03  -.42231543072829D-02  -.29277077294552D-02
  cycle =      2 MP2 energy =     -229.8262750347 |dE/dxyz| =  0.010086
    0.01160473392349     -1.09148728898351     -4.27559499728354      h
   -0.01680830231558     -1.22350511212946     -2.45819310506100      o
    0.02879054813701      1.26432825138984     -1.46287546564072      c
   -1.58969931146614      2.34461794166425     -2.16673624656363      h
    1.73432007863792      2.24751360634970     -2.10075301073921      h
   -0.02889704375751      1.26433091732688      1.46286848441377      c
    1.58964479635723      2.34452604030513      2.16674920583240      h
   -1.73438098446248      2.24761766585288      2.10071858338463      h
    0.01657194066026     -1.22350244894126      2.45819004493828      o
   -0.01226468376450     -1.09148627860764      4.27558564346365      h
  -.32275139401149D-04  -.19526868495644D-02  -.78668934862325D-03
  0.98103860693588D-03  0.23303934234846D-02  -.54674981458067D-02
  -.18103861082794D-02  0.85308328259259D-04  0.18943742834536D-02
  0.58667931855050D-03  -.35624113661870D-03  -.12264107359818D-02
  -.65746095797747D-03  -.10668342364428D-03  -.92460587592624D-03
  0.18109117265434D-02  0.84868811025096D-04  -.18939181530160D-02
  -.58722078201479D-03  -.35742347453116D-03  0.12270417935174D-02
  0.65674088915912D-03  -.10554182474931D-03  0.92370980654999D-03
  -.97956647763237D-03  0.23305030315104D-02  0.54672004216583D-02
  0.31538924111819D-04  -.19524968364668D-02  0.78679595563624D-03
  cycle =      3 MP2 energy =     -229.8267018960 |dE/dxyz| =  0.005193
    0.01051062502992     -1.11759006580152     -4.21679083793911      h
   -0.01733505412706     -1.22575150506822     -2.39849860207161      o
    0.02935914270318      1.27943896344378     -1.45724961253581      c
   -1.59334435816648      2.35245177899491     -2.16358698876547      h
    1.74022065840921      2.25291761460009     -2.09737321673783      h
   -0.02948110651760      1.27944206231090      1.45724218870553      c
    1.59328879038474      2.35234400286613      2.16359498710532      h
   -1.74028342206493      2.25303929742118      2.09734461691013      h
    0.01704737105298     -1.22574993667882      2.39849448306467      o
   -0.01110087475425     -1.11758891786163      4.21678211900880      h
  -.19323067223902D-04  -.10603688181021D-02  0.65796229677950D-04
  0.10339703056183D-02  0.15143978799319D-02  -.19463428074227D-02
  -.17773874119581D-02  -.24404318137705D-03  0.13460871894801D-02
  0.95616664022469D-04  -.17918775995618D-03  -.29744104341134D-03
  -.14901048477300D-03  -.30737221732968D-04  -.14471909520930D-03
  0.17772114313896D-02  -.24434669294227D-03  -.13458114619145D-02
  -.95720486398054D-04  -.17972620379147D-03  0.29800911204014D-03
  0.14878391496342D-03  -.30154493618983D-04  0.14398606756005D-03
  -.10328947507088D-02  0.15144206184541D-02  0.19462329762776D-02
  0.18753885136343D-04  -.10602540699721D-02  -.65797165905934D-04
  cycle =      4 MP2 energy =     -229.8267426935 |dE/dxyz| =  0.003232
    0.00877545650887     -1.12330839192103     -4.19223169281696      h
   -0.01717828516296     -1.22878459863817     -2.37326223154415      o
    0.02989540275392      1.28473833897450     -1.45634693344973      c
   -1.59358625714248      2.35572847294099     -2.16448811613696      h
    1.74340428706625      2.25309230928496     -2.09803264112808      h
   -0.03004554251105      1.28474173790200      1.45633879322814      c
    1.59352598413622      2.35559139267530      2.16448787305175      h
   -1.74347342959858      2.25324472306996      2.09801374504860      h
    0.01680762026687     -1.22878453338700      2.37325621067544      o
   -0.00924346436734     -1.12330615667471      4.19222412981657      h
  -.17758801709872D-05  -.23503443340445D-03  0.14641561131423D-03
  0.11096848569931D-02  0.57919768312864D-03  0.26223482253585D-03
  -.18294815302344D-02  -.36537106220802D-03  0.13600099280064D-03
  -.51953697412177D-04  -.11700969557715D-05  0.48882508679959D-04
  0.43257976389821D-04  0.22438252020196D-04  0.77973055405911D-04
  0.18292628004331D-02  -.36555118400550D-03  -.13590673921438D-03
  0.52012852230110D-04  -.12001090401448D-05  -.48556144385037D-04
  -.43178996014248D-04  0.22436394693237D-04  -.78391504874542D-04
  -.11094001202303D-02  0.57925751333165D-03  -.26221790575232D-03
  0.15717380754190D-05  -.23500296475754D-03  -.14643469638820D-03
  cycle =      5 MP2 energy =     -229.8267471747 |dE/dxyz| =  0.003097
    0.00793978162137     -1.11670693534552     -4.19923463887109      h
   -0.01670510263300     -1.23019111380674     -2.38040051744183      o
    0.03009981409595      1.28231288325551     -1.45723375280112      c
   -1.59265087265561      2.35464128538693     -2.16486725639887      h
    1.74337274154384      2.25140942081277     -2.09829562650964      h
   -0.03026085558690      1.28231651274471      1.45722543873615      c
    1.59258870708562      2.35449357593540      2.16486187936414      h
   -1.74344462012186      2.25157340776345      2.09828275691575      h
    0.01630800847002     -1.23019133462223      2.38039364802933      o
   -0.00836582986971     -1.11670440789748      4.19922720572180      h
  0.15886713346167D-05  -.65682156439262D-04  -.31836132601271D-05
  0.11240032064714D-02  0.17501864129876D-03  0.83102700010329D-05
  -.18548315844641D-02  -.17297527666216D-03  -.15708433192452D-03
  0.75892051936144D-05  0.31130961232417D-04  -.99845507146590D-05
  -.18083320072471D-05  0.32541348092607D-04  -.21145668185341D-05
  0.18548228074052D-02  -.17314796475087D-03  0.15712503041576D-03
  -.75970242634504D-05  0.31091717363374D-04  0.10108977858803D-04
  0.17980216844293D-05  0.32547861839927D-04  0.19655753662473D-05
  -.11239060746628D-02  0.17514470341951D-03  -.83240485846403D-05
  -.16588967529929D-05  -.65669840199012D-04  0.31812556313682D-05
  cycle =      6 MP2 energy =     -229.8267474193 |dE/dxyz| =  0.003058
    0.00737796998320     -1.11614921794433     -4.19863108758348      h
   -0.01642472010780     -1.23062214881093     -2.37980713086044      o
    0.03028602074345      1.28248800794774     -1.45704627293785      c
   -1.59250800906817      2.35451064662952     -2.16490729932956      h
    1.74370709782338      2.25123808483460     -2.09808466931370      h
   -0.03045173597603      1.28249168837851      1.45703786391132      c
    1.59244512125218      2.35435847613265      2.16489936026076      h
   -1.74377997224837      2.25140703940879      2.09807460912759      h
    0.01601650877724     -1.23062260148675      2.37979999858403      o
   -0.00778650922937     -1.11614668086300      4.19862376488594      h
  0.17269245480428D-05  -.46764435788216D-05  -.53803314337131D-06
  0.11234391410194D-02  0.27129139112958D-06  0.52983862000922D-04
  -.18420345868849D-02  -.45606359319272D-04  -.12186234683753D-03
  0.38152814982872D-05  0.25995298392534D-04  0.11791405949202D-04
  -.47059536578686D-06  0.24050305909906D-04  0.10704382177318D-04
  0.18420436528781D-02  -.45763680223132D-04  0.12185802834486D-03
  -.38068792109769D-05  0.26006439496129D-04  -.11756721975287D-04
  0.45778142609976D-06  0.24056735574707D-04  -.10743605860064D-04
  -.11234304116371D-02  0.34337467091916D-06  -.52975009946721D-04
  -.17403082371650D-05  -.46769662016000D-05  0.53803718991219D-06
  cycle =      7 MP2 energy =     -229.8267474550 |dE/dxyz| =  0.003040
    0.00691930514406     -1.11559670373083     -4.19906477946691      h
   -0.01618389348968     -1.23066304033628     -2.38026199195404      o
    0.03042659741851      1.28247184677036     -1.45696466072796      c
   -1.59237155579062      2.35422104445443     -2.16512728667194      h
    1.74389786959515      2.25103216920186     -2.09802545666529      h
   -0.03059398654731      1.28247550863763      1.45695621288105      c
    1.59230838291748      2.35406719892252      2.16511823325299      h
   -1.74397103902805      2.25120272016216      2.09801671861977      h
    0.01577232202380     -1.23066343102094      2.38025472087910      o
   -0.00732223029364     -1.11559401883411      4.19905742659784      h
  0.85178794330398D-06  0.11814804744548D-05  -.43466272821036D-05
  0.11214232871811D-02  -.33673225338759D-04  0.91784507318948D-05
  -.18326320783030D-02  0.25747912299146D-04  -.50000650311022D-04
  0.32833038026148D-05  0.34323502422495D-05  0.94256065819032D-06
  -.42117624574622D-05  0.33437044468787D-05  0.10611880851830D-05
  0.18326417735821D-02  0.25571524476575D-04  0.50003747891658D-04
  -.32942512677714D-05  0.34192189288795D-05  -.95057023541401D-06
  0.42111671754164D-05  0.33442461189193D-05  -.10503536533868D-05
  -.11214189760011D-02  -.33552452805452D-04  -.91853322334856D-05
  -.85425151832852D-06  0.11852361825326D-05  0.43475852384844D-05
  cycle =      8 MP2 energy =     -229.8267474492 |dE/dxyz| =  0.003040
    0.00197297324148     -1.09083539891737     -4.19906670387502      h
   -0.01889539407470     -1.20590330795448     -2.38023700128412      o
    0.02872454308386      1.30723361367738     -1.45699672095611      c
   -1.59499244730378      2.37890410220462     -2.16316949919495      h
    1.74136172766459      2.27587738388028     -2.10015685909401      h
   -0.02872453993391      1.30723358917127      1.45699675401868      c
    1.59499248082672      2.37890399069043      2.16316945640764      h
   -1.74136167431709      2.27587735568926      2.10015708072679      h
    0.01889553726231     -1.20590332191189      2.38023696862665      o
   -0.00197537044903     -1.09083548201248      4.19906664941861      h
  0.39489485503114D-06  0.11760725860954D-05  -.43081575213932D-05
  0.11216933802254D-02  -.33636553736116D-04  0.77481560660786D-05
  -.18326112205365D-02  0.25681453691639D-04  -.47744130151184D-04
  0.33196879001274D-05  0.33895730049416D-05  0.93746929619165D-06
  -.41766094769358D-05  0.33871041003053D-05  0.10574167557120D-05
  0.18325775392142D-02  0.25673517592750D-04  0.47736607964532D-04
  -.33099164635786D-05  0.33938667467481D-05  -.94044721810072D-06
  0.41717110956796D-05  0.33962262691034D-05  -.10517739885696D-05
  -.11216580122070D-02  -.33624970219748D-04  -.77546287480246D-05
  -.40145466605190D-06  0.11637063680459D-05  0.43194858507789D-05
  cycle =      9 MP2 energy =     -229.8267474531 |dE/dxyz| =  0.003040
    0.00191466860128     -1.09106478548304     -4.19869312476770      h
   -0.01887643247008     -1.20588210560979     -2.37985384153949      o
    0.02874191167919      1.30736130397747     -1.45695676669591      c
   -1.59499790589328      2.37894679512170     -2.16321438139233      h
    1.74142056283572      2.27591521765555     -2.10015818318653      h
   -0.02874215745632      1.30736124557469      1.45695679255941      c
    1.59499783113582      2.37894628306317      2.16321449277956      h
   -1.74142059521085      2.27591547581444      2.10015828506397      h
    0.01887549668302     -1.20588216574586      2.37985379450728      o
   -0.00191554390406     -1.09106473985130      4.19869305746590      h
  0.82558925440859D-06  0.10779654108228D-05  0.10007839792436D-05
  0.11215823022335D-02  -.31153757582558D-04  0.26822739384258D-04
  -.18326069870581D-02  0.26048316433602D-04  -.39125091735981D-04
  -.36235260925110D-06  0.20787754713147D-05  0.29272205495090D-05
  -.28167078580665D-06  0.19474871493230D-05  0.28635616766692D-05
  0.18326325690971D-02  0.26050983182202D-04  0.39134723990308D-04
  0.34152205552473D-06  0.20662111315239D-05  -.29319562437902D-05
  0.28252196360157D-06  0.19400673374470D-05  -.28587431983862D-05
  -.11215905765732D-02  -.31142247522098D-04  -.26823516463104D-04
  -.82291773982265D-06  0.10861948238627D-05  -.10097214122595D-05
  cycle =     10 MP2 energy =     -229.8267474460 |dE/dxyz| =  0.003042
    0.00183099226986     -1.09103839299605     -4.19873965353945      h
   -0.01883991001691     -1.20587581896151     -2.37989925278573      o
    0.02876367617442      1.30735585562303     -1.45696507178285      c
   -1.59496149186431      2.37893505108710     -2.16326409948548      h
    1.74145309325874      2.27589973064418     -2.10015499412939      h
   -0.02876389309957      1.30735580845534      1.45696509971090      c
    1.59496145803700      2.37893464430244      2.16326418628606      h
   -1.74145312738847      2.27589997740077      2.10015506570925      h
    0.01883913194551     -1.20587589786669      2.37989922662035      o
   -0.00183209331583     -1.09103843317158      4.19873961819049      h
  -.72190635699854D-06  0.75398233795321D-06  0.95078425133011D-08
  0.11234240998403D-02  -.29170929215283D-04  0.23438686358901D-04
  -.18330437604582D-02  0.26551972954536D-04  -.39413451522030D-04
  -.42196437011199D-07  0.10090792113004D-05  0.73778835374405D-06
  -.19902821035700D-06  0.85606869792976D-06  0.12502514306068D-05
  0.18330527455884D-02  0.26554335377682D-04  0.39414991183095D-04
  0.35195864001025D-07  0.10064415261191D-05  -.73952847157166D-06
  0.19839184606241D-06  0.85263559368443D-06  -.12480357818312D-05
  -.11234211652285D-02  -.29171133585137D-04  -.23438081635518D-04
  0.71762337584130D-06  0.75754309947218D-06  -.12128823279056D-07
  cycle =     11 MP2 energy =     -229.8267474487 |dE/dxyz| =  0.003041
    0.00175776009908     -1.09109506493029     -4.19873966680390      h
   -0.01888123789292     -1.20593246184675     -2.37989890190748      o
    0.02873824134217      1.30729923416825     -1.45696559913868      c
   -1.59499943391418      2.37887823043397     -2.16323617527982      h
    1.74141626910026      2.27584329531399     -2.10018556796406      h
   -0.02873823584207      1.30729923072816      1.45696558058033      c
    1.59499937609545      2.37887826516835      2.16323617856920      h
   -1.74141630352800      2.27584321417729      2.10018555959244      h
    0.01888126018244     -1.20593245418778      2.37989891609427      o
   -0.00175808719203     -1.09109496044933      4.19873966784530      h
  -.14416138390677D-07  0.58973503946902D-06  -.39744969093647D-07
  0.11223400277990D-02  -.29096352971436D-04  0.23802737683987D-04
  -.18332323213769D-02  0.26636594570917D-04  -.39613971538399D-04
  -.18608634189121D-06  0.10136262007521D-05  0.99700422562243D-06
  -.31549192414104D-06  0.85630180524099D-06  0.96528680626484D-06
  0.18332361562185D-02  0.26639153318797D-04  0.39614523128062D-04
  0.17751322056725D-06  0.10127999314768D-05  -.99895429794827D-06
  0.31345450945963D-06  0.85106505043342D-06  -.96311870034782D-06
  -.11223318515160D-02  -.29097003960032D-04  -.23800873452551D-04
  0.13015523565169D-07  0.59407704078307D-06  0.37110270412199D-07
  cycle =     12 MP2 energy =     -229.8267474670 |dE/dxyz| =  0.003041
    0.00173151071312     -1.09109496619385     -4.19874446682907      h
   -0.01886921149205     -1.20593044397906     -2.37990327631509      o
    0.02874562996083      1.30730269541399     -1.45696564226082      c
   -1.59498877282563      2.37887507500642     -2.16325200307277      h
    1.74142725109834      2.27584085781650     -2.10018556601234      h
   -0.02874576870281      1.30730270254600      1.45696563047633      c
    1.59498869053334      2.37887496943364      2.16325201479505      h
   -1.74142733824207      2.27584097086571      2.10018553983794      h
    0.01886883280590     -1.20593044221228      2.37990328317409      o
   -0.00173121539878     -1.09109489012122      4.19874447779427      h
  0.20624216289650D-07  0.17657240924951D-06  -.12213660749438D-06
  0.11225268168577D-02  -.29011162217429D-04  0.22870162156963D-04
  -.18332108961574D-02  0.27846668013254D-04  -.38340448612839D-04
  -.76196963405550D-07  0.51194170547220D-06  0.25583758200831D-06
  -.15608394443589D-06  0.47561582516842D-06  0.52038456610504D-06
  0.18332179472710D-02  0.27849194888852D-04  0.38340861074904D-04
  0.74477428224640D-07  0.51171482828849D-06  -.25543685411300D-06
  0.15517129314802D-06  0.47449306728176D-06  -.52015102891545D-06
  -.11225440452882D-02  -.29013879352391D-04  -.22871340251918D-04
  -.78146894684494D-08  0.17883648845141D-06  0.12226821244354D-06
  cycle =     13 MP2 energy =     -229.8267474789 |dE/dxyz| =  0.003041
    0.00170828667453     -1.09109653004250     -4.19874275184817      h
   -0.01885717646585     -1.20592892761004     -2.37990136780673      o
    0.02875276951732      1.30730732967732     -1.45696357421030      c
   -1.59498024221531      2.37887178450274     -2.16326236542826      h
    1.74143714567984      2.27583956953320     -2.10018572126213      h
   -0.02875226619734      1.30730734375181      1.45696356503286      c
    1.59498032543279      2.37887246130449      2.16326232327027      h
   -1.74143702522577      2.27583891012658      2.10018570855868      h
    0.01885870797716     -1.20592888045721      2.37990141694389      o
   -0.00171091672720     -1.09109653221055      4.19874275833748      h
  0.21247840757688D-07  -.13211348048880D-06  0.55133089205128D-08
  0.11226048886885D-02  -.29104053188789D-04  0.22233913393066D-04
  -.18331635490021D-02  0.29132841885549D-04  -.36477082506092D-04
  -.11971104552089D-07  0.74319839171721D-09  0.95737509031579D-08
  0.98408081683488D-08  0.10315766818536D-06  0.46491188676612D-09
  0.18331524754470D-02  0.29133826417116D-04  0.36475067393793D-04
  0.85820417439209D-08  0.51574087223116D-08  -.12920288616769D-07
  -.13786477293110D-07  0.99233425920886D-07  0.26400455155340D-08
  -.11225256687443D-02  -.29105227428161D-04  -.22231719378318D-04
  -.82059575433335D-07  -.13357114680979D-06  -.54497348855875D-08
$end
