$hessapprox internal
  0.142326123882D-01 -0.552260540501D-03  0.614615973327D+00  0.143851500730D-02
  0.163101549367D-02  0.372089616638D+00 -0.897656203431D-03 -0.253723339348D-03
  0.221683804578D-02  0.423827496397D+00  0.184940208933D-03  0.110021867367D-03
 -0.350255578953D-03  0.188194232329D-03  0.424138321602D+00  0.632994186369D-02
  0.433242533560D-02 -0.109433471217D-01  0.699178245737D-02 -0.142816983917D-02
  0.295858879731D+00  0.646129301590D-03 -0.622970144757D-05 -0.194386762086D-02
  0.278080210205D-03 -0.127954417022D-03 -0.507293704467D-02  0.346140337919D+00
  0.866572604110D-03  0.522001914862D-04 -0.249542197248D-02  0.431773691366D-03
 -0.174016332578D-03 -0.679078201349D-02 -0.326113062173D-04  0.319966946532D+00
  0.133320252670D-02 -0.164389162239D-03 -0.429029749380D-02  0.426590784730D-03
 -0.257993618150D-03 -0.104996557989D-01  0.249248652083D-03  0.155912883034D-03
  0.343643347039D+00 -0.890212812080D-03 -0.242733217848D-03  0.221483941403D-02
 -0.627240443719D-03  0.186280497176D-03  0.693570167671D-02  0.264900868480D-03
  0.415104509661D-03  0.396877951988D-03  0.423855443502D+00  0.183079671744D-03
  0.112466612072D-03 -0.340183915161D-03  0.189750735232D-03 -0.407963230003D-04
 -0.141304465899D-02 -0.131013007057D-03 -0.177496968693D-03 -0.265859793234D-03
  0.187915291506D-03  0.424138899405D+00  0.632275518051D-02  0.432538088953D-02
 -0.109348416342D-01  0.698177965157D-02 -0.142646387729D-02 -0.487061405093D-01
 -0.506457649871D-02 -0.677994117847D-02 -0.104814737093D-01  0.692572720712D-02
 -0.141137768451D-02  0.295968646446D+00  0.681574288978D-03 -0.167320308078D-04
 -0.206923613224D-02  0.283465657486D-03 -0.134569788837D-03 -0.535339236854D-02
  0.450623883548D-04 -0.194343442715D-04  0.292851058723D-03  0.269394429358D-03
 -0.137900441606D-03 -0.534451074619D-02  0.346170341943D+00  0.866722791489D-03
  0.528652908391D-04 -0.249464490294D-02  0.432485768636D-03 -0.174072569405D-03
 -0.679181901234D-02 -0.334197252463D-04 -0.133921203522D-03  0.154007420266D-03
  0.415824603671D-03 -0.177547075800D-03 -0.678098033002D-02 -0.203030287947D-04
  0.319964970739D+00  0.132987130617D-02 -0.168544395927D-03 -0.428799575083D-02
  0.421089783455D-03 -0.257167484261D-03 -0.104743945701D-01  0.254212953786D-03
  0.162248735253D-03  0.971706262968D-03  0.391375291564D-03 -0.265060864397D-03
 -0.104562298527D-01  0.298141742168D-03  0.160340880453D-03  0.343665443993D+00
 -0.726991596214D-03 -0.591430804060D-03  0.108380341028D-02 -0.894166592427D-03
  0.167755419212D-03  0.558017189771D-02  0.697466959085D-03  0.918159205612D-03
  0.148233831986D-02 -0.889285878909D-03  0.165055097117D-03  0.557444254909D-02
  0.738625294692D-03  0.918131272727D-03  0.147993636353D-02  0.144399408933D-01
 -0.552201997209D-03 -0.645542535692D-05  0.163957136677D-02 -0.249097753352D-03
  0.109822014218D-03  0.433297583792D-02 -0.120222171385D-04  0.452211568092D-04
 -0.178317526652D-03 -0.238030095730D-03  0.112315088204D-03  0.432590304492D-02
 -0.229748201896D-04  0.458936026466D-04 -0.182497506278D-03 -0.592718034694D-03
  0.614625509417D+00  0.145376966595D-02  0.164088275027D-02 -0.132252017292D-02
  0.223313058398D-02 -0.353674557064D-03 -0.110609797134D-01 -0.195539118863D-02
 -0.251094242125D-02 -0.431391138331D-02  0.223098726781D-02 -0.343572328987D-03
 -0.110523383789D-01 -0.208138089228D-02 -0.251016874932D-02 -0.431154571158D-02
  0.109741471821D-02  0.164943247003D-02  0.372034473931D+00  0.321591155500D-02
  0.178935217701D-02 -0.631883506582D-02  0.315223481631D-02 -0.709212332029D-03
 -0.248607457747D-01 -0.207349202973D-02 -0.284359248102D-02 -0.412153434316D-02
  0.311689889771D-02 -0.705753495689D-03 -0.248303200989D-01 -0.217672198015D-02
 -0.284476434134D-02 -0.410651011017D-02  0.295238855478D-02  0.178426225472D-02
 -0.637815385973D-02  0.494533214297D+00 -0.397542676159D-03  0.965576039565D-03
  0.296915367758D-02  0.763079478893D-03  0.404975035331D-04  0.332633911032D-02
 -0.119585203155D-02 -0.139652552686D-02 -0.298628906148D-02  0.787175580519D-03
  0.522495644142D-04  0.331528507032D-02 -0.129623990552D-02 -0.139452145253D-02
 -0.299445978233D-02 -0.703351793377D-03  0.981682747275D-03  0.297520625966D-02
  0.280323487157D-03  0.381598390924D+00  0.321581038525D-02  0.179499505699D-02
 -0.630812878722D-02  0.315767144612D-02 -0.709416559726D-03 -0.248587481418D-01
 -0.208040049103D-02 -0.285189756365D-02 -0.413819230407D-02  0.312243137778D-02
 -0.705899342556D-03 -0.248283584455D-01 -0.218417056318D-02 -0.285306045869D-02
 -0.412319886256D-02  0.295067066522D-02  0.178997962168D-02 -0.636745186311D-02
 -0.122098088633D-01  0.299826766667D-03  0.494522273990D+00 -0.396264301813D-03
  0.957155821788D-03  0.294980618339D-02  0.755462796117D-03  0.405785532684D-04
  0.331450898588D-02 -0.118550266046D-02 -0.138420572501D-02 -0.296102942416D-02
  0.779393055956D-03  0.522382739041D-04  0.330352315514D-02 -0.128506095508D-02
 -0.138221642206D-02 -0.296914559421D-02 -0.699574496793D-03  0.973141415789D-03
  0.295584503615D-02  0.284923451940D-03  0.399731130387D-02  0.304279718365D-03
  0.381536324166D+00 -0.315119258103D-02  0.102674980710D-02  0.113172929676D-01
 -0.388400750373D-03  0.584432599652D-03  0.249533789096D-01 -0.137004714825D-02
 -0.130854333582D-02 -0.415051779695D-02 -0.307561851854D-03  0.609574989106D-03
  0.249064814332D-01 -0.153395362750D-02 -0.130303972840D-02 -0.418002939119D-02
 -0.368566307017D-02  0.106799440238D-02  0.113724189120D-01  0.908121792299D-02
  0.924344316623D-02  0.913071254872D-02  0.916729244950D-02  0.372474185992D+00
  0.000000000000D+00  0.000000000000D+00  0.000000000000D+00  0.000000000000D+00
  0.000000000000D+00  0.000000000000D+00  0.000000000000D+00  0.000000000000D+00
  0.000000000000D+00  0.000000000000D+00  0.000000000000D+00  0.000000000000D+00
  0.000000000000D+00  0.000000000000D+00  0.000000000000D+00  0.000000000000D+00
  0.000000000000D+00  0.000000000000D+00  0.000000000000D+00  0.000000000000D+00
  0.000000000000D+00  0.000000000000D+00  0.000000000000D+00  0.000000000000D+00
$end
