$coord
    0.82728911229978      0.00163503120322     -4.74945558024213      h
   -0.37028935374497      0.00040592282950     -3.38178883558880      o
    0.97409204859517     -0.00057530371640     -1.04935784345475      c
    2.17537176382935      1.67730169941518     -0.86552000295342      h
    2.17446579399814     -1.67920463389609     -0.86652443334723      h
   -0.97408606883166     -0.00048928202494      1.04935596734826      c
   -2.17524401092157      1.67745592800008      0.86550939098903      h
   -2.17457769127187     -1.67905225356779      0.86651833272378      h
    0.37028499722889      0.00047362449226      3.38179158481929      o
   -0.82730707334678      0.00058906153612      4.74945101060761      h
$intdef
# definitions of internal coordinates
   1 f  1.0000000000000 tors    2    3    6    9 val= 180.04331
$redundant
     number_of_atoms            10
     degrees_of_freedom         24
     internal_coordinates       25
     frozen_coordinates          1
   Values of frozen coordinates
          3.14234850
# definitions of redundant internals
   1 k  1.0000000000000 tors    1    2    3    6 val= 179.95794
   2 k  1.0000000000000 stre    2    1           val=   1.81789
   3 k  1.0000000000000 bend    3    1    2      val= 108.83488
   4 k  1.0000000000000 stre    3    5           val=   2.07174
   5 k  1.0000000000000 stre    3    4           val=   2.07175
   6 k  0.0843986307348 bend    4    5    3      val=   0.98444
       -0.5090709760106 bend    2    5    3
       -0.5091249147315 bend    2    4    3
        0.4871377558539 bend    6    5    3
        0.4870443927764 bend    6    4    3
   7 k  0.0000482383083 bend    4    5    3      val=   0.00120
       -0.5405592333308 bend    2    5    3
        0.5404856960471 bend    2    4    3
       -0.4558587372502 bend    6    5    3
        0.4559207573417 bend    6    4    3
   8 k -0.8856037011058 bend    4    5    3      val=   2.64353
        0.1857239402699 bend    2    5    3
        0.1857358300937 bend    2    4    3
        0.2708094447986 bend    6    5    3
        0.2708821674191 bend    6    4    3
   9 k -0.0000265925771 bend    4    5    3      val=   0.00400
       -0.4558647113961 bend    2    5    3
        0.4559147887177 bend    2    4    3
        0.5405243779715 bend    6    5    3
       -0.5405205513609 bend    6    4    3
  10 k  1.0000000000000 stre    6    7           val=   2.07173
  11 k  1.0000000000000 stre    6    8           val=   2.07176
  12 k  0.0844037857080 bend    8    7    6      val=   0.98454
       -0.5091129999078 bend    9    7    6
       -0.5090831904010 bend    9    8    6
        0.4870598758721 bend    3    7    6
        0.4871210700120 bend    3    8    6
  13 k  0.0000171641631 bend    8    7    6      val=   0.00140
        0.5405098158486 bend    9    7    6
       -0.5405386393494 bend    9    8    6
        0.4559162864528 bend    3    7    6
       -0.4558590328096 bend    3    8    6
  14 k -0.8856037255548 bend    8    7    6      val=   2.64332
        0.1857197646145 bend    9    7    6
        0.1857340959775 bend    9    8    6
        0.2708618257241 bend    3    7    6
        0.2708337631680 bend    3    8    6
  15 k -0.0000179000747 bend    8    7    6      val=   0.00234
        0.4559045599064 bend    9    7    6
       -0.4558707609274 bend    9    8    6
       -0.5405250172978 bend    3    7    6
        0.5405234379218 bend    3    8    6
  16 k  1.0000000000000 tors   10    9    6    3 val= 179.99861
  17 k  1.0000000000000 stre    9   10           val=   1.81789
  18 k  1.0000000000000 bend    6   10    9      val= 108.83464
  19 k  1.0000000000000 tors    2    3    6    9 val= 180.04331
  20 k  1.0000000000000 stre    3    2           val=   2.69214
  21 k  1.0000000000000 bend    6    2    3      val= 107.17173
  22 k  1.0000000000000 stre    6    9           val=   2.69213
  23 k  1.0000000000000 bend    3    9    6      val= 107.17198
  24 k  1.0000000000000 stre    3    6           val=   2.86356
  25 f  1.0000000000000 tors    2    3    6    9 val= 180.04331
        24 non zero eigenvalues  of BmBt
           1           3.925629801    1    0
         1
           2           3.751905052    2    0
         2
           3           3.722133156    3    0
         3
           4           3.101930474    4    0
         4
           5           2.995322957    5    0
         5
           6           2.449685396    6    0
         6
           7           2.135518039    7    0
         7
           8           1.672054067    8    0
         8
           9           1.249717979    9    0
         9
          10           1.176153120   10    0
        10
          11           1.066259428   11    0
        11
          12           0.880939968   12    0
        12
          13           0.766620961   13    0
        13
          14           0.753982134   14    0
        14
          15           0.585292327   15    0
        15
          16           0.385388475   16    0
        16
          17           0.353138539   17    0
        17
          18           0.340217508   18    0
        18
          19           0.277706542   20    0
        20
          20           0.260454558   21    0
        21
          21           0.140397270   22    0
        22
          22           0.067087439   23    0
        23
          23           0.064145375   24    0
        24
          24           0.000000000    0    1
         0.000000000         0.000000000         0.000000000         0.000000000
         0.000000000         0.000000000         0.000000000         0.000000000
         0.000000000         0.000000000         0.000000000         0.000000000
         0.000000000         0.000000000         0.000000000         0.000000000
         0.000000000         0.000000000         0.000000000         0.000000000
         0.000000000         0.000000000         0.000000000         0.000000000
         1.000000000
$user-defined bonds
$end
