$coord
    0.09064659029800     -1.07452238243427     -4.25107109471301  h
   -0.17896522723982     -1.16513933437338     -2.45453857534121  o
    0.28012682992469      1.26415110603981     -1.41909372607969  c
   -0.88668705580975      2.72910467463416     -2.30942590188087  h
    2.26970806178152      1.77560880211947     -1.71810503446045  h
   -0.28012693096479      1.26415110499817      1.41909369957967  c
    0.88668691733515      2.72910469174109      2.30942591131250  h
   -2.26970817897743      1.77560877631508      1.71810493500040  h
    0.17896514741490     -1.16513931913608      2.45453855104253  o
   -0.09064905782004     -1.07452295724065      4.25107074035472  h
$user-defined bonds
$intdef
# definitions of internal coordinates
   1 f  1.0000000000000 tors    2    3    6    9 val=  30.00000
$redundant
     number_of_atoms            10
     degrees_of_freedom         24
     internal_coordinates       25
     frozen_coordinates          1
# definitions of redundant internals
   1 k  1.0000000000000 tors   1    2    3    6 val= 176.55021
   2 k  1.0000000000000 stre   2    1           val=   1.81891
   3 k  1.0000000000000 bend   3    1    2      val= 108.12033
   4 k  1.0000000000000 stre   3    4           val=   2.07370
   5 k  1.0000000000000 stre   3    5           val=   2.07592
   6 k  0.0797475680834 bend   5    4    3      val=   0.93805
       -0.5283060586658 bend   2    4    3
       -0.4880920750899 bend   2    5    3
        0.4808356308960 bend   6    4    3
        0.4950719705831 bend   6    5    3
   7 k  0.0130390344199 bend   5    4    3      val=   0.37857
       -0.5310481682290 bend   2    4    3
        0.5625412251395 bend   2    5    3
       -0.4614948794252 bend   6    4    3
        0.4340364879649 bend   6    5    3
   8 k  0.8939863491579 bend   5    4    3      val=  -0.09190
       -0.1651299456228 bend   2    4    3
       -0.1952614454644 bend   2    5    3
       -0.2639002999916 bend   6    4    3
       -0.2564178390000 bend   6    5    3
   9 k -0.0122488599624 bend   5    4    3      val=   1.62693
        0.4483786084473 bend   2    4    3
       -0.4469010393092 bend   2    5    3
       -0.5349343134746 bend   6    4    3
        0.5594026548456 bend   6    5    3
  10 k  1.0000000000000 stre   6    7           val=   2.07370
  11 k  1.0000000000000 stre   6    8           val=   2.07592
  12 k  0.0797476017381 bend   8    7    6      val=   0.93805
       -0.5283060439484 bend   9    7    6
       -0.4880920937064 bend   9    8    6
        0.4808356611328 bend   3    7    6
        0.4950719331461 bend   3    8    6
  13 k  0.0130390687879 bend   8    7    6      val=   0.37858
       -0.5310482010094 bend   9    7    6
        0.5625412172274 bend   9    8    6
       -0.4614948402860 bend   3    7    6
        0.4340364986952 bend   3    8    6
  14 k  0.8939863464457 bend   8    7    6      val=  -0.09190
       -0.1651299301446 bend   9    7    6
       -0.1952614286697 bend   9    8    6
       -0.2639002869842 bend   3    7    6
       -0.2564178846000 bend   3    8    6
  15 k -0.0122488323603 bend   8    7    6      val=   1.62692
        0.4483785727550 bend   9    7    6
       -0.4469010460562 bend   9    8    6
       -0.5349343276575 bend   3    7    6
        0.5594026651058 bend   3    8    6
  16 k  1.0000000000000 tors  10    9    6    3 val= 176.55029
  17 k  1.0000000000000 stre   9   10           val=   1.81891
  18 k  1.0000000000000 bend   6   10    9      val= 108.12033
  19 k  1.0000000000000 tors   2    3    6    9 val=  30.00000
  20 k  1.0000000000000 stre   3    2           val=   2.68037
  21 k  1.0000000000000 bend   6    2    3      val= 110.23208
  22 k  1.0000000000000 stre   6    9           val=   2.68037
  23 k  1.0000000000000 bend   3    9    6      val= 110.23208
  24 k  1.0000000000000 stre   3    6           val=   2.89296
  25 f  1.0000000000000 tors   2    3    6    9 val=  30.00000
        24 non zero eigenvalues  of BmBt
           1           4.588782651    1    0
         1
           2           3.788591741    2    0
         2
           3           3.751513181    3    0
         3
           4           3.077947754    4    0
         4
           5           2.665412230    5    0
         5
           6           2.471160308    6    0
         6
           7           2.100949106    7    0
         7
           8           1.737295823    8    0
         8
           9           1.234779087    9    0
         9
          10           1.222492059   10    0
        10
          11           1.047078780   11    0
        11
          12           0.843097361   12    0
        12
          13           0.763852534   13    0
        13
          14           0.725779446   14    0
        14
          15           0.672256209   15    0
        15
          16           0.396381727   16    0
        16
          17           0.348065268   17    0
        17
          18           0.303271357   18    0
        18
          19           0.269626715   20    0
        20
          20           0.246621058   21    0
        21
          21           0.171796409   22    0
        22
          22           0.066695579   23    0
        23
          23           0.055900510   24    0
        24
          24           0.000000000    0    1
         0.000000000         0.000000000         0.000000000         0.000000000
         0.000000000         0.000000000         0.000000000         0.000000000
         0.000000000         0.000000000         0.000000000         0.000000000
         0.000000000         0.000000000         0.000000000         0.000000000
         0.000000000         0.000000000         0.000000000         0.000000000
         0.000000000         0.000000000         0.000000000         0.000000000
         1.000000000
$end
