$energy      SCF               SCFKIN            SCFPOT
     1 -230.2161178810      229.3187146193     -459.5348325004
     2 -230.2176857393      229.2660799787     -459.4837657180
     3 -230.2178062193      229.2816332413     -459.4994394606
     4 -230.2178316904      229.2871308523     -459.5049625427
     5 -230.2178329772      229.2845846606     -459.5024176378
     6 -230.2178330583      229.2854660386     -459.5032990969
     7 -230.2178330778      229.2851451550     -459.5029782328
     8 -230.2178331062      229.2851441142     -459.5029772205
     9 -230.2178331065      229.2852453640     -459.5030784705
    10 -230.2178331066      229.2852150188     -459.5030481254
    11 -230.2178331066      229.2852177506     -459.5030508572
    12 -230.2178331067      229.2852294497     -459.5030625564
    13 -230.2178331067      229.2852274242     -459.5030605308
$end
