$grad          cartesian gradients
  cycle =      1    SCF energy =     -230.2161178810   |dE/dxyz| =  0.017571
    0.16013612254719     -1.23534218816040     -4.09737984289047      h
   -0.19733836922449     -1.18435292311320     -2.31570725694225      o
    0.29215482159029      1.30014865342839     -1.40167468275905      c
   -0.90106273978918      2.70508195441272     -2.34746040791249      h
    2.27294954284247      1.83647391091115     -1.68615433007647      h
   -0.29215553878357      1.30015224826808      1.40167028379273      c
    0.90103700875306      2.70510568918507      2.34746221225776      h
   -2.27295777275991      1.83645312805034      1.68612848471301      h
    0.19737000304938     -1.18433736177323      2.31571787350896      o
   -0.16059573570980     -1.23545350811906      4.09728778714672      h
  -.18978410881930D-03  -.13513822855019D-02  0.91867549353258D-03
  0.20748140224113D-02  -.51202084748797D-02  0.66662745429644D-02
  -.38197474513908D-02  0.52510263433647D-02  0.42898114419716D-02
  -.98721431120475D-03  -.12692054568681D-02  0.34639589201861D-03
  -.10471183632031D-02  0.24892713538335D-02  0.24790146064832D-02
  0.38190741563087D-02  0.52513352741894D-02  -.42897826686850D-02
  0.98731010842249D-03  -.12690855136790D-02  -.34599706434548D-03
  0.10474974243354D-02  0.24894958046616D-02  -.24793984553635D-02
  -.20738455595746D-02  -.51207289914477D-02  -.66662836461544D-02
  0.18901609847798D-03  -.13512284945816D-02  -.91871134738041D-03
  cycle =      2    SCF energy =     -230.2176857393   |dE/dxyz| =  0.017039
    0.14326861340325     -1.09940798543343     -4.27045255248205      h
   -0.16380689426901     -1.18460098370026     -2.47923277860891      o
    0.28677853926245      1.24329252975010     -1.42245648382941      c
   -0.87733070524786      2.69122821187381     -2.34162022973717      h
    2.27149159712156      1.77150538921946     -1.70681703943026      h
   -0.28681003335604      1.24328957460595      1.42244611995216      c
    0.87730191027492      2.69121475597984      2.34162612970096      h
   -2.27152139854597      1.77151127697090      1.70679319644210      h
    0.16375981883794     -1.18460964719825      2.47921441137373      o
   -0.14359410496580     -1.09949351897827      4.27038934745730      h
  -.10759641104450D-03  -.81288533887148D-03  -.49884728608201D-03
  0.52941924825361D-02  -.16734447681309D-02  -.12636459821749D-02
  -.97900886378687D-02  0.28641743645932D-02  -.14464330889787D-02
  0.35936233753570D-03  -.10171014174136D-02  -.17935831075880D-02
  -.89775711195718D-03  0.63575583223536D-03  0.28928226355990D-03
  0.97898213938551D-02  0.28643293519356D-02  0.14463132260385D-02
  -.35934038517204D-03  -.10171060370051D-02  0.17939982403240D-02
  0.89802015400411D-03  0.63578863991798D-03  -.28969429255186D-03
  -.52938722594294D-02  -.16732354380002D-02  0.12640845137809D-02
  0.10725768738315D-03  -.81307959979260D-03  0.49852420868174D-03
  cycle =      3    SCF energy =     -230.2178062193   |dE/dxyz| =  0.017265
    0.13893265077781     -1.10201316992002     -4.25073795193219      h
   -0.16423921261430     -1.18450711223093     -2.45931423048774      o
    0.28854105139274      1.24553169361405     -1.41858578891459      c
   -0.87395130821305      2.69982663168697     -2.33036165861026      h
    2.27766177411623      1.76317882130799     -1.70334089422969      h
   -0.28858421252538      1.24552721382121      1.41857444752840      c
    0.87392376906790      2.69980030408491      2.33036734331742      h
   -2.27769936473428      1.76319793434244      1.70332142067440      h
    0.16416247287802     -1.18452356232270      2.45928767251478      o
   -0.13921027763026     -1.10208915129409      4.25067976097792      h
  -.40841002260560D-04  -.29282425430785D-03  -.23413448918553D-04
  0.58133590663014D-02  -.14947386043672D-02  0.41597686348312D-03
  -.10206880074644D-01  0.21428388631018D-02  -.16144290389596D-02
  0.11736332177159D-03  -.62138855826582D-03  -.87193344889883D-03
  -.32489529212860D-03  0.26219469905168D-03  0.18086276781971D-03
  0.10206744587720D-01  0.21428572163795D-02  0.16144178255314D-02
  -.11734161151393D-03  -.62143681897775D-03  0.87221732424887D-03
  0.32498643791592D-03  0.26222641841479D-03  -.18116491334270D-03
  -.58130736821286D-02  -.14944510343716D-02  -.41581071665021D-03
  0.40576843074937D-04  -.29295582334821D-03  0.23275671031568D-04
  cycle =      4    SCF energy =     -230.2178316904   |dE/dxyz| =  0.018156
    0.13265381903574     -1.09859044557003     -4.24548608528068      h
   -0.16163760213351     -1.18568293047676     -2.45275989616550      o
    0.29051898668193      1.24428247251344     -1.41653975362956      c
   -0.86886557848282      2.70774293278386     -2.31876088764558      h
    2.28296998331498      1.75426487717641     -1.70045471094446      h
   -0.29057995642115      1.24427541033697      1.41652673278028      c
    0.86883946444018      2.70769728987507      2.31876660587272      h
   -2.28301914278269      1.75430390233433      1.70044133304744      h
    0.16151536356108     -1.18571167443340      2.45272127307376      o
   -0.13285799469830     -1.09865223145007      4.24543550973002      h
  0.22994647669643D-04  0.56843405062716D-04  0.70940654669948D-04
  0.63203279300933D-02  -.16597089886232D-02  0.14394074783716D-02
  -.10635374608704D-01  0.17211746879273D-02  -.19847003948080D-02
  -.16895688173974D-05  -.92812895447665D-04  -.10607866241722D-03
  0.85371281439106D-04  -.29444437334641D-04  0.14399197184898D-04
  0.10635385987019D-01  0.17209547216218D-02  0.19847854815674D-02
  0.17160922585671D-05  -.92838148115162D-04  0.10621411665680D-03
  -.85393304023152D-04  -.29430555093589D-04  -.14560048312354D-04
  -.63202272220944D-02  -.16593835032145D-02  -.14394344847297D-02
  -.23113671986956D-04  0.56794079600998D-04  -.70974107681383D-04
  cycle =      5    SCF energy =     -230.2178329772   |dE/dxyz| =  0.018092
    0.13000636382974     -1.09614996469789     -4.25008103347688      h
   -0.15922153236275     -1.18650884018422     -2.45653960776668      o
    0.29146072993506      1.24278000078803     -1.41679476059704      c
   -0.86759261514369      2.70806457767380     -2.31669113263430      h
    2.28358261259413      1.75383154040189     -1.69962439616864      h
   -0.29152938252629      1.24277163799851      1.41678079019456      c
    0.86756693584698      2.70801067085230      2.31669632813443      h
   -2.28363640694047      1.75387897818024      1.69961402008743      h
    0.15908008092995     -1.18654302931240      2.45649626657119      o
   -0.13017944364722     -1.09620596861043      4.25003364649438      h
  0.15556212923009D-04  0.18230024960239D-04  -.18779216412870D-04
  0.63493205057709D-02  -.18177457731093D-02  0.12866345024860D-02
  -.10519632516017D-01  0.17930025943037D-02  -.21222633039418D-02
  0.15248233536472D-04  0.91111530774381D-05  -.14698278781398D-04
  0.23093975891685D-04  -.63758154836831D-05  -.85779033628753D-05
  0.10519670567959D-01  0.17926655249612D-02  0.21223110926253D-02
  -.15236460525976D-04  0.90991952959021D-05  0.14747582885561D-04
  -.23100306803534D-04  -.63668618864249D-05  0.84996978700547D-05
  -.63493188587585D-02  -.18174821282414D-02  -.12866410146064D-02
  -.15604179863177D-04  0.18203499587322D-04  0.18766154772062D-04
  cycle =      6    SCF energy =     -230.2178330583   |dE/dxyz| =  0.017946
    0.12845016746413     -1.09629814744386     -4.24959404490430      h
   -0.15833117497882     -1.18651953315640     -2.45571054546918      o
    0.29208346385614      1.24283786722052     -1.41661799688974      c
   -0.86721504459839      2.70774453331246     -2.31677776930106      h
    2.28409451747173      1.75425247658908     -1.69885458613426      h
   -0.29215540190045      1.24282911036050      1.41660368123459      c
    0.86718956161691      2.70768723705886      2.31678276625617      h
   -2.28415028397469      1.75430359132047      1.69884579160941      h
    0.15818161154131     -1.18655587598921      2.45566506986366      o
   -0.12861007398243     -1.09635165618258      4.24954775457316      h
  0.54233245804796D-05  0.10783692161838D-04  0.90588231794156D-05
  0.63443030289892D-02  -.17506933710660D-02  0.13277226933720D-02
  -.10408659204636D-01  0.17429129937261D-02  -.21386340698805D-02
  -.21383445435460D-05  -.40018798363566D-05  0.85866298232384D-05
  -.67410157955488D-05  -.27843238495615D-05  0.51082591265239D-06
  0.10408706160948D-01  0.17425568785337D-02  0.21386795301473D-02
  0.21430324526040D-05  -.40058154418353D-05  -.85653951963475D-05
  0.67409128593416D-05  -.27817521657932D-05  -.54307530084197D-06
  -.63443390661019D-02  -.17504465956838D-02  -.13277471777509D-02
  -.54418110092282D-05  0.10777742860597D-04  -.90694543569574D-05
  cycle =      8    SCF energy =     -230.2178331062   |dE/dxyz| =  0.017957
    0.09096539171791     -1.07452346219506     -4.25113358954858      h
   -0.17901466689784     -1.16512582896674     -2.45465026099322      o
    0.28008462233335      1.26413798624065     -1.41912332688412      c
   -0.88678452555547      2.72910516524197     -2.30938753665240      h
    2.26962941005333      1.77564201815670     -1.71820256435159      h
   -0.28008460555032      1.26413799779555      1.41912330325640      c
    0.88678431194886      2.72910532329304      2.30938761408180      h
   -2.26962948749387      1.77564184580097      1.71820223433428      h
    0.17901491221648     -1.16512570658859      2.45465032580911      o
   -0.09096919457694     -1.07452431717794      4.25113309487280      h
  0.15548421606224D-05  -.41970789218353D-06  -.24945995206248D-05
  0.63615647583276D-02  -.17411393368548D-02  0.12519747932531D-02
  -.10434520389929D-01  0.17371041258749D-02  -.20661860653366D-02
  -.15073808913268D-05  0.12982024773219D-05  -.15600943655794D-05
  -.38223159488774D-05  -.70811012721972D-06  -.87418904004266D-06
  0.10434516900177D-01  0.17371004202958D-02  0.20661884321323D-02
  0.15085024048888D-05  0.12969903339057D-05  0.15645976925369D-05
  0.38213163600824D-05  -.70472086420610D-06  0.86509730332900D-06
  -.63615553053065D-02  -.17411345795282D-02  -.12519735497027D-02
  -.15609282103822D-05  -.42258426227637D-06  0.24955716157329D-05
  cycle =      9    SCF energy =     -230.2178331065   |dE/dxyz| =  0.017963
    0.09082939332392     -1.07454622976137     -4.25104806788785      h
   -0.17897987167977     -1.16512825574482     -2.45454248053013      o
    0.28011794809353      1.26416100998126     -1.41909722690916      c
   -0.88671898237996      2.72911553998713     -2.30940793066098      h
    2.26968763921875      1.77563379476906     -1.71812276756263      h
   -0.28011812108375      1.26416100858639      1.41909718934847      c
    0.88671878200407      2.72911550693790      2.30940801164143      h
   -2.26968783197377      1.77563383222387      1.71812253052850      h
    0.17897962440137     -1.16512825457658      2.45454241629408      o
   -0.09083241172890     -1.07454693080230      4.25104761966275      h
  0.39285379857908D-06  -.28654890693129D-06  -.48844939716448D-06
  0.63630981593977D-02  -.17398895617309D-02  0.12576360003159D-02
  -.10438707050424D-01  0.17368076979476D-02  -.20627887916473D-02
  -.97274608751726D-06  0.11884094231049D-06  0.21167310454819D-06
  -.12747154650798D-05  -.61727137507556D-06  0.47262917776688D-06
  0.10438706265891D-01  0.17368059408319D-02  0.20627926652320D-02
  0.97424566710814D-06  0.11769249093935D-06  -.20769906251335D-06
  0.12746140495873D-05  -.61491940183974D-06  -.47867120431124D-06
  -.63630997730880D-02  -.17398862090380D-02  -.12576376986573D-02
  -.39186046757447D-06  -.28686860919678D-06  0.48833663406068D-06
  cycle =     11    SCF energy =     -230.2178331066   |dE/dxyz| =  0.017965
    0.09074260569333     -1.07454091318130     -4.25106004297845      h
   -0.17900460706082     -1.16513396092623     -2.45454675991722      o
    0.28010224470798      1.26415210764259     -1.41909960965251      c
   -0.88673405914236      2.72910786340453     -2.30940251511633      h
    2.26967422199647      1.77561777286527     -1.71814493627446      h
   -0.28010223509417      1.26415211648671      1.41909959628135      c
    0.88673391042714      2.72910798883209      2.30940253913274      h
   -2.26967427378496      1.77561762871160      1.71814477353895      h
    0.17900479526303     -1.16513387374097      2.45454680302567      o
   -0.09074550706318     -1.07454156743086      4.25105965677485      h
  0.82303157418828D-06  -.37812920419614D-06  0.38291043193939D-06
  0.63630012845094D-02  -.17392314642895D-02  0.12558926398891D-02
  -.10441145697609D-01  0.17370088661581D-02  -.20621966024373D-02
  -.43779196112507D-06  -.49481737531346D-06  0.42329707675240D-06
  -.56437084268797D-06  -.76971818055727D-06  0.11452978834149D-07
  0.10441145946693D-01  0.17370069502653D-02  0.20621976213252D-02
  0.43712924733454D-06  -.49562665203926D-06  -.42253387501042D-06
  0.56344451434332D-06  -.76890021426732D-06  -.14542432622761D-07
  -.63629952304286D-02  -.17392283228227D-02  -.12558905178176D-02
  -.82774647596623D-06  -.37964312776946D-06  -.38373209574184D-06
  cycle =     12    SCF energy =     -230.2178331067   |dE/dxyz| =  0.017967
    0.09065841248168     -1.07452030811618     -4.25107302215401      h
   -0.17896984015396     -1.16513938505677     -2.45454280229833      o
    0.28012340208905      1.26414905366114     -1.41909474415150      c
   -0.88669348058903      2.72910470922777     -2.30942181959494      h
    2.26970305138110      1.77560878272541     -1.71810816532647      h
   -0.28012354950938      1.26414905257330      1.41909472225251      c
    0.88669333912562      2.72910467412243      2.30942187055947      h
   -2.26970320206834      1.77560882189252      1.71810804155551      h
    0.17896962091064     -1.16513939798373      2.45454274217442      o
   -0.09066065772494     -1.07452084038248      4.25107268179793      h
  0.21950057383583D-06  -.43810956231059D-06  -.11126181120426D-06
  0.63638704954897D-02  -.17391351286663D-02  0.12565029652691D-02
  -.10441980082315D-01  0.17368794662883D-02  -.20619619337597D-02
  -.21074061928639D-06  -.44821836385333D-06  0.14314708371283D-07
  -.21319737740589D-06  -.72415510943667D-06  0.28811446866892D-06
  0.10441979836394D-01  0.17368785433251D-02  0.20619646381933D-02
  0.21185730733176D-06  -.44838044464757D-06  -.12152955104753D-07
  0.21347605009605D-06  -.72298993530672D-06  -.29089591237188D-06
  -.63638727115445D-02  -.17391333289595D-02  -.12565047719063D-02
  -.21844154185324D-06  -.43781903270643D-06  0.11097569788895D-06
$end
