$coord
    0.80562357325309      0.02210467946628     -4.75214191874525  h
   -0.36978521428897     -0.13211904043360     -3.37384796621720  o
    0.97052276821165      0.13668337126332     -1.05390597527487  c
    2.06669969613822      1.89330209398149     -1.00828017525600  h
    2.27194860375195     -1.44659244315379     -0.74906025553810  h
   -0.97052255690420      0.13668370357980      1.05390584668099  c
   -2.06669875365809      1.89330290291119      1.00828001501166  h
   -2.27194908380090     -1.44659150699272      0.74905975146938  h
    0.36978504953229     -0.13211941114234      3.37384789684344  o
   -0.80562495348624      0.02209799968802      4.75214151138383  h
$user-defined bonds
$intdef
# definitions of internal coordinates
   1 f  1.0000000000000 tors    2    3    6    9 val= 168.00000
$redundant
     number_of_atoms            10
     degrees_of_freedom         24
     internal_coordinates       25
     frozen_coordinates          1
# definitions of redundant internals
   1 k  1.0000000000000 tors   1    2    3    6 val= 174.64444
   2 k  1.0000000000000 stre   2    1           val=   1.81798
   3 k  1.0000000000000 bend   3    1    2      val= 108.83827
   4 k  1.0000000000000 stre   3    4           val=   2.07109
   5 k  1.0000000000000 stre   3    5           val=   2.07205
   6 k  0.0821038505716 bend   5    4    3      val=   0.94935
       -0.5098031478955 bend   2    4    3
       -0.5081587747524 bend   2    5    3
        0.4966948129731 bend   6    4    3
        0.4779420786298 bend   6    5    3
   7 k  0.0167913160586 bend   5    4    3      val=   0.45077
       -0.5434371213652 bend   2    4    3
        0.5368138625319 bend   2    5    3
       -0.4531910034017 bend   6    4    3
        0.4591763694450 bend   6    5    3
   8 k -0.8859038263578 bend   5    4    3      val=   2.55817
        0.1804656669278 bend   2    4    3
        0.1925782763861 bend   2    5    3
        0.2608808582400 bend   6    4    3
        0.2783187718662 bend   6    5    3
   9 k -0.0037821640523 bend   5    4    3      val=   0.50542
       -0.4494741077880 bend   2    4    3
        0.4631199732734 bend   2    5    3
        0.5363989374968 bend   6    4    3
       -0.5438334229070 bend   6    5    3
  10 k  1.0000000000000 stre   6    7           val=   2.07109
  11 k  1.0000000000000 stre   6    8           val=   2.07205
  12 k  0.0821042312287 bend   8    7    6      val=   0.94936
       -0.5098031069342 bend   9    7    6
       -0.5081588402245 bend   9    8    6
        0.4966948649389 bend   3    7    6
        0.4779419333138 bend   3    8    6
  13 k  0.0167914223949 bend   8    7    6      val=   0.45078
       -0.5434373184755 bend   9    7    6
        0.5368139247186 bend   9    8    6
       -0.4531907847194 bend   3    7    6
        0.4591762754059 bend   3    8    6
  14 k -0.8859038107890 bend   8    7    6      val=   2.55816
        0.1804654484026 bend   9    7    6
        0.1925780845222 bend   9    8    6
        0.2608809463743 bend   3    7    6
        0.2783190132616 bend   3    8    6
  15 k -0.0037822277730 bend   8    7    6      val=   0.50543
       -0.4494738983071 bend   9    7    6
        0.4631198749890 bend   9    8    6
        0.5363990696011 bend   3    7    6
       -0.5438335489973 bend   3    8    6
  16 k  1.0000000000000 tors  10    9    6    3 val= 174.64466
  17 k  1.0000000000000 stre   9   10           val=   1.81798
  18 k  1.0000000000000 bend   6   10    9      val= 108.83826
  19 k  1.0000000000000 tors   2    3    6    9 val= 168.00000
  20 k  1.0000000000000 stre   3    2           val=   2.69273
  21 k  1.0000000000000 bend   6    2    3      val= 107.25279
  22 k  1.0000000000000 stre   6    9           val=   2.69273
  23 k  1.0000000000000 bend   3    9    6      val= 107.25279
  24 k  1.0000000000000 stre   3    6           val=   2.86540
  25 f  1.0000000000000 tors   2    3    6    9 val= 168.00000
        24 non zero eigenvalues  of BmBt
           1           3.935914312    1    0
         1
           2           3.759530396    2    0
         2
           3           3.719314114    3    0
         3
           4           3.088975038    4    0
         4
           5           2.996607338    5    0
         5
           6           2.447423133    6    0
         6
           7           2.137032488    7    0
         7
           8           1.675784504    8    0
         8
           9           1.249703707    9    0
         9
          10           1.176843205   10    0
        10
          11           1.062951956   11    0
        11
          12           0.880166841   12    0
        12
          13           0.766833555   13    0
        13
          14           0.753665114   14    0
        14
          15           0.582630352   15    0
        15
          16           0.389937588   16    0
        16
          17           0.353789240   17    0
        17
          18           0.340651279   18    0
        18
          19           0.280336234   20    0
        20
          20           0.257343557   21    0
        21
          21           0.138822064   22    0
        22
          22           0.066985732   23    0
        23
          23           0.064564418   24    0
        24
          24           0.000000000    0    1
         0.000000000         0.000000000         0.000000000         0.000000000
         0.000000000         0.000000000         0.000000000         0.000000000
         0.000000000         0.000000000         0.000000000         0.000000000
         0.000000000         0.000000000         0.000000000         0.000000000
         0.000000000         0.000000000         0.000000000         0.000000000
         0.000000000         0.000000000         0.000000000         0.000000000
         1.000000000
$end
