$energy      SCF               SCFKIN            SCFPOT
     1 -230.2266616453      229.2952254265     -459.5218870718
     2 -230.2267602328      229.2910902790     -459.5178505117
     3 -230.2267898310      229.2918888809     -459.5186787119
     4 -230.2267904325      229.2915718626     -459.5183622951
     5 -230.2267905280      229.2916724855     -459.5184630135
     6 -230.2267905352      229.2916935011     -459.5184840362
     7 -230.2267905386      229.2916947310     -459.5184852695
     8 -230.2267905401      229.2916859637     -459.5184765037
     9 -230.2267905401      229.2916862530     -459.5184767930
    10 -230.2267905401      229.2916850091     -459.5184755492
    11 -230.2267905402      229.2916856231     -459.5184761633
$end
