$grad          cartesian gradients
  cycle =      1    SCF energy =     -230.2266616453   |dE/dxyz| =  0.002556
    0.82243695369544     -0.13377797063327     -4.74248209029129      h
   -0.37089146332595     -0.12817450008095     -3.37110285346929      o
    0.97067205703057      0.14068441433954     -1.05254092430055      c
    2.03895934725122      1.91484493237516     -0.99568066158360      h
    2.29708631675511     -1.42326892406727     -0.75792872667718      h
   -0.97066639876561      0.14071964976592      1.05254021369774      c
   -2.03892160317262      1.91490160591584      0.99567015042080      h
   -2.29710717243103     -1.42320907010155      0.75793127664087      h
    0.37088895144453     -0.12814493230976      3.37110613979293      o
   -0.82248139616576     -0.13422057337822      4.74244635569655      h
  -.18993025715874D-04  -.38305308410616D-03  0.11871306745339D-03
  -.61957226866694D-04  -.76106608567646D-03  0.30059691980394D-03
  -.19723798081401D-03  0.49384246272148D-03  0.33711482068204D-03
  -.78758602190397D-03  0.32614576484742D-03  0.64766688442888D-03
  0.78695963909158D-03  0.32105564640555D-03  -.40940019162023D-03
  0.19684634403752D-03  0.49484985869156D-03  -.33693455105724D-03
  0.78710997769798D-03  0.32659850181015D-03  -.64721048023102D-03
  -.78636301509370D-03  0.32148381969336D-03  0.40899349454742D-03
  0.62176481564579D-04  -.76007332320596D-03  -.30055606751615D-03
  0.19044908054419D-04  -.38382371473373D-03  -.11898403331204D-03
  cycle =      2    SCF energy =     -230.2267602328   |dE/dxyz| =  0.002318
    0.82012673797037     -0.06531372754004     -4.74921618689047      h
   -0.36726908384219     -0.14009741583788     -3.37450366255051      o
    0.97119399138756      0.12864190706944     -1.05364998140714      c
    2.05588872690537      1.89322274124096     -1.00004580373396      h
    2.28314152765566     -1.44612274256101     -0.75525072458159      h
   -0.97118551782326      0.12865596813881      1.05364603476295      c
   -2.05584651549272      1.89325878912074      1.00006083738594      h
   -2.28316242923868     -1.44607883086506      0.75522238881222      h
    0.36726411753171     -0.14013201045922      3.37450195589448      o
   -0.82017596273793     -0.06568004648130      4.74919402223504      h
  0.40232179661630D-05  -.19250770779311D-03  -.22433108873299D-04
  0.12285412631534D-03  -.11740681374306D-02  0.50884768402662D-04
  -.16363009985633D-03  0.81465936825167D-03  -.15752944109862D-03
  -.21494487241689D-03  0.27554555681021D-03  0.39134032710136D-03
  0.23104093891146D-03  0.27347709962697D-03  -.36650092664598D-03
  0.16358563430908D-03  0.81569718093774D-03  0.15717323754712D-03
  0.21478319609513D-03  0.27556188036837D-03  -.39096393986170D-03
  -.23080104507393D-03  0.27362359814048D-03  0.36624163918483D-03
  -.12295925009632D-03  -.11733698083094D-02  -.50549851730524D-04
  -.39555611306719D-05  -.19305257685864D-03  0.22332622937369D-04
  cycle =      3    SCF energy =     -230.2267898310   |dE/dxyz| =  0.002739
    0.81409403030809     -0.00157428247758     -4.75035825909243      h
   -0.36431262185118     -0.15172321422929     -3.37410838525620      o
    0.97241639656602      0.11701483258446     -1.05242899446404      c
    2.06924512847405      1.87355229420824     -1.00282348326621      h
    2.27249602675047     -1.46691252163461     -0.74749141839029      h
   -0.97241289233469      0.11700310452158      1.05242393043566      c
   -2.06920514359655      1.87356501781957      1.00287415182025      h
   -2.27252485938796     -1.46688728325908      0.74742902061996      h
    0.36430449861478     -0.15183808749095      3.37409738431956      o
   -0.81412497122715     -0.00184522821690      4.75034493320070      h
  0.34994932602333D-04  -.45573434250250D-05  0.54632789817907D-05
  0.84555951712371D-04  -.13931597994660D-02  0.21255699840673D-03
  -.60393211812458D-04  0.12764449029913D-02  -.27197162130090D-03
  0.73128551843664D-04  0.80398564984980D-04  0.10853292858808D-03
  -.80750271060618D-04  0.38614285234176D-04  -.12825501192611D-03
  0.60535167996128D-04  0.12770525907712D-02  0.27205688503872D-03
  -.73141391808812D-04  0.80357218452647D-04  -.10842059968942D-03
  0.80746839205383D-04  0.38507079064278D-04  0.12807711689521D-03
  -.84608899740039D-04  -.13928834854179D-02  -.21257699018425D-03
  -.35070355697967D-04  -.47609089742603D-05  -.54662228722678D-05
  cycle =      4    SCF energy =     -230.2267904325   |dE/dxyz| =  0.002665
    0.81373139569068      0.00211494179548     -4.75080432666867      h
   -0.36401353365694     -0.15268358730422     -3.37454446306246      o
    0.97232308290622      0.11605212802704     -1.05235919260316      c
    2.06878537790256      1.87250193596314     -1.00382872510271      h
    2.27280668429234     -1.46762188434153     -0.74604949026041      h
   -0.97232253406558      0.11603383868185      1.05235395034933      c
   -2.06874761130669      1.87250887180117      1.00388939104948      h
   -2.27283909892093     -1.46760089917622      0.74597957334575      h
    0.36400486235140     -0.15281889858673      3.37453036504118      o
   -0.81375303287718      0.00186818496547      4.75079179783864      h
  0.92863996725100D-05  0.17006052473092D-05  -.38562260545574D-05
  0.95077907297814D-04  -.13244381693473D-02  0.10443396543422D-03
  -.13668086496281D-03  0.13082598051558D-02  -.20214347674691D-03
  0.19336818150915D-04  0.13375521874933D-04  0.51531634452578D-04
  -.26941457909732D-04  -.10373376728344D-05  -.40751281012492D-04
  0.13674514790162D-03  0.13085934047297D-02  0.20232726295972D-03
  -.19353888093739D-04  0.13378170782919D-04  -.51491665681108D-04
  0.26962371627794D-04  -.10879395070456D-05  0.40613185635417D-04
  -.95087736660003D-04  -.13242746437074D-02  -.10451007229032D-03
  -.93469167964556D-05  0.15789253722068D-05  0.38433660838002D-05
  cycle =      6    SCF energy =     -230.2267905352   |dE/dxyz| =  0.002578
    0.80548814680082      0.02315909374380     -4.75218249147046      h
   -0.36975536772127     -0.13217085439394     -3.37387691524072      o
    0.97052019610433      0.13662987665253     -1.05391601054648      c
    2.06657784249218      1.89328074009844     -1.00806777012278      h
    2.27201665783009     -1.44663571775535     -0.74913871843129      h
   -0.97051881439570      0.13663285793456      1.05391578762030      c
   -2.06657343704176      1.89328568872848      1.00806546008796      h
   -2.27201758654220     -1.44663068653682      0.74913725882839      h
    0.36975464359793     -0.13216846709413      3.37387742703886      o
   -0.80549659429275      0.02312325587980      4.75218079381900      h
  -.20048166320344D-05  0.15213960671488D-05  0.51066235940056D-06
  0.97753693218924D-04  -.12711621359765D-02  0.85628180001220D-04
  -.15428498927962D-03  0.12822643850021D-02  -.15169309479470D-03
  -.85698652612609D-05  -.68308618322791D-05  0.10701735449542D-04
  0.47843231663796D-05  -.78383689384030D-05  -.68095110749375D-06
  0.15430503144466D-03  0.12823903211669D-02  0.15185015268283D-03
  0.85539454784704D-05  -.68156401856135D-05  -.10705302660474D-04
  -.47693015759960D-05  -.78526334908006D-05  0.59416057106441D-06
  -.97738106193851D-04  -.12710721555916D-02  -.85669121618636D-04
  0.19696688746108D-05  0.14665745659934D-05  -.53655774752559D-06
  cycle =      7    SCF energy =     -230.2267905386   |dE/dxyz| =  0.002562
    0.80552651703571      0.02280847561791     -4.75215789494683      h
   -0.36977413113731     -0.13208525229731     -3.37384928256808      o
    0.97052575170214      0.13671431015395     -1.05391245534784      c
    2.06662668924656      1.89336768162071     -1.00816076058393      h
    2.27200126283657     -1.44654047614522     -0.74912924962327      h
   -0.97052506116401      0.13671570220961      1.05391200219960      c
   -2.06662281573934      1.89337115298248      1.00816097993445      h
   -2.27200311369686     -1.44653650524698      0.74912602623407      h
    0.36977319136455     -0.13208792372639      3.37384905258531      o
   -0.80553260361635      0.02277862208861      4.75215640369930      h
  -.10358114715218D-05  0.85047794377411D-06  0.70760093304491D-06
  0.98320998035770D-04  -.12683308686849D-02  0.90891387771557D-04
  -.15080158113241D-03  0.12694878742348D-02  -.14767988290798D-03
  -.35760754685096D-05  -.16556244357268D-05  0.58241684777109D-05
  0.14954990962315D-05  -.23731237729623D-05  -.21474176933063D-05
  0.15079229807239D-03  0.12695854538614D-02  0.14774855401509D-03
  0.35733977824214D-05  -.16511241962431D-05  -.58212131417364D-05
  -.14748113534324D-05  -.23778099281857D-05  0.20913236732140D-05
  -.98304735991947D-04  -.12682773570104D-02  -.90914122270225D-04
  0.10104887302102D-05  0.81142657535429D-06  -.70058660680549D-06
  cycle =      9    SCF energy =     -230.2267905401   |dE/dxyz| =  0.002549
    0.80562196360308      0.02213410729902     -4.75214424039204      h
   -0.36977655246751     -0.13213649228897     -3.37384483707116      o
    0.97052767683809      0.13666581605251     -1.05390663493845      c
    2.06669037137758      1.89330404615861     -1.00827113560459      h
    2.27197095051077     -1.44658915565087     -0.74908243002688      h
   -0.97052732012803      0.13666647033578      1.05390658594445      c
   -2.06668932728930      1.89330515221317      1.00827054879606      h
   -2.27197114158495     -1.44658803448694      0.74908206967652      h
    0.36977634923474     -0.13213598287400      3.37384495839721      o
   -0.80562384134567      0.02212642240934      4.75214384557676      h
  -.97255103845983D-07  -.11832429126403D-06  -.73234641451946D-06
  0.98311546933328D-04  -.12649968245423D-02  0.92092654847403D-04
  -.15156432906631D-03  0.12595550562895D-02  -.14101572809501D-03
  0.99737263063794D-06  0.19182699748478D-05  0.28770042404963D-06
  -.67244666572317D-06  0.16556592340698D-05  -.18716201514936D-05
  0.15156567122672D-03  0.12595521939160D-02  0.14104044863786D-03
  -.10033423637581D-05  0.19149141480817D-05  -.30491517962041D-06
  0.68269386142014D-06  0.16424018760948D-05  0.18704337129689D-05
  -.98316059523122D-04  -.12649363719173D-02  -.92092118313861D-04
  0.96055563821442D-07  -.11980161781293D-06  0.72546007444657D-06
  cycle =     10    SCF energy =     -230.2267905401   |dE/dxyz| =  0.002551
    0.80562460107300      0.02209595622946     -4.75214346061412      h
   -0.36978290271645     -0.13212086886705     -3.37384714678969      o
    0.97052402069462      0.13668094548314     -1.05390648606075      c
    2.06669309142372      1.89330821444919     -1.00827373204874      h
    2.27195935837365     -1.44658538232035     -0.74907183302305      h
   -0.97052389150054      0.13668104330736      1.05390640072629      c
   -2.06669230432898      1.89330877022299      1.00827421536426      h
   -2.27195978775846     -1.44658464586677      0.74907063377009      h
    0.36978259912890     -0.13212237312418      3.37384701810912      o
   -0.80562565564066      0.02209068965387      4.75214312092446      h
  -.49455271374493D-06  -.47455558460162D-06  -.28644538324373D-06
  0.97977712650749D-04  -.12647737241839D-02  0.90532903273188D-04
  -.15239107121289D-03  0.12627439074712D-02  -.14044863086628D-03
  0.86202788332289D-07  0.25138069871729D-06  0.42871004259257D-06
  0.69263483319760D-08  0.26944829008086D-06  -.98675239157360D-06
  0.15238969963418D-03  0.12627844782955D-02  0.14046817443279D-03
  -.92162191809253D-07  0.25216340433119D-06  -.42266460293843D-06
  0.43441648039656D-08  0.26572906198725D-06  0.96932578994808D-06
  -.97980562709127D-04  -.12647908156810D-02  -.90546623319855D-04
  0.49339878433234D-06  -.46097809158690D-06  0.29195236940043D-06
$end
