$hessapprox internal
  0.155380739380D-01 -0.969883042963D-03  0.620473592143D+00  0.128230283952D-02
 -0.187104162263D-02  0.370938063586D+00 -0.198389007759D-02 -0.541391990681D-03
 -0.692256082479D-02  0.415683696424D+00  0.163021559932D-02  0.582288404163D-03
  0.603654653364D-02  0.700223477804D-02  0.416124176450D+00 -0.163109614009D-02
  0.502049407703D-03 -0.329216120318D-02 -0.121712749697D-02  0.125250614659D-02
  0.346788283293D+00  0.106501121090D-02 -0.314132454485D-02 -0.497761877741D-02
 -0.142212772838D-01  0.125626833702D-01 -0.564946784146D-02  0.332674502558D+00
  0.338890796044D-03 -0.992371075111D-03 -0.156563145756D-02 -0.448678183150D-02
  0.396320233301D-02 -0.178444020582D-02 -0.449197959808D-02  0.319383586629D+00
 -0.322967379185D-02  0.610699440476D-02  0.643334411350D-02  0.248780542575D-01
 -0.218358758313D-01  0.108528183788D-01  0.214336470445D-01  0.674717681212D-02
  0.314767028465D+00 -0.197435693286D-02 -0.553390079575D-03 -0.692627983129D-02
 -0.767013911017D-02  0.703801990090D-02 -0.123809134884D-02 -0.142460846247D-01
 -0.449457696420D-02  0.249065010870D-01  0.415601147892D+00  0.162152613639D-02
  0.588880749810D-03  0.602893238650D-02  0.701666001883D-02 -0.641938677010D-02
  0.126363702159D-02  0.125575814156D-01  0.396157331983D-02 -0.218177719384D-01
  0.705238706327D-02  0.416100286753D+00 -0.164850782237D-02  0.543564261192D-03
 -0.323571506536D-02 -0.103715458195D-02  0.109392808335D-02  0.813088426793D-03
 -0.547910520490D-02 -0.173079108296D-02  0.106021704855D-01 -0.105784752624D-02
  0.110514994583D-02  0.346934839596D+00  0.827664359204D-03 -0.290991008490D-02
 -0.505551669451D-02 -0.135532073730D-01  0.119918156931D-01 -0.525113213687D-02
 -0.140729977119D-01 -0.443322800736D-02  0.214076310510D-01 -0.135788985121D-01
  0.119882115274D-01 -0.508227875303D-02  0.333083730573D+00  0.320057332963D-03
 -0.962555270700D-03 -0.154279967228D-02 -0.437264438680D-02  0.386343554356D-02
 -0.173179849615D-02 -0.440397250485D-02 -0.138717634600D-02  0.662901544737D-02
 -0.438035294378D-02  0.386191656322D-02 -0.167916008491D-02 -0.434444895933D-02
  0.319438525018D+00 -0.307601916968D-02  0.593703751262D-02  0.643274815607D-02
  0.243380522766D-01 -0.213705100429D-01  0.105579494633D-01  0.211832698824D-01
  0.666864095491D-02 -0.301179545917D-01  0.243667956622D-01 -0.213533602890D-01
  0.103098455765D-01  0.211392756844D-01  0.655085598755D-02  0.315217545266D+00
  0.114879443442D-02 -0.811600781006D-03  0.115848044032D-02 -0.158717265805D-02
  0.129601834791D-02 -0.136147545113D-02  0.105694004234D-02  0.335892007197D-03
 -0.300106384478D-02 -0.157867420844D-02  0.128853135477D-02 -0.137816757492D-02
  0.849372155783D-03  0.318737719963D-03 -0.286548506926D-02  0.151879778988D-01
 -0.929156713625D-03  0.295272863443D-03 -0.185187826156D-02 -0.643812913423D-03
  0.669360619319D-03  0.437901613571D-03 -0.315902616026D-02 -0.997851083103D-03
  0.608826203012D-02 -0.655628041387D-03  0.675694197890D-03  0.479497425197D-03
 -0.293359224873D-02 -0.968267274484D-03  0.592175025397D-02 -0.776120843811D-03
  0.620399831564D+00  0.130133818149D-02 -0.188648576351D-02 -0.113759153912D-02
 -0.695951309741D-02  0.606751412680D-02 -0.331838640856D-02 -0.497284006277D-02
 -0.156407921255D-02  0.640385036778D-02 -0.696311859654D-02  0.605977745794D-02
 -0.326206158121D-02 -0.505385927544D-02 -0.154144484944D-02  0.640518670772D-02
  0.117494149352D-02 -0.186677677899D-02  0.370966621621D+00  0.149930476560D-02
  0.157555047203D-03  0.459430980159D-02  0.442265391752D-02 -0.409532710740D-02
  0.457770184200D-03  0.914241917969D-02  0.288495656647D-02 -0.162509658518D-01
  0.445039382096D-02 -0.410603515605D-02  0.341329558300D-03  0.867762425288D-02
  0.280964200733D-02 -0.158824716806D-01  0.121451068788D-02  0.229630150279D-03
  0.462113217973D-02  0.489708563210D+00  0.874690592929D-03 -0.419353691595D-03
  0.138515503474D-02 -0.148534887542D-03  0.422952465745D-04 -0.671896558403D-03
  0.207179381305D-02  0.655067522278D-03 -0.429814574718D-02 -0.139346889140D-03
  0.364417776728D-04 -0.700055171587D-03  0.188210510974D-02  0.633367877393D-03
 -0.416365251711D-02  0.739066894402D-03 -0.388133277625D-03  0.139855984550D-02
  0.258291039744D-03  0.382382596615D+00  0.148732931856D-02  0.183586373953D-03
  0.462674408268D-02  0.453297673177D-02 -0.419240087294D-02  0.504231993576D-03
  0.924350233984D-02  0.291678480790D-02 -0.163977936191D-01  0.456086845574D-02
 -0.420304440066D-02  0.386598504370D-03  0.877807123557D-02  0.284088479195D-02
 -0.160279467209D-01  0.120318070293D-02  0.255663749165D-03  0.465347196051D-02
 -0.256971649865D-02  0.240387835963D-03  0.489564726594D+00  0.826708045331D-03
 -0.390224598421D-03  0.132468545859D-02 -0.107698267002D-03  0.108468981120D-04
 -0.623790333206D-03  0.199721788381D-02  0.631447795644D-03 -0.412444945886D-02
 -0.989304895170D-04  0.530981569183D-05 -0.650880716643D-03  0.181695886808D-02
  0.610672110815D-03 -0.399636989417D-02  0.698158533076D-03 -0.360587115648D-03
  0.133738180068D-02  0.223569150264D-03  0.419349120843D-03  0.206361965345D-03
  0.382328045928D+00 -0.180610768023D-02 -0.147183883304D-03 -0.542649989978D-02
 -0.510023969881D-02  0.473070208693D-02 -0.473186624168D-03 -0.107413742204D-01
 -0.338962658653D-02  0.191444589898D-01 -0.513307299394D-02  0.474356852213D-02
 -0.336233566672D-03 -0.101882584599D-01 -0.330075387392D-02  0.187072678304D-01
 -0.146558020380D-02 -0.233105266494D-03 -0.545862397773D-02  0.286628638447D-02
 -0.335878798016D-03  0.295057545949D-02 -0.293398009776D-03  0.389559344816D+00
  0.000000000000D+00  0.000000000000D+00  0.000000000000D+00  0.000000000000D+00
  0.000000000000D+00  0.000000000000D+00  0.000000000000D+00  0.000000000000D+00
  0.000000000000D+00  0.000000000000D+00  0.000000000000D+00  0.000000000000D+00
  0.000000000000D+00  0.000000000000D+00  0.000000000000D+00  0.000000000000D+00
  0.000000000000D+00  0.000000000000D+00  0.000000000000D+00  0.000000000000D+00
  0.000000000000D+00  0.000000000000D+00  0.000000000000D+00  0.000000000000D+00
$end
