$coord
    0.19755661444831     -1.06863109995547     -4.25960325918767  h
   -0.23303989038239     -1.13492397465560     -2.49382399953857  o
    0.36718518236627      1.23333667391288     -1.39062381646247  c
   -0.62135795344314      2.80539698157095     -2.31577154881583  h
    2.40757983758691      1.58105280785092     -1.55246417433391  h
   -0.36718521285609      1.23333666350152      1.39062373633945  c
    0.62135757914666      2.80539722207562      2.31577142485655  h
   -2.40757994235499      1.58105243217373      1.55246395282778  h
    0.23304027632124     -1.13492377233790      2.49382412894279  o
   -0.19756223046786     -1.06863298819314      4.25960200063529  h
$user-defined bonds
$intdef
# definitions of internal coordinates
   1 f  1.0000000000000 tors    2    3    6    9 val=  40.00000
$redundant
     number_of_atoms            10
     degrees_of_freedom         24
     internal_coordinates       25
     frozen_coordinates          1
# definitions of redundant internals
   1 k  1.0000000000000 tors   1    2    3    6 val= 178.17251
   2 k  1.0000000000000 stre   2    1           val=   1.81873
   3 k  1.0000000000000 bend   3    1    2      val= 108.32118
   4 k  1.0000000000000 stre   3    4           val=   2.07473
   5 k  1.0000000000000 stre   3    5           val=   2.07613
   6 k  0.0853238226122 bend   5    4    3      val=   1.06276
       -0.5274713608535 bend   2    4    3
       -0.4889151790203 bend   2    5    3
        0.4791808514249 bend   6    4    3
        0.4958240293951 bend   6    5    3
   7 k  0.0091638784147 bend   5    4    3      val=   0.27749
       -0.5306493731849 bend   2    4    3
        0.5622819513093 bend   2    5    3
       -0.4617925539905 bend   6    4    3
        0.4346422786403 bend   6    5    3
   8 k  0.8925400815691 bend   5    4    3      val=  -0.33442
       -0.1656671640912 bend   2    4    3
       -0.1914770603714 bend   2    5    3
       -0.2687523017860 bend   6    4    3
       -0.2589118173642 bend   6    5    3
   9 k -0.0118549352233 bend   5    4    3      val=   1.59852
        0.4496824051695 bend   2    4    3
       -0.4466123598999 bend   2    5    3
       -0.5357552870510 bend   6    4    3
        0.5578071955196 bend   6    5    3
  10 k  1.0000000000000 stre   6    7           val=   2.07473
  11 k  1.0000000000000 stre   6    8           val=   2.07613
  12 k  0.0853238909542 bend   8    7    6      val=   1.06276
       -0.5274713200247 bend   9    7    6
       -0.4889152285615 bend   9    8    6
        0.4791809349119 bend   3    7    6
        0.4958239315336 bend   3    8    6
  13 k  0.0091639660504 bend   8    7    6      val=   0.27749
       -0.5306494514371 bend   9    7    6
        0.5622819218621 bend   9    8    6
       -0.4617924583312 bend   3    7    6
        0.4346423209850 bend   3    8    6
  14 k  0.8925400761822 bend   8    7    6      val=  -0.33442
       -0.1656671355055 bend   9    7    6
       -0.1914770237430 bend   9    8    6
       -0.2687522604581 bend   3    7    6
       -0.2589119242122 bend   3    8    6
  15 k -0.0118548642406 bend   8    7    6      val=   1.59851
        0.4496823217026 bend   9    7    6
       -0.4466123877993 bend   9    8    6
       -0.5357553154345 bend   3    7    6
        0.5578072147167 bend   3    8    6
  16 k  1.0000000000000 tors  10    9    6    3 val= 178.17272
  17 k  1.0000000000000 stre   9   10           val=   1.81873
  18 k  1.0000000000000 bend   6   10    9      val= 108.32118
  19 k  1.0000000000000 tors   2    3    6    9 val=  40.00000
  20 k  1.0000000000000 stre   3    2           val=   2.68067
  21 k  1.0000000000000 bend   6    2    3      val= 109.92195
  22 k  1.0000000000000 stre   6    9           val=   2.68067
  23 k  1.0000000000000 bend   3    9    6      val= 109.92195
  24 k  1.0000000000000 stre   3    6           val=   2.87657
  25 f  1.0000000000000 tors   2    3    6    9 val=  40.00000
        24 non zero eigenvalues  of BmBt
           1           4.541147242    1    0
         1
           2           3.777698004    2    0
         2
           3           3.777022838    3    0
         3
           4           3.080684063    4    0
         4
           5           2.684913920    5    0
         5
           6           2.467541938    6    0
         6
           7           2.100051674    7    0
         7
           8           1.726993562    8    0
         8
           9           1.237836731    9    0
         9
          10           1.229948430   10    0
        10
          11           1.051663579   11    0
        11
          12           0.847077364   12    0
        12
          13           0.767676576   13    0
        13
          14           0.726354299   14    0
        14
          15           0.658251581   15    0
        15
          16           0.404200058   16    0
        16
          17           0.347552581   17    0
        17
          18           0.314212916   18    0
        18
          19           0.275919464   20    0
        20
          20           0.246588849   21    0
        21
          21           0.156940285   22    0
        22
          22           0.066979744   23    0
        23
          23           0.057686102   24    0
        24
          24           0.000000000    0    1
         0.000000000         0.000000000         0.000000000         0.000000000
         0.000000000         0.000000000         0.000000000         0.000000000
         0.000000000         0.000000000         0.000000000         0.000000000
         0.000000000         0.000000000         0.000000000         0.000000000
         0.000000000         0.000000000         0.000000000         0.000000000
         0.000000000         0.000000000         0.000000000         0.000000000
         1.000000000
$end
