$energy      SCF               SCFKIN            SCFPOT
     1 -230.2196550269      229.3046708322     -459.5243258592
     2 -230.2206592432      229.2739424934     -459.4946017366
     3 -230.2207404177      229.2851318220     -459.5058722396
     4 -230.2207611692      229.2894112408     -459.5101724101
     5 -230.2207620885      229.2878179326     -459.5085800211
     6 -230.2207621529      229.2879902278     -459.5087523807
     7 -230.2207621521      229.2879879523     -459.5087501044
     8 -230.2207621565      229.2880040673     -459.5087662238
     9 -230.2207621592      229.2880335045     -459.5087956637
    10 -230.2207621591      229.2880327168     -459.5087948759
    11 -230.2207621592      229.2880330453     -459.5087952045
    12 -230.2207621592      229.2880373046     -459.5087994639
$end
