$grad          cartesian gradients
  cycle =      1    SCF energy =     -230.2196550269   |dE/dxyz| =  0.013777
    0.22071262064844     -1.20180010441279     -4.13640657981931      h
   -0.24972064746896     -1.15218945321810     -2.38113553394824      o
    0.38432541229506      1.26483875695003     -1.37925358496018      c
   -0.62070499080093      2.78305265326943     -2.36771543084919      h
    2.41774275388022      1.63517794453197     -1.52132392096951      h
   -0.38432722222301      1.26484254551110      1.37924867644517      c
    0.62067468862900      2.78307609149899      2.36771367714661      h
   -2.41774894192251      1.63515417112777      1.52129796943464      h
    0.24975196959957     -1.15216952327225      2.38114842823107      o
   -0.22115173583957     -1.20195002811308      4.13628810622349      h
  -.26317295241386D-03  -.88975243000385D-03  0.68833323588764D-03
  0.15505111761990D-02  -.49718932212905D-02  0.49254345603826D-02
  -.23212910091742D-02  0.49151849232686D-02  0.80916814709960D-03
  -.50252732996489D-03  -.14295561368630D-02  -.22293357714684D-03
  -.10798063229453D-02  0.23782384085868D-02  0.16773244316751D-02
  0.23206277129152D-02  0.49155442886323D-02  -.80924616213302D-03
  0.50255768369454D-03  -.14294331401980D-02  0.22326426229490D-03
  0.10801713122882D-02  0.23784651434315D-02  -.16776209798656D-02
  -.15495627565244D-02  -.49724090173341D-02  -.49253221886125D-02
  0.26249038255896D-03  -.88964027893120D-03  -.68839900952008D-03
  cycle =      2    SCF energy =     -230.2206592432   |dE/dxyz| =  0.015393
    0.21688926826100     -1.10063871569025     -4.25826952854559      h
   -0.22312156962497     -1.15196409236940     -2.49399775757965      o
    0.37551560783073      1.22394855396470     -1.39257080057067      c
   -0.60820803881481      2.77602197765933     -2.35294288826967      h
    2.41264312955417      1.58171924623539     -1.53948390851480      h
   -0.37554152955266      1.22394570261487      1.39256021350605      c
    0.60817713175560      2.77601488957447      2.35294752516914      h
   -2.41266897420656      1.58171576497065      1.53945845402728      h
    0.22309260044192     -1.15196963051412      2.49398112864088      o
   -0.21722371884712     -1.10076064257257      4.25817936907157      h
  -.14913742958025D-03  -.61384144477677D-03  -.32123036467600D-03
  0.46936919872476D-02  -.25396836848806D-02  0.18959246815179D-03
  -.81639408391923D-02  0.34327396360338D-02  -.24831715306124D-02
  0.33145642401210D-03  -.97883302995983D-03  -.15611491927543D-02
  -.84407166578475D-03  0.70056535693567D-03  0.37617605421615D-03
  0.81636672775681D-02  0.34330216133631D-02  0.24830928272433D-02
  -.33145457430241D-03  -.97882113098102D-03  0.15615189359253D-02
  0.84431737600051D-03  0.70064035066730D-03  -.37651517945005D-03
  -.46933039149636D-02  -.25395249009401D-02  -.18925959018822D-03
  0.14877613350062D-03  -.61400583814963D-03  0.32094578166956D-03
  cycle =      3    SCF energy =     -230.2207404177   |dE/dxyz| =  0.016577
    0.21799507570961     -1.08992593666472     -4.25744815017103      h
   -0.22221551771933     -1.15118626890936     -2.49391381171289      o
    0.37421255359126      1.21951680570814     -1.39006814294603      c
   -0.60769913356834      2.78197067446342     -2.33642786571737      h
    2.41453705435407      1.56871269198196     -1.53958725856861      h
   -0.37425285411165      1.21951089436693      1.39005550373649      c
    0.60767009616902      2.78194717452417      2.33643480289333      h
   -2.41457443890417      1.56872429124970      1.53956523946374      h
    0.22215066959692     -1.15120559007028      2.49388344615381      o
   -0.21826959832009     -1.09003168277689      4.25736804380311      h
  -.56694480130420D-04  -.17670163745872D-03  -.39917284182916D-04
  0.54643526256838D-02  -.20324648587105D-02  0.10329430128060D-02
  -.94160734873633D-02  0.26043487263434D-02  -.23871475340222D-02
  0.18001297046319D-03  -.56796051527174D-03  -.83102569898038D-03
  -.26886876444864D-03  0.17371442286457D-03  0.13181802523425D-03
  0.94159472443469D-02  0.26044676871755D-02  0.23871669633483D-02
  -.17999223766691D-03  -.56798502082127D-03  0.83130056909029D-03
  0.26895267259062D-03  0.17374720949158D-03  -.13209171683595D-03
  -.54640715940569D-02  -.20321588522734D-02  -.10328278665341D-02
  0.56436180206954D-04  -.17684298442562D-03  0.39782170833970D-04
  cycle =      4    SCF energy =     -230.2207611692   |dE/dxyz| =  0.017295
    0.21946673634899     -1.08498322633661     -4.25724593064452      h
   -0.22117203383163     -1.15188132457316     -2.49405149253990      o
    0.37381824413099      1.21645903702866     -1.38831392446783      c
   -0.60843005579086      2.78748435444568     -2.32142057098905      h
    2.41580245305124      1.56201067082110     -1.53962226924614      h
   -0.37387590384491      1.21644906066119      1.38829863221867      c
    0.60840331074614      2.78744095553865      2.32143001292677      h
   -2.41585334961904      1.56204072349177      1.53960470234517      h
    0.22106367351422     -1.15191785842828      2.49400501002328      o
   -0.21966916790784     -1.08506933877592      4.25717763730810      h
  0.11401342620187D-04  0.61319852170102D-04  0.50515057022291D-04
  0.58465934720885D-02  -.21231863582846D-02  0.15843831462781D-02
  -.98945473983050D-02  0.22341388421740D-02  -.23260382539963D-02
  0.32313371350080D-04  -.10547598749875D-03  -.12462317967019D-03
  0.11201414986838D-03  -.65775692113933D-04  -.49147388480661D-05
  0.98945522888929D-02  0.22339994631790D-02  0.23261129025071D-02
  -.32287694624091D-04  -.10550377990458D-03  0.12477032874636D-03
  -.11201775768301D-03  -.65768657341619D-04  0.47373109723716D-05
  -.58465060486066D-02  -.21228437896478D-02  -.15843747277748D-02
  -.11514140206433D-04  0.61233577740112D-04  -.50566382068360D-04
  cycle =      5    SCF energy =     -230.2207620885   |dE/dxyz| =  0.016977
    0.21994315757085     -1.08580925838372     -4.25825460213884      h
   -0.22046247542515     -1.15244586787196     -2.49488953135388      o
    0.37422713230384      1.21608757360824     -1.38855751048722      c
   -0.60916815774605      2.78802722480528     -2.31927840119827      h
    2.41561949330119      1.56323063479635     -1.53999603698058      h
   -0.37429211372884      1.21607576838425      1.38854098167335      c
    0.60914233462835      2.78797549776228      2.31928839578775      h
   -2.41567582185503      1.56326845136736      1.53998108393655      h
    0.22033610466252     -1.15248981881036      2.49483635926212      o
   -0.22011574691439     -1.08588715178465      4.25819106843357      h
  0.97091933471716D-05  0.22601514137865D-04  -.20144776292266D-05
  0.57933069103274D-02  -.22737740024739D-02  0.15573695963247D-02
  -.95760063575663D-02  0.22734573715542D-02  -.24649335132314D-02
  0.87683676015696D-05  -.10563709281313D-04  -.13673607567240D-04
  0.33552492856522D-04  -.10634915945405D-04  -.66241399845317D-05
  0.95760410937825D-02  0.22732061817024D-02  0.24649918301465D-02
  -.87556381639905D-05  -.10578824671047D-04  0.13744814486305D-04
  -.33547325415430D-04  -.10630438807357D-04  0.65211334359847D-05
  -.57933030453798D-02  -.22734971919668D-02  -.15573661591842D-02
  -.97639154512861D-05  0.22549496534439D-04  0.19863674470525D-05
  cycle =      7    SCF energy =     -230.2207621521   |dE/dxyz| =  0.016875
    0.19773362018875     -1.06842948297665     -4.25960703176199      h
   -0.23305745536907     -1.13496051795499     -2.49387467693774      o
    0.36717750739111      1.23337571494221     -1.39060189268348      c
   -0.62140401842372      2.80539140484763     -2.31576460254449      h
    2.40753824310646      1.58101692635376     -1.55260328524178      h
   -0.36717749053020      1.23337579039719      1.39060182627477      c
    0.62140237414934      2.80539223315970      2.31576524037175      h
   -2.40753860143004      1.58101544344672      1.55260130349348      h
    0.23305881767897     -1.13495966292708      2.49387509524158      o
   -0.19775344230778     -1.06843644829399      4.25960252732897      h
  0.39976245575479D-05  0.10757194875423D-04  -.12583284505077D-05
  0.58102418937229D-02  -.22198621314531D-02  0.15339916349468D-02
  -.94966937725345D-02  0.22175678054789D-02  -.24960796706225D-02
  0.39599599401066D-06  -.20821244948355D-05  0.94671308805880D-06
  -.79658260821466D-05  -.53604268527427D-05  -.76399699932278D-05
  0.94966809898016D-02  0.22175854220872D-02  0.24961007845195D-02
  -.39073371597953D-06  -.20904120042029D-05  -.91185712020398D-06
  0.79690791002377D-05  -.53577191398955D-05  0.75879804213205D-05
  -.58102135792001D-02  -.22198121468416D-02  -.15339803603159D-02
  -.40216611416061D-05  0.10736557694653D-04  0.12430084591081D-05
  cycle =      8    SCF energy =     -230.2207621565   |dE/dxyz| =  0.016882
    0.19766339488148     -1.06849261191207     -4.25959521289761      h
   -0.23304745530838     -1.13493287810444     -2.49384423778194      o
    0.36718379555255      1.23337697925817     -1.39060563661785      c
   -0.62138386084558      2.80540216110714     -2.31577995637969      h
    2.40756637385177      1.58104047906866     -1.55252997961828      h
   -0.36718471232058      1.23337683811440      1.39060540458713      c
    0.62138235247313      2.80540197268771      2.31578058239944      h
   -2.40756742854196      1.58103997330894      1.55252846697134      h
    0.23304659497911     -1.13493294993090      2.49384381368307      o
   -0.19767950026772     -1.06849856260311      4.25959125919545      h
  0.22689746595928D-05  0.68751990998523D-05  -.39810900257350D-06
  0.58132249797860D-02  -.22083464908135D-02  0.15350880761072D-02
  -.95051839091027D-02  0.22069293187344D-02  -.25005109421175D-02
  -.83035387054939D-06  -.11493602215721D-05  -.24530753328886D-06
  -.30206929833571D-05  -.32798060652583D-05  -.41888051289992D-05
  0.95051790498193D-02  0.22069351290793D-02  0.25005250603566D-02
  0.83369562947698D-06  -.11556241046115D-05  0.26849092893890D-06
  0.30211413065710D-05  -.32764786033476D-05  0.41523931106493D-05
  -.58132090458847D-02  -.22083113837887D-02  -.15350803340108D-02
  -.22838047156465D-05  0.68607126196573D-05  0.38945676655673D-06
  cycle =     10    SCF energy =     -230.2207621591   |dE/dxyz| =  0.016892
    0.19754762822595     -1.06862029220544     -4.25960185719710      h
   -0.23304208625687     -1.13492343255504     -2.49382147382673      o
    0.36718434878335      1.23334030050247     -1.39062144123206      c
   -0.62136031050925      2.80538876849965     -2.31578933384597      h
    2.40758678234796      1.58104599193204     -1.55245268781345      h
   -0.36718434887766      1.23334032965984      1.39062139812456      c
    0.62135990377527      2.80538903601817      2.31578936981232      h
   -2.40758687032211      1.58104562824815      1.55245226252479      h
    0.23304247223857     -1.13492318220232      2.49382161000103      o
   -0.19755325904030     -1.06862220195401      4.25960059871601      h
  -.34500735187640D-06  0.61187972102483D-06  0.93410415787151D-08
  0.58181816650858D-02  -.21909484530528D-02  0.15360782443766D-02
  -.95160929797843D-02  0.21919400540864D-02  -.25104960460114D-02
  -.92536792306270D-06  -.38932658894261D-06  -.10958018113538D-05
  0.13355614494123D-05  -.17831585198171D-06  0.25994113681276D-06
  0.95160845057312D-02  0.21919395598776D-02  0.25104940807229D-02
  0.92056146803618D-06  -.38764846499668D-06  0.10957423866001D-05
  -.13366309109598D-05  -.18220951234553D-06  -.26818579741084D-06
  -.58181604839287D-02  -.21909353835838D-02  -.15360651838648D-02
  0.33817830428686D-06  0.60946560757221D-06  -.12150232570641D-07
  cycle =     11    SCF energy =     -230.2207621592   |dE/dxyz| =  0.016891
    0.19755819699261     -1.06862860166624     -4.25959996828142      h
   -0.23304421765685     -1.13492292443873     -2.49382235192676      o
    0.36718328734429      1.23333981626683     -1.39062305498728      c
   -0.62136119655977      2.80539322979202     -2.31578060055274      h
    2.40758117182157      1.58104980126849     -1.55246100987341      h
   -0.36718368965544      1.23333978252113      1.39062296745850      c
    0.62136082404306      2.80539305260966      2.31578077592076      h
   -2.40758156963603      1.58104989671705      1.55246064619838      h
    0.23304354937847     -1.13492306964200      2.49382208467430      o
   -0.19756209570700     -1.06863003748470      4.25959895663307      h
  -.26891211570922D-06  0.44683891584218D-06  0.65212204955388D-07
  0.58182307831537D-02  -.21908854315186D-02  0.15361111075712D-02
  -.95148437893177D-02  0.21919092838513D-02  -.25114132926480D-02
  -.43070989558322D-06  -.35113605722017D-06  -.45849484248530D-06
  0.25733955024868D-06  -.85352566594144D-07  0.14313759844204D-07
  0.95148447380938D-02  0.21919136484012D-02  0.25114209942881D-02
  0.43241393429605D-06  -.35101748722415D-06  0.46566386452503D-06
  -.25637003258280D-06  -.84154319467909D-07  -.22524512163076D-07
  -.58182421792688D-02  -.21908812585079D-02  -.15361193428688D-02
  0.27669821703327D-06  0.44825846035606D-06  -.63634865256928D-07
$end
