$hessapprox internal
  0.156669824492D-01 -0.289996813939D-03  0.619316996552D+00 -0.299556714400D-03
 -0.373416025880D-03  0.366374140283D+00 -0.191051968139D-02  0.737661664946D-03
  0.118165536537D-02  0.424966987877D+00 -0.287518865841D-02  0.157411269035D-02
  0.871647306822D-02  0.654058257644D-02  0.421732859642D+00  0.241225110081D-03
  0.809740586837D-03  0.133518784380D-01 -0.142535422588D-02 -0.150240119336D-01
  0.320843117193D+00  0.378649094662D-03 -0.365009483711D-03 -0.350615595602D-02
 -0.714576294893D-03  0.214461654568D-02  0.635606371677D-02  0.345620562804D+00
 -0.603763837414D-03  0.885179081821D-03  0.101239582684D-01  0.857230529096D-03
 -0.818702801842D-02 -0.185498386260D-01  0.429939374318D-02  0.306603109087D+00
  0.895901136609D-03 -0.134723418218D-02 -0.155272472136D-01 -0.124059473826D-02
  0.126791734953D-01  0.284622310367D-01 -0.661393411413D-02  0.200503569212D-01
  0.313519326648D+00 -0.188772567075D-02  0.731637555530D-03  0.120907944751D-02
  0.457522639967D-02  0.641888214120D-02 -0.148542403352D-02 -0.686780425942D-03
  0.790286478227D-03 -0.113874044133D-02  0.424851731038D+00 -0.287371981919D-02
  0.157246685525D-02  0.869943427030D-02  0.653802461286D-02  0.255860565524D-02
 -0.149929742301D-01  0.213767985244D-02 -0.816565408727D-02  0.126463093659D-01
  0.641644915840D-02  0.421756701788D+00  0.247033701325D-03  0.806031139002D-03
  0.133263534254D-01 -0.143807511315D-02 -0.150208325421D-01 -0.248363243087D-01
  0.634805744445D-02 -0.185224866274D-01  0.284200206092D-01 -0.149785955414D-02
 -0.149898369575D-01  0.320933177414D+00  0.285685640058D-03 -0.339067413358D-03
 -0.359746810684D-02 -0.479873496778D-03  0.261936658775D-02  0.656293596252D-02
 -0.148072512440D-02  0.454437039336D-02 -0.698628648711D-02 -0.454150449970D-03
  0.261196688691D-02  0.655383191598D-02  0.345421712736D+00 -0.602963178203D-03
  0.887504899326D-03  0.101628645198D-01  0.852836356969D-03 -0.823120494723D-02
 -0.186223801444D-01  0.431797939753D-02 -0.131018756187D-01  0.201334836962D-01
  0.785719926409D-03 -0.820974030640D-02 -0.185948960417D-01  0.456354790683D-02
  0.306494538406D+00  0.846220654708D-03 -0.134254342096D-02 -0.157132110491D-01
 -0.110662963569D-02  0.130771322826D-01  0.288273990759D-01 -0.673308193729D-02
  0.203686342959D-01 -0.312966322878D-01 -0.100519856427D-02  0.130437086679D-01
  0.287841606610D-01 -0.710312708639D-02  0.204528199967D-01  0.312543553212D+00
  0.595558824478D-03 -0.225832393207D-03 -0.306804890608D-03 -0.144808523317D-02
 -0.210359607952D-02  0.330071943062D-03  0.251316416814D-03 -0.351291617228D-03
  0.515763612557D-03 -0.143035561576D-02 -0.210265867503D-02  0.334235404182D-03
  0.179231602413D-03 -0.350255066417D-03  0.475745011403D-03  0.153359745015D-01
 -0.285841767519D-03  0.726389622710D-04 -0.387338261166D-03  0.728292135421D-03
  0.157182657234D-02  0.833913237261D-03 -0.368724019084D-03  0.898821324988D-03
 -0.136833678166D-02  0.722450515866D-03  0.157016047396D-02  0.830194929288D-03
 -0.343491251845D-03  0.901218161893D-03 -0.136425864426D-02 -0.222806862613D-03
  0.619312280645D+00 -0.294047950307D-03 -0.372467611499D-03 -0.708548219658D-02
  0.116543391785D-02  0.864925232154D-02  0.132706246040D-01 -0.348275291423D-02
  0.100586709353D-01 -0.154272558744D-01  0.119279534189D-02  0.863232551943D-02
  0.132452842333D-01 -0.357393621861D-02  0.100973408767D-01 -0.156123045366D-01
 -0.302127994415D-03 -0.386284523740D-03  0.366459068886D+00  0.137061059754D-02
 -0.604237695201D-04  0.616205861626D-02 -0.376010935071D-02 -0.120639490807D-01
 -0.119893348596D-01  0.376587282845D-02 -0.101898891871D-01  0.155863140886D-01
 -0.375358122354D-02 -0.120461668544D-01 -0.119576550950D-01  0.372029096638D-02
 -0.102246885338D-01  0.156885852024D-01  0.111530360414D-02 -0.417657925390D-04
  0.613044539282D-02  0.500105995431D+00 -0.628318491406D-03  0.159150672125D-03
 -0.859189597744D-03  0.160136719528D-02  0.346325466193D-02  0.184747272755D-02
 -0.814110006793D-03  0.198634055088D-02 -0.302407393204D-02  0.158856529937D-02
  0.345957468196D-02  0.183927439456D-02 -0.758781085049D-03  0.199165117743D-02
 -0.301532948166D-02 -0.489844042818D-03  0.153944524379D-03 -0.856825411638D-03
 -0.846352451745D-04  0.382388974539D+00  0.132759545831D-02 -0.494056051677D-04
  0.610507106662D-02 -0.365059269907D-02 -0.118287800044D-01 -0.118662583973D-01
  0.371098905099D-02 -0.100564068973D-01  0.153831271641D-01 -0.364495014729D-02
 -0.118112455418D-01 -0.118351339983D-01  0.366922716010D-02 -0.100908525998D-01
  0.154860488090D-01  0.108178851769D-02 -0.311009232721D-04  0.607360838623D-02
 -0.378135340156D-02 -0.612712056746D-04  0.500092674848D+00 -0.751870380672D-03
  0.198134607623D-03 -0.913167599366D-03  0.190910192794D-02  0.402335683709D-02
  0.199734109242D-02 -0.920837252669D-03  0.221988790935D-02 -0.337768057938D-02
  0.189320892668D-02  0.401921478950D-02  0.198790056751D-02 -0.852614476140D-03
  0.222562033994D-02 -0.336396289895D-02 -0.584912645635D-03  0.192100503064D-03
 -0.911047903175D-03 -0.207419246815D-03  0.420974718019D-03 -0.178295081576D-03
  0.382574584072D+00  0.121784602010D-02 -0.938673585995D-03 -0.775824277374D-02
 -0.251729963143D-02  0.319745697128D-02  0.139116045848D-01 -0.279551724505D-02
  0.902195321991D-02 -0.138954907991D-01 -0.244545902416D-02  0.318315124998D-02
  0.138971750042D-01 -0.306783747761D-02  0.906268013401D-02 -0.141791286344D-01
  0.846678428586D-03 -0.944629179132D-03 -0.770468147609D-02  0.886382129481D-02
 -0.208424301249D-02  0.872297828630D-02 -0.237832490153D-02  0.378970849458D+00
  0.000000000000D+00  0.000000000000D+00  0.000000000000D+00  0.000000000000D+00
  0.000000000000D+00  0.000000000000D+00  0.000000000000D+00  0.000000000000D+00
  0.000000000000D+00  0.000000000000D+00  0.000000000000D+00  0.000000000000D+00
  0.000000000000D+00  0.000000000000D+00  0.000000000000D+00  0.000000000000D+00
  0.000000000000D+00  0.000000000000D+00  0.000000000000D+00  0.000000000000D+00
  0.000000000000D+00  0.000000000000D+00  0.000000000000D+00  0.000000000000D+00
$end
