$coord
    0.80134503968499     -1.13207978840728     -4.27914117603552  h
   -0.38680317817855     -0.80607046390245     -2.93710962058458  o
    0.76441719919094      0.90382236246854     -1.20610228528632  c
    0.79803623332151      2.81014752851767     -2.01420877105304  h
    2.70072662732291      0.34635466972992     -0.74435107071066  h
   -0.76441710329241      0.90382244149589      1.20610230664805  c
   -0.79803594295434      2.81014762577805      2.01420876036224  h
   -2.70072659229618      0.34635494291426      0.74435109643743  h
    0.38680310228453     -0.80607051060254      2.93710961948534  o
   -0.80134485001229     -1.13207910329883      4.27914158859668  h
$intdef
# definitions of internal coordinates
   1 f  1.0000000000000 tors    2    3    6    9 val=  96.00000
$user-defined bonds
$redundant
     number_of_atoms            10
     degrees_of_freedom         24
     internal_coordinates       25
     frozen_coordinates          1
# definitions of redundant internals
   1 k  1.0000000000000 tors   1    2    3    6 val= 194.47138
   2 k  1.0000000000000 stre   2    1           val=   1.82182
   3 k  1.0000000000000 bend   3    1    2      val= 107.96700
   4 k  1.0000000000000 stre   3    5           val=   2.06719
   5 k  1.0000000000000 stre   3    4           val=   2.07081
   6 k  0.0737983832480 bend   4    5    3      val=   0.87732
       -0.5249033558923 bend   2    5    3
       -0.4912477400118 bend   2    4    3
        0.4766386693083 bend   6    5    3
        0.5005212307748 bend   6    4    3
   7 k  0.0025104614763 bend   4    5    3      val=  -0.04244
       -0.5230316138725 bend   2    5    3
        0.5520868370096 bend   2    4    3
       -0.4737210212511 bend   6    5    3
        0.4440947499112 bend   6    4    3
   8 k -0.8889615077769 bend   4    5    3      val=   1.41690
        0.1794401892699 bend   2    5    3
        0.1976986221151 bend   2    4    3
        0.2687976292960 bend   6    5    3
        0.2573164306150 bend   6    4    3
   9 k -0.0104459512838 bend   4    5    3      val=   1.51241
        0.4627129499579 bend   2    5    3
       -0.4552433755823 bend   2    4    3
       -0.5304517187711 bend   6    5    3
        0.5451257204392 bend   6    4    3
  10 k  1.0000000000000 stre   6    8           val=   2.06719
  11 k  1.0000000000000 stre   6    7           val=   2.07081
  12 k  0.0737984452617 bend   7    8    6      val=   0.87733
       -0.5249033460596 bend   9    8    6
       -0.4912477570701 bend   9    7    6
        0.4766386761568 bend   3    8    6
        0.5005212086790 bend   3    7    6
  13 k  0.0025104671267 bend   7    8    6      val=  -0.04244
       -0.5230316471299 bend   9    8    6
        0.5520868413461 bend   9    7    6
       -0.4737209875693 bend   3    8    6
        0.4440947412481 bend   3    7    6
  14 k -0.8889615005458 bend   7    8    6      val=   1.41690
        0.1794401657521 bend   9    8    6
        0.1976985901360 bend   9    7    6
        0.2687976513124 bend   3    8    6
        0.2573164735677 bend   3    7    6
  15 k -0.0104459396286 bend   7    8    6      val=   1.51240
        0.4627129217965 bend   9    8    6
       -0.4552433608892 bend   9    7    6
       -0.5304517422558 bend   3    8    6
        0.5451257339843 bend   3    7    6
  16 k  1.0000000000000 tors  10    9    6    3 val= 194.47135
  17 k  1.0000000000000 stre   9   10           val=   1.82182
  18 k  1.0000000000000 bend   6   10    9      val= 107.96700
  19 k  1.0000000000000 tors   2    3    6    9 val=  96.00000
  20 k  1.0000000000000 stre   3    2           val=   2.69173
  21 k  1.0000000000000 bend   6    2    3      val= 108.31392
  22 k  1.0000000000000 stre   6    9           val=   2.69173
  23 k  1.0000000000000 bend   3    9    6      val= 108.31392
  24 k  1.0000000000000 stre   3    6           val=   2.85588
  25 f  1.0000000000000 tors   2    3    6    9 val=  96.00000
        24 non zero eigenvalues  of BmBt
           1           4.191186511    1    0
         1
           2           3.832543621    2    0
         2
           3           3.755039511    3    0
         3
           4           3.017866357    4    0
         4
           5           2.916482148    5    0
         5
           6           2.442325235    6    0
         6
           7           2.086399673    7    0
         7
           8           1.728243029    8    0
         8
           9           1.250427063    9    0
         9
          10           1.224990477   10    0
        10
          11           1.037231591   11    0
        11
          12           0.831596579   12    0
        12
          13           0.772992653   13    0
        13
          14           0.729912147   14    0
        14
          15           0.553753269   15    0
        15
          16           0.495378993   16    0
        16
          17           0.352308729   17    0
        17
          18           0.346780249   18    0
        18
          19           0.279403224   20    0
        20
          20           0.254397665   21    0
        21
          21           0.099204328   22    0
        22
          22           0.081138564   23    0
        23
          23           0.066780079   24    0
        24
          24           0.000000000    0    1
         0.000000000         0.000000000         0.000000000         0.000000000
         0.000000000         0.000000000         0.000000000         0.000000000
         0.000000000         0.000000000         0.000000000         0.000000000
         0.000000000         0.000000000         0.000000000         0.000000000
         0.000000000         0.000000000         0.000000000         0.000000000
         0.000000000         0.000000000         0.000000000         0.000000000
         1.000000000
$end
