$energy      SCF               SCFKIN            SCFPOT            MP2
     1 -229.0255547440      228.780651     -457.806205     -.8131110562049
     2 -229.0261546193      228.781576     -457.807730     -.8130804339290
     3 -229.0262156472      228.794087     -457.820302     -.8132067373262
     4 -229.0261560287      228.790036     -457.816192     -.8132778341618
     5 -229.0261340290      228.787919     -457.814053     -.8133016649913
     6 -229.0261383727      228.788286     -457.814425     -.8132974319531
     7 -229.0261385505      228.788293     -457.814431     -.8132972730956
     8 -229.0261385506      228.788290     -457.814429     -.8132972906967
     9 -229.0261385870      228.788293     -457.814432     -.8132972055671
    10 -229.0261384435      228.788297     -457.814435     -.8132973570918
    11 -229.0261384434      228.788298     -457.814436     -.8132973702104
    12 -229.0261384325      228.788295     -457.814433     -.8132973860401
    13 -229.0261383811      228.788295     -457.814433     -.8132974294560
$end
