$grad          cartesian gradients
  cycle =      1 MP2 energy =     -229.8386658002 |dE/dxyz| =  0.010064
    0.58371537009366     -0.85483978728515     -4.45188742940143      h
   -0.37859820866189     -0.82050970567280     -2.90997885911871      o
    0.78460666221985      0.90066820217481     -1.19764195046862      c
    0.84378809963787      2.82024179675036     -1.97473609916919      h
    2.72268007386731      0.32596756837108     -0.74408683230230      h
   -0.78468058520008      0.90060891648572      1.19763155705535      c
   -0.84405799921304      2.82016862860821      1.97470615298040      h
   -2.72270541274841      0.32571047872231      0.74405142115570      h
    0.37870889669565     -0.82039435910179      2.91001674705457      o
   -0.58429619156294     -0.85569285497846      4.45147524534636      h
  -.26413071338587D-02  -.17689256972647D-03  0.11313093979992D-02
  0.55524469609125D-03  -.39279439707585D-03  -.71701101266353D-03
  0.48664061260504D-02  -.23709860590149D-03  0.15450601065190D-02
  0.12116960668012D-02  0.12238954975947D-02  0.24846447409421D-02
  0.20027347424736D-02  -.41700081741303D-03  -.13989742039593D-02
  -.48624504695627D-02  -.23246176034775D-03  -.15430670726395D-02
  -.12105213059314D-02  0.12180788621672D-02  -.24858234650185D-02
  -.20083845229077D-02  -.41750994526080D-03  0.13967732927507D-02
  -.55255115024178D-03  -.39101935426089D-03  0.71731104021389D-03
  0.26391329509459D-02  -.17719697127316D-03  -.11302228226620D-02
  cycle =      2 MP2 energy =     -229.8392350532 |dE/dxyz| =  0.006297
    0.65191544257819     -0.93465416018395     -4.40926583817034      h
   -0.40371778905021     -0.79492759020946     -2.93122359866132      o
    0.76036216362696      0.91565190116587     -1.21206240440803      c
    0.79582986814684      2.83007495250194     -2.00171754662043      h
    2.70276196638358      0.35538809011846     -0.77745373455422      h
   -0.76050391413039      0.91556274970479      1.21204224392016      c
   -0.79611226487161      2.82994807095891      2.00177975454923      h
   -2.70285978126816      0.35517867368814      0.77738775545674      h
    0.40370663299956     -0.79498519604476      2.93114374290323      o
   -0.65222161928677     -0.93530860762564      4.40891957871711      h
  -.95981044687488D-03  -.19190079198628D-03  -.47231342981702D-03
  -.91964341013551D-05  0.13060329111854D-02  -.55836819361499D-03
  0.31733092468098D-02  -.15734680764563D-02  0.11746309002498D-02
  0.67060329831092D-03  0.42853003565124D-03  0.96504132384467D-03
  0.31820907641977D-03  0.29009045838468D-04  -.10193868646078D-02
  -.31739196679825D-02  -.15707556892695D-02  -.11727682509082D-02
  -.67047754621369D-03  0.42788065770072D-03  -.96402342520130D-03
  -.31878680050790D-03  0.29331487200412D-04  0.10180173905435D-02
  0.11719223249607D-04  0.13077574326212D-02  0.55720428850314D-03
  0.95835005081102D-03  -.19241709068307D-03  0.47196626090740D-03
  cycle =      3 MP2 energy =     -229.8394223845 |dE/dxyz| =  0.007147
    0.70431889184953     -1.04079698484296     -4.32546294749692      h
   -0.43665821129406     -0.76600459320284     -2.93100305850236      o
    0.74124900512304      0.94058504160950     -1.21968805067607      c
    0.75553712139794      2.84945846041538     -2.02272996608395      h
    2.68758103498156      0.38834249136684     -0.79645894115057      h
   -0.74142662048858      0.94044427397058      1.21964299683985      c
   -0.75581820071990      2.84924642743809      2.02285647850153      h
   -2.68772409089908      0.38814468119586      0.79634744094066      h
    0.43654873218003     -0.76623729774793      2.93082323225830      o
   -0.70444695700249     -1.04125361612822      4.32522276850165      h
  0.19253160410759D-03  0.37755688146124D-04  -.34863438570243D-03
  -.13696113871307D-02  0.27529973578533D-02  -.23818327102632D-03
  0.22185455544648D-02  -.28836960976242D-02  0.16005943881883D-02
  -.70542605999424D-04  -.63688368019399D-05  0.10972923449426D-03
  -.13915757348082D-03  0.99227374676936D-04  -.14845018548681D-03
  -.22192448882503D-02  -.28837552742385D-02  -.16024691831917D-02
  0.70220456653225D-04  -.59320952350284D-05  -.10916972212716D-03
  0.14044568758953D-03  0.99590658464876D-04  0.14820021425771D-03
  0.13689747740218D-02  0.27527674563892D-02  0.23980645709809D-03
  -.19216162238456D-03  0.37413682496323D-04  0.34857645115238D-03
  cycle =      4 MP2 energy =     -229.8394338629 |dE/dxyz| =  0.007002
    0.71192904695783     -1.07092914244882     -4.30282707385003      h
   -0.44493037087680     -0.75906949402401     -2.93016647329156      o
    0.73889768871691      0.94923525406302     -1.22152104701152      c
    0.75263609506777      2.85697549387078     -2.02753842894651      h
    2.68547349457053      0.39537553402748     -0.79973029421167      h
   -0.73908469563714      0.94908876380898      1.22147477173813      c
   -0.75291290097804      2.85675184102802      2.02767421050119      h
   -2.68563275824725      0.39518064898476      0.79962339792112      h
    0.44481403110943     -0.75932392781447      2.92996312328179      o
   -0.71202892555526     -1.07135608742144      4.30259776700118      h
  0.10223961004563D-03  0.53035535782175D-04  -.51599320594509D-04
  -.16786813279142D-02  0.24108246165353D-02  -.82882210424007D-03
  0.24689995874683D-02  -.25856323309426D-02  0.15429250461838D-02
  -.77320259466163D-04  0.61320137751508D-04  0.30031820452914D-04
  0.13357402059544D-04  0.60292561805952D-04  0.42607194823463D-04
  -.24689773721045D-02  -.25854020865648D-02  -.15434947394020D-02
  0.77188755593482D-04  0.61397465772384D-04  -.29717865718037D-04
  -.12965836262868D-04  0.60323467102497D-04  -.42807221480756D-04
  0.16781455102466D-02  0.24108442789750D-02  0.82935840029652D-03
  -.10198606975687D-03  0.52996269354511D-04  0.51518787609339D-04
  cycle =      5 MP2 energy =     -229.8394356940 |dE/dxyz| =  0.006869
    0.71286631879992     -1.08200003762902     -4.29500705014159      h
   -0.44777113981273     -0.75645448674018     -2.92904586715278      o
    0.73889732537848      0.95318118560271     -1.22197372988485      c
    0.75461170959254      2.86006136099727     -2.02957024606501      h
    2.68481053475358      0.39679905238857     -0.80061281955214      h
   -0.73908722224481      0.95303425577173      1.22192813576381      c
   -0.75488619921394      2.85983738425818      2.02970427346142      h
   -2.68497574808690      0.39660533377693      0.80051256009873      h
    0.44765657292672     -0.75670962502129      2.92883875451652      o
   -0.71296144696488     -1.08242553933059      4.29477594208801      h
  0.89798709788091D-05  0.22406782266504D-04  0.31915384879344D-04
  -.17300275934584D-02  0.21742167616114D-02  -.10537956279020D-02
  0.27073752830100D-02  -.22605344693720D-02  0.15207225184042D-02
  -.18389375900985D-04  0.41890250003007D-04  0.32821003776329D-04
  0.32700405995900D-04  0.21928294658413D-04  0.33181542406446D-04
  -.27071604951683D-02  -.22603019775191D-02  -.15206988383720D-02
  0.18388776435341D-04  0.41813102258814D-04  -.32782825763356D-04
  -.32801225630763D-04  0.21875777954983D-04  -.33318290413087D-04
  0.17299163553055D-02  0.21742848204029D-02  0.10538401413660D-02
  -.89820014363973D-05  0.22420570253923D-04  -.31885008629384D-04
  cycle =      6 MP2 energy =     -229.8394358047 |dE/dxyz| =  0.006828
    0.71228174036539     -1.08211365582480     -4.29499020093000      h
   -0.44777773547939     -0.75621186742906     -2.92856794710149      o
    0.73910961936219      0.95360341975163     -1.22179183716609      c
    0.75578653090459      2.86006849870534     -2.03008209174586      h
    2.68461733994018      0.39624057319572     -0.80042947677074      h
   -0.73929898611101      0.95345674900120      1.22174626731789      c
   -0.75606085922666      2.85984589990293      2.03021371426493      h
   -2.68478182270196      0.39604656715454      0.80033139492201      h
    0.44766434531611     -0.75646455765671      2.92836330018507      o
   -0.71237946724145     -1.08254274272647      4.29475683015641      h
  0.50510719615815D-05  0.10066865645530D-05  -.12071094457333D-05
  -.16909839470536D-02  0.21861787160562D-02  -.10088574960783D-02
  0.27056258325238D-02  -.21932132469811D-02  0.15880168631039D-02
  -.12227010023347D-05  0.28443986854754D-05  0.15049794187538D-04
  -.51525543725006D-05  0.31933522266492D-05  -.18059859709929D-05
  -.27055302595129D-02  -.21931969042064D-02  -.15881930873611D-02
  0.12251172500366D-05  0.28381774384023D-05  -.15071182829285D-04
  0.51455939611422D-05  0.31968554373707D-05  0.17758146282354D-05
  0.16908990041458D-02  0.21861522199673D-02  0.10090637168387D-02
  -.50571582512760D-05  0.99965786803935D-06  0.12286748014567D-05
  cycle =      7 MP2 energy =     -229.8394358236 |dE/dxyz| =  0.006821
    0.71225755417050     -1.08221691064769     -4.29491088556346      h
   -0.44781214044220     -0.75615331148655     -2.92854995662810      o
    0.73908988586742      0.95368163169634     -1.22175744557085      c
    0.75586564116852      2.86005288866784     -2.03028436600973      h
    2.68458229063001      0.39622236745189     -0.80036389968889      h
   -0.73927931694118      0.95353514356972      1.22171187564327      c
   -0.75613991961452      2.85983053512108      2.03041592957707      h
   -2.68474688975708      0.39602840166438      0.80026651401342      h
    0.44769895699019     -0.75640558770906      2.92834524045185      o
   -0.71235535694367     -1.08264627425364      4.29467694690755      h
  -.54050215769763D-06  -.10531800602731D-05  0.44824132894306D-06
  -.16833141512800D-02  0.21882676632581D-02  -.10198878311360D-02
  0.26828259275988D-02  -.21871599960770D-02  0.16193696558886D-02
  -.48955283038499D-06  0.96079513500769D-06  0.47361860899819D-06
  -.75147266276332D-06  -.10268455807871D-05  0.66137595367000D-06
  -.26827320808183D-02  -.21871483171183D-02  -.16195430476722D-02
  0.48574650518551D-06  0.97171388757644D-06  -.47079619291956D-06
  0.76020712702629D-06  -.10215271579739D-05  -.66596308362366D-06
  0.16832128362818D-02  0.21882575078234D-02  0.10200705380665D-02
  0.54304155838736D-06  -.10479015366549D-05  -.45579186513933D-06
  cycle =      8 MP2 energy =     -229.8394358413 |dE/dxyz| =  0.006822
    0.80139535918308     -1.13221174367283     -4.27906499556915      h
   -0.38680814544995     -0.80605866330355     -2.93711940989094      o
    0.76441178599480      0.90382895316538     -1.20611113802198      c
    0.79802904581696      2.81016227255751     -2.01420255096040      h
    2.70071487611948      0.34634564592464     -0.74435714062357      h
   -0.76441159511674      0.90382911859857      1.20611126348932      c
   -0.79802822091754      2.81016245278509      2.01420271132211      h
   -2.70071485093034      0.34634641822294      0.74435724098927      h
    0.38680791681639     -0.80605894396131      2.93711924094316      o
   -0.80139485473251     -1.13221015013020      4.27906592144053      h
  -.18908824817032D-06  -.14029432167106D-05  0.62203840789365D-06
  -.16621110816697D-02  0.21886411817942D-02  -.10549543344309D-02
  0.26487149476613D-02  -.21873792938449D-02  0.16748498563499D-02
  -.62608688772281D-06  0.10887070298615D-05  0.50920449523595D-06
  -.84672794908869D-06  -.94963321306540D-06  0.54436215740639D-06
  -.26487196649341D-02  -.21873948055902D-02  -.16748215776021D-02
  0.62806867812126D-06  0.10927479752176D-05  -.51050206328895D-06
  0.85076079514579D-06  -.94960754493112D-06  -.54662145315687D-06
  0.16621049435308D-02  0.21886445131356D-02  0.10549316688833D-02
  0.19392926375872D-06  -.13909539000601D-05  -.62409535672714D-06
  cycle =      9 MP2 energy =     -229.8394357926 |dE/dxyz| =  0.006821
    0.80135114447910     -1.13204407988530     -4.27918761618370      h
   -0.38677264411894     -0.80610315902954     -2.93711908430585      o
    0.76442722851179      0.90378630370239     -1.20609809552277      c
    0.79805301780943      2.81011420237711     -2.01419710756115      h
    2.70072945157875      0.34631307373776     -0.74432366884086      h
   -0.76442688107862      0.90378662730891      1.20609828258931      c
   -0.79805220999265      2.81011468617056      2.01419696130689      h
   -2.70072923910090      0.34631378898787      0.74432392801082      h
    0.38677262086987     -0.80610286867671      2.93711943527706      o
   -0.80135117217420     -1.13204321450681      4.27918810834860      h
  -.11272243520821D-05  0.62319949800660D-06  -.47419259319170D-06
  -.16612897621009D-02  0.21868473605124D-02  -.10542762769825D-02
  0.26482582205021D-02  -.21870736868634D-02  0.16768282587714D-02
  -.36010098974915D-06  0.64074736627617D-08  0.21131211003222D-06
  -.46170195666662D-06  -.40252072597280D-06  0.53919821024762D-06
  -.26482579689020D-02  -.21870840252483D-02  -.16768156104281D-02
  0.36066822506342D-06  0.11083244544352D-07  -.21647667924896D-06
  0.46081442484081D-06  -.40335324702490D-06  -.53999897275947D-06
  0.16612949454382D-02  0.21868566019219D-02  0.10542731302587D-02
  0.11221092490743D-05  0.61884668278722D-06  0.47065714481320D-06
  cycle =     10 MP2 energy =     -229.8394358006 |dE/dxyz| =  0.006824
    0.80136933681902     -1.13211966510633     -4.27912436309719      h
   -0.38679122227408     -0.80608613602274     -2.93711020294011      o
    0.76442227394982      0.90380566168295     -1.20609991036103      c
    0.79804344548445      2.81013197470923     -2.01420278526232      h
    2.70072843155387      0.34633458233370     -0.74433787114127      h
   -0.76442196950009      0.90380591701265      1.20610004174486      c
   -0.79804263877268      2.81013231317944      2.01420275651513      h
   -2.70072827626771      0.34633531599743      0.74433803241795      h
    0.38679110354983     -0.80608609186155      2.93711037836725      o
   -0.80136916775879     -1.13211851173855      4.27912506687506      h
  0.80673569602396D-07  -.11697707542613D-05  0.65817620642505D-06
  -.16632480637098D-02  0.21887388082433D-02  -.10544588457657D-02
  0.26487571998097D-02  -.21872312640618D-02  0.16772093250421D-02
  -.34867710768660D-06  0.22850447312095D-07  0.33670270815911D-06
  -.61507837045838D-07  -.35817306054398D-06  0.29294619163789D-06
  -.26487564801267D-02  -.21872371278433D-02  -.16772013956285D-02
  0.34920440245001D-06  0.25039987860964D-07  -.33899113627278D-06
  0.61299684439575D-07  -.35754717930825D-06  -.29399290152332D-06
  0.16632441835496D-02  0.21887309036783D-02  0.10544495773157D-02
  -.77832356559782D-07  -.11638065320341D-05  -.65350245304074D-06
  cycle =     11 MP2 energy =     -229.8394358136 |dE/dxyz| =  0.006823
    0.80134751522878     -1.13209802300876     -4.27912858007296      h
   -0.38680621267348     -0.80606462856558     -2.93710833919987      o
    0.76441599911571      0.90382719462800     -1.20610386814183      c
    0.79803290118041      2.81015353813169     -2.01420684876676      h
    2.70072455686742      0.34635624297685     -0.74435173940472      h
   -0.76441592214811      0.90382725297840      1.20610389368020      c
   -0.79803260483973      2.81015361865848      2.01420684621871      h
   -2.70072454633768      0.34635652430852      0.74435175622188      h
    0.38680612020571     -0.80606473045176      2.93710829034313      o
   -0.80134727152791     -1.13209728496259      4.27912903698187      h
  -.24189984992873D-06  -.47583892737180D-06  0.19687899621701D-06
  -.16629139440072D-02  0.21881246831130D-02  -.10539992862952D-02
  0.26487691841077D-02  -.21873302544759D-02  0.16771751985485D-02
  -.36498955474640D-06  0.40725847139100D-07  0.36122856417187D-06
  -.47552068060952D-07  -.35536305054151D-06  0.28915632854787D-06
  -.26487702401918D-02  -.21873398547898D-02  -.16771670887299D-02
  0.36374058548505D-06  0.42992664539554D-07  -.36373581235871D-06
  0.47581951712061D-07  -.35674345000292D-06  -.29005683399586D-06
  0.16629152168859D-02  0.21881255033742D-02  0.10539928148585D-02
  0.24290249633907D-06  -.47593692209524D-06  -.19510766424702D-06
  cycle =     12 MP2 energy =     -229.8394358185 |dE/dxyz| =  0.006823
    0.80133629124166     -1.13204477127610     -4.27916957055115      h
   -0.38679481858342     -0.80607869922552     -2.93711250279725      o
    0.76441979698472      0.90381334245298     -1.20610096288949      c
    0.79804056382970      2.81013895738120     -2.01420617713666      h
    2.70072781465816      0.34634546842155     -0.74434416918413      h
   -0.76441968968245      0.90381343266123      1.20610099523529      c
   -0.79804027349023      2.81013908270619      2.01420613862435      h
   -2.70072776516807      0.34634573588204      0.74434421176846      h
    0.38679475985361     -0.80607869897595      2.93711254113485      o
   -0.80133614457257     -1.13204414533438      4.27916994365537      h
  -.54380787872788D-06  0.56813194526661D-06  -.44149155176143D-06
  -.16624981184021D-02  0.21868733369459D-02  -.10541140228968D-02
  0.26486487630959D-02  -.21873587267383D-02  0.16780984259490D-02
  -.15312680773372D-06  0.36025711303012D-08  0.76718512209695D-07
  -.16857860662967D-06  -.84665674804363D-07  0.25419463384191D-06
  -.26486471866738D-02  -.21873628811733D-02  -.16780951682915D-02
  0.15234596906222D-06  0.46315657975526D-08  -.79388711826667D-07
  0.16809808300877D-06  -.85565874274884D-07  -.25429640754249D-06
  0.16624983169349D-02  0.21868756635079D-02  0.10541151343828D-02
  0.54329439480583D-06  0.56638648171514D-06  0.43989297582314D-06
  cycle =     13 MP2 energy =     -229.8394358106 |dE/dxyz| =  0.006824
    0.80134503968499     -1.13207978840728     -4.27914117603552      h
   -0.38680317817855     -0.80607046390245     -2.93710962058458      o
    0.76441719919094      0.90382236246854     -1.20610228528632      c
    0.79803623332151      2.81014752851767     -2.01420877105304      h
    2.70072662732291      0.34635466972992     -0.74435107071066      h
   -0.76441710329241      0.90382244149589      1.20610230664805      c
   -0.79803594295434      2.81014762577805      2.01420876036224      h
   -2.70072659229618      0.34635494291426      0.74435109643743      h
    0.38680310228453     -0.80607051060254      2.93710961948534      o
   -0.80134485001229     -1.13207910329883      4.27914158859668      h
  0.40599181794221D-07  -.53559301393946D-06  0.25602289532856D-06
  -.16633744678254D-02  0.21879724777065D-02  -.10544535896164D-02
  0.26488269063294D-02  -.21873537684560D-02  0.16780934571223D-02
  -.14306824674959D-06  0.24943652920939D-07  0.12515924385781D-06
  -.65011956262850D-07  -.10664451022269D-06  0.14253744978765D-06
  -.26488254921517D-02  -.21873561003427D-02  -.16780906521514D-02
  0.14269275427914D-06  0.25485642041190D-07  -.12669881366278D-06
  0.64737322169606D-07  -.10690880281050D-06  -.14268152365160D-06
  0.16633722394639D-02  0.21879699439173D-02  0.10544516078781D-02
  -.39135174212390D-07  -.53392269006025D-06  -.25516301516149D-06
$end
