$hessapprox internal
  0.298022476025D-01  0.936538630675D-03  0.615038576141D+00 -0.266578484155D-02
  0.152312656250D-02  0.367074815811D+00  0.837024763338D-03  0.251882846943D-03
 -0.756002641680D-03  0.426508768052D+00  0.182661901439D-03 -0.261138185765D-03
  0.796044600028D-03  0.108828992282D-03  0.423417981275D+00  0.289545877714D-02
 -0.142608690321D-02  0.436939051295D-02  0.738103383744D-03 -0.752460711452D-03
  0.342841687907D+00 -0.155202759706D-02  0.670352402552D-03 -0.205612353179D-02
 -0.361423929511D-03  0.357114465956D-03  0.191843627288D-02  0.346791282603D+00
  0.276639629650D-02 -0.179411916863D-02  0.548677535707D-02  0.862200279176D-03
 -0.931004192648D-03 -0.515132715582D-02  0.242820359294D-02  0.314844068888D+00
 -0.206659697065D-02 -0.568675574691D-03  0.170476165196D-02  0.502987599981D-04
 -0.242545703085D-03 -0.166856392827D-02  0.818947671808D-03 -0.194033865507D-02
  0.346025048136D+00  0.832439174432D-03  0.252046821965D-03 -0.756554690901D-03
 -0.286199920886D-04  0.108991437665D-03  0.738521546052D-03 -0.361573304528D-03
  0.862942880849D-03  0.512614347753D-04  0.426507951615D+00  0.183161572685D-03
 -0.257123731873D-03  0.783845692311D-03  0.107406559670D-03 -0.129618375244D-03
 -0.740853008196D-03  0.351569189040D-03 -0.916808843589D-03 -0.239416612143D-03
  0.107565690494D-03  0.423421875266D+00  0.292395748567D-02 -0.144065973322D-02
  0.441402751974D-02  0.745563359181D-03 -0.760130474250D-03 -0.412792718038D-02
  0.193805853957D-02 -0.520392880148D-02 -0.168541713477D-02  0.745986063733D-03
 -0.748404661862D-03  0.342757724015D+00 -0.155142562829D-02  0.666890987945D-03
 -0.204559311324D-02 -0.360119210982D-03  0.355402810853D-03  0.190844021997D-02
 -0.893826234794D-03  0.241592732452D-02  0.816062449111D-03 -0.360265983256D-03
  0.349882716624D-03  0.192796071172D-02  0.346800789717D+00  0.276563973383D-02
 -0.179502587404D-02  0.548952309029D-02  0.862472784216D-03 -0.931436232054D-03
 -0.515395669586D-02  0.242946682935D-02 -0.645295246586D-02 -0.194092871669D-02
  0.863216293568D-03 -0.917234712116D-03 -0.520658505710D-02  0.241718509315D-02
  0.314837700141D+00 -0.203734711811D-02 -0.577231115639D-03  0.173111366816D-02
  0.556268080845D-04 -0.247272035258D-03 -0.169293372633D-02  0.830258053035D-03
 -0.197166288390D-02 -0.936682632222D-04  0.565890563538D-04 -0.244067775627D-03
 -0.171003678876D-02  0.827308801142D-03 -0.197227041184D-02  0.346000584122D+00
  0.154979244147D-01  0.932153400636D-03 -0.265300867622D-02  0.835013041301D-03
  0.181357062828D-03  0.288220709565D-02 -0.154518204861D-02  0.275255313256D-02
 -0.206148430422D-02  0.830442702286D-03  0.181866117031D-03  0.291057390433D-02
 -0.154459150374D-02  0.275179652832D-02 -0.203235229441D-02  0.297071690612D-01
  0.940070741945D-03 -0.494329590613D-03  0.151383503854D-02  0.251033775956D-03
 -0.259692782510D-03 -0.141717241362D-02  0.666059275848D-03 -0.178337554825D-02
 -0.566853771253D-03  0.251194438055D-03 -0.255698769136D-03 -0.143165473468D-02
  0.662616041476D-03 -0.178427798327D-02 -0.575349440496D-03  0.935682519672D-03
  0.615044698173D+00 -0.265672807883D-02  0.152316502546D-02 -0.466174042029D-02
 -0.755330511314D-03  0.795901804021D-03  0.436961171888D-02 -0.205632823865D-02
  0.548659146721D-02  0.170315091015D-02 -0.755884828937D-03  0.783706836071D-03
  0.441425041161D-02 -0.204580067239D-02  0.548933797109D-02  0.172951051879D-02
 -0.264398104038D-02  0.151387817558D-02  0.367074800140D+00  0.607508908354D-03
 -0.163398029001D-02  0.497471823368D-02  0.640395774648D-03 -0.813769358802D-03
 -0.471476416280D-02  0.224348401405D-02 -0.580650882100D-02 -0.142059397903D-02
  0.641544519301D-03 -0.801731191193D-03 -0.476278779280D-02  0.223295692235D-02
 -0.580913594127D-02 -0.145057383878D-02  0.601072542013D-03 -0.162522424873D-02
  0.497354233595D-02  0.488145343530D+00 -0.141567224832D-01 -0.562754005797D-03
  0.154561807232D-02 -0.867778070806D-03 -0.237829118289D-04 -0.179835869821D-02
  0.101323163832D-02 -0.149210803348D-02  0.211464832333D-02 -0.863832764383D-03
 -0.263251216737D-04 -0.181577810163D-02  0.101451568712D-02 -0.149096796500D-02
  0.209341646654D-02 -0.141125706869D-01 -0.567467182692D-03  0.153763609886D-02
  0.321887987777D-03  0.396034453491D+00  0.617008451443D-03 -0.164389558026D-02
  0.500497359285D-02  0.644722198934D-03 -0.818811244154D-03 -0.474330357621D-02
  0.225700054317D-02 -0.584194920906D-02 -0.143026805394D-02  0.645876478033D-03
 -0.806697320408D-03 -0.479161826638D-02  0.224640758451D-02 -0.584459309861D-02
 -0.146042542367D-02  0.610514265404D-03 -0.163508327832D-02  0.500379362552D-02
 -0.504676153728D-02  0.318730978527D-03  0.488082640150D+00 -0.142069917236D-01
 -0.569381216399D-03  0.156517926896D-02 -0.869175668294D-03 -0.261419731300D-04
 -0.181812193048D-02  0.102321394329D-02 -0.151379488057D-02  0.211844477522D-02
 -0.865212672908D-03 -0.286599083054D-04 -0.183573934072D-02  0.102447331748D-02
 -0.151265796124D-02  0.209705128913D-02 -0.141626958271D-01 -0.574087250166D-03
  0.155716471331D-02  0.309068019355D-03  0.127876722040D-01  0.305812142954D-03
  0.396129921961D+00 -0.474637089065D-02  0.962831693248D-03 -0.298260988864D-02
 -0.709812207514D-03  0.557866855866D-03  0.272487654888D-02 -0.124850064476D-02
  0.357660261657D-02  0.163251384386D-02 -0.709404787244D-03  0.548730233053D-03
  0.275290599712D-02 -0.124079773937D-02  0.357877531040D-02  0.164684798317D-02
 -0.472841395175D-02  0.955311213172D-03 -0.298423153994D-02  0.358139982668D-02
  0.366817405074D-02  0.360214722548D-02  0.369163686987D-02  0.398820419947D+00
  0.000000000000D+00  0.000000000000D+00  0.000000000000D+00  0.000000000000D+00
  0.000000000000D+00  0.000000000000D+00  0.000000000000D+00  0.000000000000D+00
  0.000000000000D+00  0.000000000000D+00  0.000000000000D+00  0.000000000000D+00
  0.000000000000D+00  0.000000000000D+00  0.000000000000D+00  0.000000000000D+00
  0.000000000000D+00  0.000000000000D+00  0.000000000000D+00  0.000000000000D+00
  0.000000000000D+00  0.000000000000D+00  0.000000000000D+00  0.000000000000D+00
$end
