$coord
    0.79598208502442     -1.29856704946363     -4.09897598283356  h
   -0.37613416061774     -0.93430327345222     -2.75415352910696  o
    0.65555705169603      1.04583696797658     -1.26185586987618  c
    0.35914274605150      2.88087377287318     -2.17827445874755  h
    2.68356627077567      0.78543216274109     -0.94684801075561  h
   -0.65555632068790      1.04583742273691      1.26185616947815  c
   -0.35914033949344      2.88087391324903      2.17827488406082  h
   -2.68356582635742      0.78543432764986      0.94684846118170  h
    0.37613332307632     -0.93430413853179      2.75415313657357  o
   -0.79597723476056     -1.29855832252788      4.09898319532029  h
$intdef
# definitions of internal coordinates
   1 f  1.0000000000000 tors    2    3    6    9 val=  78.00000
$user-defined bonds
$redundant
     number_of_atoms            10
     degrees_of_freedom         24
     internal_coordinates       25
     frozen_coordinates          1
# definitions of redundant internals
   1 k  1.0000000000000 tors   1    2    3    6 val= 198.73060
   2 k  1.0000000000000 stre   2    1           val=   1.82074
   3 k  1.0000000000000 bend   3    1    2      val= 108.09734
   4 k  1.0000000000000 stre   3    5           val=   2.06878
   5 k  1.0000000000000 stre   3    4           val=   2.07245
   6 k  0.0843164855621 bend   4    5    3      val=   1.08340
       -0.5173175571634 bend   2    5    3
       -0.4995118623454 bend   2    4    3
        0.4830806455416 bend   6    5    3
        0.4923355203439 bend   6    4    3
   7 k  0.0049291091627 bend   4    5    3      val=   0.02448
       -0.5338622345202 bend   2    5    3
        0.5470665034638 bend   2    4    3
       -0.4635663997298 bend   6    5    3
        0.4480973691792 bend   6    4    3
   8 k -0.8883517904731 bend   4    5    3      val=   1.41540
        0.1769188301308 bend   2    5    3
        0.1898461748100 bend   2    4    3
        0.2688220013260 bend   6    5    3
        0.2668782220817 bend   6    4    3
   9 k -0.0048392823335 bend   4    5    3      val=   0.68752
        0.4565934574018 bend   2    5    3
       -0.4550581287680 bend   2    4    3
       -0.5361363867475 bend   6    5    3
        0.5449576774869 bend   6    4    3
  10 k  1.0000000000000 stre   6    8           val=   2.06878
  11 k  1.0000000000000 stre   6    7           val=   2.07245
  12 k  0.0843166035519 bend   7    8    6      val=   1.08340
       -0.5173174252814 bend   9    8    6
       -0.4995120187544 bend   9    7    6
        0.4830807380473 bend   3    8    6
        0.4923353892554 bend   3    7    6
  13 k  0.0049290962562 bend   7    8    6      val=   0.02448
       -0.5338623822759 bend   9    8    6
        0.5470664010118 bend   9    7    6
       -0.4635662430336 bend   3    8    6
        0.4480974804711 bend   3    7    6
  14 k -0.8883517441326 bend   7    8    6      val=   1.41541
        0.1769188890184 bend   9    8    6
        0.1898460670156 bend   9    7    6
        0.2688220379485 bend   3    8    6
        0.2668783770876 bend   3    7    6
  15 k -0.0048391788362 bend   7    8    6      val=   0.68750
        0.4565933930785 bend   9    8    6
       -0.4550581473936 bend   9    7    6
       -0.5361364698756 bend   3    8    6
        0.5449576349638 bend   3    7    6
  16 k  1.0000000000000 tors  10    9    6    3 val= 198.73017
  17 k  1.0000000000000 stre   9   10           val=   1.82074
  18 k  1.0000000000000 bend   6   10    9      val= 108.09733
  19 k  1.0000000000000 tors   2    3    6    9 val=  78.00000
  20 k  1.0000000000000 stre   3    2           val=   2.68557
  21 k  1.0000000000000 bend   6    2    3      val= 108.42089
  22 k  1.0000000000000 stre   6    9           val=   2.68557
  23 k  1.0000000000000 bend   3    9    6      val= 108.42088
  24 k  1.0000000000000 stre   3    6           val=   2.84397
  25 f  1.0000000000000 tors   2    3    6    9 val=  78.00000
        24 non zero eigenvalues  of BmBt
           1           4.379723122    1    0
         1
           2           3.807478888    2    0
         2
           3           3.735792508    3    0
         3
           4           3.040764946    4    0
         4
           5           2.868713226    5    0
         5
           6           2.427707080    6    0
         6
           7           2.078967986    7    0
         7
           8           1.732829226    8    0
         8
           9           1.247346052    9    0
         9
          10           1.234840776   10    0
        10
          11           1.035761948   11    0
        11
          12           0.829788908   12    0
        12
          13           0.773073708   13    0
        13
          14           0.731359046   14    0
        14
          15           0.600142659   15    0
        15
          16           0.457576698   16    0
        16
          17           0.352295743   17    0
        17
          18           0.348315563   18    0
        18
          19           0.280560875   20    0
        20
          20           0.252702930   21    0
        21
          21           0.116602665   22    0
        22
          22           0.070183922   23    0
        23
          23           0.066129952   24    0
        24
          24           0.000000000    0    1
         0.000000000         0.000000000         0.000000000         0.000000000
         0.000000000         0.000000000         0.000000000         0.000000000
         0.000000000         0.000000000         0.000000000         0.000000000
         0.000000000         0.000000000         0.000000000         0.000000000
         0.000000000         0.000000000         0.000000000         0.000000000
         0.000000000         0.000000000         0.000000000         0.000000000
         1.000000000
$end
