$energy      SCF               SCFKIN            SCFPOT            MP2
     1 -229.0273886727      228.760517     -457.787905     -.8130198966023
     2 -229.0279437352      228.783779     -457.811722     -.8129731705214
     3 -229.0280850507      228.798431     -457.826516     -.8130330734487
     4 -229.0280688597      228.790507     -457.818576     -.8130768139075
     5 -229.0280694062      228.789983     -457.818052     -.8130808564307
     6 -229.0280878152      228.791469     -457.819557     -.8130634232470
     7 -229.0280935709      228.791425     -457.819519     -.8130577086071
     8 -229.0280935709      228.791421     -457.819515     -.8130577048138
     9 -229.0280938114      228.791398     -457.819492     -.8130575055542
    10 -229.0280938112      228.791395     -457.819488     -.8130574901789
    11 -229.0280938113      228.791393     -457.819487     -.8130574696806
    12 -229.0280938871      228.791398     -457.819492     -.8130573974859
    13 -229.0280939254      228.791405     -457.819498     -.8130573558892
$end
