$grad          cartesian gradients
  cycle =      1 MP2 energy =     -229.8404085693 |dE/dxyz| =  0.010451
    0.47217492444958     -0.99313416945170     -4.34288199126355      h
   -0.36305943906292     -0.95293221702378     -2.72873349172876      o
    0.68178501440006      1.04603682176324     -1.25903301167749      c
    0.41588235440051      2.88310559574812     -2.17914965605594      h
    2.70979067968317      0.77084116723817     -0.93719145531248      h
   -0.68181507102318      1.04602504362876      1.25902029421032      c
   -0.41600272792331      2.88309973964874      2.17911836157384      h
   -2.70981908189063      0.77073853047209      0.93715004916065      h
    0.36313943096414     -0.95284607427835      2.72877358747546      o
   -0.47293769153866     -0.99381758552599      4.34246980000182      h
  -.24099542772718D-02  -.62177485574166D-03  0.10705278751697D-02
  0.67497850018583D-03  -.17966931288145D-02  -.19666232317181D-02
  0.53161620008120D-02  0.17100106816956D-02  -.14986203595835D-02
  0.15550920860834D-02  0.49149224601397D-03  0.70986878846213D-03
  0.13124472865127D-02  0.21776424361027D-03  -.11735280112479D-02
  -.53111440390410D-02  0.17129467330825D-02  0.15008330518189D-02
  -.15548954988208D-02  0.48580367101181D-03  -.71191493552947D-03
  -.13183283659348D-02  0.21825292945044D-03  0.11717708805340D-02
  -.67275144749690D-03  -.17963596721398D-02  0.19665908095092D-02
  0.24083937549455D-02  -.62144292438426D-03  -.10689048691392D-02
  cycle =      2 MP2 energy =     -229.8409169057 |dE/dxyz| =  0.004133
    0.54962542609846     -1.05585582657710     -4.29051185608170      h
   -0.39523879956250     -0.93014875572203     -2.73869688777682      o
    0.65398619475316      1.05599359615324     -1.26571533590727      c
    0.35862634148156      2.89226101159565     -2.17884150969973      h
    2.68485196928408      0.79165010237712     -0.97022300272649      h
   -0.65407444968526      1.05597248762284      1.26570053439353      c
   -0.35874982892477      2.89222369507341      2.17886898805291      h
   -2.68493320793753      0.79160151535556      0.97017889833207      h
    0.39519797515904     -0.93016223703728      2.73865414290422      o
   -0.55015322820746     -1.05641873662211      4.29012851489315      h
  -.89154871736596D-03  -.22476824504214D-03  -.31328926404317D-03
  0.23240976551175D-03  0.10437053098222D-04  -.11295504709352D-03
  0.25494292600698D-02  0.76839213824620D-04  0.28974603951548D-03
  0.66981640077368D-03  0.14580405310216D-04  0.21826568114247D-03
  0.10881317728995D-03  0.12126503212045D-03  -.64954510327754D-03
  -.25498361150440D-02  0.79110690864859D-04  -.28751860398879D-03
  -.66963761544299D-03  0.13792866460971D-04  -.21747858945176D-03
  -.10966006415236D-03  0.12174717373759D-03  0.64835864660731D-03
  -.22974526881736D-03  0.11846884197197D-04  0.11127077969153D-03
  0.88995917690782D-03  -.22485122181326D-03  0.31314546162298D-03
  cycle =      3 MP2 energy =     -229.8411181241 |dE/dxyz| =  0.003290
    0.63232380684831     -1.15690879634880     -4.19710387769454      h
   -0.43706347803911     -0.90054786322113     -2.74431924842933      o
    0.62543961951651      1.07678837878224     -1.27465179498832      c
    0.30063475294467      2.91340199604351     -2.17890224710812      h
    2.66126756406014      0.82121077766065     -1.00878788951248      h
   -0.62557423575036      1.07672178662288      1.27461078210278      c
   -0.30075141494711      2.91327553852484      2.17898099934346      h
   -2.66139899666297      0.82119210462621      1.00871338126859      h
    0.43688704845268     -0.90071798790788      2.74417543830950      o
   -0.63262627396398     -1.15729908256321      4.19682694309232      h
  0.27729422411826D-03  0.16721418249732D-03  -.40714702931011D-03
  -.61501146234466D-03  0.10618918321565D-02  0.52623621780512D-03
  0.55940778830221D-03  -.11910213753001D-02  0.12544914812855D-02
  -.19910103210949D-03  -.40803532391998D-04  0.46225544503287D-05
  -.10453424758250D-03  0.26825359941834D-05  0.19089833038964D-04
  -.56073542439306D-03  -.11909607369547D-02  -.12563665646614D-02
  0.19898181494268D-03  -.40208206629089D-04  -.39898024928320D-05
  0.10595167209804D-03  0.29321400153437D-05  -.19338433969894D-04
  0.61475932564825D-03  0.10616512120603D-02  -.52458422101953D-03
  -.27701265795810D-03  0.16662179360538D-03  0.40698595799915D-03
  cycle =      4 MP2 energy =     -229.8411456736 |dE/dxyz| =  0.002068
    0.65677832354378     -1.20959086051437     -4.15243428019099      h
   -0.45381373090437     -0.88804744282860     -2.74548543317204      o
    0.61817866028628      1.09065153138179     -1.28036374362152      c
    0.29051079839623      2.92761099560922     -2.18311512735058      h
    2.65532026178040      0.83332879698255     -1.02504267076136      h
   -0.61833097778829      1.09057247403414      1.28031816920475      c
   -0.29061893773736      2.92745384624675      2.18321267699530      h
   -2.65547773206464      0.83331928838880      1.02497199762630      h
    0.45360755090235     -0.88826358861479      2.74529163247062      o
   -0.65701582395560     -1.20991818846617      4.15218926518337      h
  0.12290021450534D-03  0.15260159166308D-03  -.22270031324823D-04
  -.69233207595687D-03  0.40311645001800D-03  -.27045742859233D-03
  0.87354000069695D-03  -.66293230494630D-03  0.37441566974050D-03
  -.14217929023930D-03  0.10676212427763D-03  0.45727468385826D-04
  0.60741000131870D-04  0.97537942722603D-07  0.63429494998421D-04
  -.87348437108670D-03  -.66247685934018D-03  -.37436069034169D-03
  0.14215186784935D-03  0.10672639904374D-03  -.45352604146620D-04
  -.60542778018480D-04  -.18342192806275D-07  -.63550545608277D-04
  0.69188316144331D-03  0.40354330030290D-03  0.27040946081591D-03
  -.12267772939234D-03  0.15257989820339D-03  0.22009205467910D-04
  cycle =      5 MP2 energy =     -229.8411502626 |dE/dxyz| =  0.001952
    0.66470108484840     -1.23492763156470     -4.12944109731778      h
   -0.46127179676691     -0.88182395527073     -2.74284171622828      o
    0.61575936623451      1.09800690735629     -1.28203926980132      c
    0.28876947963776      2.93421529547121     -2.18592985478420      h
    2.65290282283116      0.83848956729184     -1.03071807194053      h
   -0.61591726331503      1.09792094670880      1.28199071542653      c
   -0.28887432709189      2.93404567738631      2.18603094872831      h
   -2.65306884873450      0.83848220628937      1.03064765588230      h
    0.46105614413285     -0.88205953703427      2.74263140064922      o
   -0.66491826931759     -1.23523262441481      4.12921177576961      h
  0.51997706044471D-04  0.99842841520204D-04  0.61532798506292D-04
  -.65643876373311D-03  0.28711654545166D-03  -.32516182949038D-03
  0.10117557240323D-02  -.44509117565061D-03  0.16654374593106D-03
  -.67314929445783D-04  0.73180266370709D-04  0.92860529687933D-04
  0.44269816173337D-04  -.15109034555844D-04  0.26565049276832D-04
  -.10114218284190D-02  -.44489237131229D-03  -.16640089157560D-03
  0.67320237410462D-04  0.73004909248109D-04  -.92846145868908D-04
  -.44493830706482D-04  -.15193734851440D-04  -.26611500724650D-04
  0.65626462063939D-03  0.28729270128292D-03  0.32505976640174D-03
  -.51938751731484D-04  0.99848899545618D-04  -.61541521369612D-04
  cycle =      6 MP2 energy =     -229.8411512384 |dE/dxyz| =  0.001822
    0.66593063308947     -1.24350005946420     -4.12192559625268      h
   -0.46344755035999     -0.87936759971831     -2.74093038298068      o
    0.61515398104895      1.10074347965314     -1.28208939620305      c
    0.28952006344569      2.93598419848368     -2.18801812244136      h
    2.65203446514157      0.84010155044097     -1.03168140346347      h
   -0.61531288861697      1.10065611432086      1.28204036269495      c
   -0.28962469447503      2.93581337837355      2.18811873125483      h
   -2.65220121030264      0.84009469334570      1.03161157334545      h
    0.46323096126317     -0.87960683450684      2.74071814928988      o
   -0.66614536777547     -1.24380206870924      4.12169857113999      h
  0.30307355353809D-04  0.16852315362303D-04  -.11431944089146D-05
  -.55507954912049D-03  0.43453219821199D-03  -.21187939774947D-03
  0.90499954566736D-03  -.43473725615684D-03  0.32636967606070D-03
  -.14783570434107D-04  -.92711731447537D-06  0.41390770356253D-04
  -.24489268812822D-04  -.15660607191187D-04  -.61590321743799D-05
  -.90503073262616D-03  -.43476974233680D-03  -.32643671095833D-03
  0.14788026874824D-04  -.89922239832063D-06  -.41454277968089D-04
  0.24478592662192D-04  -.15644532814219D-04  0.61618394613452D-05
  0.55512535042990D-03  0.43441074758555D-03  0.21193824603305D-03
  -.30315750316756D-04  0.16843062420779D-04  0.12120803671856D-05
  cycle =      7 MP2 energy =     -229.8411512795 |dE/dxyz| =  0.001778
    0.66558478511887     -1.24357701318918     -4.12222539684684      h
   -0.46334052471252     -0.87930482378371     -2.74093362473743      o
    0.61517860539145      1.10078619296785     -1.28202804301703      c
    0.28988317812580      2.93586092204490     -2.18848203529417      h
    2.65209606181278      0.84019508145953     -1.03147970637860      h
   -0.61533705426639      1.10069970552400      1.28197954546044      c
   -0.28998803778420      2.93569155900653      2.18858229321016      h
   -2.65226215453688      0.84018807722099      1.03141066208240      h
    0.46312522406329     -0.87954169671059      2.74072297221525      o
   -0.66580169075344     -1.24388115232102      4.12199581968968      h
  0.41149475968894D-05  -.11322798822988D-05  -.53443713650125D-05
  -.51376177110551D-03  0.45761360954533D-03  -.23813934734473D-03
  0.83796758909571D-03  -.44584366751410D-03  0.38531474555392D-03
  -.28606411856813D-05  -.34738342558072D-05  0.52862281558763D-05
  -.12090209534410D-04  -.71653968654745D-05  -.39124716355934D-05
  -.83802101374530D-03  -.44583181684255D-03  -.38531767648098D-03
  0.28633703767766D-05  -.34392564982610D-05  -.53083220907801D-05
  0.12106301137571D-04  -.71570663016246D-05  0.39209678443369D-05
  0.51381205313739D-03  0.45755459445473D-03  0.23814571161296D-03
  -.41306260838425D-05  -.11250403293417D-05  0.53545360980678D-05
  cycle =      8 MP2 energy =     -229.8411512757 |dE/dxyz| =  0.001778
    0.79598870092146     -1.29862135341671     -4.09894015206726      h
   -0.37614622266299     -0.93430866464945     -2.75413179078817      o
    0.65557496143011      1.04585640668324     -1.26186266842354      c
    0.35914481319508      2.88088987079322     -2.17824499541714      h
    2.68353299200366      0.78530352052213     -0.94688117625499      h
   -0.65557407324584      1.04585701216128      1.26186313260582      c
   -0.35914088663295      2.88089013401257      2.17824538618985      h
   -2.68353258828540      0.78530715805895      0.94688222411116      h
    0.37614485928435     -0.93431033922599      2.75413073151800      o
   -0.79598197420038     -1.29860929559384      4.09894999584187      h
  0.50587280018277D-05  -.17508945768796D-05  -.46104636033384D-05
  -.50672453423672D-03  0.45795871603538D-03  -.25502896396556D-03
  0.82528113801361D-03  -.44569778658987D-03  0.41169091054116D-03
  -.31829503128744D-05  -.33350014740918D-05  0.53205603214312D-05
  -.12113315998707D-04  -.71663619881784D-05  -.44895967637043D-05
  -.82532073914487D-03  -.44574051741719D-03  -.41165828662848D-03
  0.31863066965732D-05  -.33001720893822D-05  -.53395421228952D-05
  0.12128094240449D-04  -.71566204113693D-05  0.44987627510623D-05
  0.50675550782842D-03  0.45792182735394D-03  0.25498385953693D-03
  -.50682353385234D-05  -.17333460036184D-05  0.46327596963103D-05
  cycle =      9 MP2 energy =     -229.8411513170 |dE/dxyz| =  0.001772
    0.79595277197184     -1.29852322686080     -4.09904402422996      h
   -0.37611656480576     -0.93434480485262     -2.75415751469012      o
    0.65557393455053      1.04580886228660     -1.26185430747544      c
    0.35914232564357      2.88084285069237     -2.17826108507963      h
    2.68356492284842      0.78533577209774     -0.94683894280097      h
   -0.65557265042056      1.04580979852481      1.26185495698936      c
   -0.35913849261649      2.88084372561824      2.17826113446871      h
   -2.68356408332499      0.78533916522537      0.94684013194378      h
    0.37611577070864     -0.93434528699327      2.75415763160730      o
   -0.79594735274811     -1.29851240639304      4.09905270658257      h
  0.22452754366853D-06  0.27518000411675D-06  -.90159027354986D-06
  -.50377867891527D-03  0.45695104897447D-03  -.26226494410952D-03
  0.81325857911763D-03  -.45210805364082D-03  0.41653668096520D-03
  -.24016996763299D-05  -.11943402622450D-05  0.15952570118216D-05
  -.34522287304384D-05  -.39149763806645D-05  -.11737482951135D-05
  -.81326741838117D-03  -.45213617330031D-03  -.41651193395853D-03
  0.24022569465598D-05  -.11790780347631D-05  -.16145424963643D-05
  0.34513840660999D-05  -.39142700734435D-05  0.11825043869929D-05
  0.50379995760874D-03  0.45694053842560D-03  0.26224859993107D-03
  -.23667934856419D-06  0.27996635831862D-06  0.90371572403214D-06
  cycle =     10 MP2 energy =     -229.8411513014 |dE/dxyz| =  0.001772
    0.79597344148052     -1.29859364149061     -4.09897280711273      h
   -0.37613911484866     -0.93433691630704     -2.75415099425432      o
    0.65555729366425      1.04580878591731     -1.26185418590845      c
    0.35912123151464      2.88084233476167     -2.17827670155949      h
    2.68357351429085      0.78539887088334     -0.94684383825068      h
   -0.65555590631245      1.04580977316007      1.26185479034285      c
   -0.35911745723300      2.88084316992318      2.17827687193473      h
   -2.68357254513535      0.78540220933924      0.94684481687056      h
    0.37613831640427     -0.93433722496336      2.75415130420463      o
   -0.79596819201797     -1.29858291187840      4.09898143104851      h
  -.52289408269957D-06  0.14101502121555D-06  0.14824370264677D-05
  -.50464083398705D-03  0.45927070217999D-03  -.26401935895137D-03
  0.80568691361016D-03  -.45866155377894D-03  0.41941505311094D-03
  -.14021593748303D-05  0.21323636190118D-06  -.32364472679625D-06
  0.17332257042924D-05  -.95695318871880D-06  0.64283260325926D-06
  -.80568049366203D-03  -.45867271127698D-03  -.41941103442311D-03
  0.14010541926901D-05  0.21309212172582D-06  0.31769620290056D-06
  -.17369002485168D-05  -.95906444444460D-06  -.63702063768378D-06
  0.50463377968413D-03  0.45926160575949D-03  0.26401665184661D-03
  0.52830849162078D-06  0.15047328139062D-06  -.14836119017758D-05
  cycle =     11 MP2 energy =     -229.8411512810 |dE/dxyz| =  0.001772
    0.79598156784651     -1.29856267572758     -4.09897180464983      h
   -0.37613371925203     -0.93430635915384     -2.75415226118988      o
    0.65555942458485      1.04583923661761     -1.26185305456872      c
    0.35912491339623      2.88087290098730     -2.17827584058269      h
    2.68357505698520      0.78542956840766     -0.94683871593214      h
   -0.65555879829906      1.04583958923194      1.26185331218378      c
   -0.35912244619836      2.88087287049049      2.17827630337534      h
   -2.68357477141121      0.78543177852902      0.94683925701873      h
    0.37613274893953     -0.93430751529676      2.75415153453458      o
   -0.79597638188479     -1.29855361083468      4.09897926510551      h
  -.63305672037828D-06  0.39317633415692D-06  0.13007405046395D-05
  -.50449999395941D-03  0.45898570336789D-03  -.26390095194806D-03
  0.80582087933490D-03  -.45853403586671D-03  0.41940563877341D-03
  -.13505400794367D-05  0.18136209067876D-06  -.29149006031126D-06
  0.16699249596464D-05  -.10137997694254D-05  0.66450084003356D-06
  -.80581978402883D-03  -.45854930514011D-03  -.41939354480514D-03
  0.13470838712837D-05  0.18062313733580D-06  0.28866964374430D-06
  -.16736653534188D-05  -.10189288516260D-05  -.65878506687322D-06
  0.50450005784342D-03  0.45897908551051D-03  0.26388240559516D-03
  0.63909391556649D-06  0.39596197209946D-06  -.12971838310172D-05
  cycle =     12 MP2 energy =     -229.8411512846 |dE/dxyz| =  0.001772
    0.79597386818916     -1.29854091550427     -4.09899813595430      h
   -0.37612686973663     -0.93431041051368     -2.75415570859985      o
    0.65556080353043      1.04583214463581     -1.26185331553590      c
    0.35913831915926      2.88086721525589     -2.17827457710002      h
    2.68357201858123      0.78542445641880     -0.94683757301578      h
   -0.65556000856355      1.04583267066913      1.26185368802616      c
   -0.35913590397199      2.88086755572004      2.17827483288576      h
   -2.68357152096344      0.78542657672093      0.94683820363988      h
    0.37612620382274     -0.93431100119981      2.75415555809127      o
   -0.79596931534034     -1.29853250895169      4.09900502285746      h
  -.17724926815177D-06  0.42932008414986D-06  -.77938512976772D-07
  -.50432123336641D-03  0.45938920157429D-03  -.26246418270226D-03
  0.80596314619052D-03  -.45908924663296D-03  0.41872250231645D-03
  -.60592138437232D-06  -.17643622340913D-06  -.15684996812482D-06
  0.78718067619832D-07  -.54796581293315D-06  0.21496692384493D-06
  -.80595905067238D-03  -.45909604364702D-03  -.41872128933207D-03
  0.60248579500377D-06  -.17365576843176D-06  0.14968117301173D-06
  -.82304244752862D-07  -.55284588840188D-06  -.21021002634403D-06
  0.50433067671563D-03  0.45939562974251D-03  0.26247381505229D-03
  0.17073198543827D-06  0.42188525894993D-06  0.69505486699484D-07
  cycle =     13 MP2 energy =     -229.8411512813 |dE/dxyz| =  0.001773
    0.79598208502442     -1.29856704946363     -4.09897598283356      h
   -0.37613416061774     -0.93430327345222     -2.75415352910696      o
    0.65555705169603      1.04583696797658     -1.26185586987618      c
    0.35914274605150      2.88087377287318     -2.17827445874755      h
    2.68356627077567      0.78543216274109     -0.94684801075561      h
   -0.65555632068790      1.04583742273691      1.26185616947815      c
   -0.35914033949344      2.88087391324903      2.17827488406082      h
   -2.68356582635742      0.78543432764986      0.94684846118170      h
    0.37613332307632     -0.93430413853179      2.75415313657357      o
   -0.79597723476056     -1.29855832252788      4.09898319532029      h
  0.81893119396881D-06  -.47340629127923D-06  -.43327435150786D-06
  -.50497423799456D-03  0.46073051911666D-03  -.26141412773573D-03
  0.80608808160365D-03  -.45985687257266D-03  0.41794058893596D-03
  0.76967838991138D-07  -.35038610679550D-06  0.12184647868452D-06
  -.10779371293346D-05  -.45043174218273D-07  -.28669851262486D-06
  -.80608737993249D-03  -.45985602106446D-03  -.41794466538603D-03
  -.78433495587227D-07  -.35026327749321D-06  -.12099960167156D-06
  0.10790449618270D-05  -.46216045365699D-07  0.28810217531094D-06
  0.50496304501291D-03  0.46071059170583D-03  0.26140636289895D-03
  -.80808239433239D-06  -.46305972190019D-06  0.44286567213447D-06
$end
