$hessapprox internal
  0.245486975503D-01 -0.894791687182D-02  0.609709379371D+00 -0.293814574211D-03
 -0.697877171412D-02  0.369189915757D+00  0.110899763654D-01  0.938264490854D-02
  0.891278935200D-02  0.412880215462D+00  0.348486028449D-02  0.168122544567D-02
  0.219588584476D-02 -0.225880951615D-02  0.421890350328D+00 -0.188845817186D-02
  0.598587840495D-02  0.210208198331D-02 -0.757472593813D-02 -0.202225778243D-02
  0.346848361047D+00 -0.547056056523D-02 -0.443664691046D-02 -0.430507367972D-02
  0.583899152353D-02  0.105340119818D-02  0.368236662890D-02  0.345772012954D+00
 -0.253798153761D-02 -0.226712774025D-01 -0.118362302217D-01  0.290059312889D-01
  0.703089357187D-02  0.753190832554D-02 -0.139930398373D-01  0.280838956269D+00
 -0.148075656869D-02  0.216126727121D-02  0.439540218842D-03 -0.270880732807D-02
 -0.781959572025D-03  0.468606914179D-04  0.132574831496D-02  0.174146371807D-02
  0.347115133102D+00  0.110807757204D-01  0.942501440367D-02  0.892933427975D-02
 -0.123864093139D-01 -0.227285340199D-02 -0.758261098378D-02  0.586507607793D-02
  0.290643443209D-01 -0.270930067070D-02  0.412772596214D+00  0.348360455792D-02
  0.167742715023D-02  0.219357075000D-02 -0.225392276211D-02 -0.306508527539D-03
 -0.202062715207D-02  0.105105287393D-02  0.702311005210D-02 -0.781503347844D-03
 -0.226795441480D-02  0.421892584899D+00 -0.185514343130D-02  0.592865011697D-02
  0.208808658064D-02 -0.750280652265D-02 -0.200193442616D-02 -0.851264301205D-03
  0.364723396802D-02  0.747858032395D-02  0.433908123801D-04 -0.751066114011D-02
 -0.200031685399D-02  0.346851174468D+00 -0.546448077178D-02 -0.452290602116D-02
 -0.434381581029D-02  0.594883786339D-02  0.108117250368D-02  0.370403693836D-02
 -0.281525262738D-02 -0.141274495754D-01  0.132925802827D-02  0.597509830614D-02
  0.107879717540D-02  0.366877951095D-02  0.345665255501D+00 -0.253674928976D-02
 -0.226381321949D-01 -0.118199166777D-01  0.289636059325D-01  0.702045377733D-02
  0.752199709140D-02 -0.139725939575D-01 -0.403337254909D-01  0.173940846989D-02
  0.290219408664D-01  0.701268122588D-02  0.746873474968D-02 -0.141068205738D-01
  0.280950906322D+00 -0.140753791297D-02  0.189437315848D-02  0.341422740181D-03
 -0.237071158494D-02 -0.692504682232D-03  0.897539020504D-04  0.116150917073D-02
  0.139219155657D-02  0.175208496373D-03 -0.237082099926D-02 -0.692122985373D-03
  0.861681289215D-04  0.116399335096D-02  0.139059916444D-02  0.347113177636D+00
  0.955808212112D-02 -0.866289655477D-02 -0.313210179448D-03  0.107390766547D-01
  0.336919321338D-02 -0.179637464611D-02 -0.529664840132D-02 -0.254517515686D-02
 -0.141934885867D-02  0.107303809446D-01  0.336796555577D-02 -0.176447816125D-02
 -0.529115064967D-02 -0.254384503824D-02 -0.134984884360D-02  0.237861115037D-01
 -0.895801411943D-02 -0.710763423229D-02 -0.697442852396D-02  0.936057616223D-02
  0.167499830562D-02  0.598540128478D-02 -0.442586770548D-02 -0.226547651492D-01
  0.216230733909D-02  0.940293595783D-02  0.167120403691D-02  0.592815440133D-02
 -0.451208787042D-02 -0.226216403216D-01  0.189545116585D-02 -0.867256304283D-02
  0.609744452897D+00 -0.235742799656D-03 -0.710509963823D-02 -0.348565930663D-02
  0.907205298147D-02  0.223974542876D-02  0.211198795828D-02 -0.438270064911D-02
 -0.119728848349D-01  0.434943812322D-03  0.908871064880D-02  0.223739894273D-02
  0.209805396384D-02 -0.442180173328D-02 -0.119563968564D-01  0.336272297955D-03
 -0.257723884010D-03 -0.710077402315D-02  0.369115736177D+00  0.201359832965D-02
  0.139312920195D-01  0.745479746147D-02 -0.178387292917D-01 -0.429098020645D-02
 -0.482987922733D-02  0.860076030313D-02  0.253749465416D-01 -0.116002301597D-02
 -0.178759611747D-01 -0.428612198444D-02 -0.479485527325D-02  0.868580590392D-02
  0.253396597550D-01 -0.936645485132D-03  0.200201500634D-02  0.139204564010D-01
  0.754341535077D-02  0.483172178072D+00 -0.123882196923D-01  0.622208307436D-02
 -0.198345360745D-02 -0.753263627656D-02 -0.277802881846D-02  0.374253210978D-02
  0.377794703272D-02 -0.493335147611D-02  0.211316515428D-02 -0.751011896066D-02
 -0.277806331263D-02  0.369219862648D-02  0.374416979048D-02 -0.492377555535D-02
  0.195676937582D-02 -0.119250331639D-01  0.623740736081D-02 -0.207981009193D-02
  0.259850928983D-02  0.399476685719D+00  0.194814133939D-02  0.138924135570D-01
  0.741006736330D-02 -0.177869890514D-01 -0.428288510830D-02 -0.478983239559D-02
  0.857647249381D-02  0.252308794038D-01 -0.114493638753D-02 -0.178239407445D-01
 -0.427805037088D-02 -0.475520329298D-02  0.866095759591D-02  0.251958051880D-01
 -0.923335813292D-03  0.193869949949D-02  0.138816989808D-01  0.749782578767D-02
 -0.158363161612D-01  0.264832197742D-02  0.483348368288D+00 -0.126407948570D-01
  0.636052502945D-02 -0.201836363847D-02 -0.770099254753D-02 -0.283834476659D-02
  0.381556340534D-02  0.386211673431D-02 -0.501488440687D-02  0.215561605728D-02
 -0.767804216714D-02 -0.283837620212D-02  0.376422451552D-02  0.382771250444D-02
 -0.500513939793D-02  0.199618509225D-02 -0.121681153415D-01  0.637615528341D-02
 -0.211662811320D-02  0.263947078930D-02  0.141180754162D-01  0.269037370491D-02
  0.400054136191D+00 -0.625400713139D-02 -0.107527976723D-02 -0.301388691393D-02
  0.157634711349D-02 -0.642349733140D-04  0.308057126570D-02 -0.692934777548D-03
 -0.942438001983D-02  0.129720686561D-02  0.159718771476D-02 -0.656216629593D-04
  0.304758688788D-02 -0.732435078336D-03 -0.941002798740D-02  0.116239480131D-02
 -0.603814978632D-02 -0.106518885906D-02 -0.308311722900D-02  0.568609491486D-02
  0.561538618347D-02  0.568407787965D-02  0.573499019162D-02  0.410542365484D+00
  0.000000000000D+00  0.000000000000D+00  0.000000000000D+00  0.000000000000D+00
  0.000000000000D+00  0.000000000000D+00  0.000000000000D+00  0.000000000000D+00
  0.000000000000D+00  0.000000000000D+00  0.000000000000D+00  0.000000000000D+00
  0.000000000000D+00  0.000000000000D+00  0.000000000000D+00  0.000000000000D+00
  0.000000000000D+00  0.000000000000D+00  0.000000000000D+00  0.000000000000D+00
  0.000000000000D+00  0.000000000000D+00  0.000000000000D+00  0.000000000000D+00
$end
