$coord
    0.79801632141472     -1.23066852804747     -4.23295179674648  h
   -0.38213904040203     -0.84906925166641     -2.90313518365129  o
    0.72563384765738      0.95288128212908     -1.23281409989934  c
    0.63996934800144      2.84684455231452     -2.07530938747690  h
    2.70572928691318      0.50646509362449     -0.82904790712937  h
   -0.72563338211347      0.95288170493289      1.23281426674968  c
   -0.63996795992371      2.84684499047906      2.07530943452624  h
   -2.70572905340613      0.50646639923883      0.82904815177444  h
    0.38213874394574     -0.84906934465133      2.90313529140370  o
   -0.79801522269064     -1.23066502178381      4.23295419102606  h
$user-defined bonds
$intdef
# definitions of internal coordinates
   1 f  1.0000000000000 tors    2    3    6    9 val=  90.00000
$redundant
     number_of_atoms            10
     degrees_of_freedom         24
     internal_coordinates       25
     frozen_coordinates          1
# definitions of redundant internals
   1 k  1.0000000000000 tors   1    2    3    6 val= 197.33268
   2 k  1.0000000000000 stre   2    1           val=   1.81846
   3 k  1.0000000000000 bend   3    1    2      val= 109.07231
   4 k  1.0000000000000 stre   3    5           val=   2.06956
   5 k  1.0000000000000 stre   3    4           val=   2.07466
   6 k  0.0741779436048 bend   4    5    3      val=   0.90761
       -0.5220709455900 bend   2    5    3
       -0.4936709902770 bend   2    4    3
        0.4832387121278 bend   6    5    3
        0.4946805645196 bend   6    4    3
   7 k  0.0109308246508 bend   4    5    3      val=   0.15441
       -0.5288481206182 bend   2    5    3
        0.5488672999158 bend   2    4    3
       -0.4689735000013 bend   6    5    3
        0.4461039405460 bend   6    4    3
   8 k -0.8908581483343 bend   4    5    3      val=   0.92435
        0.1751635179168 bend   2    5    3
        0.1982107832122 bend   2    4    3
        0.2616404160091 bend   6    5    3
        0.2606650718188 bend   6    4    3
   9 k -0.0076652563115 bend   4    5    3      val=   1.06757
        0.4578099234637 bend   2    5    3
       -0.4571715305101 bend   2    4    3
       -0.5311913193968 bend   6    5    3
        0.5469746719112 bend   6    4    3
  10 k  1.0000000000000 stre   6    8           val=   2.06956
  11 k  1.0000000000000 stre   6    7           val=   2.07466
  12 k  0.0741779812652 bend   7    8    6      val=   0.90762
       -0.5220709144209 bend   9    8    6
       -0.4936710301972 bend   9    7    6
        0.4832387244172 bend   3    8    6
        0.4946805399233 bend   3    7    6
  13 k  0.0109308011235 bend   7    8    6      val=   0.15441
       -0.5288481532944 bend   9    8    6
        0.5488672794625 bend   9    7    6
       -0.4689734643819 bend   3    8    6
        0.4461039649958 bend   3    7    6
  14 k -0.8908581311924 bend   7    8    6      val=   0.92435
        0.1751635434417 bend   9    8    6
        0.1982107474426 bend   9    7    6
        0.2616404427854 bend   3    8    6
        0.2606651135740 bend   3    7    6
  15 k -0.0076652295334 bend   7    8    6      val=   1.06756
        0.4578099126037 bend   9    8    6
       -0.4571715307219 bend   9    7    6
       -0.5311913449299 bend   3    8    6
        0.5469746564028 bend   3    7    6
  16 k  1.0000000000000 tors  10    9    6    3 val= 197.33254
  17 k  1.0000000000000 stre   9   10           val=   1.81846
  18 k  1.0000000000000 bend   6   10    9      val= 109.07231
  19 k  1.0000000000000 tors   2    3    6    9 val=  90.00000
  20 k  1.0000000000000 stre   3    2           val=   2.69521
  21 k  1.0000000000000 bend   6    2    3      val= 109.00185
  22 k  1.0000000000000 stre   6    9           val=   2.69521
  23 k  1.0000000000000 bend   3    9    6      val= 109.00184
  24 k  1.0000000000000 stre   3    6           val=   2.86103
  25 f  1.0000000000000 tors   2    3    6    9 val=  90.00000
        24 non zero eigenvalues  of BmBt
           1           4.262551133    1    0
         1
           2           3.808603661    2    0
         2
           3           3.755115600    3    0
         3
           4           3.022674659    4    0
         4
           5           2.896109558    5    0
         5
           6           2.441331468    6    0
         6
           7           2.078176182    7    0
         7
           8           1.730281828    8    0
         8
           9           1.255990724    9    0
         9
          10           1.235176317   10    0
        10
          11           1.044443466   11    0
        11
          12           0.836515758   12    0
        12
          13           0.769962654   13    0
        13
          14           0.727576564   14    0
        14
          15           0.571032793   15    0
        15
          16           0.479762774   16    0
        16
          17           0.354820182   17    0
        17
          18           0.350492009   18    0
        18
          19           0.280675918   20    0
        20
          20           0.253543976   21    0
        21
          21           0.104356065   22    0
        22
          22           0.076153896   23    0
        23
          23           0.066045958   24    0
        24
          24           0.000000000    0    1
         0.000000000         0.000000000         0.000000000         0.000000000
         0.000000000         0.000000000         0.000000000         0.000000000
         0.000000000         0.000000000         0.000000000         0.000000000
         0.000000000         0.000000000         0.000000000         0.000000000
         0.000000000         0.000000000         0.000000000         0.000000000
         0.000000000         0.000000000         0.000000000         0.000000000
         1.000000000
$end
