$energy      SCF               SCFKIN            SCFPOT
     1 -230.2245602187      229.3095388796     -459.5340990983
     2 -230.2251845745      229.2828822995     -459.5080668740
     3 -230.2253385663      229.2887699724     -459.5141085387
     4 -230.2253792436      229.2935450350     -459.5189242787
     5 -230.2253846901      229.2914946916     -459.5168793816
     6 -230.2253848754      229.2920284661     -459.5174133415
     7 -230.2253848950      229.2919966911     -459.5173815861
     8 -230.2253845746      229.2919872477     -459.5173718223
     9 -230.2253845754      229.2919804016     -459.5173649770
    10 -230.2253845757      229.2919559751     -459.5173405508
    11 -230.2253845756      229.2919540494     -459.5173386250
    12 -230.2253845755      229.2919579021     -459.5173424776
    13 -230.2253845755      229.2919598892     -459.5173444647
$end
