$grad          cartesian gradients
  cycle =      1    SCF energy =     -230.2245602187   |dE/dxyz| =  0.011308
    0.54890769637211     -0.90437077861367     -4.41545972450755      h
   -0.37533585514378     -0.86701904131450     -2.85049204875864      o
    0.75321305468860      0.95178529622669     -1.21766157555677      c
    0.70714050235961      2.84904182249785     -2.04857153478668      h
    2.72582571394641      0.47574245918108     -0.80016463768965      h
   -0.75323367984988      0.95177262105550      1.21765767139671      c
   -0.70723430772492      2.84903680143558      2.04855940217046      h
   -2.72582418976920      0.47565803974000      0.80014817750532      h
    0.37537442421515     -0.86697705190178      2.85050801644738      o
   -0.54918184483432     -0.90470891207477      4.41528138655920      h
  -.68632103503142D-03  0.10611383101256D-02  0.81789809907636D-03
  -.19502060012339D-02  -.54182973544780D-03  0.32019843969440D-02
  0.61771491115356D-02  -.27761930949496D-03  0.25983263195688D-03
  0.10960605539661D-02  0.47017732167224D-04  0.23995170963285D-02
  0.86735192738310D-03  -.29174506227892D-03  -.11058397313057D-02
  -.61775060266484D-02  -.27719815890372D-03  -.26025053892797D-03
  -.10961447201643D-02  0.47105810883124D-04  -.23991961031066D-02
  -.86706870980555D-03  -.29162909094368D-03  0.11055340631808D-02
  0.19510617854326D-02  -.54128113938977D-03  -.32011210154706D-02
  0.68562104782636D-03  0.10606711294808D-02  -.81835358409804D-03
  cycle =      2    SCF energy =     -230.2251845745   |dE/dxyz| =  0.005367
    0.62384912737949     -0.97668723210954     -4.39971508700368      h
   -0.39237889965590     -0.84420420889298     -2.89612804350014      o
    0.72652391025257      0.96129618801514     -1.23647745566180      c
    0.65330442921556      2.85928397658554     -2.06932784801992      h
    2.70755756988954      0.50549579156085     -0.84492402586518      h
   -0.72657274025610      0.96127053527288      1.23646908447155      c
   -0.65339686841906      2.85924901963392      2.06934821242818      h
   -2.70759297416223      0.50543344226355      0.84489837114152      h
    0.39236741387515     -0.84422527093179      2.89609841297568      o
   -0.62400945385923     -0.97695098516558      4.39956351181356      h
  -.23689096491121D-03  0.24575352807232D-03  -.46417883865140D-03
  -.10911313264902D-02  0.25744526702686D-03  -.16907750375066D-03
  0.32922206584521D-02  -.68629797752551D-03  0.16862542257885D-03
  0.80787441506182D-03  0.11428419265182D-03  0.55641185847198D-03
  0.48958924520723D-04  0.63737190516425D-04  -.68058107473183D-03
  -.32927548094183D-02  -.68537700385155D-03  -.16814484971096D-03
  -.80796967371332D-03  0.11455669372644D-03  -.55589723228202D-03
  -.48638408155980D-04  0.63836576458554D-04  0.68017524377115D-03
  0.10919877429747D-02  0.25794939615474D-03  0.16866295338891D-03
  0.23634532947060D-03  0.24550256915922D-03  0.46399937589107D-03
  cycle =      3    SCF energy =     -230.2253385663   |dE/dxyz| =  0.004889
    0.67258596267659     -1.06410418339868     -4.33788897793087      h
   -0.41672409050250     -0.82072687681801     -2.90114919554590      o
    0.70957279366164      0.97960617747219     -1.24282265138833      c
    0.61318795413948      2.87602626142133     -2.07880125186415      h
    2.69619424697024      0.53439799828946     -0.86722777943260      h
   -0.70963616138307      0.97956437284306      1.24280650604889      c
   -0.61327685831435      2.87596119192146      2.07884064644056      h
   -2.69625040730816      0.53434386038692      0.86719140365783      h
    0.41667823571148     -0.82079994797592      2.90108774897879      o
   -0.67268016139154     -1.06430759790981      4.33776868381554      h
  0.25000917702069D-04  0.13094222706225D-03  -.34153610109320D-03
  -.11769948834090D-02  0.14099771204581D-02  -.68550393730585D-03
  0.20134252307369D-02  -.16223981311939D-02  0.11151191513991D-02
  0.14415009526087D-03  0.28638135433048D-04  -.90321925742994D-06
  0.17454216045844D-04  0.49582561604562D-04  -.13315311432061D-03
  -.20135249017675D-02  -.16220602258827D-02  -.11152772373990D-02
  -.14420372716623D-03  0.28572706488518D-04  0.10901392175040D-05
  -.17326875199761D-04  0.49657785100922D-04  0.13292063886930D-03
  0.11771180720963D-02  0.14101805225909D-02  0.68570182900716D-03
  -.25099031942547D-04  0.13074713580242D-03  0.34154213239541D-03
  cycle =      4    SCF energy =     -230.2253792436   |dE/dxyz| =  0.005725
    0.70077440946488     -1.14317717637585     -4.27353990268156      h
   -0.43731435129429     -0.80119648784367     -2.89674629829213      o
    0.70036163443761      0.99907967640950     -1.24637786657715      c
    0.59274452551497      2.89418399216200     -2.08458397212395      h
    2.68944536745443      0.55631872062296     -0.88142946806442      h
   -0.70043384703901      0.99902769916813      1.24635685230184      c
   -0.59283037454738      2.89410023146488      2.08463551215323      h
   -2.68951423190509      0.55626759785063      0.88138913211950      h
    0.43725196465269     -0.80130240867777      2.89665975291286      o
   -0.70083358247900     -1.14334058854882      4.27344139103155      h
  0.10377554547115D-03  0.11420215229479D-03  -.32100034615660D-04
  -.14919425256651D-02  0.18270679104606D-02  -.70854169821628D-03
  0.20167537106855D-02  -.19850422998887D-02  0.14896906345292D-02
  -.18958654242449D-03  0.48169642574350D-04  -.36162869850183D-04
  0.10526600929089D-03  -.79493493930302D-05  0.13348652604400D-03
  -.20166609774680D-02  -.19850365101053D-02  -.14899827209164D-02
  0.18958888750651D-03  0.48004094050484D-04  0.36193468270440D-04
  -.10524899600319D-03  -.79243861472060D-05  -.13354512661960D-03
  0.14916800017584D-02  0.18271222472185D-02  0.70888457292202D-03
  -.10362635880068D-03  0.11415671961391D-03  0.32074295670780D-04
  cycle =      5    SCF energy =     -230.2253846901   |dE/dxyz| =  0.005597
    0.70600158530453     -1.17046315906575     -4.25280322501992      h
   -0.44367639298865     -0.79463204713072     -2.89491171396915      o
    0.69917129759399      1.00719576925470     -1.24817554330800      c
    0.59409953584449      2.90166478788945     -2.08751069590909      h
    2.68759413238784      0.56144243950630     -0.88676446912503      h
   -0.69924558256715      1.00714368520650      1.24815509706225      c
   -0.59418485802487      2.90158098961300      2.08756350582519      h
   -2.68766583921708      0.56139216024563      0.88672679798350      h
    0.44361371096979     -0.79474124757544      2.89482029597718      o
   -0.70605607504308     -1.17062212171169      4.25270508326286      h
  0.19803448818390D-04  0.27719006149782D-04  0.12574296771376D-04
  -.14925480217090D-02  0.16011259534389D-02  -.83000196762583D-03
  0.24395933509580D-02  -.16655592314142D-02  0.12037911436090D-02
  -.47626234766559D-04  0.34869740943837D-04  0.34834275716297D-04
  0.10707967484982D-05  -.19198691706555D-05  0.19263032019503D-04
  -.24395913723370D-02  -.16654746673600D-02  -.12037504475773D-02
  0.47632681136625D-04  0.34902134657950D-04  -.34800890781465D-04
  -.10866791540372D-05  -.19343538511204D-05  -.19291268806443D-04
  0.14925672265662D-02  0.16011379820209D-02  0.82993407413092D-03
  -.19816221305704D-04  0.27731476575796D-04  -.12555327418486D-04
  cycle =      6    SCF energy =     -230.2253848754   |dE/dxyz| =  0.005534
    0.70687862505477     -1.17568304338381     -4.24847257959482      h
   -0.44492417337967     -0.79311800924770     -2.89428879801560      o
    0.69873522328797      1.00878835883063     -1.24829230119474      c
    0.59446980439428      2.90285683045344     -2.08841847709376      h
    2.68706183431605      0.56236445717880     -0.88752236233568      h
   -0.69880898224032      1.00873583399290      1.24827165747422      c
   -0.59455513263204      2.90277268264219      2.08847049645061      h
   -2.68713296332676      0.56231363676746      0.88748468703071      h
    0.44486146421741     -0.79322718529430      2.89419851446841      o
   -0.70693418543186     -1.17584230570762      4.24837429559046      h
  0.11560287432270D-04  0.31589665661209D-05  0.26528543069361D-05
  -.14519545730719D-02  0.16437857806110D-02  -.79251872651604D-03
  0.23630703148956D-02  -.16430087110334D-02  0.12614836023335D-02
  -.16888625019742D-04  0.11160387882091D-05  0.17447486133800D-04
  -.13052188105208D-04  -.87139916163761D-05  0.18917979237942D-05
  -.23630376442467D-02  -.16430147341633D-02  -.12615645155052D-02
  0.16887677207306D-04  0.11101242632353D-05  -.17478594270348D-04
  0.13040169414657D-04  -.87153604703010D-05  -.18845111172695D-05
  0.14519284458657D-02  0.16437374899211D-02  0.79259782260451D-03
  -.11554876187623D-04  0.31610394363931D-05  -.26302117766986D-05
  cycle =      8    SCF energy =     -230.2253845746   |dE/dxyz| =  0.005501
    0.79801880616721     -1.23060265002952     -4.23301775774164      h
   -0.38212847153002     -0.84906674928758     -2.90317456325226      o
    0.72562341488951      0.95286581084038     -1.23283101174054      c
    0.63990724032127      2.84684419784766     -2.07526126379365      h
    2.70569733337002      0.50638511604106     -0.82909563388574      h
   -0.72562294273451      0.95286617824106      1.23283113447818      c
   -0.63990545000612      2.84684451595813      2.07526138754662      h
   -2.70569721186257      0.50638680317429      0.82909587026450      h
    0.38212788160527     -0.84906743216464      2.90317422711709      o
   -0.79801698046054     -1.23059746723122      4.23302127048386      h
  0.11928160120735D-05  -.96496329833163D-06  -.57881116794499D-06
  -.14129789921114D-02  0.16448706136365D-02  -.83312337822461D-03
  0.22916698634747D-02  -.16398126832787D-02  0.13400619914899D-02
  -.32708948077621D-05  -.26855433665556D-05  0.32049633063654D-05
  -.49397785757146D-05  -.54120263099106D-05  -.12737271286785D-05
  -.22916684731702D-02  -.16398211952369D-02  -.13400499458593D-02
  0.32689111769209D-05  -.26814781479346D-05  -.32158228693394D-05
  0.49381016718290D-05  -.54129983501697D-05  0.12774718260770D-05
  0.14129790944989D-02  0.16448536005626D-02  0.83311657026783D-03
  -.11907038165966D-05  -.95549084251215D-06  0.58070273004847D-06
  cycle =      9    SCF energy =     -230.2253845754   |dE/dxyz| =  0.005505
    0.79799864818978     -1.23063729679644     -4.23298579961395      h
   -0.38214307796275     -0.84907561885574     -2.90314709072645      o
    0.72562870832792      0.95287040759189     -1.23282227185717      c
    0.63992334438849      2.84684331746288     -2.07528254420870      h
    2.70571787228390      0.50642471017783     -0.82907256552447      h
   -0.72562813638896      0.95287095131960      1.23282248197647      c
   -0.63992157485186      2.84684393985357      2.07528248473475      h
   -2.70571761520877      0.50642637745441      0.82907294373089      h
    0.38214270610989     -0.84907572409561      2.90314719084914      o
   -0.79799725512812     -1.23063274072278      4.23298883011592      h
  0.60947945567589D-06  -.76976804384308D-06  0.60770557898931D-07
  -.14158656256412D-02  0.16438837258193D-02  -.83386201025849D-03
  0.22905440035331D-02  -.16426494218717D-02  0.13433463072144D-02
  -.21812867249909D-05  -.10725637072417D-05  0.18110526515013D-05
  -.11275091941471D-05  -.34010151482949D-05  0.40806086037615D-07
  -.22905434163939D-02  -.16426555886116D-02  -.13433343156204D-02
  0.21797550920675D-05  -.10678546673386D-05  -.18184411392850D-05
  0.11251419395575D-05  -.34028384202242D-05  -.38209481936022D-07
  0.14158727709407D-02  0.16438811747283D-02  0.83385607142353D-03
  -.61335694451873D-06  -.76766151509862D-06  -.62011588573974D-07
  cycle =     11    SCF energy =     -230.2253845756   |dE/dxyz| =  0.005507
    0.79801448631290     -1.23064990158424     -4.23296778900306      h
   -0.38213337808689     -0.84907596592908     -2.90313856528027      o
    0.72563681729259      0.95287585162528     -1.23281343723154      c
    0.63995942830415      2.84684181460154     -2.07530264992428      h
    2.70573294366444      0.50646148928539     -0.82904330407517      h
   -0.72563644809309      0.95287614394914      1.23281352560890      c
   -0.63995801884289      2.84684200649988      2.07530287344249      h
   -2.70573283894811      0.50646282893372      0.82904343666077      h
    0.38213291283484     -0.84907650030600      2.90313830135584      o
   -0.79801301504145     -1.23064589050578      4.23297056902305      h
  0.31303577600297D-06  -.51814514675694D-06  0.44900816355757D-06
  -.14173381775642D-02  0.16433914735419D-02  -.83524116843628D-03
  0.22887206303310D-02  -.16452315298913D-02  0.13460464384971D-02
  -.43919937326250D-06  -.50669747739711D-06  0.35233835251857D-06
  0.30908874427051D-06  -.11430084880454D-05  0.62754899949147D-06
  -.22887229765406D-02  -.16452337070366D-02  -.13460466794641D-02
  0.43823747547976D-06  -.50684647560569D-06  -.35157005164504D-06
  -.30824545593469D-06  -.11433227357771D-05  -.62659729541770D-06
  0.14173374522719D-02  0.16433849928641D-02  0.83523574121028D-03
  -.30989071008676D-06  -.51472068100361D-06  -.44505059624539D-06
  cycle =     12    SCF energy =     -230.2253845755   |dE/dxyz| =  0.005507
    0.79801709611832     -1.23066562346427     -4.23295358864312      h
   -0.38213786269929     -0.84907086574719     -2.90313557826931      o
    0.72563486757703      0.95288037126794     -1.23281396546101      c
    0.63996348451020      2.84684476075476     -2.07530620390725      h
    2.70573053893988      0.50646450918957     -0.82904702827159      h
   -0.72563440796487      0.95288078944651      1.23281413654602      c
   -0.63996209044321      2.84684519982429      2.07530624556885      h
   -2.70573032001236      0.50646581302057      0.82904729241492      h
    0.38213756707981     -0.84907097786026      2.90313566351902      o
   -0.79801598370902     -1.23066209986206      4.23295598708021      h
  0.60334558981452D-06  -.72726176251826D-06  0.15808766391595D-06
  -.14174298160851D-02  0.16439366278992D-02  -.83451281965003D-03
  0.22882286629477D-02  -.16454472612409D-02  0.13460493647704D-02
  -.16001707379532D-06  -.73290475414943D-06  0.29464908880111D-06
  0.82924474669297D-07  -.10395200488090D-05  0.41385908024749D-06
  -.22882283069107D-02  -.16454475586674D-02  -.13460459674572D-02
  0.15917749070974D-06  -.73166251731244D-06  -.29678910996153D-06
  -.84522991927420D-07  -.10410999540824D-05  -.41308483292426D-06
  0.14174333128064D-02  0.16439362698250D-02  0.83451054299296D-03
  -.60479819122887D-06  -.72698435438929D-06  -.15782677801296D-06
$end
