$coord
    0.78897499692985      0.01696072018276     -4.72276757152802  h
   -0.36958687832035     -0.22969221673560     -3.33938911830475  o
    0.96582568521893      0.23917802567063     -1.05281820902067  c
    1.97577682577733      2.04230292471588     -1.11419330822036  h
    2.33379092286982     -1.26333600649138     -0.66234004569259  h
   -0.96582552405541      0.23917764177894      1.05281793538221  c
   -1.97577797775880      2.04230180959094      1.11419256941493  h
   -2.33378975556378     -1.26333732076763      0.66233954063280  h
    0.36958664916003     -0.22969239999268      3.33938905952616  o
   -0.78897598081302      0.01695895690556      4.72276716096746  h
$intdef
# definitions of internal coordinates
   1 f  1.0000000000000 tors    2    3    6    9 val= 159.00000
$user-defined bonds
$redundant
     number_of_atoms            10
     degrees_of_freedom         24
     internal_coordinates       25
     frozen_coordinates          1
# definitions of redundant internals
   1 k  1.0000000000000 tors   1    2    3    6 val= 171.46281
   2 k  1.0000000000000 stre   2    1           val=   1.82122
   3 k  1.0000000000000 bend   3    1    2      val= 107.83969
   4 k  1.0000000000000 stre   3    4           val=   2.06761
   5 k  1.0000000000000 stre   3    5           val=   2.06914
   6 k  0.0835554080180 bend   5    4    3      val=   0.97684
       -0.5104415044109 bend   2    4    3
       -0.5077395626645 bend   2    5    3
        0.5035683463934 bend   6    4    3
        0.4701993421748 bend   6    5    3
   7 k  0.0294307122201 bend   5    4    3      val=   0.76827
       -0.5456137206184 bend   2    4    3
        0.5335977398735 bend   2    5    3
       -0.4510933382015 bend   6    4    3
        0.4617659074502 bend   6    5    3
   8 k -0.8844530772272 bend   5    4    3      val=   2.77284
        0.1759244276811 bend   2    4    3
        0.1972737084134 bend   2    5    3
        0.2563148522220 bend   6    4    3
        0.2866690259300 bend   6    5    3
   9 k -0.0064841136137 bend   5    4    3      val=   0.88817
       -0.4447527523044 bend   2    4    3
        0.4688082793676 bend   2    5    3
        0.5329508820109 bend   6    4    3
       -0.5462006043099 bend   6    5    3
  10 k  1.0000000000000 stre   6    7           val=   2.06761
  11 k  1.0000000000000 stre   6    8           val=   2.06914
  12 k  0.0835555059817 bend   8    7    6      val=   0.97684
       -0.5104422370581 bend   9    7    6
       -0.5077388100325 bend   9    8    6
        0.5035684776252 bend   3    7    6
        0.4701992015905 bend   3    8    6
  13 k  0.0294316014989 bend   8    7    6      val=   0.76834
       -0.5456132766419 bend   9    7    6
        0.5335983385296 bend   9    8    6
       -0.4510934613395 bend   3    7    6
        0.4617655632901 bend   3    8    6
  14 k -0.8844531163797 bend   8    7    6      val=   2.77282
        0.1759238201873 bend   9    7    6
        0.1972741096667 bend   9    8    6
        0.2563146354719 bend   3    7    6
        0.2866691956158 bend   3    8    6
  15 k -0.0064840266727 bend   8    7    6      val=   0.88815
       -0.4447523264735 bend   9    7    6
        0.4688084840586 bend   9    8    6
        0.5329504353612 bend   3    7    6
       -0.5462012122080 bend   3    8    6
  16 k  1.0000000000000 tors  10    9    6    3 val= 171.46285
  17 k  1.0000000000000 stre   9   10           val=   1.82122
  18 k  1.0000000000000 bend   6   10    9      val= 107.83968
  19 k  1.0000000000000 tors   2    3    6    9 val= 159.00000
  20 k  1.0000000000000 stre   3    2           val=   2.68916
  21 k  1.0000000000000 bend   6    2    3      val= 106.91048
  22 k  1.0000000000000 stre   6    9           val=   2.68916
  23 k  1.0000000000000 bend   3    9    6      val= 106.91050
  24 k  1.0000000000000 stre   3    6           val=   2.85744
  25 f  1.0000000000000 tors   2    3    6    9 val= 159.00000
        24 non zero eigenvalues  of BmBt
           1           3.974134821    1    0
         1
           2           3.762298716    2    0
         2
           3           3.726399200    3    0
         3
           4           3.069925448    4    0
         4
           5           3.005048769    5    0
         5
           6           2.437830180    6    0
         6
           7           2.140287333    7    0
         7
           8           1.683641953    8    0
         8
           9           1.245542763    9    0
         9
          10           1.172782008   10    0
        10
          11           1.047752643   11    0
        11
          12           0.867610315   12    0
        12
          13           0.770192220   13    0
        13
          14           0.756273006   14    0
        14
          15           0.581526100   15    0
        15
          16           0.397552014   16    0
        16
          17           0.354965116   17    0
        17
          18           0.339335288   18    0
        18
          19           0.282081765   20    0
        20
          20           0.254050221   21    0
        21
          21           0.135966218   22    0
        22
          22           0.067394052   23    0
        23
          23           0.065987104   24    0
        24
          24           0.000000000    0    1
         0.000000000         0.000000000         0.000000000         0.000000000
         0.000000000         0.000000000         0.000000000         0.000000000
         0.000000000         0.000000000         0.000000000         0.000000000
         0.000000000         0.000000000         0.000000000         0.000000000
         0.000000000         0.000000000         0.000000000         0.000000000
         0.000000000         0.000000000         0.000000000         0.000000000
         1.000000000
$end
