$energy      SCF               SCFKIN            SCFPOT            MP2
     1 -229.0285104622      228.765939     -457.794450     -.8121033692606
     2 -229.0287480141      228.790795     -457.819543     -.8122497357974
     3 -229.0286300124      228.792954     -457.821584     -.8124590002660
     4 -229.0286102441      228.789839     -457.818449     -.8124814986189
     5 -229.0285928217      228.789339     -457.817932     -.8124996202288
     6 -229.0285918204      228.789114     -457.817706     -.8125006775727
     7 -229.0285916932      228.789223     -457.817815     -.8125008411272
     8 -229.0285916785      228.789223     -457.817815     -.8125008444088
     9 -229.0285917359      228.789219     -457.817810     -.8125007696140
    10 -229.0285916484      228.789217     -457.817808     -.8125008623216
    11 -229.0285916484      228.789217     -457.817808     -.8125008655527
    12 -229.0285916711      228.789219     -457.817811     -.8125008474294
    13 -229.0285916289      228.789219     -457.817811     -.8125008933268
$end
