$grad          cartesian gradients
  cycle =      1 MP2 energy =     -229.8406138315 |dE/dxyz| =  0.009007
    0.81227206958877     -0.23192993832319     -4.72802951464569      h
   -0.37210597036640     -0.22349721915816     -3.34894084258862      o
    0.96360217796831      0.24521981325135     -1.05900967657511      c
    1.92753805374784      2.07848949076006     -1.10473196308238      h
    2.37996593518714     -1.22182908472772     -0.69321885790407      h
   -0.96357366630775      0.24531523569227      1.05900611678075      c
   -1.92735930856873      2.07864773279033      1.10471553933110      h
   -2.38005795784801     -1.22163594386195      0.69320569793428      h
    0.37209131174966     -0.22343448569196      3.34895440734075      o
   -0.81246586747524     -0.23294609657322      4.72788620565055      h
  -.23203289383940D-02  -.10305348322306D-02  0.24000568452642D-05
  0.30598782474121D-02  -.11807211746662D-02  -.30490532761904D-02
  -.20486118476315D-02  0.79089086513928D-03  0.69306802284166D-03
  -.58508443936667D-03  0.13980360355208D-02  0.10449332496438D-02
  0.21942257746241D-02  0.21060323879052D-04  -.75561635444243D-03
  0.20483456713709D-02  0.79832429436288D-03  -.69187079737565D-03
  0.58845765337501D-03  0.13940202197791D-02  -.10433779739308D-02
  -.21980838725426D-02  0.18478264502075D-04  0.75353324479480D-03
  -.30578765132816D-02  -.11781961194177D-02  0.30473129596018D-02
  0.23190782644109D-02  -.10313578668606D-02  -.13291343310406D-05
  cycle =      2 MP2 energy =     -229.8409977499 |dE/dxyz| =  0.004475
    0.79959272796160     -0.10928783009473     -4.72296992968905      h
   -0.37142725462638     -0.24511488838836     -3.33595105039882      o
    0.96641843554241      0.22348884595133     -1.05347652464629      c
    1.95528733403298      2.04074443816695     -1.10481434289185      h
    2.35457122401377     -1.26332742966783     -0.67758677282587      h
   -0.96638242926753      0.22353541117692      1.05346102157958      c
   -1.95511877163595      2.04085829997521      1.10485999596031      h
   -2.35464235393173     -1.26316519259780      0.67749231958721      h
    0.37139954401713     -0.24522784789454      3.33593982062531      o
   -0.79979167843070     -0.11010430246934      4.72288257494102      h
  -.73685291949843D-03  -.49062747434611D-03  -.12959251846878D-03
  0.15268930951464D-02  -.17105709430185D-02  0.52639582911418D-03
  -.62114505654609D-03  0.12433786629418D-02  -.17391194978791D-03
  -.27252813094747D-03  0.60987990356232D-03  0.55137676283246D-03
  0.58742766516362D-03  0.34649443828716D-03  -.70867845480144D-03
  0.62123845665107D-03  0.12467404623921D-02  0.17272627161144D-03
  0.27316807352684D-03  0.60884663798388D-03  -.55017362963700D-03
  -.58799548592869D-03  0.34619602317498D-03  0.70763188528400D-03
  -.15270545454324D-02  -.17083804945786D-02  -.52519638361748D-03
  0.73684884817515D-03  -.49195716580666D-03  0.12942218727297D-03
  cycle =      3 MP2 energy =     -229.8410890127 |dE/dxyz| =  0.004991
    0.78815085461854     -0.00806917178982     -4.72292362370332      h
   -0.36681397496260     -0.26339479282041     -3.33759536615291      o
    0.96690784147043      0.20510509274685     -1.05196545487278      c
    1.97569222025527      2.00931308482388     -1.10763771548807      h
    2.33520765232456     -1.29639002878131     -0.66386101380098      h
   -0.96689682411493      0.20509018694214      1.05194614964944      c
   -1.97555012103973      2.00936983930069      1.10777659880726      h
   -2.33530302763003     -1.29626572714967      0.66368406800640      h
    0.36676645898676     -0.26371956148922      3.33754345110073      o
   -0.78825430223266     -0.00863941762533      4.72287001869578      h
  0.92212092269062D-04  0.32833518274489D-04  -.22121062170832D-03
  0.45374944187948D-03  -.24049721978470D-02  0.10252596063047D-02
  -.40952884086343D-03  0.21073544405568D-02  -.74937877587328D-03
  0.21828176959282D-05  0.50319293978252D-04  0.21585326338569D-03
  -.19068645711240D-03  0.21343109370742D-03  -.23487433191882D-03
  0.41005111715808D-03  0.21083339403487D-02  0.74996611347250D-03
  -.29146169153726D-05  0.50944395466157D-04  -.21539028633638D-03
  0.19153606243671D-03  0.21368460555271D-03  0.23426603524235D-03
  -.45424218220536D-03  -.24043596644634D-02  -.10253784149103D-02
  -.92359433875977D-04  0.32430663794381D-04  0.22088740918358D-03
  cycle =      4 MP2 energy =     -229.8410917427 |dE/dxyz| =  0.004871
    0.78894991268464     -0.00840419606729     -4.72337995805680      h
   -0.36718470482437     -0.26306761333125     -3.33941341103596      o
    0.96648901004314      0.20552538600392     -1.05240428109740      c
    1.97594846586782      2.00910827548082     -1.11029099268409      h
    2.33484515620469     -1.29658289379018     -0.66244997995876      h
   -0.96648914653722      0.20549641240377      1.05238380454250      c
   -1.97581134261308      2.00915109825313      1.11044836216490      h
   -2.33495779897537     -1.29646703237541      0.66226391652770      h
    0.36713637252899     -0.26343137673141      3.33935044050937      o
   -0.78901914670362     -0.00892855568829      4.72332921133010      h
  -.32844857469350D-04  0.48373005862579D-05  -.55264875588268D-04
  0.43188908989311D-03  -.23484346745892D-02  0.42325007666388D-03
  -.53738678933524D-03  0.22949886080275D-02  -.63237686504708D-03
  0.51213524177030D-06  0.12476333070222D-04  0.12872906750033D-03
  -.17791150098034D-04  0.35687214731350D-04  -.66603518697195D-04
  0.53770937592335D-03  0.22957070514800D-02  0.63318047370450D-03
  -.68139903275366D-06  0.12576310566281D-04  -.12862083214904D-03
  0.17986606792864D-04  0.35613909273646D-04  0.66161806616449D-04
  -.43205693909609D-03  -.23481374603080D-02  -.42353708732001D-03
  0.32663927462817D-04  0.46855101690779D-05  0.55081755883535D-04
  cycle =      5 MP2 energy =     -229.8410924419 |dE/dxyz| =  0.004755
    0.78992648733958     -0.01150561413902     -4.72259790686706      h
   -0.36802440178671     -0.26215400246823     -3.33948713675857      o
    0.96632077667558      0.20652157336253     -1.05237821462520      c
    1.97622860547313      2.00969009101800     -1.11271242649624      h
    2.33432188090614     -1.29596115031803     -0.66134118490761      h
   -0.96633100276562      0.20648055190489      1.05235583031141      c
   -1.97609755584589      2.00972148195002      1.11288714583966      h
   -2.33444893621259     -1.29585178413565      0.66114766359220      h
    0.36797519330082     -0.26255249890173      3.33941363282471      o
   -0.78996426940881     -0.01198914411496      4.72254970932827      h
  -.17762513938813D-04  0.53425742376767D-05  0.14417267688582D-04
  0.33095985926934D-03  -.22945002200463D-02  0.29766391681196D-03
  -.50805666276243D-03  0.23110673736366D-02  -.48976058130878D-03
  -.19552112004995D-05  -.40619094523464D-05  0.21663429783769D-04
  0.26935487126067D-04  -.17866990993376D-04  0.11065930530907D-04
  0.50818077305337D-03  0.23110832017454D-02  0.49035334598921D-03
  0.20105817570837D-05  -.40816382753661D-05  -.21763264054120D-04
  -.26984741348102D-04  -.17927405850493D-04  -.11279754929983D-04
  -.33098587450819D-03  -.22943886300482D-02  -.29800521592982D-03
  0.17658302557066D-04  0.53337482746607D-05  -.14355075636185D-04
  cycle =      6 MP2 energy =     -229.8410924980 |dE/dxyz| =  0.004693
    0.79069952871971     -0.01467121366661     -4.72256201260965      h
   -0.36837486004883     -0.26137046989214     -3.33962780283879      o
    0.96618680915604      0.20731533957259     -1.05250335819374      c
    1.97614037195385      2.01045672770362     -1.11346983328544      h
    2.33411990430153     -1.29513701507069     -0.66157789180228      h
   -0.96619915650856      0.20727183824272      1.05248001089030      c
   -1.97601113143858      2.01048562631359      1.11364946150938      h
   -2.33424992803880     -1.29502890877118      0.66138391845704      h
    0.36832542674961     -0.26177700847363      3.33955130844393      o
   -0.79073018717034     -0.01514541180045      4.72251331167082      h
  -.33182909757734D-05  -.10082473635431D-05  -.16485065001959D-06
  0.31547087432138D-03  -.22805537395527D-02  0.27299734279751D-03
  -.49367262001310D-03  0.22799174750350D-02  -.44244716184982D-03
  0.20519506094274D-06  -.53035039027094D-07  -.33663106097093D-05
  0.96410061067864D-05  0.17379448200572D-05  0.41121722509363D-05
  0.49382967752987D-03  0.22797494000988D-02  0.44283938727052D-03
  -.17638743932125D-06  -.53460246896009D-07  0.33164213872339D-05
  -.96358964358778D-05  0.17553251812075D-05  -.41335558421673D-05
  -.31566606210642D-03  -.22804796447984D-02  -.27331589192503D-03
  0.33225044488994D-05  -.10119153351362D-05  0.16244410439015D-06
  cycle =      7 MP2 energy =     -229.8410925343 |dE/dxyz| =  0.004702
    0.79067115488760     -0.01461847800352     -4.72250607074109      h
   -0.36839398027098     -0.26135104395042     -3.33956045019593      o
    0.96619873572734      0.20733595853579     -1.05247915386193      c
    1.97622983361817      2.01043483886236     -1.11340777759703      h
    2.33400738675386     -1.29520793640961     -0.66158006134097      h
   -0.96621102297684      0.20729248186077      1.05245562867687      c
   -1.97610075212565      2.01046369588267      1.11358780083567      h
   -2.33413735200236     -1.29509985592238      0.66138598893050      h
    0.36834448948852     -0.26175794671383      3.33948390602666      o
   -0.79070171542403     -0.01509220998402      4.72245730150881      h
  0.65673301863356D-06  0.62120847482694D-06  -.10508057561864D-05
  0.31209222949879D-03  -.22863340288910D-02  0.28858164536416D-03
  -.48620307424008D-03  0.22832637668280D-02  -.44291580904732D-03
  0.12302375558271D-05  -.10488913293472D-06  -.13141651957760D-05
  0.11966947863762D-05  0.25787027047031D-05  0.43757131373834D-06
  0.48639055051014D-03  0.22831334784252D-02  0.44323463486837D-03
  -.12270052835994D-05  -.93649991317335D-07  0.12910445084113D-05
  -.11881932056035D-05  0.25891500325947D-05  -.44723560915783D-06
  -.31229717366710D-03  -.22862761867866D-02  -.28886751663926D-03
  -.65099869006602D-06  0.62255103905340D-06  0.10506358609774D-05
  cycle =      8 MP2 energy =     -229.8410925229 |dE/dxyz| =  0.004701
    0.78896751400867      0.01700030305190     -4.72276916369552      h
   -0.36958462592133     -0.22969927131112     -3.33938787312640      o
    0.96582196322965      0.23916938271166     -1.05281893542452      c
    1.97576030357281      2.04230428970089     -1.11421717671508      h
    2.33383153778746     -1.26329891208940     -0.66233258530436      h
   -0.96582165692080      0.23916954445553      1.05281893488914      c
   -1.97575959220334      2.04230474020789      1.11421655134673      h
   -2.33383145137568     -1.26329840083696      0.66233216552791      h
    0.36958438341208     -0.22969923437954      3.33938794488455      o
   -0.78896811249733      0.01699949509307      4.72276907621054      h
  0.33084337980327D-06  0.58787540452299D-06  -.10821255371773D-05
  0.31204531675666D-03  -.22864700449587D-02  0.28899669950011D-03
  -.48643013863092D-03  0.22829943035216D-02  -.44314492130226D-03
  0.10439819866370D-05  0.17788010575615D-06  -.14664249859409D-05
  0.14707866369257D-05  0.27089027940796D-05  0.37368635286139D-06
  0.48633212927429D-03  0.22826019111033D-02  0.44312943371105D-03
  -.10475384870645D-05  0.91286844750016D-07  0.13917068951708D-05
  -.14454818835219D-05  0.26259878196377D-05  -.34851543134762D-06
  -.31199242299262D-03  -.22860532744304D-02  -.28895350656644D-03
  -.30747619161886D-06  0.73527466093459D-06  0.11039688607717D-05
  cycle =      9 MP2 energy =     -229.8410925055 |dE/dxyz| =  0.004705
    0.78897977615567      0.01692448654709     -4.72276829823129      h
   -0.36959514721862     -0.22967100021306     -3.33939037655145      o
    0.96581968535333      0.23919646930371     -1.05282180771486      c
    1.97576859160012      2.04232386594342     -1.11420789566910      h
    2.33380690560842     -1.26329738806922     -0.66234502661033      h
   -0.96581944144157      0.23919628443471      1.05282185734616      c
   -1.97576875419572      2.04232364245542      1.11420876430116      h
   -2.33380637348500     -1.26329726576611      0.66234332828631      h
    0.36959408520948     -0.22967495675876      3.33939014307814      o
   -0.78897906449391      0.01692779872673      4.72276825035826      h
  0.54787101078091D-07  -.11176224523068D-05  -.82523978317539D-07
  0.31242693314937D-03  -.22861243104595D-02  0.28657267984933D-03
  -.48588939238225D-03  0.22863642028745D-02  -.44317932358637D-03
  0.69913135813948D-06  -.22673923716354D-06  -.39469569607098D-06
  0.90003300456942D-06  0.10506877359262D-05  0.91076368780030D-07
  0.48594359063703D-03  0.22864942033693D-02  0.44325625554745D-03
  -.79279548836908D-06  -.21617743106717D-06  0.36619708931873D-06
  -.82004937818070D-06  0.10201648450447D-05  -.82200998730020D-07
  -.31248969170239D-03  -.22862860892938D-02  -.28663736643075D-03
  -.32545765193959D-07  -.95821719431344D-06  0.89904465205848D-07
  cycle =     10 MP2 energy =     -229.8410925107 |dE/dxyz| =  0.004710
    0.78896431654743      0.01700026262193     -4.72277061214250      h
   -0.36958828093135     -0.22968443812878     -3.33939184584604      o
    0.96582404356820      0.23918508380825     -1.05281921542450      c
    1.97578086107475      2.04230681998187     -1.11419163704034      h
    2.33378750973223     -1.26333248955053     -0.66234217689036      h
   -0.96582303037232      0.23918635358742      1.05281922828093      c
   -1.97578054268370      2.04230799772368      1.11418999651191      h
   -2.33378610338082     -1.26333159936480      0.66234265343459      h
    0.36958779913996     -0.22968418718694      3.33939231581625      o
   -0.78896630960217      0.01699813311184      4.72277023189308      h
  -.85512066272386D-06  0.94653304250070D-06  0.49154271763996D-06
  0.31319816092434D-03  -.22893047241070D-02  0.28557036169996D-03
  -.48460905790249D-03  0.22889035387514D-02  -.44347712066331D-03
  0.29875774432142D-06  -.22340232153084D-06  0.29665706952064D-06
  0.21748841305680D-06  -.40470310391783D-06  0.47384304258102D-07
  0.48469489221459D-03  0.22891340469309D-02  0.44351433425924D-03
  -.41001022133003D-06  -.19994626887510D-06  -.35122939884280D-06
  -.13691925015991D-06  -.43436806063113D-06  0.10573420083926D-07
  -.31321796384720D-03  -.22892881982894D-02  -.28559189922639D-03
  0.81977226162877D-06  0.87132586890082D-06  -.51060272499015D-06
  cycle =     11 MP2 energy =     -229.8410925140 |dE/dxyz| =  0.004709
    0.78896998543310      0.01698776451471     -4.72276975066133      h
   -0.36958419863157     -0.22969743698355     -3.33939240239469      o
    0.96582516358046      0.23917251733353     -1.05281813059095      c
    1.97578135670624      2.04229464732340     -1.11418925680189      h
    2.33378873739085     -1.26334454028055     -0.66233948464411      h
   -0.96582447086049      0.23917295971389      1.05281796418866      c
   -1.97578275680782      2.04229421003422      1.11418757156664      h
   -2.33378648656516     -1.26334550898122      0.66233966980905      h
    0.36958375989385     -0.22969714868378      3.33939265811629      o
   -0.78897212669486      0.01698467086675      4.72276917456950      h
  -.66476010562866D-06  0.37459846269350D-06  0.51170357018293D-06
  0.31307166605288D-03  -.22887690923543D-02  0.28557514084415D-03
  -.48472940237820D-03  0.22887782909287D-02  -.44352689723984D-03
  0.23435543594630D-06  -.13806857923626D-06  0.27309552119714D-06
  0.27995838136619D-06  -.30970469566682D-06  0.58309112094257D-07
  0.48481052298222D-03  0.22889997986972D-02  0.44357307823925D-03
  -.35308632106990D-06  -.11156533696877D-06  -.31517483628507D-06
  -.19312669063964D-06  -.33577293701015D-06  -.82876458473713D-08
  -.31310416983743D-03  -.22888335453470D-02  -.28561531731963D-03
  0.64804278787634D-06  0.34516384528338D-06  -.52565055641551D-06
  cycle =     12 MP2 energy =     -229.8410925185 |dE/dxyz| =  0.004707
    0.78898444856104      0.01690642756948     -4.72276582206485      h
   -0.36959322489169     -0.22967785676978     -3.33938856169749      o
    0.96582356427463      0.23919169173685     -1.05281989067170      c
    1.97577510781692      2.04231629775249     -1.11419580779781      h
    2.33378958171367     -1.26332271714380     -0.66234497192612      h
   -0.96582361266374      0.23919093333791      1.05281964187458      c
   -1.97577658214710      2.04231474156259      1.11419591772340      h
   -2.33378854732400     -1.26332428070163      0.66234375239014      h
    0.36959272018613     -0.22967981867785      3.33938825568857      o
   -0.78898449208125      0.01690671619113      4.72276549963846      h
  0.93589488159296D-07  -.10864586688641D-05  0.92054436073852D-07
  0.31229469219607D-03  -.22872001933445D-02  0.28663104322213D-03
  -.48404957992743D-03  0.22883874536308D-02  -.44366021013911D-03
  0.52754984380954D-07  -.79313339895748D-07  0.12392231246716D-06
  0.18353549480210D-06  -.39283723385353D-07  -.12846794134047D-06
  0.48407948878948D-03  0.22885178782992D-02  0.44370573701252D-03
  -.93218738950185D-07  -.86753216610447D-07  -.13806992921195D-06
  -.16469363472993D-06  -.63182805210005D-07  0.12758943346292D-06
  -.31231837583867D-03  -.22873318402601D-02  -.28666374640096D-03
  -.78192876173944D-07  -.10182039537066D-05  -.89852529416845D-07
  cycle =     13 MP2 energy =     -229.8410925222 |dE/dxyz| =  0.004709
    0.78897499692985      0.01696072018276     -4.72276757152802      h
   -0.36958687832035     -0.22969221673560     -3.33938911830475      o
    0.96582568521893      0.23917802567063     -1.05281820902067      c
    1.97577682577733      2.04230292471588     -1.11419330822036      h
    2.33379092286982     -1.26333600649138     -0.66234004569259      h
   -0.96582552405541      0.23917764177894      1.05281793538221      c
   -1.97577797775880      2.04230180959094      1.11419256941493      h
   -2.33378975556378     -1.26333732076763      0.66233954063280      h
    0.36958664916003     -0.22969239999268      3.33938905952616      o
   -0.78897598081302      0.01695895690556      4.72276716096746      h
  -.24434831802367D-06  0.76251125097349D-06  0.14112868207405D-07
  0.31272911776448D-03  -.22889000043027D-02  0.28675595591832D-03
  -.48389528726123D-03  0.22881423014776D-02  -.44359070085676D-03
  0.83069043199657D-07  -.21273364403385D-07  0.26353418725034D-07
  0.10311294040832D-06  0.58616618225926D-08  -.20648806442480D-07
  0.48392350870063D-03  0.22882333996406D-02  0.44361078014118D-03
  -.99583870927233D-07  -.41290955099527D-07  -.67183374530266D-07
  -.97610630689360D-07  -.16425513393870D-07  0.30838653519716D-07
  -.31273412312594D-03  -.22888975810695D-02  -.28674054201261D-03
  0.23214498545698D-06  0.73260392707830D-06  -.18963733694477D-07
$end
