$hessapprox internal
  0.311527805294D-01 -0.572817889284D-03  0.612464921626D+00  0.107926519042D-02
  0.577939363762D-03  0.372101947220D+00 -0.332733445496D-03 -0.137659263756D-03
  0.261057532674D-05  0.426187439176D+00  0.840297173465D-03  0.230410884264D-02
 -0.322255086641D-03  0.745464833690D-04  0.423535206723D+00  0.751006616838D-04
 -0.141624927276D-02  0.232926670622D-03 -0.567796784832D-04  0.869183415138D-03
  0.346520898837D+00  0.368490077446D-03 -0.342115273802D-02  0.573687389742D-03
 -0.140624775947D-03  0.210510443460D-02 -0.126282316701D-02  0.344840061568D+00
  0.164197937131D-02  0.163957097812D-02 -0.167812533792D-03  0.337065696022D-04
 -0.955710208068D-03  0.636421556826D-03  0.155285635218D-02  0.321006385637D+00
 -0.247641212480D-02 -0.170188142503D-02  0.128713144479D-03 -0.206865164533D-04
  0.969467232024D-03 -0.673861704321D-03 -0.165246367690D-02  0.552266222565D-03
  0.345691087453D+00 -0.306732523578D-03  0.285249154923D-03 -0.640914096221D-04
  0.168377858971D-04 -0.183586384618D-03  0.100553515683D-03  0.239015054169D-03
 -0.152326701200D-03  0.174154241334D-03  0.426172290681D+00  0.943293779368D-03
  0.206779481659D-02 -0.278060240871D-03  0.633965053745D-04 -0.123827721105D-02
  0.783285872608D-03  0.189914749867D-02 -0.842027294638D-03  0.845104924710D-03
 -0.168687485840D-03  0.423817028638D+00  0.153898958402D-04 -0.137141262157D-02
  0.222175261858D-03 -0.539200705376D-04  0.839990514914D-03 -0.508490356911D-03
 -0.122585829621D-02  0.611526278318D-03 -0.644972196917D-03  0.985611831794D-04
  0.756340144001D-03  0.346551848824D+00 -0.997946273408D-03 -0.511451117108D-02
  0.766409221717D-03 -0.181539074043D-03  0.310179503713D-02 -0.191446805237D-02
 -0.462717306851D-02  0.219323202207D-02 -0.226626010751D-02  0.389495662400D-03
  0.278113897016D-02 -0.185309175666D-02  0.340983998824D+00  0.168222695042D-02
  0.169313369894D-02 -0.174083729523D-03  0.350558269754D-04 -0.987323514964D-03
  0.656982715596D-03  0.160288198531D-02 -0.614129338362D-03  0.572073228305D-03
 -0.157024773881D-03 -0.870037044496D-03  0.631327020696D-03  0.226506125757D-02
  0.320964673123D+00 -0.239777507365D-02 -0.197565741298D-02  0.177517324882D-03
 -0.328503709904D-04  0.113936358852D-02 -0.774074737244D-03 -0.189320946260D-02
  0.680602099560D-03 -0.610224014048D-03  0.192260259382D-03  0.998924506772D-03
 -0.742421182789D-03 -0.263720448055D-02  0.704506229293D-03  0.345394741633D+00
  0.156788245333D-01 -0.504080278218D-03  0.100490112711D-02 -0.310147624200D-03
  0.766823972723D-03  0.821602626612D-04  0.373495188864D-03  0.152245640526D-02
 -0.230262463012D-02 -0.289373681977D-03  0.865172170290D-03  0.259185063981D-04
 -0.890712561906D-03  0.155966194020D-02 -0.222675244695D-02  0.290730861133D-01
 -0.563784210766D-03 -0.380756023498D-02  0.581115582764D-03 -0.138467522515D-03
  0.231440508814D-02 -0.142217363182D-02 -0.343533601059D-02  0.164761123511D-02
 -0.171075492575D-02  0.286243077940D-03  0.207716436192D-02 -0.137718861002D-02
 -0.513677331732D-02  0.170142746637D-02 -0.198563232971D-02 -0.495490750696D-03
  0.612432091074D+00  0.106337978794D-02  0.439837527585D-03 -0.832593732031D-05
 -0.249623094380D-05 -0.238177255586D-03  0.181422163853D-03  0.449326217223D-03
 -0.107675146308D-03  0.660619392353D-04 -0.538040506902D-04 -0.202549645896D-03
  0.172284364412D-03  0.580035237940D-03 -0.111985690852D-03  0.104928717905D-03
  0.991198861624D-03  0.442420185195D-03  0.372139633047D+00 -0.435971275595D-03
  0.269931679766D-02 -0.461198770668D-03  0.113644293536D-03 -0.166518877068D-02
  0.993884382949D-03  0.239149577692D-02 -0.123724054306D-02  0.132294674669D-02
 -0.185567720803D-03 -0.150388331667D-02  0.965292195905D-03  0.365281849982D-02
 -0.127698847899D-02  0.151186214989D-02 -0.430566921814D-03  0.271040824878D-02
 -0.363119769329D-03  0.493753235810D+00 -0.163692150927D-02  0.356576190886D-02
 -0.671736908227D-03  0.169776670459D-03 -0.223070219551D-02  0.129469374718D-02
  0.310334789162D-02 -0.172222620579D-02  0.188742494338D-02 -0.223090653072D-03
 -0.202635901672D-02  0.126111288565D-02  0.483951313053D-02 -0.177675867551D-02
  0.212941869116D-02 -0.156144878901D-02  0.357968837277D-02 -0.542489663106D-03
 -0.242980243922D-02  0.380353154392D+00 -0.542577316109D-03  0.240535590877D-02
 -0.420049745107D-03  0.104122451085D-03 -0.148834981944D-02  0.883003251950D-03
  0.212295565204D-02 -0.111526023986D-02  0.119918190807D-02 -0.162158021820D-03
 -0.134587998837D-02  0.858133160005D-03  0.325707985345D-02 -0.115097376750D-02
  0.136642601240D-02 -0.527837811761D-03  0.241513416303D-02 -0.332697313866D-03
 -0.166721522288D-02 -0.214528438298D-02  0.494155675235D+00 -0.189634886856D-02
  0.383690540560D-02 -0.730765919224D-03  0.185186516525D-03 -0.240427091492D-02
  0.139082656141D-02  0.333223330814D-02 -0.186435946438D-02  0.204873186988D-02
 -0.237251049193D-03 -0.218550088888D-02  0.135522500603D-02  0.520931836820D-02
 -0.192329632058D-02  0.230816530468D-02 -0.180644547977D-02  0.385179860839D-02
 -0.591730522775D-03 -0.260780415125D-02 -0.328886457649D-02 -0.230115269983D-02
  0.379906721959D+00 -0.143846846846D-02 -0.203403227408D-02  0.243444294055D-03
 -0.529034962747D-04  0.120313640680D-02 -0.779261642216D-03 -0.189498406056D-02
  0.786004928722D-03 -0.764017653144D-03  0.176540127373D-03  0.106703281706D-02
 -0.750740036821D-03 -0.272890154682D-02  0.812582407815D-03 -0.918964192737D-03
 -0.132873904378D-02 -0.204359781301D-02  0.169015603900D-03  0.150491287667D-02
  0.205923997332D-02  0.135137502651D-02  0.222489142719D-02  0.397961632590D+00
  0.000000000000D+00  0.000000000000D+00  0.000000000000D+00  0.000000000000D+00
  0.000000000000D+00  0.000000000000D+00  0.000000000000D+00  0.000000000000D+00
  0.000000000000D+00  0.000000000000D+00  0.000000000000D+00  0.000000000000D+00
  0.000000000000D+00  0.000000000000D+00  0.000000000000D+00  0.000000000000D+00
  0.000000000000D+00  0.000000000000D+00  0.000000000000D+00  0.000000000000D+00
  0.000000000000D+00  0.000000000000D+00  0.000000000000D+00  0.000000000000D+00
$end
