$coord
    0.04584869923603     -1.08275723567431     -4.24479421878596  h
   -0.14450959763446     -1.17890226094239     -2.43833723479382  o
    0.22598051867318      1.27843626716685     -1.43396844851534  c
   -1.04732927307381      2.66990181952967     -2.29451804231510  h
    2.17209343506913      1.89130769552288     -1.81426989836952  h
   -0.22598047845194      1.27843626338005      1.43396845711605  c
    1.04732931673136      2.66990181412658      2.29451804185827  h
   -2.17209339172198      1.89130769300823      1.81426992540158  h
    0.14450963901432     -1.17890226770396      2.43833724296023  o
   -0.04584765536374     -1.08275705309386      4.24479432285660  h
$user-defined bonds
$intdef
# definitions of internal coordinates
   1 f  1.0000000000000 tors    2    3    6    9 val=  24.00000
$redundant
     number_of_atoms            10
     degrees_of_freedom         24
     internal_coordinates       25
     frozen_coordinates          1
# definitions of redundant internals
   1 k  1.0000000000000 tors   1    2    3    6 val= 176.31677
   2 k  1.0000000000000 stre   2    1           val=   1.81900
   3 k  1.0000000000000 bend   3    1    2      val= 108.01117
   4 k  1.0000000000000 stre   3    4           val=   2.07317
   5 k  1.0000000000000 stre   3    5           val=   2.07547
   6 k  0.0762750156552 bend   5    4    3      val=   0.86202
       -0.5268029036190 bend   2    4    3
       -0.4897303511641 bend   2    5    3
        0.4822992238140 bend   6    4    3
        0.4941785756004 bend   6    5    3
   7 k  0.0134814675736 bend   5    4    3      val=   0.38806
       -0.5328480067757 bend   2    4    3
        0.5612764770743 bend   2    5    3
       -0.4599899973671 bend   6    4    3
        0.4350507675118 bend   6    5    3
   8 k  0.8948267658515 bend   5    4    3      val=   0.03765
       -0.1666337904718 bend   2    4    3
       -0.1958057687432 bend   2    5    3
       -0.2609505581609 bend   6    4    3
       -0.2551139865062 bend   6    5    3
   9 k -0.0113184757691 bend   5    4    3      val=   1.49221
        0.4477661135004 bend   2    4    3
       -0.4470260131701 bend   2    5    3
       -0.5357964082629 bend   6    4    3
        0.5589877924864 bend   6    5    3
  10 k  1.0000000000000 stre   6    7           val=   2.07317
  11 k  1.0000000000000 stre   6    8           val=   2.07547
  12 k  0.0762750104364 bend   8    7    6      val=   0.86202
       -0.5268029073661 bend   9    7    6
       -0.4897303467077 bend   9    8    6
        0.4822992180431 bend   3    7    6
        0.4941785824600 bend   3    8    6
  13 k  0.0134814630246 bend   8    7    6      val=   0.38805
       -0.5328480009973 bend   9    7    6
        0.5612764794914 bend   9    8    6
       -0.4599900048487 bend   3    7    6
        0.4350507637010 bend   3    8    6
  14 k  0.8948267664542 bend   8    7    6      val=   0.03765
       -0.1666337910860 bend   9    7    6
       -0.1958057727671 bend   9    8    6
       -0.2609505604454 bend   3    7    6
       -0.2551139785659 bend   3    8    6
  15 k -0.0113184816420 bend   8    7    6      val=   1.49221
        0.4477661191625 bend   9    7    6
       -0.4470260111888 bend   9    8    6
       -0.5357964055405 bend   3    7    6
        0.5589877920259 bend   3    8    6
  16 k  1.0000000000000 tors  10    9    6    3 val= 176.31674
  17 k  1.0000000000000 stre   9   10           val=   1.81900
  18 k  1.0000000000000 bend   6   10    9      val= 108.01117
  19 k  1.0000000000000 tors   2    3    6    9 val=  24.00000
  20 k  1.0000000000000 stre   3    2           val=   2.68040
  21 k  1.0000000000000 bend   6    2    3      val= 110.40317
  22 k  1.0000000000000 stre   6    9           val=   2.68040
  23 k  1.0000000000000 bend   3    9    6      val= 110.40317
  24 k  1.0000000000000 stre   3    6           val=   2.90333
  25 f  1.0000000000000 tors   2    3    6    9 val=  24.00000
        24 non zero eigenvalues  of BmBt
           1           4.613088260    1    0
         1
           2           3.795591840    2    0
         2
           3           3.734655337    3    0
         3
           4           3.074126641    4    0
         4
           5           2.656602721    5    0
         5
           6           2.474036561    6    0
         6
           7           2.100597596    7    0
         7
           8           1.743580058    8    0
         8
           9           1.232975645    9    0
         9
          10           1.218380006   10    0
        10
          11           1.044872055   11    0
        11
          12           0.840424244   12    0
        12
          13           0.761006581   13    0
        13
          14           0.725512033   14    0
        14
          15           0.680201393   15    0
        15
          16           0.392748446   16    0
        16
          17           0.348405247   17    0
        17
          18           0.297672987   18    0
        18
          19           0.264010863   20    0
        20
          20           0.246748978   21    0
        21
          21           0.181571528   22    0
        22
          22           0.066538693   23    0
        23
          23           0.055049118   24    0
        24
          24           0.000000000    0    1
         0.000000000         0.000000000         0.000000000         0.000000000
         0.000000000         0.000000000         0.000000000         0.000000000
         0.000000000         0.000000000         0.000000000         0.000000000
         0.000000000         0.000000000         0.000000000         0.000000000
         0.000000000         0.000000000         0.000000000         0.000000000
         0.000000000         0.000000000         0.000000000         0.000000000
         1.000000000
$end
