$energy      SCF               SCFKIN            SCFPOT
     1 -230.2139955112      229.3281044181     -459.5420999294
     2 -230.2159054923      229.2609300027     -459.4768354949
     3 -230.2160872700      229.2794619618     -459.4955492318
     4 -230.2161136423      229.2860139067     -459.5021275490
     5 -230.2161158499      229.2826913474     -459.4988071973
     6 -230.2161160059      229.2836462415     -459.4997622474
     7 -230.2161160546      229.2832929146     -459.4994089691
     8 -230.2161160613      229.2834383947     -459.4995544560
     9 -230.2161160719      229.2834424856     -459.4995585575
    10 -230.2161160721      229.2834558750     -459.4995719471
    11 -230.2161160722      229.2834429762     -459.4995590484
    12 -230.2161160721      229.2834445246     -459.4995605968
    13 -230.2161160722      229.2834487658     -459.4995648380
    14 -230.2161160722      229.2834459754     -459.4995620476
$end
