$grad          cartesian gradients
  cycle =      1    SCF energy =     -230.2139955112   |dE/dxyz| =  0.019937
    0.12582047861696     -1.25096778799692     -4.07855938383663      h
   -0.16182994573434     -1.19933724344276     -2.28430838656776      o
    0.23512903456907      1.31659925400417     -1.41235980625694      c
   -1.06611564249422      2.64837323662249     -2.32079621948456      h
    2.17254154096760      1.95063680770119     -1.78188699072332      h
   -0.23512927269505      1.31660244630020      1.41235588266494      c
    1.06609231950322      2.64839673154361      2.32080034916824      h
   -2.17255110990911      1.95061715917483      1.78186171565170      h
    0.16186176409095     -1.19932445151610      2.28431737258723      o
   -0.12628979850421     -1.25105594891038      4.07848464931958      h
  -.15484886056325D-03  -.15874582803717D-02  0.10585681046400D-02
  0.21200894964780D-02  -.50522385661669D-02  0.77778469737697D-02
  -.40358177190220D-02  0.52994014894367D-02  0.65221308840807D-02
  -.11447060787575D-02  -.10344309699098D-02  0.83987954604402D-03
  -.88259878187331D-03  0.23748973708908D-02  0.28557782126818D-02
  0.40351456031892D-02  0.52996590972107D-02  -.65220552620273D-02
  0.11448462798797D-02  -.10343340171748D-02  -.83944459898510D-03
  0.88298482590788D-03  0.23750970378429D-02  -.28562198698274D-02
  -.21191176493551D-02  -.50527337243795D-02  -.77778869946446D-02
  0.15402251858994D-03  -.15872906827081D-02  -.10586004111505D-02
  cycle =      2    SCF energy =     -230.2159054923   |dE/dxyz| =  0.016612
    0.10687138689100     -1.09641307761912     -4.28220287066603      h
   -0.12881463456970     -1.19906556870098     -2.48090716614041      o
    0.23093591012495      1.24992172115294     -1.43806476666629      c
   -1.03978859080796      2.62857609347588     -2.32110975992138      h
    2.17091639230860      1.88229205117501     -1.80503220434209      h
   -0.23097158799640      1.24991906248271      1.43805536834582      c
    1.03976012177157      2.62855854620325      2.32111637594555      h
   -2.17094835636818      1.88230427458032      1.80501012968412      h
    0.12875515850197     -1.19907462549628      2.48088966928883      o
   -0.10718643144499     -1.09647827377340      4.28215440699435      h
  -.81709160805830D-04  -.90127297239399D-03  -.63037222719803D-03
  0.50744846010462D-02  -.94178486821530D-03  -.23667923842902D-02
  -.96706447538364D-02  0.22646718125443D-02  -.47495561768505D-03
  0.42996907335949D-03  -.96416370197108D-03  -.18518124441113D-02
  -.89269134558828D-03  0.54082372142683D-03  0.10826070471109D-03
  0.96703798373086D-02  0.22647400579497D-02  0.47485554669800D-03
  -.42992851638588D-03  -.96417195571597D-03  0.18522506020247D-02
  0.89293414771400D-03  0.54084197605813D-03  -.10872302665835D-03
  -.50741836627338D-02  -.94156243517046D-03  0.23672315209216D-02
  0.81388971547044D-04  -.90146118074293D-03  0.63005701528776D-03
  cycle =      3    SCF energy =     -230.2160872700   |dE/dxyz| =  0.016089
    0.10166239343154     -1.10908775971555     -4.24899009117978      h
   -0.13020829493611     -1.19931042646646     -2.44726699527282      o
    0.23360311473057      1.25704627015157     -1.43352387272725      c
   -1.03689326229824      2.63866017553051     -2.31284557733465      h
    2.17873574802352      1.87800233671536     -1.80067358254389      h
   -0.23364851888807      1.25704272462608      1.43351391135359      c
    1.03686572817974      2.63863185708895      2.31285077571330      h
   -2.17877326012808      1.87802606261155      1.80065608539564      h
    0.13012377432237     -1.19932446001237      2.44724406795343      o
   -0.10193805402637     -1.10914657704933      4.24894446116490      h
  -.30725122065334D-04  -.35706973982604D-03  -.25945351181151D-04
  0.54466751608475D-02  -.10128612259468D-02  -.14653491975697D-03
  -.96882135332725D-02  0.16898913894775D-02  -.78838894100978D-03
  0.93938273894109D-04  -.59341154317174D-03  -.82844890058998D-03
  -.32654091883575D-03  0.27123800826980D-03  0.17264586888441D-03
  0.96880672257101D-02  0.16898525655931D-02  0.78837546969428D-03
  -.93911669961573D-04  -.59346138448445D-03  0.82874086105309D-03
  0.32662806442576D-03  0.27127377678364D-03  -.17296620559754D-03
  -.54463836844133D-02  -.10125956285668D-02  0.14670889149752D-03
  0.30465345551718D-04  -.35718742521775D-03  0.25812874734906D-04
  cycle =      4    SCF energy =     -230.2161136423   |dE/dxyz| =  0.016900
    0.09295362769349     -1.10978653547132     -4.23745530006248      h
   -0.12764338801558     -1.20047148077928     -2.43427383715521      o
    0.23645884532841      1.25810700850029     -1.43171460680162      c
   -1.03024284210839      2.64784832458051     -2.30474455928176      h
    2.18598205441472      1.86961287600357     -1.79756073605038      h
   -0.23652165076706      1.25810162982848      1.43170343432779      c
    1.03021605504257      2.64780128390304      2.30474828792654      h
   -2.18602940556761      1.86965640421601      1.79754989612470      h
    0.12751382641857     -1.20049483045420      2.43424154477687      o
   -0.09315775402826     -1.10983447684680      4.23741505871802      h
  0.27505421084898D-04  0.53487418591291D-04  0.84881592245447D-04
  0.59678518133661D-02  -.12226139169928D-02  0.12488108940199D-02
  -.10013828154319D-01  0.12578517687300D-02  -.15010241929547D-02
  -.30168391407301D-04  -.73053396619784D-04  -.70860073431697D-04
  0.76560319833961D-04  -.17885901826564D-04  0.30073479264618D-04
  0.10013839470294D-01  0.12576100042459D-02  0.15011001688728D-02
  0.30191110084222D-04  -.73080089530712D-04  0.70980477909175D-04
  -.76586526896343D-04  -.17868806733419D-04  -.30214990706557D-04
  -.59677434867514D-02  -.12223162571153D-02  -.12488466328416D-02
  -.27622419359528D-04  0.53456756743959D-04  -.84901185847490D-04
  cycle =      5    SCF energy =     -230.2161158499   |dE/dxyz| =  0.016976
    0.08909901227398     -1.10552469652190     -4.24433864972979      h
   -0.12468756200840     -1.20126767865058     -2.44042387918331      o
    0.23753399537070      1.25588194100062     -1.43220126740543      c
   -1.02807325886811      2.64788088184271     -2.30328156818256      h
    2.18691191306105      1.86833994857135     -1.79644433682469      h
   -0.23760402762954      1.25587565821840      1.43218939708025      c
    1.02804653473945      2.64782624398087      2.30328437180199      h
   -2.18696304736406      1.86839147337401      1.79643628697873      h
    0.12453980831801     -1.20129499677101      2.44038821446564      o
   -0.08927399948223     -1.10556857156416      4.24430061352164      h
  0.19249381048003D-04  0.21535543804827D-04  -.24435746520178D-04
  0.60328573428616D-02  -.13537170789573D-02  0.97673248022724D-03
  -.10018600051736D-01  0.13246096503841D-02  -.16663939555972D-02
  0.19096139326323D-04  0.14929272759834D-04  -.24222908758952D-04
  0.21438305391147D-04  -.94011083790116D-05  -.16311768185386D-04
  0.10018629686654D-01  0.13242758542399D-02  0.16664342868496D-02
  -.19085229598531D-04  0.14921122540009D-04  0.24265481951587D-04
  -.21448194221232D-04  -.93907535073814D-05  0.16245416304281D-04
  -.60328430041845D-02  -.13534761117366D-02  -.97674285698021D-03
  -.19295216216998D-04  0.21520956612899D-04  0.24428810554554D-04
  cycle =      6    SCF energy =     -230.2161160059   |dE/dxyz| =  0.016828
    0.08703530691729     -1.10597553517115     -4.24338395272190      h
   -0.12362440428858     -1.20133764132066     -2.43914217009257      o
    0.23829977863721      1.25611082401140     -1.43189742184180      c
   -1.02751532084961      2.64761751652282     -2.30339293421109      h
    2.18764250136939      1.86889510575277     -1.79536021123146      h
   -0.23837243230051      1.25610432231759      1.43188533038414      c
    1.02748862263136      2.64756016657708      2.30339543164232      h
   -2.18769497874371      1.86894961867825      1.79535335344702      h
    0.12347002461856     -1.20136626960393      2.43910521846763      o
   -0.08719972958054     -1.10601790428386      4.24334653868018      h
  0.95415614631801D-05  0.13418246802853D-04  0.76683458682347D-05
  0.60164361915965D-02  -.13239853072926D-02  0.10299323610132D-02
  -.99083475263359D-02  0.13060666982602D-02  -.16405446259024D-02
  -.10654867600437D-05  0.23924346795803D-05  0.11735878278030D-04
  0.70522405835647D-06  0.86799842876655D-07  0.49983721624171D-05
  0.99083819351020D-02  0.13057203053434D-02  0.16405781576868D-02
  0.10702267051399D-05  0.23892845120539D-05  -.11716699371653D-04
  -.70601322879150D-06  0.90369777329378D-07  -.50295313080246D-05
  -.60164556102788D-02  -.13237524968415D-02  -.10299479315642D-02
  -.95613416829617D-05  0.13414052175995D-04  -.76751404788159D-05
  cycle =      7    SCF energy =     -230.2161160546   |dE/dxyz| =  0.016813
    0.08505348984476     -1.10522890537012     -4.24446564635337      h
   -0.12254915594695     -1.20141347321301     -2.43990239940571      o
    0.23885311419976      1.25581036095594     -1.43192777649630      c
   -1.02665974968792      2.64737702202575     -2.30378031967661      h
    2.18826276220132      1.86876523831537     -1.79466081341751      h
   -0.23892786578295      1.25580365469403      1.43191547261584      c
    1.02663307162896      2.64731750831747      2.30378251857171      h
   -2.18831633320790      1.86882212046250      1.79465489285498      h
    0.12238951167333     -1.20144318120982      2.43986448432120      o
   -0.08520947651153     -1.10527014149780      4.24442876950824      h
  0.24115883110373D-05  -.17179375992760D-05  -.51198566441981D-05
  0.60254628448320D-02  -.12987450329677D-02  0.99119100045138D-03
  -.98953075198135D-02  0.12952731281100D-02  -.16641105176432D-02
  -.10089341557125D-06  0.33344281025850D-05  -.11441402021158D-05
  -.75895377048513D-05  -.12353543577525D-06  -.11566145657763D-05
  0.98953509511623D-02  0.12949077515690D-02  0.16641258854452D-02
  0.10102428158749D-06  0.33353155287575D-05  0.11424952841148D-05
  0.75897887317004D-05  -.12220427988998D-06  0.11554662405063D-05
  -.60255075420391D-02  -.12985273053561D-02  -.99120521484879D-03
  -.24115475281305D-05  -.17159617049316D-05  0.51206126734558D-05
  cycle =      9    SCF energy =     -230.2161160719   |dE/dxyz| =  0.016818
    0.04596168508323     -1.08279718895997     -4.24479688859328      h
   -0.14453084329250     -1.17889094036943     -2.43835155339076      o
    0.22596598435443      1.27842808782403     -1.43398303017070      c
   -1.04738580467421      2.66989892610456     -2.29448136465725      h
    2.17205924725408      1.89133127936136     -1.81430240544346      h
   -0.22596599160307      1.27842809085963      1.43398300623115      c
    1.04738587872652      2.66989888786926      2.29448127047528      h
   -2.17205921042644      1.89133138236475      1.81430247515875      h
    0.14453074114583     -1.17889096246192      2.43835156212238      o
   -0.04596008822392     -1.08279682686147      4.24479705973184      h
  0.90483673940474D-06  -.17082040244983D-05  -.42806958428253D-07
  0.60352274616026D-02  -.12941233664968D-02  0.95136514811029D-03
  -.99136571540178D-02  0.12928704064906D-02  -.15690858725609D-02
  -.15703257156925D-05  0.88699630654960D-06  0.43839859131492D-06
  -.11872241703171D-05  -.34826485353123D-06  0.88219116895295D-06
  0.99136568674722D-02  0.12928697807528D-02  0.15690832243307D-02
  0.15700867769068D-05  0.88850686618625D-06  -.44072853654398D-06
  0.11871302329319D-05  -.34776749771521D-06  -.87942184003583D-06
  -.60352292144945D-02  -.12941306128860D-02  -.95136442501635D-03
  -.90246504974410D-06  -.17063506202663D-05  0.44286952440037D-07
  cycle =     10    SCF energy =     -230.2161160721   |dE/dxyz| =  0.016823
    0.04591462283813     -1.08278623996940     -4.24479066126966      h
   -0.14452134080976     -1.17889706801126     -2.43834026815283      o
    0.22597284921947      1.27843148728180     -1.43397528203632      c
   -1.04735547736051      2.66990327124971     -2.29449604610640      h
    2.17207765839200      1.89131870535737     -1.81428049198949      h
   -0.22597277590184      1.27843150477034      1.43397526725469      c
    1.04735555123924      2.66990331911056      2.29449596514551      h
   -2.17207757979008      1.89131871743705      1.81428053297073      h
    0.14452144056770     -1.17889703593553      2.43834030617892      o
   -0.04591335005039     -1.08278592555982      4.24479080946881      h
  0.71503422087502D-06  -.12878380656497D-05  -.11047227925355D-06
  0.60356684748086D-02  -.12963484988710D-02  0.95164482189507D-03
  -.99174965676988D-02  0.12950946968533D-02  -.15664415523074D-02
  -.40610096603775D-06  0.34932735704700D-06  0.41072539610519D-06
  -.19028559864765D-06  -.23111095855717D-06  0.10358340690489D-05
  0.99174977433314D-02  0.12950959532821D-02  0.15664406299671D-02
  0.40506865183155D-06  0.34970771548186D-06  -.41242523897539D-06
  0.18974376034527D-06  -.23162696466776D-06  -.10336806558760D-05
  -.60356676076830D-02  -.12963515757162D-02  -.95164474652939D-03
  -.71550225112219D-06  -.12869553446345D-05  0.11086517124582D-06
  cycle =     12    SCF energy =     -230.2161160721   |dE/dxyz| =  0.016826
    0.04588254483710     -1.08276944716212     -4.24478971671176      h
   -0.14452587238479     -1.17889875653943     -2.43833759043706      o
    0.22597063938472      1.27843728157960     -1.43397076785689      c
   -1.04734338190832      2.66990665377143     -2.29450690432408      h
    2.17208177276521      1.89131054903762     -1.81428101314373      h
   -0.22597064361900      1.27843727408524      1.43397077557794      c
    1.04734342532490      2.66990659964955      2.29450691057958      h
   -2.17208175374825      1.89131059796084      1.81428105280108      h
    0.14452579396992     -1.17889878588451      2.43833757485856      o
   -0.04588131214341     -1.08276923117847      4.24478982606935      h
  0.98064276126419D-06  -.83942308149320D-06  0.26820988485635D-06
  0.60354944246360D-02  -.12982962244733D-02  0.95091635916469D-03
  -.99203180512097D-02  0.12974205851992D-02  -.15642368395479D-02
  0.59250374772770D-06  -.40218132072488D-06  0.23868284462429D-06
  0.46643609375440D-06  -.30674404938319D-06  0.59983473756608D-06
  0.99203181339737D-02  0.12974202776225D-02  0.15642380566186D-02
  -.59216165396012D-06  -.40187228368777D-06  -.23822134236563D-06
  -.46619846809622D-06  -.30693760258387D-06  -.59957151826185D-06
  -.60354971442189D-02  -.12982964653115D-02  -.95091801200300D-03
  -.97858711206954D-06  -.83845659936001D-06  -.26850064610721D-06
  cycle =     13    SCF energy =     -230.2161160722   |dE/dxyz| =  0.016826
    0.04585435628138     -1.08275926957247     -4.24479503878280      h
   -0.14451260985089     -1.17890128020444     -2.43833879962917      o
    0.22597842967709      1.27843555531150     -1.43396924167883      c
   -1.04733149718756      2.66990336201012     -2.29451524342027      h
    2.17209122443430      1.89130792499296     -1.81427069692406      h
   -0.22597836715839      1.27843554969314      1.43396924847665      c
    1.04733154175263      2.66990337869654      2.29451523096109      h
   -2.17209116703430      1.89130789198417      1.81427072776311      h
    0.14451271524239     -1.17890127780799      2.43833882089191      o
   -0.04585341367857     -1.08275909978379      4.24479513975537      h
  0.80532136362045D-06  -.65608114225907D-06  -.25022171927494D-07
  0.60356669537071D-02  -.12985286164191D-02  0.95114077960634D-03
  -.99200262469937D-02  0.12974298074572D-02  -.15638821617207D-02
  0.45877626649758D-06  -.31573378091644D-06  -.86750587988428D-07
  0.38765521996567D-06  -.35227875668477D-06  0.59817042338037D-06
  0.99200263605306D-02  0.12974295431714D-02  0.15638815200261D-02
  -.45930269561713D-06  -.31572452425808D-06  0.86144818403684D-07
  -.38784931195645D-06  -.35257697897283D-06  -.59762668146063D-06
  -.60356657998574D-02  -.12985290390099D-02  -.95114006211911D-03
  -.80586660800994D-06  -.65610917356459D-06  0.25006960799144D-07
$end
