$hessapprox internal
  0.149443985284D-01 -0.761174908716D-03  0.619853107775D+00 -0.370696296266D-02
  0.168072863258D-02  0.366992645538D+00 -0.112729840208D-02  0.113188920102D-02
  0.119125683933D-02  0.422902039204D+00 -0.452369504101D-03  0.973054484794D-04
 -0.134510743303D-02 -0.165436480725D-04  0.419490598675D+00  0.600423607068D-02
 -0.285055295262D-02  0.988960102661D-02 -0.212212968505D-02  0.209760708719D-02
  0.329552038159D+00  0.201203118001D-02 -0.131169824252D-02  0.149309825239D-02
 -0.124656179628D-02  0.477519483066D-03 -0.206706801629D-02  0.346266260171D+00
  0.287026125147D-03 -0.280526905690D-03 -0.264140781087D-03 -0.318127781878D-03
  0.906068502247D-05  0.476961169647D-03  0.296385443375D-03  0.319464539311D+00
  0.130135296175D-02 -0.117326565634D-02 -0.693821757501D-03 -0.129423462940D-02
  0.103436747875D-03  0.134758277750D-02  0.107361599275D-02  0.316149741493D-03
  0.343953298984D+00 -0.111915225519D-02  0.112533810128D-02  0.119096576540D-02
  0.128777637014D-02 -0.153945968249D-04 -0.212024895587D-02 -0.124201434791D-02
 -0.316452636167D-03 -0.128772337775D-02  0.422888253208D+00 -0.454289690576D-03
  0.988983041657D-04 -0.134479031307D-02 -0.148417466658D-04 -0.232545894356D-03
  0.209676176916D-02  0.476314296720D-03  0.864718829484D-05  0.101817042251D-03
 -0.137007828429D-04  0.419490119946D+00  0.600412579466D-02 -0.285114777319D-02
  0.988611350288D-02 -0.212306278488D-02  0.209715936175D-02 -0.149530244606D-01
 -0.206525711073D-02  0.477200324594D-03  0.134868733662D-02 -0.212117497856D-02
  0.209631238551D-02  0.329563282931D+00  0.199743589940D-02 -0.130032485496D-02
  0.149175997356D-02 -0.123472797538D-02  0.475230548799D-03 -0.206742920833D-02
  0.276730484321D-03  0.293523589206D-03  0.106258523406D-02 -0.123023393501D-02
  0.474038910928D-03 -0.206563105752D-02  0.346252048329D+00  0.289261861331D-03
 -0.281763329330D-03 -0.261352183812D-03 -0.319180821236D-03  0.973110430825D-05
  0.472837167505D-03  0.296095143189D-03  0.783070308399D-04  0.316956885779D-03
 -0.317503052257D-03  0.931684024834D-05  0.473078380103D-03  0.293229703928D-03
  0.319465027753D+00  0.128592890579D-02 -0.116315878410D-02 -0.705004608282D-03
 -0.128460122914D-02  0.998086926656D-04  0.136300312291D-02  0.107129868274D-02
  0.313857945302D-03  0.125298602172D-02 -0.127812540384D-02  0.981983591056D-04
  0.136409381036D-02  0.106032375226D-02  0.314667157267D-03  0.343936677684D+00
  0.165588989219D-04 -0.735368726389D-03 -0.368896604217D-02 -0.109858982643D-02
 -0.454208182157D-03  0.597028587110D-02  0.198731160340D-02  0.280003533381D-03
  0.127320447619D-02 -0.109059019057D-02 -0.456092012529D-03  0.597015199480D-02
  0.197296519596D-02  0.282220077895D-03  0.125797184630D-02  0.148891225918D-01
 -0.762538021450D-03  0.937372087344D-03  0.168302309342D-02  0.113370583342D-02
  0.973911528467D-04 -0.285450048255D-02 -0.131366357095D-02 -0.280975625069D-03
 -0.117512236058D-02  0.112714454092D-02  0.989864988251D-04 -0.285509639708D-02
 -0.130227257746D-02 -0.282213834015D-03 -0.116500032946D-02 -0.736690867389D-03
  0.619856182215D+00 -0.370664975166D-02  0.168272371709D-02 -0.649874180149D-02
  0.119436616432D-02 -0.134364252567D-02  0.987110619071D-02  0.148711751048D-02
 -0.264937125271D-03 -0.697492327386D-03  0.119405163084D-02 -0.134331990549D-02
  0.986761940047D-02  0.148582148519D-02 -0.262155308247D-03 -0.708629361662D-03
 -0.368857436014D-02  0.168502183595D-02  0.367015576624D+00  0.536714193774D-02
 -0.288192982194D-02  0.713491599859D-02 -0.239839603886D-02  0.166395169372D-02
 -0.106128211880D-01 -0.933174421478D-03  0.554237683512D-03  0.178714248742D-02
 -0.239304634094D-02  0.166233267961D-02 -0.106078638505D-01 -0.940080174100D-03
  0.551573625534D-03  0.179391708778D-02  0.532429837598D-02 -0.288606020370D-02
  0.711858674523D-02  0.497119276608D+00 -0.334888101190D-02  0.238930569112D-02
 -0.143246823347D-02  0.238434818119D-02 -0.664496165882D-03  0.173761814361D-02
 -0.103705247538D-02 -0.572255234336D-03 -0.214655990707D-02  0.237451472142D-02
 -0.661957254375D-03  0.173464633673D-02 -0.102108796435D-02 -0.572403145057D-03
 -0.213837597147D-02 -0.330002352022D-02  0.239294827312D-02 -0.142263911802D-02
  0.367155201366D-04  0.381317445981D+00  0.535554530780D-02 -0.287158026277D-02
  0.714055907056D-02 -0.238702154307D-02  0.166296314106D-02 -0.106239567094D-01
 -0.942452188817D-03  0.551460881306D-03  0.177608709423D-02 -0.238172870723D-02
  0.166135828723D-02 -0.106190092365D-01 -0.949261727452D-03  0.548789954263D-03
  0.178293361855D-02  0.531294862833D-02 -0.287569428948D-02  0.712426259071D-02
 -0.704520141378D-02  0.553639996060D-04  0.497089076275D+00 -0.337427357814D-02
  0.241034472139D-02 -0.142840188135D-02  0.240681672759D-02 -0.667686880321D-03
  0.172664548676D-02 -0.105292163077D-02 -0.577713777032D-03 -0.216793544356D-02
  0.239687659336D-02 -0.665121159900D-03  0.172365174650D-02 -0.103677844577D-02
 -0.577871758679D-03 -0.215962809471D-02 -0.332493624536D-02  0.241402019015D-02
 -0.141850001583D-02  0.154889688113D-04  0.269570408560D-02  0.343243164344D-04
  0.381384722386D+00 -0.331924364938D-02  0.192998829557D-02 -0.365805480059D-02
  0.170509935523D-02 -0.935665841431D-03  0.534294599064D-02  0.172501821335D-03
 -0.399339028378D-03 -0.136295983224D-02  0.170016791796D-02 -0.934282611992D-03
  0.533991051217D-02  0.179684913255D-03 -0.398143771713D-03 -0.136404843719D-02
 -0.328721937374D-02  0.193280888233D-02 -0.364804604421D-02  0.326080417519D-02
  0.648216164658D-03  0.327247024511D-02  0.666394945055D-03  0.363578835603D+00
  0.000000000000D+00  0.000000000000D+00  0.000000000000D+00  0.000000000000D+00
  0.000000000000D+00  0.000000000000D+00  0.000000000000D+00  0.000000000000D+00
  0.000000000000D+00  0.000000000000D+00  0.000000000000D+00  0.000000000000D+00
  0.000000000000D+00  0.000000000000D+00  0.000000000000D+00  0.000000000000D+00
  0.000000000000D+00  0.000000000000D+00  0.000000000000D+00  0.000000000000D+00
  0.000000000000D+00  0.000000000000D+00  0.000000000000D+00  0.000000000000D+00
$end
