$coord
    0.77883780468997     -0.91754623428367     -4.43582181996635  h
   -0.38709599683003     -0.71100689379210     -3.05047206908072  o
    0.82408184016844      0.79335594131042     -1.17272711917796  c
    1.08259731731380      2.72354136308256     -1.87287999125661  h
    2.67155685616164      0.02581900025248     -0.65316942324514  h
   -0.82408159919094      0.79335619086156      1.17272714932653  c
   -1.08259652863220      2.72354169120460      1.87288000287035  h
   -2.67155684069472      0.02581976929587      0.65316947591914  h
    0.38709580654168     -0.71100698965754      3.05047210312399  o
   -0.77883785873154     -0.91754557448657      4.43582207990903  h
$intdef
# definitions of internal coordinates
   1 f  1.0000000000000 tors    2    3    6    9 val= 108.00000
$user-defined bonds
$redundant
     number_of_atoms            10
     degrees_of_freedom         24
     internal_coordinates       25
     frozen_coordinates          1
# definitions of redundant internals
   1 k  1.0000000000000 tors   1    2    3    6 val= 188.60522
   2 k  1.0000000000000 stre   2    1           val=   1.82243
   3 k  1.0000000000000 bend   3    1    2      val= 107.79032
   4 k  1.0000000000000 stre   3    5           val=   2.06693
   5 k  1.0000000000000 stre   3    4           val=   2.06946
   6 k  0.0679734531005 bend   4    5    3      val=   0.74998
       -0.5236797175732 bend   2    5    3
       -0.4924221538924 bend   2    4    3
        0.4714892049500 bend   6    5    3
        0.5063176029407 bend   6    4    3
   7 k  0.0090441021645 bend   4    5    3      val=   0.33011
        0.5204300804310 bend   2    5    3
       -0.5530597992430 bend   2    4    3
        0.4756713398696 bend   6    5    3
       -0.4437706282378 bend   6    4    3
   8 k -0.8890473546225 bend   4    5    3      val=   1.52411
        0.1869029384266 bend   2    5    3
        0.1956867392335 bend   2    4    3
        0.2724739713710 bend   6    5    3
        0.2492523377217 bend   6    4    3
   9 k -0.0123925052414 bend   4    5    3      val=   1.77458
        0.4679662401058 bend   2    5    3
       -0.4520812955447 bend   2    4    3
       -0.5321593771887 bend   6    5    3
        0.5415560205777 bend   6    4    3
  10 k  1.0000000000000 stre   6    8           val=   2.06693
  11 k  1.0000000000000 stre   6    7           val=   2.06946
  12 k  0.0679734409333 bend   7    8    6      val=   0.74998
       -0.5236797130315 bend   9    8    6
       -0.4924221582011 bend   9    7    6
        0.4714892076369 bend   3    8    6
        0.5063176025791 bend   3    7    6
  13 k  0.0090441066181 bend   7    8    6      val=   0.33011
        0.5204300779061 bend   9    8    6
       -0.5530597925173 bend   9    7    6
        0.4756713411604 bend   3    8    6
       -0.4437706381065 bend   3    7    6
  14 k -0.8890473525853 bend   7    8    6      val=   1.52411
        0.1869029522938 bend   9    8    6
        0.1956867425903 bend   9    7    6
        0.2724739685452 bend   3    8    6
        0.2492523350434 bend   3    7    6
  15 k -0.0123925014289 bend   7    8    6      val=   1.77458
        0.4679662453528 bend   9    8    6
       -0.4520813014998 bend   9    7    6
       -0.5321593754072 bend   3    8    6
        0.5415560129103 bend   3    7    6
  16 k  1.0000000000000 tors  10    9    6    3 val= 188.60520
  17 k  1.0000000000000 stre   9   10           val=   1.82243
  18 k  1.0000000000000 bend   6   10    9      val= 107.79033
  19 k  1.0000000000000 tors   2    3    6    9 val= 108.00000
  20 k  1.0000000000000 stre   3    2           val=   2.69369
  21 k  1.0000000000000 bend   6    2    3      val= 108.16991
  22 k  1.0000000000000 stre   6    9           val=   2.69369
  23 k  1.0000000000000 bend   3    9    6      val= 108.16991
  24 k  1.0000000000000 stre   3    6           val=   2.86664
  25 f  1.0000000000000 tors   2    3    6    9 val= 108.00000
        24 non zero eigenvalues  of BmBt
           1           4.044932120    1    0
         1
           2           3.864204801    2    0
         2
           3           3.769446588    3    0
         3
           4           3.005918523    4    0
         4
           5           2.938673518    5    0
         5
           6           2.452741601    6    0
         6
           7           2.101088515    7    0
         7
           8           1.721616613    8    0
         8
           9           1.249450225    9    0
         9
          10           1.214588252   10    0
        10
          11           1.039883103   11    0
        11
          12           0.836145783   12    0
        12
          13           0.772297790   13    0
        13
          14           0.733068290   14    0
        14
          15           0.520389538   15    0
        15
          16           0.517258317   16    0
        16
          17           0.351571493   17    0
        17
          18           0.343610517   18    0
        18
          19           0.279626697   20    0
        20
          20           0.255227408   21    0
        21
          21           0.091534499   22    0
        22
          22           0.088502001   23    0
        23
          23           0.066981232   24    0
        24
          24           0.000000000    0    1
         0.000000000         0.000000000         0.000000000         0.000000000
         0.000000000         0.000000000         0.000000000         0.000000000
         0.000000000         0.000000000         0.000000000         0.000000000
         0.000000000         0.000000000         0.000000000         0.000000000
         0.000000000         0.000000000         0.000000000         0.000000000
         0.000000000         0.000000000         0.000000000         0.000000000
         1.000000000
$end
