$energy      SCF               SCFKIN            SCFPOT            MP2
     1 -229.0242190631      228.791966     -457.816186     -.8131537243519
     2 -229.0247667365      228.781220     -457.805986     -.8130856748089
     3 -229.0247830550      228.789705     -457.814488     -.8131883974508
     4 -229.0246861007      228.788045     -457.812731     -.8132957332549
     5 -229.0246525855      228.786279     -457.810931     -.8133301146194
     6 -229.0246466918      228.786185     -457.810831     -.8133361586508
     7 -229.0246466662      228.786188     -457.810835     -.8133362121681
     8 -229.0246466663      228.786186     -457.810833     -.8133362045297
     9 -229.0246465774      228.786182     -457.810828     -.8133362860493
    10 -229.0246463310      228.786180     -457.810826     -.8133365229279
    11 -229.0246463310      228.786180     -457.810826     -.8133365307773
    12 -229.0246463403      228.786177     -457.810823     -.8133365344270
    13 -229.0246462998      228.786177     -457.810823     -.8133365600992
$end
