$grad          cartesian gradients
  cycle =      1 MP2 energy =     -229.8373727875 |dE/dxyz| =  0.009841
    0.64841916337436     -0.75066782971999     -4.52150390642957      h
   -0.38124188693108     -0.72080851608030     -3.02363389858970      o
    0.83893235575857      0.79125300674087     -1.16018509899865      c
    1.09796664394851      2.73967603099582     -1.81492897143417      h
    2.69712295247784      0.02443085741233     -0.65895346354051      h
   -0.83913820770370      0.79103776445367      1.16017624829242      c
   -1.09871868805723      2.73937905696999      1.81490085785465      h
   -2.69712234378449      0.02368982723080      0.65892229960157      h
    0.38146649195159     -0.72062029654168      3.02366879807498      o
   -0.64877989099401     -0.75172114543397      4.52111469474221      h
  -.26388673830264D-02  -.28326422341490D-03  0.12133561939307D-02
  0.85544457384135D-03  -.13740944120588D-03  -.16065492500150D-03
  0.28494856343575D-02  -.75419984667313D-03  0.31831396003196D-02
  0.47129171560212D-03  0.15643148180060D-02  0.32258103272198D-02
  0.23442294343243D-02  -.38988950796459D-03  -.12689216920937D-02
  -.28464051934081D-02  -.74834061958429D-03  -.31811768488076D-02
  -.46980058202084D-03  0.15586824075116D-02  -.32262523855018D-02
  -.23496100505769D-02  -.39134331265789D-03  0.12664512037464D-02
  -.85248704571050D-03  -.13492650795932D-03  0.16071588167588D-03
  0.26367188963201D-02  -.28362381813352D-03  -.12124673558067D-02
  cycle =      2 MP2 energy =     -229.8378524113 |dE/dxyz| =  0.005394
    0.69860410889636     -0.80758758112087     -4.50208801133651      h
   -0.39546535234171     -0.69945265642975     -3.04928453714953      o
    0.82097530439986      0.80377098001301     -1.17719113477384      c
    1.07317685780678      2.74447979228390     -1.85334265378483      h
    2.67898815641248      0.04270634717758     -0.68556112130656      h
   -0.82125114879025      0.80350457455396      1.17716473767290      c
   -1.07395011395406      2.74410522627070      1.85343643207273      h
   -2.67906607138688      0.04199940686001      0.68546445413732      h
    0.39556923941352     -0.69950620042973      3.04918049201858      o
   -0.69867439041574     -0.80837113315128      4.50179890202297      h
  -.94730833167755D-03  -.36255268981966D-03  -.49972692661360D-03
  0.67536221361042D-03  0.12381167757782D-02  -.44360459540371D-03
  0.18193361345871D-02  -.16579718186116D-02  0.11157690946361D-02
  0.41631184596103D-03  0.60975121886608D-03  0.12842235424055D-02
  0.44252509726528D-03  0.17138777663184D-03  -.11691774776373D-02
  -.18194677458476D-02  -.16557020857957D-02  -.11146627847543D-02
  -.41635744516999D-03  0.60890900132504D-03  -.12832032205501D-02
  -.44290404402414D-03  0.17149568703800D-03  0.11677691630281D-02
  -.67387520629225D-03  0.12395131103213D-02  0.44326458718835D-03
  0.94637748166204D-03  -.36294700880479D-03  0.49934861656409D-03
  cycle =      3 MP2 energy =     -229.8379714525 |dE/dxyz| =  0.005219
    0.72504717482135     -0.86645109098456     -4.45895927404816      h
   -0.41512445382025     -0.68134645140318     -3.04881871707718      o
    0.81054816316209      0.81995491829030     -1.18254794698088      c
    1.05768632244591      2.75353430305086     -1.87808541762826      h
    2.66675981613216      0.05826433083334     -0.68877726634893      h
   -0.81085714187606      0.81964609980219      1.18250372321893      c
   -1.05846346812951      2.75309591462278      1.87824090109759      h
   -2.66688035577258      0.05756513013559      0.68863858854417      h
    0.41516003132634     -0.68155388288371      3.04863093360383      o
   -0.72496949824909     -0.86706051543608      4.45875203519213      h
  -.74158503706734D-05  -.12182438605779D-03  -.37473491491991D-03
  -.34113379662415D-03  0.22715531680326D-02  -.10836597325081D-03
  0.12723428008505D-02  -.23828132244850D-02  0.78274589226413D-03
  0.36881986229975D-04  0.45811442664245D-04  0.22557747264651D-03
  -.15009308389669D-03  0.18698003406081D-03  -.39149294772889D-03
  -.12724038477927D-02  -.23830340021060D-02  -.78384736649006D-03
  -.37337645849678D-04  0.46351862553973D-04  -.22488281089283D-03
  0.15117857378266D-03  0.18737092674437D-03  0.39106641637621D-03
  0.34026893598504D-03  0.22714823961678D-02  0.10929871159959D-03
  0.77119272190451D-05  -.12187825769627D-03  0.37463551928196D-03
  cycle =      4 MP2 energy =     -229.8379818340 |dE/dxyz| =  0.005057
    0.72840820631283     -0.88514792245345     -4.44435976480462      h
   -0.42223442175820     -0.67680001832312     -3.04651526601969      o
    0.80922904981722      0.82635080906226     -1.18286336903558      c
    1.05726864543453      2.75770187138299     -1.88419420962367      h
    2.66413537836185      0.06185430882911     -0.68578223602303      h
   -0.80954660628830      0.82603739231489      1.18281808000201      c
   -1.05804254638570      2.75725594336622      1.88435353749319      h
   -2.66427102500808      0.06115677201294      0.68565028907991      h
    0.42226665518735     -0.67702173926784      3.04631216489247      o
   -0.72830674563313     -0.88573866089647      4.44415833361224      h
  0.14596759180918D-04  -.21998251145128D-04  -.34674476513175D-04
  -.89859537225934D-03  0.20401704118136D-02  -.55254170476360D-03
  0.14150556273149D-02  -.21384826709330D-02  0.96230759652338D-03
  -.17516807548357D-04  0.45763570833746D-04  0.34089188736264D-04
  -.16150726285247D-05  0.74456021667668D-04  0.39537409515789D-05
  -.14145918293966D-02  -.21385846114126D-02  -.96252251592499D-03
  0.17362036547452D-04  0.45881322337404D-04  -.33878003817600D-04
  0.18764114502190D-05  0.74464924969320D-04  -.41760462184404D-05
  0.89784585158181D-03  0.20402170994052D-02  0.55278886002252D-03
  -.14417604412564D-04  -.21887845867874D-04  0.34653361594028D-04
  cycle =      5 MP2 energy =     -229.8379827001 |dE/dxyz| =  0.004939
    0.72721042684136     -0.88522904992301     -4.44400921158615      h
   -0.42295619938199     -0.67690335129161     -3.04587938240784      o
    0.80989446583208      0.82727868837044     -1.18252759629163      c
    1.05944823839501      2.75791798179427     -1.88497323615647      h
    2.66388267279603      0.06089151496091     -0.68451935492613      h
   -0.81021143471619      0.82696851949428      1.18248380788073      c
   -1.06022031764307      2.75747780522401      1.88512428353802      h
   -2.66401889683213      0.06019412768677      0.68439700723766      h
    0.42299446240782     -0.67711113259411      3.04568266169381      o
   -0.72711682765854     -0.88583634769441      4.44379858059122      h
  -.20444229967165D-04  -.77313442281568D-05  0.17026856313773D-04
  -.10383108789993D-02  0.18208639698241D-02  -.72577078998570D-03
  0.16223048935626D-02  -.18738924521657D-02  0.10618401761273D-02
  0.44027180060580D-05  0.33515298297093D-04  0.24504799897462D-04
  0.33409622297587D-04  0.27254151274914D-04  0.36962783868555D-04
  -.16218082232093D-02  -.18740343077965D-02  -.10617897830898D-02
  -.43971632203155D-05  0.33463503539277D-04  -.24511750202461D-04
  -.33496442420233D-04  0.27195196851126D-04  -.37063935310000D-04
  0.10379218803322D-02  0.18210622919854D-02  0.72579933221917D-03
  0.20417823542118D-04  -.76963345118086D-05  -.16997688262244D-04
  cycle =      6 MP2 energy =     -229.8379828505 |dE/dxyz| =  0.004919
    0.72684813730413     -0.88387001623785     -4.44458503713549      h
   -0.42284942138274     -0.67708708217578     -3.04576194519190      o
    0.81013420265349      0.82732042633302     -1.18236223617384      c
    1.06027218439960      2.75756301394659     -1.88537967000723      h
    2.66363867249889      0.06002912050147     -0.68437860272677      h
   -0.81045022960118      0.82701090480474      1.18231839414100      c
   -1.06104399237829      2.75712433049702      1.88552799198039      h
   -2.66377349341107      0.05933150824166      0.68425845540132      h
    0.42288889539545     -0.67729109396925      3.04556808081095      o
   -0.72675836543789     -0.88448235591408      4.44437212847480      h
  -.75484687389604D-07  -.26592170568884D-05  -.31007096898961D-05
  -.10631558017185D-02  0.17794523789023D-02  -.71707263814069D-03
  0.16887353784321D-02  -.17815415999611D-02  0.11223346544592D-02
  0.37754351749353D-05  -.18986414755950D-05  0.31929596338021D-05
  -.14053433465833D-05  0.67342887926092D-05  0.81436238386634D-05
  -.16883190824699D-02  -.17818753977594D-02  -.11225196565191D-02
  -.37637570083904D-05  -.19049051322995D-05  -.32264263811754D-05
  0.13966118093123D-05  0.67387419890874D-05  -.81340784817141D-05
  0.10627345551981D-02  0.17796170810538D-02  0.71726214348899D-03
  0.77488684802063D-07  -.26627562089709D-05  0.31201273511527D-05
  cycle =      7 MP2 energy =     -229.8379828784 |dE/dxyz| =  0.004915
    0.72684636958203     -0.88356942625750     -4.44472826861710      h
   -0.42278675793901     -0.67714584609317     -3.04580291267773      o
    0.81013959522218      0.82726792951927     -1.18232911437808      c
    1.06027235218025      2.75750283534126     -1.88537558443607      h
    2.66363508170951      0.05989957522970     -0.68442830597570      h
   -0.81045547866965      0.82695874097532      1.18228537459658      c
   -1.06104424478666      2.75706458952383      1.88552381760773      h
   -2.66376962622084      0.05920197599040      0.68430844319144      h
    0.42282652469278     -0.67734904224799      3.04560937010308      o
   -0.72675722573020     -0.88418257595357      4.44451474015908      h
  -.77604690229549D-06  -.80498499599457D-06  -.19422124077906D-05
  -.10593277588535D-02  0.17737830675379D-02  -.72318495930013D-03
  0.16833631167672D-02  -.17726709518411D-02  0.11443300355156D-02
  0.18723758505867D-05  -.12610086086440D-05  -.53147846568180D-07
  -.15074516648284D-05  0.10158174625907D-05  0.20687646224982D-05
  -.16829516304853D-02  -.17729851006956D-02  -.11445053398479D-02
  -.18692964733891D-05  -.12520055348020D-05  0.46108734386152D-07
  0.15128552481869D-05  0.10199207680639D-05  -.20577903966923D-05
  0.10589041538944D-02  0.17739621205886D-02  0.72335244619559D-03
  0.77968273082263D-06  -.80690185755294D-06  0.19460967024543D-05
  cycle =      8 MP2 energy =     -229.8379828708 |dE/dxyz| =  0.004916
    0.77880768481983     -0.91762601008285     -4.43580406629975      h
   -0.38710631101912     -0.71099669003495     -3.05044921925328      o
    0.82408938073441      0.79336377790006     -1.17273588215595      c
    1.08266879176054      2.72353406861540     -1.87289790901209      h
    2.67153496890880      0.02580070557642     -0.65312386021860      h
   -0.82408906124095      0.79336414823805      1.17273592411170      c
   -1.08266732869556      2.72353464358816      1.87289787860084      h
   -2.67153510699494      0.02580208879999      0.65312414899073      h
    0.38710598129169     -0.71099696753842      3.05044913996718      o
   -0.77880758321139     -0.91762476478332      4.43580456648654      h
  -.32583072773207D-06  -.18645689741081D-05  -.14742665772616D-05
  -.10510741519081D-02  0.17748205540613D-02  -.73587142370712D-03
  0.16697999704145D-02  -.17728444261342D-02  0.11639431022580D-02
  0.18458276676014D-05  -.11937857729016D-05  -.14154210092876D-06
  -.16243152636264D-05  0.10911909573696D-05  0.20553444800009D-05
  -.16698082608610D-02  -.17728717873196D-02  -.11639420051223D-02
  -.18431439985367D-05  -.11860541109243D-05  0.13398312748159D-06
  0.16292909150728D-05  0.10936867607114D-05  -.20439272116479D-05
  0.10510670462969D-02  0.17748073495056D-02  0.73586298317352D-03
  0.33356765083425D-06  -.18521857103604D-05  0.14777528907217D-05
  cycle =      9 MP2 energy =     -229.8379828634 |dE/dxyz| =  0.004915
    0.77880300886770     -0.91751077545823     -4.43586428951692      h
   -0.38708164166241     -0.71103100933612     -3.05046471718917      o
    0.82409116327845      0.79332933517252     -1.17272683473255      c
    1.08264469398198      2.72350790210330     -1.87288138924360      h
    2.67154936496714      0.02578016283387     -0.65312632348737      h
   -0.82409063035951      0.79332996970037      1.17272699444336      c
   -1.08264324203684      2.72350888568005      1.87288096873041      h
   -2.67154921033900      0.02578149430636      0.65312684039096      h
    0.38708158675974     -0.71103037387004      3.05046524258315      o
   -0.77880367710394     -0.91751059085355      4.43586422923905      h
  -.13270971876977D-05  0.85040904340694D-06  -.12204583885733D-05
  -.10502434007194D-02  0.17715539952574D-02  -.73828048262836D-03
  0.16682055824915D-02  -.17726355375109D-02  0.11690969378882D-02
  0.96477059630118D-06  -.44082836714310D-06  -.12601938070844D-06
  -.39416937847037D-06  0.67396358316429D-06  0.15518467643139D-05
  -.16682070969209D-02  -.17726535645060D-02  -.11690979923864D-02
  -.96347719247269D-06  -.43497155965966D-06  0.11678743394583D-06
  0.39302527898855D-06  0.67258005476134D-06  -.15437188110590D-05
  0.10502567098296D-02  0.17715858680152D-02  0.73829585804930D-03
  0.13151537854306D-05  0.82805919432438D-06  0.12072410733310D-05
  cycle =     10 MP2 energy =     -229.8379828539 |dE/dxyz| =  0.004920
    0.77884435071901     -0.91758711694794     -4.43580577398806      h
   -0.38709699395985     -0.71101820238265     -3.05046891637043      o
    0.82408111400052      0.79334405996067     -1.17272550458532      c
    1.08259830562177      2.72353066560889     -1.87287699803700      h
    2.67155775765350      0.02580636847566     -0.65316216723557      h
   -0.82408069861903      0.79334452038566      1.17272557067713      c
   -1.08259690808288      2.72353127794531      1.87287701471502      h
   -2.67155774655980      0.02580774568832      0.65316228855914      h
    0.38709668379848     -0.71101831289408      3.05046899323093      o
   -0.77884444821840     -0.91758600556130      4.43580621425147      h
  -.12534348226012D-06  -.10731892816640D-05  0.11546592029177D-05
  -.10527960223827D-02  0.17730020940512D-02  -.74106793484852D-03
  0.16679934898116D-02  -.17721677667573D-02  0.11738448765400D-02
  -.35562839451053D-07  0.44249465380730D-06  0.15667450892209D-06
  0.10815230009342D-05  -.20277868517660D-06  0.60329842188622D-06
  -.16679904907879D-02  -.17721620747735D-02  -.11738426224526D-02
  0.35361349293161D-07  0.44201050020121D-06  -.15374765927056D-06
  -.10835430312994D-05  -.20215026252934D-06  -.60482206498680D-06
  0.10527871467332D-02  0.17729796150059D-02  0.74105402338898D-03
  0.13344193794396D-06  -.10582811273974D-05  -.11444043797049D-05
  cycle =     11 MP2 energy =     -229.8379828618 |dE/dxyz| =  0.004919
    0.77883815366227     -0.91756960863539     -4.43580693787916      h
   -0.38710125408223     -0.71100084691303     -3.05046842729085      o
    0.82407935186694      0.79336149875360     -1.17272669351047      c
    1.08259535283607      2.72354814723029     -1.87287850851591      h
    2.67155680988797      0.02582398770153     -0.65316598536987      h
   -0.82407914502338      0.79336173431470      1.17272671173030      c
   -1.08259456548513      2.72354844903783      1.87287856518238      h
   -2.67155684761634      0.02582477926152      0.65316602388384      h
    0.38710104842370     -0.71100101573000      3.05046838780202      o
   -0.77883810367378     -0.91756886123343      4.43580725238998      h
  -.52843088749199D-06  -.49628829401627D-06  0.71565162462761D-06
  -.10524233738280D-02  0.17725390490595D-02  -.74038143315747D-03
  0.16682547417020D-02  -.17721120166194D-02  0.11735101534632D-02
  0.98251266344995D-07  0.36457718266547D-06  0.13297894008168D-06
  0.10085589980946D-05  -.29355903152783D-06  0.73287697138769D-06
  -.16682552769880D-02  -.17721132094892D-02  -.11735097701395D-02
  -.10133136252310D-06  0.36452223062255D-06  -.13171598123307D-06
  -.10095591798098D-05  -.29629584541446D-06  -.73315447218780D-06
  0.10524248710260D-02  0.17725383097060D-02  0.74037631445290D-03
  0.53154872547978D-06  -.49511568422922D-06  -.71190161365919D-06
  cycle =     12 MP2 energy =     -229.8379828747 |dE/dxyz| =  0.004918
    0.77882586591866     -0.91749812341452     -4.43585158200040      h
   -0.38708595718877     -0.71101861803421     -3.05047468680154      o
    0.82408475610609      0.79334359665519     -1.17272496069542      c
    1.08260299972940      2.72352925930576     -1.87287651122527      h
    2.67155850125940      0.02580702331160     -0.65316058235337      h
   -0.82408448044515      0.79334389000844      1.17272501094197      c
   -1.08260220751289      2.72352966462430      1.87287644003280      h
   -2.67155844143392      0.02580778255823      0.65316069560792      h
    0.38708581842249     -0.71101854926041      3.05047482689361      o
   -0.77882605405922     -0.91749766196676      4.43585173802197      h
  -.57339411307922D-06  0.80964404736150D-06  -.50810911833565D-06
  -.10520399214924D-02  0.17710788825962D-02  -.73983003611744D-03
  0.16694957810337D-02  -.17719993936010D-02  0.11734459859860D-02
  0.19263080008880D-06  0.12488841960590D-07  -.49003630486766D-07
  0.10261848704118D-06  0.98603110565421D-07  0.35781435925308D-06
  -.16694935066304D-02  -.17719992213232D-02  -.11734479044024D-02
  -.19412106999628D-06  0.12231527346529D-07  0.47326449204022D-07
  -.10376014270008D-06  0.96790918391321D-07  -.35679864551774D-06
  0.10520423893645D-02  0.17710863961806D-02  0.73983593377047D-03
  0.57128356401037D-06  0.80355056397696D-06  0.50479030822004D-06
  cycle =     13 MP2 energy =     -229.8379828599 |dE/dxyz| =  0.004920
    0.77883780468997     -0.91754623428367     -4.43582181996635      h
   -0.38709599683003     -0.71100689379210     -3.05047206908072      o
    0.82408184016844      0.79335594131042     -1.17272711917796      c
    1.08259731731380      2.72354136308256     -1.87287999125661      h
    2.67155685616164      0.02581900025248     -0.65316942324514      h
   -0.82408159919094      0.79335619086156      1.17272714932653      c
   -1.08259652863220      2.72354169120460      1.87288000287035      h
   -2.67155684069472      0.02581976929587      0.65316947591914      h
    0.38709580654168     -0.71100698965754      3.05047210312399      o
   -0.77883785873154     -0.91754557448657      4.43582207990903      h
  0.14949382975971D-06  -.74311972653174D-06  0.20345299400759D-06
  -.10530798252253D-02  0.17726240788187D-02  -.74013284463703D-03
  0.16699102446953D-02  -.17719173078588D-02  0.11732725928975D-02
  0.14189866348602D-06  0.16679976511114D-07  0.15295670285909D-07
  0.10851911502741D-06  0.20356429208945D-07  0.19376825066697D-06
  -.16699086642102D-02  -.17719149947153D-02  -.11732731525719D-02
  -.14262651459873D-06  0.16105931255339D-07  -.15139974385292D-07
  -.10901256608520D-06  0.19959746300202D-07  -.19341221135782D-06
  0.10530765545065D-02  0.17726179796620D-02  0.74013090355507D-03
  -.14658291602743D-06  -.73976505543527D-06  -.20146377810448D-06
$end
