$hessapprox internal
  0.301970079755D-01 -0.128816160406D-03  0.610395362984D+00 -0.258039642901D-02
  0.395325912851D-02  0.368326807964D+00  0.129167442429D-03  0.595676073781D-02
 -0.533085762066D-02  0.418703823039D+00 -0.108900893496D-03  0.161402683069D-02
 -0.142026685162D-02 -0.217910465230D-02  0.424071090379D+00  0.172625527330D-02
 -0.439578882712D-02  0.362798186320D-02  0.593078510691D-02  0.159036265134D-02
  0.342182805226D+00  0.184180836674D-02 -0.114334493970D-02  0.709724671660D-03
  0.153871185538D-02  0.400114616124D-03 -0.922695707172D-03  0.347049324599D+00
 -0.119992057920D-02  0.177951857686D-03  0.429135581653D-04 -0.236939492940D-03
 -0.533970818384D-04  0.380935303905D-04 -0.946579176329D-04  0.321359389124D+00
 -0.370575891114D-02  0.224549061259D-02 -0.137901046075D-02 -0.302173087305D-02
 -0.784951150525D-03  0.180191675918D-02  0.141446340231D-03  0.192549868344D-03
  0.345177669674D+00  0.123168008645D-03  0.596489997240D-02 -0.533710442166D-02
 -0.805470384544D-02 -0.218202211732D-02  0.593817529417D-02  0.154009285911D-02
 -0.236799582125D-03 -0.302440872641D-02  0.418681857384D+00 -0.105951996947D-03
  0.162073190580D-02 -0.142673822568D-02 -0.218816669246D-02 -0.591525283204D-03
  0.159736239890D-02  0.402174132375D-03 -0.538742614549D-04 -0.789011150838D-03
 -0.219109759897D-02  0.424066118568D+00  0.173208964322D-02 -0.439237505798D-02
  0.362395937979D-02  0.592615924279D-02  0.158905783146D-02 -0.416209452746D-02
 -0.921140961924D-03  0.375252807736D-04  0.179883167170D-02  0.593354090296D-02
  0.159605337361D-02  0.342190932974D+00  0.181925675460D-02 -0.113183849984D-02
  0.703256570042D-03  0.152323771020D-02  0.396126963916D-03 -0.913873840665D-03
 -0.769768286684D-04 -0.934037956464D-04  0.140966370378D-03  0.152460637615D-02
  0.398165064749D-03 -0.912336176843D-03  0.347049943861D+00 -0.120511368291D-02
  0.183832123415D-03  0.385447215614D-04 -0.244865084267D-03 -0.554964840301D-04
  0.433334207965D-04 -0.937605184835D-04  0.834617404904D-04  0.190816988161D-03
 -0.244733938787D-03 -0.559835218557D-04  0.427587039010D-04 -0.925140855908D-04
  0.321359713501D+00 -0.368174591237D-02  0.224628503498D-02 -0.138375135001D-02
 -0.302287056805D-02 -0.785475017412D-03  0.180548014245D-02  0.144454732202D-03
  0.190716770978D-03 -0.263041594430D-03 -0.302555920860D-02 -0.789532110754D-03
  0.180240301066D-02  0.143938484534D-03  0.188974814071D-03  0.345165623652D+00
  0.159347594757D-01 -0.128551520753D-03 -0.256156758437D-02  0.129126799297D-03
 -0.107894192068D-03  0.171340239529D-02  0.182861485236D-02 -0.119140820546D-02
 -0.367922132161D-02  0.123170988494D-03 -0.104965168710D-03  0.171919600256D-02
  0.180622441997D-02 -0.119656371988D-02 -0.365537803555D-02  0.299707739774D-01
 -0.127798922942D-03 -0.440378484875D-02  0.394648542824D-02  0.594675458289D-02
  0.161130841187D-02 -0.438831390409D-02 -0.114133121893D-02  0.177592873127D-03
  0.224153131729D-02  0.595487983706D-02  0.161800236369D-02 -0.438490558198D-02
 -0.112984524519D-02  0.183462995731D-03  0.224232560247D-02 -0.127540392007D-03
  0.610410165081D+00 -0.256989666835D-02  0.396905799271D-02 -0.310595924313D-02
 -0.535222000251D-02 -0.142614513143D-02  0.364488537371D-02  0.714992291381D-03
  0.415225771448D-04 -0.138941123796D-02 -0.535849985498D-02 -0.143263879830D-02
  0.364085425002D-02  0.708468665846D-03  0.371293251582D-04 -0.139413997007D-02
 -0.255113976694D-02  0.396225826031D-02  0.368295068147D+00  0.653018096300D-03
 -0.282169505682D-02  0.240526096912D-02  0.380829211024D-02  0.102529121732D-02
 -0.272687272436D-02 -0.645448780135D-03  0.586180032214D-04  0.126358443025D-02
  0.381321275982D-02  0.102970636507D-02 -0.272442631657D-02 -0.639137076280D-03
  0.621336286821D-04  0.126519167887D-02  0.647986223254D-03 -0.281691954453D-02
  0.241582688776D-02  0.489513391579D+00 -0.118129658178D-01  0.115906756864D-03
  0.188060811806D-02 -0.123551796878D-03  0.724513348489D-04 -0.124973627624D-02
 -0.135034192211D-02  0.882444288367D-03  0.271718021010D-02 -0.119174346029D-03
  0.702485261483D-04 -0.125404743219D-02 -0.133379604704D-02  0.886238973218D-03
  0.269949978061D-02 -0.117294030194D-01  0.115122535269D-03  0.187280344905D-02
 -0.467219474012D-03  0.390348703231D+00  0.650306603241D-03 -0.282491439459D-02
  0.240858569129D-02  0.381264672279D-02  0.102649459528D-02 -0.273038323867D-02
 -0.646588979723D-03  0.589443835715D-04  0.126583817611D-02  0.381757432951D-02
  0.103091418754D-02 -0.272793527458D-02 -0.640265146233D-03  0.624651753150D-04
  0.126744209268D-02  0.645293435164D-03 -0.282013360626D-02  0.241916150323D-02
 -0.177343183697D-02 -0.465208083344D-03  0.489509031084D+00 -0.118933731344D-01
  0.919794501348D-04  0.191543804795D-02 -0.910186086954D-04  0.819809880753D-04
 -0.128278940278D-02 -0.136585522640D-02  0.889393712714D-03  0.274808732038D-02
 -0.865660375502D-04  0.798008783509D-04 -0.128711051801D-02 -0.134913328619D-02
  0.893246933196D-03  0.273029207539D-02 -0.118092451709D-01  0.912314356256D-04
  0.190766922850D-02 -0.486176800687D-03  0.875460148622D-02 -0.484169874972D-03
  0.390467578035D+00 -0.293889547439D-02 -0.593110765368D-02  0.577986974145D-02
  0.801692974591D-02  0.219703760548D-02 -0.622993869789D-02 -0.186038223602D-02
  0.446902993899D-03  0.366897735170D-02  0.802894805110D-02  0.220557862611D-02
 -0.622633674503D-02 -0.184096771799D-02  0.455733690250D-03  0.366591216398D-02
 -0.291897960050D-02 -0.592128480712D-02  0.579938266878D-02 -0.392064352485D-02
  0.219174775032D-02 -0.392452113279D-02  0.217330951731D-02  0.384414142277D+00
  0.000000000000D+00  0.000000000000D+00  0.000000000000D+00  0.000000000000D+00
  0.000000000000D+00  0.000000000000D+00  0.000000000000D+00  0.000000000000D+00
  0.000000000000D+00  0.000000000000D+00  0.000000000000D+00  0.000000000000D+00
  0.000000000000D+00  0.000000000000D+00  0.000000000000D+00  0.000000000000D+00
  0.000000000000D+00  0.000000000000D+00  0.000000000000D+00  0.000000000000D+00
  0.000000000000D+00  0.000000000000D+00  0.000000000000D+00  0.000000000000D+00
$end
