$coord
    0.58990831784568     -1.17771431841271     -4.20464893419838  h
   -0.33554576306308     -1.02797276860268     -2.64690462779976  o
    0.54655409870147      1.13175355759947     -1.31861025364750  c
   -0.03108662260706      2.89042312463700     -2.25912862576989  h
    2.61601773643445      1.11829457762331     -1.18449606504961  h
   -0.54655407243669      1.13175356649328      1.31861026866783  c
    0.03108668636350      2.89042312291049      2.25912863647263  h
   -2.61601771285561      1.11829462355090      1.18449609217212  h
    0.33554575426523     -1.02797278196913      2.64690463099199  o
   -0.58990801287752     -1.17771405905057      4.20464915119878  h
$user-defined bonds
$intdef
# definitions of internal coordinates
   1 f  1.0000000000000 tors    2    3    6    9 val=  63.00000
$redundant
     number_of_atoms            10
     degrees_of_freedom         24
     internal_coordinates       25
     frozen_coordinates          1
# definitions of redundant internals
   1 k  1.0000000000000 tors   1    2    3    6 val= 189.99389
   2 k  1.0000000000000 stre   2    1           val=   1.81809
   3 k  1.0000000000000 bend   3    1    2      val= 108.84083
   4 k  1.0000000000000 stre   3    5           val=   2.07385
   5 k  1.0000000000000 stre   3    4           val=   2.07633
   6 k  0.0894537420337 bend   4    5    3      val=   1.18185
       -0.5037084752882 bend   2    5    3
       -0.5129811085946 bend   2    4    3
        0.4923077428015 bend   6    5    3
        0.4824513121152 bend   6    4    3
   7 k  0.0044981637756 bend   4    5    3      val=   0.04539
       -0.5503357746297 bend   2    5    3
        0.5391388341816 bend   2    4    3
       -0.4472975407180 bend   6    5    3
        0.4542736281475 bend   6    4    3
   8 k -0.8904631502673 bend   4    5    3      val=   0.77605
        0.1784800059064 bend   2    5    3
        0.1782129120843 bend   2    4    3
        0.2630358426298 bend   6    5    3
        0.2725299414122 bend   6    4    3
   9 k -0.0039850027114 bend   4    5    3      val=   0.55932
       -0.4484156617196 bend   2    5    3
        0.4532253135611 bend   2    4    3
        0.5463967998488 bend   6    5    3
       -0.5430882675407 bend   6    4    3
  10 k  1.0000000000000 stre   6    8           val=   2.07385
  11 k  1.0000000000000 stre   6    7           val=   2.07633
  12 k  0.0894537383297 bend   7    8    6      val=   1.18185
       -0.5037084719776 bend   9    8    6
       -0.5129811119417 bend   9    7    6
        0.4923077478273 bend   3    8    6
        0.4824513075711 bend   3    7    6
  13 k  0.0044981670147 bend   7    8    6      val=   0.04539
       -0.5503357762690 bend   9    8    6
        0.5391388288634 bend   9    7    6
       -0.4472975386087 bend   3    8    6
        0.4542736345181 bend   3    7    6
  14 k -0.8904631495783 bend   7    8    6      val=   0.77606
        0.1784800095723 bend   9    8    6
        0.1782129137907 bend   9    7    6
        0.2630358386750 bend   3    8    6
        0.2725299439637 bend   3    7    6
  15 k -0.0039850062197 bend   7    8    6      val=   0.55932
       -0.4484156613819 bend   9    8    6
        0.4532253182690 bend   9    7    6
        0.5463967987221 bend   3    8    6
       -0.5430882649985 bend   3    7    6
  16 k  1.0000000000000 tors  10    9    6    3 val= 189.99387
  17 k  1.0000000000000 stre   9   10           val=   1.81809
  18 k  1.0000000000000 bend   6   10    9      val= 108.84083
  19 k  1.0000000000000 tors   2    3    6    9 val=  63.00000
  20 k  1.0000000000000 stre   3    2           val=   2.68456
  21 k  1.0000000000000 bend   6    2    3      val= 109.34562
  22 k  1.0000000000000 stre   6    9           val=   2.68456
  23 k  1.0000000000000 bend   3    9    6      val= 109.34561
  24 k  1.0000000000000 stre   3    6           val=   2.85479
  25 f  1.0000000000000 tors   2    3    6    9 val=  63.00000
        24 non zero eigenvalues  of BmBt
           1           4.440780346    1    0
         1
           2           3.798964447    2    0
         2
           3           3.756561229    3    0
         3
           4           3.059622261    4    0
         4
           5           2.772357696    5    0
         5
           6           2.453636933    6    0
         6
           7           2.086378823    7    0
         7
           8           1.719543623    8    0
         8
           9           1.246482760    9    0
         9
          10           1.242654946   10    0
        10
          11           1.055525951   11    0
        11
          12           0.845202464   12    0
        12
          13           0.770593868   13    0
        13
          14           0.728064503   14    0
        14
          15           0.625299653   15    0
        15
          16           0.430465505   16    0
        16
          17           0.349713399   17    0
        17
          18           0.338851357   18    0
        18
          19           0.284375583   20    0
        20
          20           0.248900974   21    0
        21
          21           0.129546014   22    0
        22
          22           0.067397498   23    0
        23
          23           0.063006757   24    0
        24
          24           0.000000000    0    1
         0.000000000         0.000000000         0.000000000         0.000000000
         0.000000000         0.000000000         0.000000000         0.000000000
         0.000000000         0.000000000         0.000000000         0.000000000
         0.000000000         0.000000000         0.000000000         0.000000000
         0.000000000         0.000000000         0.000000000         0.000000000
         0.000000000         0.000000000         0.000000000         0.000000000
         1.000000000
$end
