$energy      SCF               SCFKIN            SCFPOT
     1 -230.2250015995      229.2895785607     -459.5145801603
     2 -230.2254010842      229.2828547922     -459.5082558764
     3 -230.2254991146      229.2908950986     -459.5163942132
     4 -230.2255165498      229.2928743318     -459.5183908816
     5 -230.2255207351      229.2916381078     -459.5171588429
     6 -230.2255215986      229.2919755225     -459.5174971211
     7 -230.2255216708      229.2920282073     -459.5175498781
     8 -230.2255216736      229.2919829918     -459.5175046654
     9 -230.2255218860      229.2919765383     -459.5174984242
    10 -230.2255218867      229.2919935245     -459.5175154112
    11 -230.2255218870      229.2919618065     -459.5174836935
    12 -230.2255218872      229.2919583277     -459.5174802149
    13 -230.2255218873      229.2919554891     -459.5174773764
    14 -230.2255218874      229.2919530648     -459.5174749522
$end
