$grad          cartesian gradients
  cycle =      1    SCF energy =     -230.2250015995   |dE/dxyz| =  0.010082
    0.37242077665185     -1.09048342956922     -4.25380658981328      h
   -0.33386958263906     -1.04545583652724     -2.57933008483662      o
    0.57635969374115      1.14766716132805     -1.31066882230628      c
    0.02168118400728      2.88131588334919     -2.30006774765180      h
    2.64162859693041      1.12765881917365     -1.14823353188429      h
   -0.57636597721973      1.14766853433118      1.31066387836280      c
   -0.02172684615346      2.88133409626553      2.30005973409690      h
   -2.64163100490395      1.12762145949426      1.14821052325071      h
    0.33390092755535     -1.04542669154637      2.57934601785479      o
   -0.37279536598624     -1.09072095518194      4.25364362181940      h
  -.51993746913582D-03  0.27164245709785D-03  0.45558736514975D-03
  -.49542580631098D-03  -.32440047586121D-02  0.26571445308116D-02
  0.35612257331571D-02  0.28306134836994D-02  -.29303813963403D-02
  0.88992482753293D-03  -.97658317448591D-03  0.91560025880657D-04
  -.33952012813401D-03  0.11226052702702D-02  -.16453540905150D-03
  -.35616833239185D-02  0.28307409730542D-02  0.29301042800765D-02
  -.88999317447700D-03  -.97646259526395D-03  -.91343400076795D-04
  0.33979713919759D-03  0.11227848109988D-02  0.16430412057350D-03
  0.49628037031138D-03  -.32442252867358D-02  -.26566039223115D-02
  0.51933015645325D-03  0.27160335365421D-03  -.45583891352131D-03
  cycle =      2    SCF energy =     -230.2254010842   |dE/dxyz| =  0.006127
    0.42441163821483     -1.08411777107885     -4.27699412781423      h
   -0.34010327922625     -1.03548174207701     -2.62727282466256      o
    0.55420231090469      1.13735956000778     -1.31861059112639      c
   -0.01224117402608      2.88371127284978     -2.28416795986118      h
    2.62194238357649      1.11923149542819     -1.17792294342806      h
   -0.55422950702850      1.13735586042718      1.31860289467328      c
    0.01219806874494      2.88370751167032      2.28417320784832      h
   -2.62196704631195      1.11921450619558      1.17790047998986      h
    0.34008913473773     -1.03548181252340      2.62726047035542      o
   -0.42470012760231     -1.08431983978249      4.27684839291785      h
  -.23978848534877D-03  -.12824586116573D-04  -.29218056338228D-03
  0.11493666134891D-02  -.22141087693161D-02  0.94234793492863D-03
  -.98334645848093D-03  0.23367283583499D-02  -.19041648385124D-02
  0.60509834861469D-03  -.54713760911820D-03  -.65615439049735D-03
  -.41492051021473D-03  0.44093060004863D-03  -.39907691854042D-04
  0.98297140546320D-03  0.23373149083797D-02  0.19044602940985D-02
  -.60510151641114D-03  -.54699988678361D-03  0.65654759546134D-03
  0.41510183939279D-03  0.44102600895234D-03  0.39580410853975D-04
  -.11486804077585D-02  -.22138728530365D-02  -.94256851175250D-03
  0.23930005390045D-03  -.12917049181024D-04  0.29203781700990D-03
  cycle =      3    SCF energy =     -230.2254991146   |dE/dxyz| =  0.006689
    0.47282003002602     -1.10413855615870     -4.26118844348339      h
   -0.35511164027368     -1.02417857980793     -2.64390678016674      o
    0.53703416691286      1.13666762632621     -1.32182210168001      c
   -0.04508298789296      2.89181067742067     -2.26491619412017      h
    2.60766999904585      1.12054878582498     -1.20212597712467      h
   -0.53707974227170      1.13665460231258      1.32180874060365      c
    0.04504379829885      2.89178083848732      2.26493132413947      h
   -2.60771430557109      1.12054836800987      1.20210237747282      h
    0.35505251514569     -1.02421240447984      2.64386802425738      o
   -0.47302943143624     -1.10430231681807      4.26106602899397      h
  -.51654583118621D-04  0.53314814861735D-04  -.21205297260374D-03
  0.20073009159535D-02  -.13464549732491D-02  0.70696015834934D-03
  -.35580031384903D-02  0.15890368448203D-02  -.74118114488016D-03
  0.12443744015046D-03  -.24097054771577D-03  -.41257156018877D-03
  -.35177947693284D-04  -.50835915289640D-04  0.38697134738185D-04
  0.35578651481341D-02  0.15893177864517D-02  0.74121863111450D-03
  -.12442730003731D-03  -.24099119597813D-03  0.41278988959028D-03
  0.35245914105922D-04  -.50788638633273D-04  -.38941384145626D-04
  -.20070478467730D-02  -.13461687675467D-02  -.70693104381989D-03
  0.51462565759295D-04  0.53133646475044D-04  0.21201411794155D-03
  cycle =      4    SCF energy =     -230.2255165498   |dE/dxyz| =  0.006636
    0.50025357053210     -1.13080495127591     -4.23809933419392      h
   -0.36737904519950     -1.01751913286033     -2.64420821109436      o
    0.52965805163289      1.14141979267151     -1.32434880868485      c
   -0.06162000093207      2.89995970034597     -2.25647798830168      h
    2.60130542295393      1.12766008181399     -1.21702834728701      h
   -0.52971537865746      1.14139990639162      1.32433134107209      c
    0.06158393715982      2.89991183098864      2.25649991702707      h
   -2.60136216964383      1.12766949632586      1.21700490698938      h
    0.36729156469938     -1.01757695925311      2.64414890957977      o
   -0.50041355056165     -1.13094072403116      4.23799461378582      h
  0.35120169367391D-05  0.96480933760265D-04  -.28391455409519D-04
  0.20601635604605D-02  -.13225916057167D-02  0.76932634581349D-03
  -.35821119820936D-02  0.13750121104414D-02  -.81314858099781D-03
  -.75543704325936D-04  -.40750361732886D-04  -.30725466157921D-04
  0.14052810934058D-03  -.10378709734718D-03  0.42725556395295D-06
  0.35820826417926D-02  0.13750815018307D-02  0.81308503199378D-03
  0.75549518576056D-04  -.40819678153716D-04  0.30838873311824D-04
  -.14047310968411D-03  -.10377893966829D-03  -.55870896753593D-06
  -.20601936742905D-02  -.13223508251284D-02  -.76916969025165D-03
  -.35127911453752D-05  0.96344768500433D-04  0.28317838067772D-04
  cycle =      5    SCF energy =     -230.2255207351   |dE/dxyz| =  0.006305
    0.51291185433992     -1.14967214062435     -4.22305162954815      h
   -0.37481198099175     -1.01375766218483     -2.64215773337014      o
    0.52677380625292      1.14593567009356     -1.32654953096781      c
   -0.06692743361392      2.90515768782685     -2.25612566264510      h
    2.59812057935725      1.13305519545939     -1.22466931392927      h
   -0.52683789362563      1.14591170217309      1.32652978055257      c
    0.06689337862186      2.90509952778631      2.25615139315612      h
   -2.59818460130660      1.13307001886607      1.22464688105495      h
    0.37470916056964     -1.01382998359003      2.64208492619066      o
   -0.51304446762007     -1.14979097468899      4.22295788839849      h
  0.13516451142053D-04  0.52948773598620D-04  -.12243964967885D-05
  0.19859873903755D-02  -.14346103533758D-02  0.81527344518167D-03
  -.31069624411095D-02  0.13696910164675D-02  -.12899642615523D-02
  -.56022209942923D-04  0.42279206311563D-04  0.85158134401407D-04
  0.19901406209165D-04  -.25962486318614D-04  -.36141560863056D-04
  0.31069884420627D-02  0.13696397947374D-02  0.12899657710878D-02
  0.56024006358972D-04  0.42244789671255D-04  -.85116550869589D-04
  -.19882460754864D-04  -.25965565615674D-04  0.36088996025187D-04
  -.19860469540656D-02  -.14344580433046D-02  -.81522525187455D-03
  -.13502725717059D-04  0.52893249013999D-04  0.11864451956670D-05
  cycle =      6    SCF energy =     -230.2255215986   |dE/dxyz| =  0.006438
    0.51887445499860     -1.15893848005200     -4.21546012408857      h
   -0.37891952684320     -1.01120238687319     -2.64138533775459      o
    0.52475898317332      1.14833417023661     -1.32752878380771      c
   -0.06884329488023      2.90737067844726     -2.25747312838793      h
    2.59604026627091      1.13515675556730     -1.22772660069919      h
   -0.52482693286776      1.14830783380867      1.32750765644353      c
    0.06881039959577      2.90730666003981      2.25750091109381      h
   -2.59610845277523      1.13517459685987      1.22770487088364      h
    0.37880832593909     -1.01128316586377      2.64130447094429      o
   -0.51899182062764     -1.15904762105347      4.21537306426503      h
  0.73109607695663D-05  0.67079318759568D-05  -.98102844940561D-05
  0.20417246383183D-02  -.13442324715558D-02  0.82961728290610D-03
  -.32280030670933D-02  0.13208463911387D-02  -.13762696735395D-02
  -.14912398810172D-04  0.23291332946343D-04  0.34235191198488D-04
  -.35829563976720D-04  -.23329048613982D-05  -.80000228548984D-05
  0.32280313477273D-02  0.13207416773514D-02  0.13762976172766D-02
  0.14912540446515D-04  0.23291025092479D-04  -.34231529545976D-04
  0.35829676932563D-04  -.23324169533948D-05  0.79953487593859D-05
  -.20417515611058D-02  -.13441602562063D-02  -.82964351422634D-03
  -.73113483693495D-05  0.67002704641423D-05  0.98102065214413D-05
  cycle =      7    SCF energy =     -230.2255216708   |dE/dxyz| =  0.006515
    0.51950741065637     -1.16053028152013     -4.21403038525072      h
   -0.37970065685501     -1.01074647402726     -2.64099651365583      o
    0.52443518925290      1.14887920717258     -1.32759500885141      c
   -0.06882635464829      2.90763671840082     -2.25819689739984      h
    2.59582545648901      1.13548185617468     -1.22794066045217      h
   -0.52450379940420      1.14885249888729      1.32757367189786      c
    0.06879365354166      2.90757172070732      2.25822505733312      h
   -2.59589434897395      1.13550021847323      1.22791907504786      h
    0.37958806748468     -1.01082866662912      2.64091422550334      o
   -0.51962221555954     -1.16063775652232      4.21394443472010      h
  -.32692643675820D-05  -.35969819683364D-05  -.14866463262823D-05
  0.20543313427223D-02  -.13290675576474D-02  0.81540437809762D-03
  -.33183440810635D-02  0.13288948046224D-02  -.13392417761410D-02
  -.64305179580691D-06  0.41523862462056D-05  0.38012150260507D-05
  -.70237946034817D-05  0.38855482481163D-05  0.49885588792926D-05
  0.33183677312708D-02  0.13287868760159D-02  0.13392850747232D-02
  0.64290458463477D-06  0.41578671437860D-05  -.38023083794617D-05
  0.70241598522075D-05  0.38868135189614D-05  -.49857588249416D-05
  -.20543507269510D-02  -.13290074727023D-02  -.81545089242752D-03
  0.32660551222696D-05  -.35930476622508D-05  0.14887686873140D-05
  cycle =      9    SCF energy =     -230.2255218860   |dE/dxyz| =  0.006517
    0.58972703114987     -1.17761890719160     -4.20477373743233      h
   -0.33551043793582     -1.02797506520956     -2.64689538356752      o
    0.54656817278948      1.13172482562909     -1.31861202472231      c
   -0.03106525697114      2.89041663935241     -2.25910290167447      h
    2.61603505503792      1.11830611836472     -1.18441972427990      h
   -0.54656815475616      1.13172483441931      1.31861203517151      c
    0.03106535255656      2.89041663253624      2.25910289816378      h
   -2.61603504317835      1.11830621202942      1.18441979530918      h
    0.33551039145305     -1.02797511720777      2.64689535333017      o
   -0.58972661566697     -1.17761852989031      4.20477402535332      h
  -.32314747677717D-05  -.13872124452355D-05  0.25940366301660D-06
  0.20359731683543D-02  -.13391784097907D-02  0.84396687071091D-03
  -.33019558403773D-02  0.13388130327256D-02  -.13750704556314D-02
  -.42857933180376D-06  0.22914120423759D-05  0.66478880831266D-06
  0.10831073641689D-05  0.27395205825744D-05  0.31769648754248D-05
  0.33019554539774D-02  0.13388121458462D-02  0.13750701976262D-02
  0.42779949906736D-06  0.22930838417399D-05  -.66586564310131D-06
  -.10831708648019D-05  0.27399557637510D-05  -.31752401600069D-05
  -.20359717387793D-02  -.13391822698567D-02  -.84396716863325D-03
  0.32312838895440D-05  -.13854175055476D-05  -.25948887613880D-06
  cycle =     10    SCF energy =     -230.2255218867   |dE/dxyz| =  0.006516
    0.58978409718341     -1.17765730858874     -4.20472336837963      h
   -0.33553726273790     -1.02796749351183     -2.64689640222000      o
    0.54655695670084      1.13174303556106     -1.31861500129638      c
   -0.03108358445546      2.89042709372164     -2.25911003486853      h
    2.61602331326513      1.11830827702512     -1.18446849087157      h
   -0.54655692443668      1.13174305373238      1.31861501751052      c
    0.03108367830576      2.89042710462295      2.25911002758204      h
   -2.61602328619815      1.11830835701644      1.18446855178862      h
    0.33553724436759     -1.02796750902530      2.64689640433396      o
   -0.58978373751609     -1.17765696772176      4.20472363207241      h
  -.16009484176442D-05  -.86654517743703D-06  -.53634580932893D-06
  0.20336699598082D-02  -.13419887931135D-02  0.84401969397075D-03
  -.33001009542439D-02  0.13426131591738D-02  -.13724482551877D-02
  -.17153438297407D-06  0.15933041018283D-05  0.78556614162622D-06
  0.74991714171584D-06  0.19265958164545D-05  0.13686857266190D-05
  0.33001014141826D-02  0.13426121962358D-02  0.13724485940492D-02
  0.17099895133155D-06  0.15941668779662D-05  -.78641237748932D-06
  -.75024104860991D-06  0.19267182424442D-05  -.13674764297260D-05
  -.20336689016286D-02  -.13419903988668D-02  -.84402029925777D-03
  0.16002976918027D-05  -.86563513050465D-06  0.53625352300825D-06
  cycle =     12    SCF energy =     -230.2255218872   |dE/dxyz| =  0.006513
    0.58987152116420     -1.17767401210022     -4.20468839016804      h
   -0.33552395660598     -1.02798294901247     -2.64690500896581      o
    0.54656551235111      1.13174192671912     -1.31860702251086      c
   -0.03106741970132      2.89041422559441     -2.25912335602999      h
    2.61602745349899      1.11828498690409     -1.18447745993123      h
   -0.54656550030683      1.13174193020237      1.31860703080313      c
    0.03106748783755      2.89041420385996      2.25912337485342      h
   -2.61602744394626      1.11828504376423      1.18447748802625      h
    0.33552392021441     -1.02798298697093      2.64690498452146      o
   -0.58987116473551     -1.17767372418123      4.20468863243987      h
  -.10791191590083D-05  0.67522619943657D-06  -.32889951989965D-07
  0.20322562912716D-02  -.13464526054154D-02  0.84241543123242D-03
  -.32968674694959D-02  0.13474969819819D-02  -.13680844365641D-02
  0.31477391005094D-08  0.72007094132291D-06  0.49977083758277D-06
  -.46061716941999D-06  0.83652863874771D-06  -.37287996203177D-06
  0.32968669396222D-02  0.13474974233878D-02  0.13680839549944D-02
  -.30323756755375D-08  0.71984467544327D-06  -.49955390631532D-06
  0.46093267154806D-06  0.83632161193589D-06  0.37319191984166D-06
  -.20322565814257D-02  -.13464527615629D-02  -.84241601193311D-03
  0.10795140397882D-05  0.67524672667335D-06  0.33428010781443D-07
  cycle =     13    SCF energy =     -230.2255218873   |dE/dxyz| =  0.006513
    0.58990157578676     -1.17771060858161     -4.20465277518948      h
   -0.33554213679316     -1.02797427530477     -2.64690176065206      o
    0.54655677797857      1.13175211250895     -1.31860950199924      c
   -0.03108349309058      2.89042267228442     -2.25912585295706      h
    2.61602035307572      1.11829427193148     -1.18449302477716      h
   -0.54655675198207      1.13175212194738      1.31860951650389      c
    0.03108355791795      2.89042267114011      2.25912586143698      h
   -2.61602033000347      1.11829431724647      1.18449305513028      h
    0.33554212925654     -1.02797428743499      2.64690176441673      o
   -0.58990127237590     -1.17771035095809      4.20465299112531      h
  -.62013723771911D-06  0.53194303923890D-06  -.17014826098106D-06
  0.20314894557915D-02  -.13465685476392D-02  0.84262524601682D-03
  -.32971525379022D-02  0.13477499043540D-02  -.13674489498142D-02
  -.25756176516110D-06  0.79694680745670D-06  0.37352336381528D-06
  -.92066999311188D-07  0.76568455536777D-06  -.39441700751599D-06
  0.32971525305251D-02  0.13477501435976D-02  0.13674486365446D-02
  0.25754881440530D-06  0.79686073051694D-06  -.37366330984295D-06
  0.92007665595238D-07  0.76547181883730D-06  0.39468378725574D-06
  -.20314893477780D-02  -.13465685519770D-02  -.84262516772821D-03
  0.62011602611289D-06  0.53189663357260D-06  0.17026011598879D-06
$end
