$hessapprox internal
  0.144249828121D-01  0.622021714843D-03  0.620753096081D+00  0.266970055796D-02
  0.103136964403D-02  0.370253305637D+00  0.677141739201D-03  0.765926247757D-03
  0.991308028196D-03  0.421845324516D+00 -0.375155424885D-03  0.357160458094D-04
  0.101273854057D-02  0.544235956525D-04  0.418808834262D+00 -0.405041692430D-02
 -0.176435020580D-02  0.363483326498D-02 -0.171801782653D-02 -0.145639334641D-02
  0.342177596689D+00 -0.190095713021D-02 -0.123898274923D-02  0.310762072024D-03
 -0.124698715490D-02 -0.518565064111D-03  0.531750114822D-04  0.348797644590D+00
  0.711141116032D-03  0.953027549741D-04 -0.136631713519D-02  0.716416733190D-04
  0.341793727904D-03  0.190745916835D-02  0.554469212298D-03  0.319602000366D+00
  0.444476478528D-02  0.212312357659D-02 -0.335384829195D-02  0.208581786984D-02
  0.152312382632D-02  0.392634803421D-02 -0.549938226922D-03 -0.193811029059D-02
  0.342462304556D+00  0.677570141223D-03  0.766547895853D-03  0.992400576058D-03
  0.792924171251D-03  0.544030028982D-04 -0.171982228387D-02 -0.124813642761D-02
  0.718006621703D-04  0.208793561669D-02  0.421846620807D+00 -0.376350919594D-03
  0.350411212610D-04  0.101328795058D-02  0.537511851256D-04 -0.215196587314D-03
 -0.145690566476D-02 -0.518144078233D-03  0.342228882027D-03  0.152338503685D-02
  0.537299463278D-04  0.418808099215D+00 -0.404787207229D-02 -0.176355301939D-02
  0.363149247829D-02 -0.171727229016D-02 -0.145535332449D-02 -0.446555975754D-02
  0.539600788613D-04  0.190600255506D-02  0.392206831853D-02 -0.171907584288D-02
 -0.145586481982D-02  0.342186469324D+00 -0.190296798998D-02 -0.123985529048D-02
  0.312578099833D-03 -0.124783644915D-02 -0.519289459716D-03  0.509381358398D-04
  0.110525070486D-02  0.555418990370D-03 -0.547969260907D-03 -0.124898661520D-02
 -0.518868733629D-03  0.517254172965D-04  0.348797678358D+00  0.710657670856D-03
  0.951104331574D-04 -0.136582127948D-02  0.714562039219D-04  0.341612565210D-03
  0.190683003087D-02  0.554427541714D-03 -0.512492746339D-03 -0.193753530189D-02
  0.716149908401D-04  0.342047628785D-03  0.190537400501D-02  0.555377005358D-03
  0.319602485966D+00  0.444889913557D-02  0.212546382728D-02 -0.335572733666D-02
  0.208814987343D-02  0.152439389895D-02  0.392808744597D-02 -0.551410346717D-03
 -0.193961005272D-02 -0.322068737596D-02  0.209026985903D-02  0.152465476430D-02
  0.392380490355D-02 -0.549440498316D-03 -0.193903475469D-02  0.342460571013D+00
 -0.233206179622D-03  0.624037516854D-03  0.267283484236D-02  0.679236389551D-03
 -0.375130331580D-03 -0.405568651266D-02 -0.190448925388D-02  0.711513619482D-03
  0.445102931480D-02  0.679666470026D-03 -0.376327778927D-03 -0.405313915214D-02
 -0.190650272106D-02  0.711029592414D-03  0.445517043376D-02  0.144281103575D-01
  0.623068793965D-03  0.739463700601D-03  0.102995821736D-02  0.766221355726D-03
  0.361483208909D-04 -0.176246726650D-02 -0.123863119211D-02  0.946944289491D-04
  0.212129947303D-02  0.766843368037D-03  0.354737524497D-04 -0.176167166631D-02
 -0.123950279418D-02  0.945023555279D-04  0.212363850021D-02  0.625085600124D-03
  0.620753727589D+00  0.267007431228D-02  0.103112055985D-02 -0.284412209736D-02
  0.991024849927D-03  0.101303827013D-02  0.363740180957D-02  0.311839964111D-03
 -0.136683468925D-02 -0.335660885037D-02  0.992117261192D-03  0.101358839038D-02
  0.363405931241D-02  0.313657268144D-03 -0.136633852130D-02 -0.335849034939D-02
  0.267320802148D-02  0.102970842603D-02  0.370249837269D+00 -0.434748609846D-02
 -0.180768690724D-02  0.419362417749D-02 -0.175172565964D-02 -0.159775773164D-02
 -0.524835859571D-02 -0.169179144182D-03  0.211872400155D-02  0.471543993672D-02
 -0.175359912656D-02 -0.159844615518D-02 -0.524332302394D-02 -0.171803619811D-03
  0.211799560740D-02  0.471778622053D-02 -0.435292037973D-02 -0.180555441357D-02
  0.419640782845D-02  0.493969530459D+00 -0.473858961683D-02 -0.301371937719D-02
  0.102840174958D-02 -0.302826140691D-02 -0.132264961995D-02 -0.258686263948D-03
  0.255857470855D-02  0.144412265528D-02 -0.935669186718D-03 -0.303107124285D-02
 -0.132172051419D-02 -0.256493231652D-03  0.255842421490D-02  0.144397265636D-02
 -0.938922565750D-03 -0.474720166907D-02 -0.301274624836D-02  0.103111185882D-02
 -0.838956959090D-03  0.390256793495D+00 -0.434566327938D-02 -0.180670444657D-02
  0.419262817663D-02 -0.175075040754D-02 -0.159717795284D-02 -0.524733338597D-02
 -0.169698470672D-03  0.211802184351D-02  0.471477018766D-02 -0.175262292371D-02
 -0.159786644914D-02 -0.524229921636D-02 -0.172322429089D-03  0.211729361620D-02
  0.471711673813D-02 -0.435109470353D-02 -0.180457255624D-02  0.419541073016D-02
 -0.611243583016D-02 -0.840069534690D-03  0.493972149151D+00 -0.473821323286D-02
 -0.301256368741D-02  0.103143103155D-02 -0.302703822586D-02 -0.132291238607D-02
 -0.263462220839D-03  0.255596263575D-02  0.144476776069D-02 -0.930259598774D-03
 -0.302984716431D-02 -0.132198482900D-02 -0.261266468628D-03  0.255580977410D-02
  0.144461720820D-02 -0.933507616471D-03 -0.474682223968D-02 -0.301158944927D-02
  0.103414121002D-02 -0.844005579017D-03  0.588397396527D-02 -0.845115835331D-03
  0.390243907054D+00  0.109266186260D-02 -0.256924699777D-03 -0.346876889649D-02
 -0.322480665233D-03  0.687077374873D-03  0.504219505306D-02  0.191230115423D-02
 -0.112227937727D-02 -0.532645189449D-02 -0.322533204137D-03  0.688395222245D-03
  0.503868300598D-02  0.191480812890D-02 -0.112165737124D-02 -0.533100254941D-02
  0.109219475051D-02 -0.258381729229D-03 -0.346968934887D-02  0.550711559962D-02
  0.484946378116D-02  0.550505470014D-02  0.485009120857D-02  0.398867890742D+00
  0.000000000000D+00  0.000000000000D+00  0.000000000000D+00  0.000000000000D+00
  0.000000000000D+00  0.000000000000D+00  0.000000000000D+00  0.000000000000D+00
  0.000000000000D+00  0.000000000000D+00  0.000000000000D+00  0.000000000000D+00
  0.000000000000D+00  0.000000000000D+00  0.000000000000D+00  0.000000000000D+00
  0.000000000000D+00  0.000000000000D+00  0.000000000000D+00  0.000000000000D+00
  0.000000000000D+00  0.000000000000D+00  0.000000000000D+00  0.000000000000D+00
$end
