$coord
    0.81436278010018      0.02311592377112     -4.75114736824554  h
   -0.36994440011203     -0.09937106913542     -3.37734695978773  o
    0.97210137519287      0.10240990865766     -1.05190946760568  c
    2.09506405592405      1.84092676759509     -0.97051039846554  h
    2.24853280967430     -1.50622983505606     -0.77569915844833  h
   -0.97210096035742      0.10241105426848      1.05190902316980  c
   -2.09506095575355      1.84092976369854      0.97051026190823  h
   -2.24853501914779     -1.50622636341024      0.77569698494355  h
    0.36994366421612     -0.09937315297187      3.37734668299353  o
   -0.81436668101157      0.02309358577711      4.75114619898221  h
$user-defined bonds
$intdef
# definitions of internal coordinates
   1 f  1.0000000000000 tors    2    3    6    9 val= 171.00000
$redundant
     number_of_atoms            10
     degrees_of_freedom         24
     internal_coordinates       25
     frozen_coordinates          1
# definitions of redundant internals
   1 k  1.0000000000000 tors   1    2    3    6 val= 175.76618
   2 k  1.0000000000000 stre   2    1           val=   1.81794
   3 k  1.0000000000000 bend   3    1    2      val= 108.83905
   4 k  1.0000000000000 stre   3    4           val=   2.07126
   5 k  1.0000000000000 stre   3    5           val=   2.07203
   6 k  0.0831116152937 bend   5    4    3      val=   0.96496
       -0.5097015432332 bend   2    4    3
       -0.5083621592203 bend   2    5    3
        0.4942861119657 bend   6    4    3
        0.4801520080346 bend   6    5    3
   7 k  0.0127020020987 bend   5    4    3      val=   0.34056
       -0.5427666693725 bend   2    4    3
        0.5378361656770 bend   2    5    3
       -0.4538379242407 bend   6    4    3
        0.4582645515112 bend   6    5    3
   8 k -0.8857739048653 bend   5    4    3      val=   2.59498
        0.1815623738975 bend   2    4    3
        0.1907804768825 bend   2    5    3
        0.2635744270429 bend   6    4    3
        0.2767146994540 bend   6    5    3
   9 k -0.0028318302498 bend   5    4    3      val=   0.37894
       -0.4509604947066 bend   2    4    3
        0.4612702611560 bend   2    5    3
        0.5374596665948 bend   6    4    3
       -0.5431330094077 bend   6    5    3
  10 k  1.0000000000000 stre   6    7           val=   2.07126
  11 k  1.0000000000000 stre   6    8           val=   2.07203
  12 k  0.0831126835456 bend   8    7    6      val=   0.96499
       -0.5097014313586 bend   9    7    6
       -0.5083623289654 bend   9    8    6
        0.4942860956804 bend   3    7    6
        0.4801517789312 bend   3    8    6
  13 k  0.0127020162586 bend   8    7    6      val=   0.34056
       -0.5427671975312 bend   9    7    6
        0.5378364588897 bend   9    8    6
       -0.4538373256584 bend   3    7    6
        0.4582641742437 bend   3    8    6
  14 k -0.8857738930160 bend   8    7    6      val=   2.59497
        0.1815618352401 bend   9    7    6
        0.1907798229089 bend   9    8    6
        0.2635747950292 bend   3    7    6
        0.2767151911835 bend   3    8    6
  15 k -0.0028319325421 bend   8    7    6      val=   0.37895
       -0.4509599698640 bend   9    7    6
        0.4612698143328 bend   9    8    6
        0.5374601371305 bend   3    7    6
       -0.5431333585035 bend   3    8    6
  16 k  1.0000000000000 tors  10    9    6    3 val= 175.76691
  17 k  1.0000000000000 stre   9   10           val=   1.81794
  18 k  1.0000000000000 bend   6   10    9      val= 108.83904
  19 k  1.0000000000000 tors   2    3    6    9 val= 171.00000
  20 k  1.0000000000000 stre   3    2           val=   2.69248
  21 k  1.0000000000000 bend   6    2    3      val= 107.21806
  22 k  1.0000000000000 stre   6    9           val=   2.69248
  23 k  1.0000000000000 bend   3    9    6      val= 107.21808
  24 k  1.0000000000000 stre   3    6           val=   2.86461
  25 f  1.0000000000000 tors   2    3    6    9 val= 171.00000
        24 non zero eigenvalues  of BmBt
           1           3.931896989    1    0
         1
           2           3.756141509    2    0
         2
           3           3.720506904    3    0
         3
           4           3.094416287    4    0
         4
           5           2.996184917    5    0
         5
           6           2.448243282    6    0
         6
           7           2.136429828    7    0
         7
           8           1.674216179    8    0
         8
           9           1.249715449    9    0
         9
          10           1.176520545   10    0
        10
          11           1.064294534   11    0
        11
          12           0.880548233   12    0
        12
          13           0.766752961   13    0
        13
          14           0.753812085   14    0
        14
          15           0.583756342   15    0
        15
          16           0.387994418   16    0
        16
          17           0.353536223   17    0
        17
          18           0.340486698   18    0
        18
          19           0.279426846   20    0
        20
          20           0.258430659   21    0
        21
          21           0.139515646   22    0
        22
          22           0.067026343   23    0
        23
          23           0.064379936   24    0
        24
          24           0.000000000    0    1
         0.000000000         0.000000000         0.000000000         0.000000000
         0.000000000         0.000000000         0.000000000         0.000000000
         0.000000000         0.000000000         0.000000000         0.000000000
         0.000000000         0.000000000         0.000000000         0.000000000
         0.000000000         0.000000000         0.000000000         0.000000000
         0.000000000         0.000000000         0.000000000         0.000000000
         1.000000000
$end
