$energy      SCF               SCFKIN            SCFPOT
     1 -230.2268647024      229.2936535858     -459.5205182883
     2 -230.2269225364      229.2913254818     -459.5182480181
     3 -230.2269403149      229.2918329522     -459.5187732671
     4 -230.2269406627      229.2915850147     -459.5185256774
     5 -230.2269407057      229.2916689472     -459.5186096529
     6 -230.2269406968      229.2916499324     -459.5185906292
     7 -230.2269407111      229.2916435070     -459.5185842181
     8 -230.2269407113      229.2916668403     -459.5186075516
     9 -230.2269407113      229.2916774390     -459.5186181504
    10 -230.2269407118      229.2916778689     -459.5186185807
    11 -230.2269407117      229.2916786669     -459.5186193786
$end
