$grad          cartesian gradients
  cycle =      1    SCF energy =     -230.2268647024   |dE/dxyz| =  0.001915
    0.82455432736874     -0.10043803093194     -4.74558006347620      h
   -0.37062652011481     -0.09621029036858     -3.37581001381261      o
    0.97216532174904      0.10559492594578     -1.05116123637230      c
    2.07425878480800      1.85758145536971     -0.96144186064194      h
    2.26780859923695     -1.48857487204109     -0.78273558174879      h
   -0.97216088215943      0.10562972992074      1.05116062536263      c
   -2.07422356987174      1.85763759427462      0.96143173222281      h
   -2.26783054618898     -1.48851655252318      0.78273867429228      h
    0.37062448911093     -0.09618047072588      3.37581263467418      o
   -0.82458826038596     -0.10088223108814      4.74555277959647      h
  -.10245022711153D-04  -.29793229121554D-03  0.67630820315534D-04
  -.36553870442302D-04  -.58348799471136D-03  0.16657039829076D-03
  -.11565096774206D-03  0.38710369180361D-03  0.19284924214903D-03
  -.60175828673760D-03  0.24829091533827D-03  0.46484881468861D-03
  0.60142058213490D-03  0.24616509197116D-03  -.32862158943789D-03
  0.11532197482097D-03  0.38808043234571D-03  -.19268000626205D-03
  0.60126760117863D-03  0.24874723199791D-03  -.46441774423657D-03
  -.60081675999752D-03  0.24659355652489D-03  0.32819790943707D-03
  0.36708925662439D-04  -.58251882325716D-03  -.16649686337594D-03
  0.10305985154205D-04  -.29868775641689D-03  -.67881000314694D-04
  cycle =      2    SCF energy =     -230.2269225364   |dE/dxyz| =  0.001760
    0.82316521149408     -0.04737191832039     -4.74942842482193      h
   -0.36852390035578     -0.10550608583511     -3.37772276787797      o
    0.97248413195949      0.09623665451498     -1.05177390903340      c
    2.08696775301437      1.84074583527072     -0.96451342094610      h
    2.25683976105924     -1.50612959783484     -0.78055469571455      h
   -0.97247740612200      0.09625111872746      1.05177076090209      c
   -2.08692826216235      1.84078280966234      0.96452838934825      h
   -2.25686243298864     -1.50608697727782      0.78052865555228      h
    0.36852023073128     -0.10553814036233      3.37772164456079      o
   -0.82320334307694     -0.04774244071296      4.74941145812708      h
  0.32702861286620D-05  -.15069942067816D-03  -.12062721638735D-04
  0.68701649217172D-04  -.89460483402871D-03  0.28244382068044D-04
  -.92629145570348D-04  0.62739463879087D-03  -.91863650562115D-04
  -.16513576499736D-03  0.20978259581987D-03  0.29398596027975D-03
  0.17410372752934D-03  0.20839897546782D-03  -.28007082449089D-03
  0.92580559521742D-04  0.62841588687643D-03  0.91608748771292D-04
  0.16497119419161D-03  0.20981947706513D-03  -.29363567100449D-03
  -.17387150911493D-03  0.20852974610540D-03  0.27979643368225D-03
  -.68775664371225D-04  -.89391389682768D-03  -.27975632276777D-04
  -.32172581546952D-05  -.15123493330790D-03  0.11970376263898D-04
  cycle =      3    SCF energy =     -230.2269403149   |dE/dxyz| =  0.002066
    0.81948816164151      0.00346682315206     -4.75003396731733      h
   -0.36671620427653     -0.11490718154152     -3.37746948817002      o
    0.97322624171224      0.08682014705131     -1.05101402658649      c
    2.09691052178494      1.82507025781957     -0.96695680890403      h
    2.24850447870318     -1.52244860358290     -0.77502745788129      h
   -0.97322331465867      0.08680865740541      1.05100993387289      c
   -2.09687223349088      1.82508430174316      0.96700751932704      h
   -2.24853380867954     -1.52242539627622      0.77496693825885      h
    0.36671029694226     -0.11501986837045      3.37746113404160      o
   -0.81951239612576      0.00319212043163      4.75002391345531      h
  0.22022550975132D-04  -.56039454974896D-05  0.46068581971338D-05
  0.43801929120254D-04  -.10540468719235D-02  0.12701274246369D-03
  -.30542455353591D-04  0.97554706451698D-03  -.15554266835530D-03
  0.60572561709962D-04  0.55518729484598D-04  0.81860053238192D-04
  -.66123684187133D-04  0.29353225660137D-04  -.92470032819420D-04
  0.30647989247141D-04  0.97615068647009D-03  0.15561691074542D-03
  -.60577261860010D-04  0.55471740028966D-04  -.81742258712704D-04
  0.66118127761069D-04  0.29253320249891D-04  0.92299767647213D-04
  -.43833471977169D-04  -.10537626459484D-02  -.12703664683614D-03
  -.22087026050975D-04  -.58139718355970D-05  -.46043279749735D-05
  cycle =      4    SCF energy =     -230.2269406627   |dE/dxyz| =  0.001999
    0.81928690471862      0.00646411259024     -4.75034919711905      h
   -0.36650520219908     -0.11573914088602     -3.37778924165426      o
    0.97316200931798      0.08598193865104     -1.05099070242897      c
    2.09639083610851      1.82429260945222     -0.96779110650556      h
    2.24892987614243     -1.52299119639614     -0.77397458228454      h
   -0.97316145471752      0.08596349479105      1.05098645640016      c
   -2.09635432889893      1.82430065541504      0.96785215488275      h
   -2.24896210946782     -1.52297274989094      0.77390571740485      h
    0.36649883586136     -0.11587351093476      3.37777843135811      o
   -0.81930362331281      0.00621504504032      4.75033976004304      h
  0.49303201910799D-05  0.45695625918209D-06  -.30276570549027D-05
  0.53284936021316D-04  -.99410534464315D-03  0.53506058192961D-04
  -.80167948235663D-04  0.99078467878336D-03  -.11347444904089D-03
  0.14029996649695D-04  0.56933704671926D-05  0.34103353310205D-04
  -.18987156772690D-04  -.19470012707696D-05  -.26506759128700D-04
  0.80213531756304D-04  0.99111511200818D-03  0.11361951282740D-03
  -.14045216712591D-04  0.56914306015193D-05  -.34053761156140D-04
  0.19008836378250D-04  -.19884456222761D-05  0.26382442710796D-04
  -.53289415295083D-04  -.99393916835201D-03  -.53565007460898D-04
  -.49779484332241D-05  0.33119573816546D-06  0.30174654985768D-05
  cycle =      6    SCF energy =     -230.2269406968   |dE/dxyz| =  0.001934
    0.81434669934264      0.02340324549893     -4.75115778492578      h
   -0.36993130267371     -0.09940980527756     -3.37736386159749      o
    0.97209926038745      0.10237190130734     -1.05191602203324      c
    2.09500736269647      1.84089108270220     -0.97040052957353      h
    2.24855404034946     -1.50628075903928     -0.77573568001145      h
   -0.97209810997011      0.10237513218113      1.05191582786773      c
   -2.09500305042059      1.84089639178389      0.97039842355204      h
   -2.24855547037531     -1.50627540343308      0.77573465175530      h
    0.36993070769688     -0.09940712626364      3.37736428948117      o
   -0.81435384616703      0.02336322338886      4.75115644116229      h
  -.11456779017634D-05  0.11510891114951D-05  0.48674994081240D-06
  0.54500455184247D-04  -.95649130075213D-03  0.48547419428543D-04
  -.86247726126733D-04  0.96691346153315D-03  -.86526090832988D-04
  -.58885963168817D-05  -.49114444848705D-05  0.59757403182492D-05
  0.33082287357065D-05  -.56795329552142D-05  -.54477276748009D-06
  0.86158612627905D-04  0.96705121403135D-03  0.86491157148802D-04
  0.59070958910753D-05  -.49238158046519D-05  -.59492220825847D-05
  -.32456579441238D-05  -.56754834255794D-05  0.50051320047628D-06
  -.54472989325852D-04  -.95638290249265D-03  -.48541922060583D-04
  0.11257970466643D-05  0.10922905155721D-05  -.43994967834833D-06
  cycle =      7    SCF energy =     -230.2269407111   |dE/dxyz| =  0.001921
    0.81436107596071      0.02323519495863     -4.75114726717006      h
   -0.36993617567950     -0.09937152161132     -3.37734988547356      o
    0.97210348300811      0.10240843388271     -1.05191223264958      c
    2.09503446823443      1.84093559444366     -0.97045054242574      h
    2.24854915153837     -1.50623021153526     -0.77572591320717      h
   -0.97210263945689      0.10240985284394      1.05191207138736      c
   -2.09503048532504      1.84093926580605      0.97045122534650      h
   -2.24855120888354     -1.50622613455011      0.77572264730572      h
    0.36993532291326     -0.09937460287716      3.37734986608093      o
   -0.81436670144376      0.02320201148766      4.75114578648264      h
  -.45605997907599D-06  -.41837656542781D-07  0.55805199044054D-06
  0.54877325966200D-04  -.95386203403839D-03  0.51062668304725D-04
  -.84602187518682D-04  0.95714023694537D-03  -.83488450697052D-04
  -.23087668074156D-05  -.84991645374654D-06  0.32011607240269D-05
  0.73868742439721D-06  -.13721521229618D-05  -.12285265458639D-05
  0.84507144383439D-04  0.95727192562116D-03  0.83401284711922D-04
  0.23360665369715D-05  -.85975625980319D-06  -.31509021851588D-05
  -.67933186447714D-06  -.13664067458954D-05  0.11991610164041D-05
  -.54873612681886D-04  -.95388047004742D-03  -.51049556230334D-04
  0.46044182839700D-06  -.36816659679272D-07  -.50506754178237D-06
  cycle =      9    SCF energy =     -230.2269407113   |dE/dxyz| =  0.001914
    0.81435408124929      0.02322911702419     -4.75114870821694      h
   -0.36993702900939     -0.09940485937546     -3.37734646742155      o
    0.97210478261668      0.10237730625439     -1.05190973270478      c
    2.09505891261168      1.84090357533868     -0.97049865869021      h
    2.24854197287151     -1.50625453106671     -0.77570646964752      h
   -0.97210359115758      0.10237955511074      1.05190969371269      c
   -2.09505525251734      1.84090762589974      0.97049653930099      h
   -2.24854361232882     -1.50625028979151      0.77570591824481      h
    0.36993637850348     -0.09940306135646      3.37734677847066      o
   -0.81435997411433      0.02320214515682      4.75114690639637      h
  -.60808040321476D-07  0.10735852940766D-05  -.38589133936219D-06
  0.55017733919016D-04  -.95340503151146D-03  0.52148671280341D-04
  -.84893628710897D-04  0.95065945543197D-03  -.81061017858969D-04
  0.29041086677279D-06  0.15286916137105D-05  0.66795444465667D-06
  -.61728961613000D-06  0.11947103034578D-05  -.92892614713467D-06
  0.85023284824359D-04  0.95065081603128D-03  0.81253531205663D-04
  -.32171749126147D-06  0.15632603325331D-05  -.70398136863786D-06
  0.55700809299057D-06  0.11556708237349D-05  0.90661450875850D-06
  -.55053371284766D-04  -.95331674003558D-03  -.52178050466265D-04
  0.58043810407052D-07  0.10389231009237D-05  0.28085964925347D-06
  cycle =     10    SCF energy =     -230.2269407118   |dE/dxyz| =  0.001915
    0.81436448026012      0.02309459615017     -4.75114784808314      h
   -0.36994494530002     -0.09936712276823     -3.37734702730966      o
    0.97210129078917      0.10241366282530     -1.05191042754533      c
    2.09505971411119      1.84093375046743     -0.97050626865153      h
    2.24853634225585     -1.50622317779026     -0.77570482914120      h
   -0.97210072587301      0.10241477345955      1.05191013121314      c
   -2.09505660745145      1.84093668995837      0.97050628701895      h
   -2.24853840005925     -1.50621973798325      0.77570235008061      h
    0.36994414320227     -0.09936949802834      3.37734686755327      o
   -0.81436862320970      0.02307264690369      4.75114656430939      h
  -.31522080114591D-06  0.61722583375534D-09  -.10879575205034D-06
  0.55055757472807D-04  -.95240820758958D-03  0.51152485903903D-04
  -.85595881541904D-04  0.95249949404542D-03  -.80080553747873D-04
  -.24078522233208D-06  0.51067220778471D-06  0.60478576120127D-06
  0.15373913789530D-07  0.44555563581652D-06  -.66773752795782D-06
  0.85649387376221D-04  0.95253987658658D-03  0.80189155747847D-04
  0.21533294877092D-06  0.52594367126538D-06  -.61458397481100D-06
  -.32898817585178D-07  0.44162506875290D-06  0.62646556401276D-06
  -.55049120867652D-04  -.95242312808876D-03  -.51189820252397D-04
  0.29785948955364D-06  0.99884607420147D-08  0.88498895411114D-07
$end
