$hessapprox internal
  0.166078377969D-01 -0.147280874639D-03  0.620080186622D+00  0.774594543225D-03
 -0.167756705137D-03  0.372257149014D+00  0.298058682743D-03 -0.497602944631D-03
 -0.380728610513D-03  0.421307010035D+00 -0.510611613356D-03  0.516564939265D-03
  0.317763376902D-03  0.186455458702D-02  0.420707037047D+00 -0.137372786665D-02
  0.408904834959D-03 -0.121799660016D-03  0.111794395693D-02 -0.101170556011D-02
  0.346010723788D+00  0.300205153162D-02 -0.100216729505D-02  0.158056835893D-03
 -0.287461099812D-02  0.264773669473D-02  0.474755837432D-03  0.345214637872D+00
 -0.270546529776D-03  0.127843774957D-03  0.231252320956D-04  0.408217254561D-03
 -0.389600311285D-03 -0.143726977788D-03  0.414208229231D-03  0.320731420379D+00
 -0.703884310524D-02  0.235639439538D-02 -0.363985208861D-03  0.676640770915D-02
 -0.623478399652D-02 -0.113099646169D-02  0.420318943898D-02 -0.977303075565D-03
  0.335196833668D+00  0.398535244699D-03 -0.538002810616D-03 -0.382267620991D-03
 -0.199114509828D-02  0.198076416541D-02  0.115228027261D-02 -0.298045478307D-02
  0.428404337005D-03  0.701645995919D-02  0.421054373979D+00 -0.435909768585D-03
  0.475171312781D-03  0.305309808059D-03  0.172761869451D-02 -0.171074276872D-02
 -0.955628686058D-03  0.249205905197D-02 -0.364119068181D-03 -0.586774542062D-02
  0.183652515175D-02  0.420962108703D+00 -0.161747482490D-02  0.488327844685D-03
 -0.136571043493D-03  0.134360746416D-02 -0.121885348934D-02 -0.116921218561D-03
  0.605556139067D-03 -0.175563171608D-03 -0.144122567421D-02  0.138598531410D-02
 -0.115073055147D-02  0.345934521419D+00  0.278734497431D-02 -0.966397219889D-03
  0.110999399083D-03 -0.281172391641D-02  0.260282563779D-02  0.537377444296D-03
 -0.189001115481D-02  0.417692146990D-03  0.447520212165D-02 -0.292018561304D-02
  0.244732582535D-02  0.678004246342D-03  0.344996623494D+00 -0.183904832821D-03
  0.969739720001D-04  0.257486809777D-04  0.317517481148D-03 -0.305353450616D-03
 -0.124789684164D-03  0.349830645282D-03 -0.581841487126D-04 -0.824953238724D-03
  0.334097534843D-03 -0.284959136652D-03 -0.151811041926D-03  0.350315104796D-03
  0.320756602081D+00 -0.683829137992D-02  0.231057061814D-02 -0.332389569819D-03
  0.665833512053D-02 -0.614289738781D-02 -0.115610441727D-02  0.422791454670D-02
 -0.969112239796D-03 -0.100170743765D-01  0.690731087110D-02 -0.577981235761D-02
 -0.146888154279D-02  0.448819042707D-02 -0.816589211958D-03  0.335092079123D+00
  0.228423807493D-02 -0.148423194294D-03  0.731788606982D-03  0.253560784560D-03
 -0.456119554352D-03 -0.129060328636D-02  0.281336993766D-02 -0.251113688054D-03
 -0.659601617328D-02  0.347278463846D-03 -0.387177801915D-03 -0.151915650243D-02
  0.260983416488D-02 -0.170043468164D-03 -0.640670206302D-02  0.163958374982D-01
 -0.128295327572D-03 -0.905231810254D-04 -0.139543142619D-03 -0.407161007450D-03
  0.423356182423D-03  0.338397243298D-03 -0.828131137237D-03  0.105262715529D-03
  0.194711630976D-02 -0.440475646442D-03  0.389317479969D-03  0.404047365601D-03
 -0.798209571963D-03  0.797734513846D-04  0.190903651142D-02 -0.128862184789D-03
  0.620118394908D+00  0.585113994930D-03 -0.816445165656D-04  0.144008469928D-03
 -0.108440471847D-03  0.586807614563D-04 -0.213248773967D-03  0.424937982817D-03
 -0.240961812147D-04 -0.993832042468D-03 -0.968129725818D-04  0.630282415813D-04
 -0.248487429586D-03  0.380961088423D-03 -0.125685883782D-04 -0.957450684517D-03
  0.555696440330D-03 -0.686164772566D-04  0.372251850595D+00 -0.697763670206D-03
  0.488019963260D-03  0.217272870205D-03  0.168199439587D-02 -0.164169507944D-02
 -0.796474989907D-03  0.214130985337D-02 -0.331491260185D-03 -0.504517161139D-02
  0.177897547105D-02 -0.152767224558D-02 -0.963151118117D-03  0.212068812331D-02
 -0.262507046120D-03 -0.498009718397D-02 -0.637399719683D-03  0.400689347599D-03
 -0.225032503143D-05  0.491004707343D+00  0.684385408368D-03 -0.121420387972D-03
  0.142626755409D-03 -0.229874043560D-03  0.172935538435D-03 -0.179699322672D-03
  0.321308815487D-03 -0.427979412542D-05 -0.749002610558D-03 -0.223629606045D-03
  0.170110038523D-03 -0.207067381560D-03  0.274719332477D-03  0.371356060492D-05
 -0.713646130758D-03  0.648299062750D-03 -0.101417727597D-03  0.137377380533D-03
  0.930529092491D-04  0.382213539617D+00 -0.898054964240D-03  0.582618491307D-03
  0.234346253612D-03  0.198401977748D-02 -0.192993565942D-02 -0.902752918213D-03
  0.244763894320D-02 -0.384701776437D-03 -0.576794150540D-02  0.209593246414D-02
 -0.179706283936D-02 -0.109297299007D-02  0.242960520470D-02 -0.305548674455D-03
 -0.569681625394D-02 -0.823307507730D-03  0.478579263021D-03 -0.201069852674D-04
 -0.168446450729D-02  0.898536408067D-04  0.490475430012D+00  0.768968763018D-03
 -0.161837460676D-03  0.134950659857D-03 -0.359279769794D-03  0.296542727286D-03
 -0.133559282654D-03  0.188773507281D-03  0.186225995312D-04 -0.436312558351D-03
 -0.359473756936D-03  0.285614052086D-03 -0.150734701108D-03  0.141178633249D-03
  0.222225149876D-04 -0.403641272218D-03  0.726777953056D-03 -0.134692724963D-03
  0.144741218781D-03  0.198344044900D-03  0.144681951117D-03  0.212086202681D-03
  0.382208410332D+00  0.169731295913D-02 -0.866179049759D-03 -0.208941178522D-03
 -0.281590690399D-02  0.270223659743D-02  0.107419437185D-02 -0.303331681919D-02
  0.510421270604D-03  0.715406315463D-02 -0.296075083460D-02  0.252280652906D-02
  0.130818466137D-02 -0.304317884216D-02  0.410582020919D-03  0.708487128899D-02
  0.157124763544D-02 -0.712727303647D-03  0.126905011223D-03  0.231637137777D-02
 -0.153208884875D-04  0.269395066546D-02 -0.177729241413D-03  0.389846864982D+00
  0.000000000000D+00  0.000000000000D+00  0.000000000000D+00  0.000000000000D+00
  0.000000000000D+00  0.000000000000D+00  0.000000000000D+00  0.000000000000D+00
  0.000000000000D+00  0.000000000000D+00  0.000000000000D+00  0.000000000000D+00
  0.000000000000D+00  0.000000000000D+00  0.000000000000D+00  0.000000000000D+00
  0.000000000000D+00  0.000000000000D+00  0.000000000000D+00  0.000000000000D+00
  0.000000000000D+00  0.000000000000D+00  0.000000000000D+00  0.000000000000D+00
$end
