$coord
    0.79289767274478     -1.18979638324061     -4.27144199439644  h
   -0.38328526438421     -0.82720899249215     -2.93253286556619  o
    0.74302525104278      0.92792261563819     -1.22383568184467  c
    0.71302066741630      2.83218754213821     -2.04586223748271  h
    2.70608215913250      0.43070897191990     -0.79797337316593  h
   -0.74302495400646      0.92792289583613      1.22383577471576  c
   -0.71301974085542      2.83218783891663      2.04586227034290  h
   -2.70608203397188      0.43070984838606      0.79797351825673  h
    0.38328506062029     -0.82720907100146      2.93253291898542  o
   -0.79289707835040     -1.18979427798011      4.27144334965450  h
$user-defined bonds
$intdef
# definitions of internal coordinates
   1 f  1.0000000000000 tors    2    3    6    9 val=  93.00000
$redundant
     number_of_atoms            10
     degrees_of_freedom         24
     internal_coordinates       25
     frozen_coordinates          1
# definitions of redundant internals
   1 k  1.0000000000000 tors   1    2    3    6 val= 196.10061
   2 k  1.0000000000000 stre   2    1           val=   1.81867
   3 k  1.0000000000000 bend   3    1    2      val= 109.03828
   4 k  1.0000000000000 stre   3    5           val=   2.06934
   5 k  1.0000000000000 stre   3    4           val=   2.07433
   6 k  0.0726609800385 bend   4    5    3      val=   0.87502
       -0.5228493231405 bend   2    5    3
       -0.4928508637376 bend   2    4    3
        0.4821038002768 bend   6    5    3
        0.4960069748936 bend   6    4    3
   7 k  0.0097865092503 bend   4    5    3      val=   0.12311
       -0.5274600487539 bend   2    5    3
        0.5494947252234 bend   2    4    3
       -0.4702641146913 bend   6    5    3
        0.4456426041016 bend   6    4    3
   8 k -0.8908834523822 bend   4    5    3      val=   0.94584
        0.1759907917292 bend   2    5    3
        0.1989731836240 bend   2    4    3
        0.2620362575743 bend   6    5    3
        0.2590378107790 bend   6    4    3
   9 k -0.0085053162850 bend   4    5    3      val=   1.18479
        0.4589015966473 bend   2    5    3
       -0.4569260678778 bend   2    4    3
       -0.5306700418981 bend   6    5    3
        0.5467585018224 bend   6    4    3
  10 k  1.0000000000000 stre   6    8           val=   2.06934
  11 k  1.0000000000000 stre   6    7           val=   2.07433
  12 k  0.0726609984204 bend   7    8    6      val=   0.87502
       -0.5228493083634 bend   9    8    6
       -0.4928508832466 bend   9    7    6
        0.4821038052112 bend   3    8    6
        0.4960069635967 bend   3    7    6
  13 k  0.0097864967033 bend   7    8    6      val=   0.12311
       -0.5274600636074 bend   9    8    6
        0.5494947147547 bend   9    7    6
       -0.4702640989221 bend   3    8    6
        0.4456426163455 bend   3    7    6
  14 k -0.8908834425829 bend   7    8    6      val=   0.94585
        0.1759908060934 bend   9    8    6
        0.1989731670284 bend   9    7    6
        0.2620362722696 bend   3    8    6
        0.2590378326035 bend   3    7    6
  15 k -0.0085053029172 bend   7    8    6      val=   1.18479
        0.4589015926169 bend   9    8    6
       -0.4569260686520 bend   9    7    6
       -0.5306700540039 bend   3    8    6
        0.5467584930165 bend   3    7    6
  16 k  1.0000000000000 tors  10    9    6    3 val= 196.10053
  17 k  1.0000000000000 stre   9   10           val=   1.81867
  18 k  1.0000000000000 bend   6   10    9      val= 109.03828
  19 k  1.0000000000000 tors   2    3    6    9 val=  93.00000
  20 k  1.0000000000000 stre   3    2           val=   2.69605
  21 k  1.0000000000000 bend   6    2    3      val= 108.96209
  22 k  1.0000000000000 stre   6    9           val=   2.69605
  23 k  1.0000000000000 bend   3    9    6      val= 108.96209
  24 k  1.0000000000000 stre   3    6           val=   2.86347
  25 f  1.0000000000000 tors   2    3    6    9 val=  93.00000
        24 non zero eigenvalues  of BmBt
           1           4.226289391    1    0
         1
           2           3.813459417    2    0
         2
           3           3.758900275    3    0
         3
           4           3.019066219    4    0
         4
           5           2.902415972    5    0
         5
           6           2.444922722    6    0
         6
           7           2.080474443    7    0
         7
           8           1.728426095    8    0
         8
           9           1.256279186    9    0
         9
          10           1.233300639   10    0
        10
          11           1.045424471   11    0
        11
          12           0.837560681   12    0
        12
          13           0.770034345   13    0
        13
          14           0.727675172   14    0
        14
          15           0.562597229   15    0
        15
          16           0.486098640   16    0
        16
          17           0.354565120   17    0
        17
          18           0.349799020   18    0
        18
          19           0.280664730   20    0
        20
          20           0.253749512   21    0
        21
          21           0.101447356   22    0
        22
          22           0.078290070   23    0
        23
          23           0.066114627   24    0
        24
          24           0.000000000    0    1
         0.000000000         0.000000000         0.000000000         0.000000000
         0.000000000         0.000000000         0.000000000         0.000000000
         0.000000000         0.000000000         0.000000000         0.000000000
         0.000000000         0.000000000         0.000000000         0.000000000
         0.000000000         0.000000000         0.000000000         0.000000000
         0.000000000         0.000000000         0.000000000         0.000000000
         1.000000000
$end
