$energy      SCF               SCFKIN            SCFPOT
     1 -230.2242414272      229.3128651444     -459.5371065716
     2 -230.2248804108      229.2828319279     -459.5077123387
     3 -230.2250192811      229.2884367472     -459.5134560283
     4 -230.2250553307      229.2932908692     -459.5183461999
     5 -230.2250588999      229.2913453489     -459.5164042489
     6 -230.2250590110      229.2917980716     -459.5168570826
     7 -230.2250590251      229.2917833444     -459.5168423695
     8 -230.2250587791      229.2917753839     -459.5168341629
     9 -230.2250587795      229.2917744379     -459.5168332174
    10 -230.2250587798      229.2917722515     -459.5168310313
    11 -230.2250587797      229.2917640582     -459.5168228379
    12 -230.2250587795      229.2917741475     -459.5168329271
    13 -230.2250587796      229.2917582544     -459.5168170340
$end
