$grad          cartesian gradients
  cycle =      1    SCF energy =     -230.2242414272   |dE/dxyz| =  0.011340
    0.56687215914225     -0.88038861683487     -4.43357013509507      h
   -0.37719422670361     -0.84402751318579     -2.88045660086963      o
    0.76926528629726      0.92654657375451     -1.20758326374445      c
    0.77621721074645      2.83562113407177     -2.01225857764389      h
    2.72512100016740      0.40100754858324     -0.77105338064779      h
   -0.76928936845868      0.92653010089595      1.20757949946673      c
   -0.77632311277342      2.83561026646583      2.01224616738573      h
   -2.72511876939659      0.40091119927708      0.77103772994162      h
    0.37723526628202     -0.84398326032185      2.88047237543260      o
   -0.56713293740113     -0.88073868472206      4.43339266391212      h
  -.68072120559611D-03  0.10674141330236D-02  0.88416602785837D-03
  -.19931173790390D-02  -.35752124001320D-03  0.33512922965339D-02
  0.59456353858262D-02  -.50777293535453D-03  0.79135865285190D-03
  0.97482687885985D-03  0.14695744192929D-03  0.26525423099440D-02
  0.98198765903762D-03  -.35411189001468D-03  -.11191563904931D-02
  -.59460050072453D-02  -.50726889679407D-03  -.79178074320385D-03
  -.97491129490859D-03  0.14704893108440D-03  -.26521948033777D-02
  -.98169384126519D-03  -.35399881786321D-03  0.11188381804824D-02
  0.19939803404721D-02  -.35686814382837D-03  -.33504175353988D-02
  0.68001749828225D-03  0.10668901858287D-02  -.88464276652387D-03
  cycle =      2    SCF energy =     -230.2248804108   |dE/dxyz| =  0.005432
    0.64017285179086     -0.95515666791029     -4.41941893487326      h
   -0.39290744797127     -0.82068754368760     -2.92742863119597      o
    0.74329208837136      0.93700411691285     -1.22777425301519      c
    0.72487260708887      2.84613105217942     -2.03755439886758      h
    2.70781089472027      0.43147512245663     -0.81597500443773      h
   -0.74334513055686      0.93697269723426      1.22776532445880      c
   -0.72497771916902      2.84608805064212      2.03757768025847      h
   -2.70784721296265      0.43139999204485      0.81594744269520      h
    0.39289798420921     -0.82071290660886      2.92739583300965      o
   -0.64031640761882     -0.95542516527956      4.41927142010558      h
  -.22516042129049D-03  0.21701572549104D-03  -.47188533936556D-03
  -.10732287498830D-02  0.44659019835376D-03  -.25442280719355D-03
  0.32292455002015D-02  -.91140662155782D-03  0.30438189501649D-03
  0.78448327513203D-03  0.18003550878914D-03  0.67351023876972D-03
  0.85550138774558D-04  0.61571272465196D-04  -.74210218707073D-03
  -.32297730926338D-02  -.91049309402554D-03  -.30393706264261D-03
  -.78459815282858D-03  0.18030767633991D-03  -.67298914431242D-03
  -.85206126472288D-04  0.61674580521109D-04  0.74169685862508D-03
  0.10740470776565D-02  0.44710397917846D-03  0.25404346745486D-03
  0.22464427522433D-03  0.21675187941651D-03  0.47169993887517D-03
  cycle =      3    SCF energy =     -230.2250192811   |dE/dxyz| =  0.005238
    0.68265093887500     -1.03807834152357     -4.36223942046011      h
   -0.41506491681544     -0.79860301614246     -2.93114695122866      o
    0.72840370147493      0.95485574042198     -1.23359014173909      c
    0.68944451910573      2.86183954744389     -2.04916499287841      h
    2.69794465246987      0.45876689491867     -0.83439931853003      h
   -0.72847018972157      0.95480844427190      1.23357380061091      c
   -0.68954648628159      2.86176789446615      2.04920718052325      h
   -2.69800072632363      0.45869859513321      0.83436058844859      h
    0.41502421257070     -0.79867931014819      2.93108374613895      o
   -0.68273319745205     -1.03828770085778      4.36212198725257      h
  0.11117735573178D-04  0.11425946008966D-03  -.32493210214195D-03
  -.11917643610855D-02  0.15752879104380D-02  -.73858797466379D-03
  0.21444650097155D-02  -.18057271853767D-02  0.11023646946879D-02
  0.17644037740947D-03  0.55478402685943D-04  0.66565335320260D-04
  0.23417860192915D-04  0.56558472719286D-04  -.19250287532938D-03
  -.21445470244524D-02  -.18053943472131D-02  -.11025262310002D-02
  -.17650273214956D-03  0.55420749463503D-04  -.66371471176650D-04
  -.23286194811073D-04  0.56632945990562D-04  0.19226617004285D-03
  0.11918692140103D-02  0.15754874902618D-02  0.73878726923852D-03
  -.11210482246223D-04  0.11407432382646D-03  0.32493692306120D-03
  cycle =      4    SCF energy =     -230.2250553307   |dE/dxyz| =  0.006138
    0.70732660522482     -1.11319376811394     -4.30291957769834      h
   -0.43412759297300     -0.78009172211584     -2.92655564507696      o
    0.72020599608658      0.97357463771324     -1.23661366044228      c
    0.67093958508705      2.87879782107584     -2.05619404120148      h
    2.69190173470965      0.47970278595232     -0.84565029004770      h
   -0.72028094278091      0.97351752051194      1.23659279038302      c
   -0.67103877700965      2.87870862875401      2.05624817672976      h
   -2.69197025106307      0.47963706878031      0.84560762581171      h
    0.43407198194660     -0.78019983251691      2.92646865071725      o
   -0.70737583132613     -1.11336439205716      4.30282244896299      h
  0.89873495742782D-04  0.97117434901065D-04  -.17467260523823D-04
  -.15491242826973D-02  0.20218227943591D-02  -.77646973683878D-03
  0.21551488925065D-02  -.21661442258566D-02  0.15294583358475D-02
  -.15644665117107D-03  0.41941523630235D-04  -.38565370171549D-04
  0.91662735857180D-04  0.88961538502134D-06  0.12031416114084D-03
  -.21550418246807D-02  -.21661367878994D-02  -.15297228450844D-02
  0.15644868407590D-03  0.41787386701712D-04  0.38595888633047D-04
  -.91650963050875D-04  0.91045398958372D-06  -.12037747983916D-03
  0.15488657732385D-02  0.20218729355437D-02  0.77678417127867D-03
  -.89736904868505D-04  0.97084352331883D-04  0.17446430866839D-04
  cycle =      5    SCF energy =     -230.2250588999   |dE/dxyz| =  0.006017
    0.71047600071023     -1.13318933347199     -4.28868071689430      h
   -0.43864617377577     -0.77529371984838     -2.92521105703607      o
    0.71964624861801      0.97973541377186     -1.23786100346510      c
    0.67292024758633      2.88439507017120     -2.05833822081541      h
    2.69059751081128      0.48314095196673     -0.84927179377377      h
   -0.71972274604957      0.97967875456454      1.23784088367733      c
   -0.67301912067168      2.88430693083139      2.05839270392058      h
   -2.69066815318441      0.48307592753183      0.84923202053437      h
    0.43859114480025     -0.77540290654895      2.92512118902335      o
   -0.71052245094274     -1.13335834098443      4.28858247296701      h
  0.15515418092937D-04  0.21898313522851D-04  0.94650645842744D-05
  -.15576921850714D-02  0.18044009564977D-02  -.90160079818087D-03
  0.25212893737600D-02  -.18618162276121D-02  0.13350877873052D-02
  -.34437242246833D-04  0.27030321471516D-04  0.23523151618778D-04
  0.31802125497633D-05  0.38698583188609D-05  0.21118119155414D-04
  -.25212772655446D-02  -.18617426393538D-02  -.13350587432098D-02
  0.34441103434057D-04  0.27059190449330D-04  -.23491993286310D-04
  -.31921797566407D-05  0.38582374496607D-05  -.21151754014604D-04
  0.15577007326633D-02  0.18044156170669D-02  0.90155280077129D-03
  -.15528775512793D-04  0.21908027017242D-04  -.94476353482765D-05
  cycle =      6    SCF energy =     -230.2250590110   |dE/dxyz| =  0.005977
    0.71119673256560     -1.13755285703856     -4.28519665020416      h
   -0.43964958364993     -0.77402733926295     -2.92469168342547      o
    0.71932107376101      0.98108097549879     -1.23794755301380      c
    0.67321467174490      2.88541719477928     -2.05903243609746      h
    2.69016425367274      0.48387109091929     -0.84990790059895      h
   -0.71939711703578      0.98102394840132      1.23792725546848      c
   -0.67331350867059      2.88532877187240      2.05908617311962      h
   -2.69023441615190      0.48380559874878      0.84986824687637      h
    0.43959452354908     -0.77413644317156      2.92460280605829      o
   -0.71124412188322     -1.13772219276299      4.28509821995507      h
  0.95010561299788D-05  0.23814823120583D-05  0.30086536400775D-05
  -.15261598134216D-02  0.18366782711988D-02  -.86887958043724D-03
  0.24730095624891D-02  -.18375350942828D-02  0.13832073363653D-02
  -.13460593223605D-04  -.14568182810496D-06  0.12337306347320D-04
  -.10275529833655D-04  -.59321567667712D-05  0.32410848588226D-05
  -.24729674965431D-02  -.18375417005545D-02  -.13832864583243D-02
  0.13460712423980D-04  -.14938452748113D-06  -.12362088989141D-04
  0.10263782195308D-04  -.59335234327661D-05  -.32390087233827D-05
  0.15261256609095D-02  0.18366407045250D-02  0.86895763573292D-03
  -.94981297164871D-05  0.23823839337412D-05  -.29888331886773D-05
  cycle =      8    SCF energy =     -230.2250587791   |dE/dxyz| =  0.005949
    0.79289606561561     -1.18971019772668     -4.27151117246218      h
   -0.38327593978614     -0.82721057011170     -2.93256629017050      o
    0.74301802951720      0.92790672101659     -1.22385272583019      c
    0.71296011659020      2.83218774641007     -2.04582106665788      h
    2.70605734228875      0.43064534028706     -0.79801603097477      h
   -0.74301773430678      0.92790694044646      1.22385278709032      c
   -0.71295901913428      2.83218796617942      2.04582110067073      h
   -2.70605727850629      0.43064636697061      0.79801612986257      h
    0.38327557930723     -0.82721097700695      2.93256610757825      o
   -0.79289502279074     -1.18970699533972      4.27151320784217      h
  0.14262020469222D-05  -.56410532087923D-06  -.35433519849673D-06
  -.14887718231851D-02  0.18376494638891D-02  -.90412295603562D-03
  0.24097153906101D-02  -.18351566160803D-02  0.14526208703450D-02
  -.32470730594870D-05  -.20748644597195D-05  0.27625079405935D-05
  -.42144400464398D-05  -.45564444611571D-05  -.10317627530195D-05
  -.24097130996367D-02  -.18351669882166D-02  -.14526102865202D-02
  0.32463641080740D-05  -.20735373885213D-05  -.27715382744357D-05
  0.42129233621880D-05  -.45569966368434D-05  0.10333195286676D-05
  0.14887698573533D-02  0.18376390521419D-02  0.90411969757359D-03
  -.14243383499267D-05  -.55702430011041D-06  0.35449808282454D-06
  cycle =      9    SCF energy =     -230.2250587795   |dE/dxyz| =  0.005951
    0.79287944566249     -1.18975264972703     -4.27147697133332      h
   -0.38329053278619     -0.82721266920954     -2.93254320680705      o
    0.74302050598893      0.92791513438355     -1.22384441195154      c
    0.71297713548408      2.83219035233913     -2.04583908466069      h
    2.70607238316623      0.43067871411944     -0.79799682381275      h
   -0.74302015376095      0.92791548807483      1.22384453020274      c
   -0.71297605210268      2.83219079286773      2.04583899237385      h
   -2.70607223861559      0.43067974138379      0.79799704067832      h
    0.38329032376618     -0.82721267033912      2.93254329965950      o
   -0.79287867800773     -1.18974989276761      4.27147868259946      h
  0.71521924465787D-06  -.69219644079702D-06  0.12982848779015D-06
  -.14906430753177D-02  0.18371388089241D-02  -.90485776224005D-03
  0.24076279226797D-02  -.18370747973251D-02  0.14561814533040D-02
  -.21023094618070D-05  -.99404648788923D-06  0.16525822495786D-05
  -.10645492989174D-05  -.30849635051021D-05  0.39803667073758D-07
  -.24076275075904D-02  -.18370819876084D-02  -.14561709252395D-02
  0.21016133531689D-05  -.99088679005661D-06  -.16581254879384D-05
  0.10630806405892D-05  -.30859904931302D-05  -.38795143307015D-07
  0.14906473737844D-02  0.18371381891385D-02  0.90485325806449D-03
  -.71779631826275D-06  -.69072039761360D-06  -.13130483638093D-06
  cycle =     11    SCF energy =     -230.2250587797   |dE/dxyz| =  0.005952
    0.79289388557213     -1.18977238978685     -4.27146241016923      h
   -0.38327908722274     -0.82721674363986     -2.93253637034679      o
    0.74302784201720      0.92791560687286     -1.22383471751108      c
    0.71301472325985      2.83218306725910     -2.04585708396557      h
    2.70608567950310      0.43070428739891     -0.79796783017388      h
   -0.74302759807609      0.92791581387834      1.22383476887000      c
   -0.71301379045078      2.83218322888698      2.04585722541782      h
   -2.70608562477529      0.43070518519742      0.79796790110959      h
    0.38327879122835     -0.82721707483358      2.93253621972763      o
   -0.79289308166744     -1.18976999311250      4.27146397654086      h
  0.22483530209261D-06  -.67404549978163D-06  0.21927422305507D-06
  -.14912977064667D-02  0.18369259558387D-02  -.90613423345536D-03
  0.24048823572416D-02  -.18391747340922D-02  0.14594286546150D-02
  -.36317810016331D-06  -.60330316218199D-06  0.20894189943361D-06
  0.32119385523819D-06  -.11814781817029D-05  0.52495572551819D-06
  -.24048839859786D-02  -.18391761585359D-02  -.14594282174297D-02
  0.36247486939996D-06  -.60299966762018D-06  -.20780574108483D-06
  -.32034260565536D-06  -.11812192837791D-05  -.52488438991103D-06
  0.14912971692962D-02  0.18369213532405D-02  0.90613016629428D-03
  -.22284994949967D-06  -.67187165125886D-06  -.21684306684375D-06
  cycle =     12    SCF energy =     -230.2250587795   |dE/dxyz| =  0.005952
    0.79289854539345     -1.18979653142331     -4.27144135814512      h
   -0.38328517396286     -0.82720962490634     -2.93253264142786      o
    0.74302567356848      0.92792242461128     -1.22383561489481      c
    0.71301681312357      2.83218823434007     -2.04586039374636      h
    2.70608310782705      0.43070923875457     -0.79797307730879      h
   -0.74302536786275      0.92792271582025      1.22383571893919      c
   -0.71301588639094      2.83218855869942      2.04586040293328      h
   -2.70608297526791      0.43071011065341      0.79797324466393      h
    0.38328498971823     -0.82720966380866      2.93253272490648      o
   -0.79289798675803     -1.18979447461989      4.27144267357941      h
  0.48142566173780D-06  -.91037640110464D-06  0.51612021260484D-07
  -.14914078328862D-02  0.18375217943102D-02  -.90541076654660D-03
  0.24046126836829D-02  -.18393574239430D-02  0.14592750331466D-02
  -.16378483000015D-06  -.84011171205070D-06  0.22970681016737D-06
  0.12922845344353D-06  -.11229143725917D-05  0.28432655142787D-06
  -.24046121831393D-02  -.18393580233002D-02  -.14592727889301D-02
  0.16308361332291D-06  -.83923376491235D-06  -.23112742510682D-06
  -.13046012676451D-06  -.11238359253377D-05  -.28403681502316D-06
  0.14914105696751D-02  0.18375222362434D-02  0.90540985291244D-03
  -.48275605832892D-06  -.91068925582695D-06  -.51804662704123D-07
$end
