$hessapprox internal
  0.155739964150D-01  0.222334599319D-02  0.622116856817D+00 -0.234512168455D-02
 -0.191869416490D-02  0.369735659495D+00  0.758080655458D-03  0.414140955696D-04
  0.277349518291D-02  0.422281618281D+00 -0.343439913366D-03 -0.886273248161D-03
  0.200157092040D-02 -0.124488273508D-02  0.420324246131D+00 -0.191688048893D-02
 -0.913096921124D-03 -0.397706567376D-02  0.405431708360D-02  0.231284161510D-02
  0.339560524065D+00 -0.240861257878D-02 -0.129342613274D-02 -0.444860921708D-02
  0.469585022609D-02  0.275524844862D-02 -0.732408710933D-02  0.338359748253D+00
 -0.466959472905D-02 -0.318394711532D-02 -0.608432984531D-02  0.725890795217D-02
  0.464300163368D-02 -0.109639383749D-01 -0.124407555028D-01  0.302594833660D+00
 -0.400230097910D-02 -0.350561469106D-02 -0.229800306555D-02  0.410306804282D-02
  0.317730397011D-02 -0.568214106797D-02 -0.629164155964D-02 -0.827111334522D-02
  0.342486072280D+00  0.778214535360D-03  0.637381791045D-04  0.276744586805D-02
 -0.248328041314D-02 -0.125602336595D-02  0.406047327626D-02  0.470111050638D-02
  0.725764698123D-02  0.408882908710D-02  0.422266059736D+00 -0.340711726138D-03
 -0.885406545754D-03  0.200885691219D-02 -0.125183373667D-02 -0.335802496157D-03
  0.232399950663D-02  0.276810867216D-02  0.466256355057D-02  0.318790389708D-02
 -0.126299046276D-02  0.420316745873D+00 -0.193637069692D-02 -0.933126825661D-03
 -0.397714551658D-02  0.406622814837D-02  0.232525855446D-02 -0.639850598900D-02
 -0.733807474590D-02 -0.109771679553D-01 -0.567753251130D-02  0.407226487900D-02
  0.233644457549D-02  0.339533567844D+00 -0.241644226105D-02 -0.130325911058D-02
 -0.444193186572D-02  0.469576210709D-02  0.275839138516D-02 -0.732097279301D-02
 -0.837620657276D-02 -0.124297364705D-01 -0.627941912067D-02  0.470094412995D-02
  0.277124872456D-02 -0.733489032727D-02  0.338368653890D+00 -0.466739945869D-02
 -0.318332929832D-02 -0.607816818215D-02  0.725309765043D-02  0.463991093344D-02
 -0.109545793488D-01 -0.124299594236D-01 -0.179185079526D-01 -0.826212195985D-02
  0.725182237992D-02  0.465945667460D-02 -0.109677846603D-01 -0.124189424274D-01
  0.302627756158D+00 -0.404008679502D-02 -0.354541583908D-02 -0.229451855981D-02
  0.412351688169D-02  0.320037589625D-02 -0.570371607756D-02 -0.631330553017D-02
 -0.828790199589D-02 -0.256586247929D-02  0.410902990690D-02  0.321102266422D-02
 -0.569892634277D-02 -0.630094371722D-02 -0.827886995278D-02  0.342515579181D+00
  0.160828882041D-02  0.229419375268D-02 -0.240217698367D-02  0.766619584716D-03
 -0.362153098022D-03 -0.195230483194D-02 -0.245562418632D-02 -0.477231045851D-02
 -0.410362852130D-02  0.787343434951D-03 -0.359381900314D-03 -0.197233910409D-02
 -0.246370300226D-02 -0.477008194109D-02 -0.414248570029D-02  0.156839654699D-01
  0.223826653330D-02  0.281301329225D-02 -0.191660907263D-02  0.308256795730D-04
 -0.896335553516D-03 -0.900169473404D-03 -0.127968484762D-02 -0.316889211345D-02
 -0.350601418354D-02  0.532320858373D-04 -0.895494664249D-03 -0.920251997281D-03
 -0.128956956396D-02 -0.316829643052D-02 -0.354593394302D-02  0.230952157405D-02
  0.622146466683D+00 -0.237787762347D-02 -0.195395917492D-02 -0.184912329116D-02
  0.278914339401D-02  0.202078454234D-02 -0.399212375489D-02 -0.446310051843D-02
 -0.609191667610D-02 -0.228095746759D-02  0.278286616526D-02  0.202810508963D-02
 -0.399203089038D-02 -0.445629962027D-02 -0.608572479438D-02 -0.227710875227D-02
 -0.243587471006D-02 -0.195198995728D-02  0.369747762642D+00 -0.148049470143D-02
 -0.300243187120D-02  0.555583878683D-02 -0.313485323636D-02 -0.586447458862D-03
  0.605690646150D-02  0.727273281769D-02  0.125351691382D-01  0.894736328470D-02
 -0.316901781977D-02 -0.596069159595D-03  0.609363467411D-02  0.728335505994D-02
  0.125272428229D-01  0.901632709679D-02 -0.154716397680D-02 -0.303179536855D-02
  0.561385982514D-02  0.488396684000D+00 -0.365736818708D-02 -0.444534483623D-02
  0.256403178204D-02  0.361983362773D-03  0.162077061220D-02  0.747795074600D-03
  0.124019155433D-02  0.379589487478D-02  0.485130528536D-02  0.327932012670D-03
  0.162059685011D-02  0.777506221306D-03  0.125580263788D-02  0.379591879029D-02
  0.491090011134D-02 -0.377121342015D-02 -0.446698119197D-02  0.261726132784D-02
  0.530368311854D-02  0.388744630950D+00 -0.149361293847D-02 -0.301532027531D-02
  0.555355762315D-02 -0.312521849333D-02 -0.577477420967D-03  0.604497005496D-02
  0.725998009691D-02  0.125208422078D-01  0.894702212434D-02 -0.315945343476D-02
 -0.587075479632D-03  0.608174208180D-02  0.727064740137D-02  0.125129361397D-01
  0.901608577468D-02 -0.156063825728D-02 -0.304470903032D-02  0.561167692294D-02
 -0.609593063575D-03  0.532246056627D-02  0.488448892352D+00 -0.364271073715D-02
 -0.442254639590D-02  0.253504140455D-02  0.374125162695D-03  0.161942208213D-02
  0.720962499134D-03  0.120717494755D-02  0.373512266649D-02  0.480293487069D-02
  0.340294701498D-03  0.161928858110D-02  0.750452253963D-03  0.122270564337D-02
  0.373517935950D-02  0.486210512056D-02 -0.375601444912D-02 -0.444401068783D-02
  0.258790653911D-02  0.529395422375D-02  0.694986295030D-02  0.531257982098D-02
  0.388668245301D+00  0.377037194679D-03 -0.190237474171D-03  0.217124271132D-02
 -0.180627793920D-02 -0.836921447891D-03  0.302494241546D-02  0.352216931245D-02
  0.553791770426D-02  0.326465090447D-02 -0.181375461109D-02 -0.842052579329D-03
  0.303519567489D-02  0.352287962545D-02  0.553363702204D-02  0.328268006339D-02
  0.377676317887D-03 -0.199115017962D-03  0.218541797201D-02 -0.204683009292D-02
  0.613794140914D-03 -0.203879732754D-02  0.620842079538D-03  0.393029896965D+00
  0.000000000000D+00  0.000000000000D+00  0.000000000000D+00  0.000000000000D+00
  0.000000000000D+00  0.000000000000D+00  0.000000000000D+00  0.000000000000D+00
  0.000000000000D+00  0.000000000000D+00  0.000000000000D+00  0.000000000000D+00
  0.000000000000D+00  0.000000000000D+00  0.000000000000D+00  0.000000000000D+00
  0.000000000000D+00  0.000000000000D+00  0.000000000000D+00  0.000000000000D+00
  0.000000000000D+00  0.000000000000D+00  0.000000000000D+00  0.000000000000D+00
$end
