$coord
    0.06787110343553     -1.06561431011674     -4.21323758734990  h
   -0.16479436230222     -1.17579047583880     -2.40919571982928  o
    0.25536219306378      1.27593849267446     -1.41998680090053  c
   -0.95900549262684      2.69924894959362     -2.30659829057235  h
    2.22515102475638      1.82523887310361     -1.75611485138607  h
   -0.25536217495391      1.27593849932213      1.41998678676166  c
    0.95900542450171      2.69924902705447      2.30659828586844  h
   -2.22515104299614      1.82523878685870      1.75611477448593  h
    0.16479448429647     -1.17579042998135      2.40919574706991  o
   -0.06787239438430     -1.06561454464408      4.21323744858581  h
$intdef
# definitions of internal coordinates
   1 f  1.0000000000000 tors    2    3    6    9 val=  27.00000
$user-defined bonds
$redundant
     number_of_atoms            10
     degrees_of_freedom         24
     internal_coordinates       25
     frozen_coordinates          1
# definitions of redundant internals
   1 k  1.0000000000000 tors   1    2    3    6 val= 176.26678
   2 k  1.0000000000000 stre   2    1           val=   1.82232
   3 k  1.0000000000000 bend   3    1    2      val= 106.88257
   4 k  1.0000000000000 stre   3    4           val=   2.07041
   5 k  1.0000000000000 stre   3    5           val=   2.07239
   6 k  0.0772276583309 bend   5    4    3      val=   0.87770
       -0.5291763866362 bend   2    4    3
       -0.4874094838956 bend   2    5    3
        0.4819876041421 bend   6    4    3
        0.4940932959244 bend   6    5    3
   7 k  0.0158055456021 bend   5    4    3      val=   0.46370
       -0.5288463804248 bend   2    4    3
        0.5604641414248 bend   2    5    3
       -0.4639974196898 bend   6    4    3
        0.4366440556541 bend   6    5    3
   8 k  0.8925957255921 bend   5    4    3      val=  -0.56530
       -0.1671808047275 bend   2    4    3
       -0.1988184988732 bend   2    5    3
       -0.2625426969203 bend   6    4    3
       -0.2585845818781 bend   6    5    3
   9 k -0.0111002771146 bend   5    4    3      val=   1.55929
        0.4496460519718 bend   2    4    3
       -0.4507053546467 bend   2    5    3
       -0.5322533620379 bend   6    4    3
        0.5579124068223 bend   6    5    3
  10 k  1.0000000000000 stre   6    7           val=   2.07041
  11 k  1.0000000000000 stre   6    8           val=   2.07239
  12 k  0.0772276781955 bend   8    7    6      val=   0.87770
       -0.5291763786232 bend   9    7    6
       -0.4874094942708 bend   9    8    6
        0.4819876249675 bend   3    7    6
        0.4940932708514 bend   3    8    6
  13 k  0.0158055726011 bend   8    7    6      val=   0.46370
       -0.5288464004824 bend   9    7    6
        0.5604641351153 bend   9    8    6
       -0.4639973967913 bend   3    7    6
        0.4366440628154 bend   3    8    6
  14 k  0.8925957241508 bend   8    7    6      val=  -0.56530
       -0.1671807920186 bend   9    7    6
       -0.1988184920684 bend   9    8    6
       -0.2625426860436 bend   3    7    6
       -0.2585846113448 bend   3    8    6
  15 k -0.0111002606133 bend   8    7    6      val=   1.55929
        0.4496460293492 bend   9    7    6
       -0.4507053611726 bend   9    8    6
       -0.5322533683086 bend   3    7    6
        0.5579124141290 bend   3    8    6
  16 k  1.0000000000000 tors  10    9    6    3 val= 176.26683
  17 k  1.0000000000000 stre   9   10           val=   1.82232
  18 k  1.0000000000000 bend   6   10    9      val= 106.88257
  19 k  1.0000000000000 tors   2    3    6    9 val=  27.00000
  20 k  1.0000000000000 stre   3    2           val=   2.67695
  21 k  1.0000000000000 bend   6    2    3      val= 109.62817
  22 k  1.0000000000000 stre   6    9           val=   2.67695
  23 k  1.0000000000000 bend   3    9    6      val= 109.62817
  24 k  1.0000000000000 stre   3    6           val=   2.88553
  25 f  1.0000000000000 tors   2    3    6    9 val=  27.00000
        24 non zero eigenvalues  of BmBt
           1           4.604175482    1    0
         1
           2           3.788048510    2    0
         2
           3           3.747981371    3    0
         3
           4           3.074837047    4    0
         4
           5           2.667467685    5    0
         5
           6           2.465123290    6    0
         6
           7           2.105702105    7    0
         7
           8           1.745067195    8    0
         8
           9           1.226710002    9    0
         9
          10           1.213413570   10    0
        10
          11           1.033163510   11    0
        11
          12           0.831177937   12    0
        12
          13           0.765374658   13    0
        13
          14           0.729523861   14    0
        14
          15           0.676118918   15    0
        15
          16           0.392706353   16    0
        16
          17           0.345950542   17    0
        17
          18           0.300515490   18    0
        18
          19           0.267021916   20    0
        20
          20           0.247205539   21    0
        21
          21           0.177877693   22    0
        22
          22           0.067479376   23    0
        23
          23           0.055819585   24    0
        24
          24           0.000000000    0    1
         0.000000000         0.000000000         0.000000000         0.000000000
         0.000000000         0.000000000         0.000000000         0.000000000
         0.000000000         0.000000000         0.000000000         0.000000000
         0.000000000         0.000000000         0.000000000         0.000000000
         0.000000000         0.000000000         0.000000000         0.000000000
         0.000000000         0.000000000         0.000000000         0.000000000
         1.000000000
$end
