$energy      SCF               SCFKIN            SCFPOT            MP2
     1 -229.0162466772      228.786532     -457.802779     -.8139166129233
     2 -229.0186920857      228.760162     -457.778854     -.8128484340757
     3 -229.0186876486      228.779697     -457.798385     -.8130006807851
     4 -229.0185118269      228.782303     -457.800815     -.8132040863810
     5 -229.0184656103      228.778683     -457.797149     -.8132516637287
     6 -229.0184627173      228.778938     -457.797401     -.8132546390330
     7 -229.0184623104      228.778824     -457.797286     -.8132550352960
     8 -229.0184623103      228.778825     -457.797287     -.8132550512449
     9 -229.0184620197      228.778821     -457.797283     -.8132553252381
    10 -229.0184619460      228.778819     -457.797281     -.8132554480195
    11 -229.0184619458      228.778818     -457.797280     -.8132554455862
    12 -229.0184619124      228.778821     -457.797283     -.8132554797511
    13 -229.0184618989      228.778820     -457.797282     -.8132554910508
$end
