$grad          cartesian gradients
  cycle =      1 MP2 energy =     -229.8301632901 |dE/dxyz| =  0.018472
    0.14165784897897     -1.24328001052802     -4.08760710186142      h
   -0.17985566274870     -1.19226589761076     -2.29910643382958      o
    0.26382306126716      1.30880943256513     -1.40727234854961      c
   -0.98385954518167      2.67764727383863     -2.33555658386184      h
    2.22406582346029      1.89410316313831     -1.73438268923903      h
   -0.26382267581103      1.30881769976672      1.40725916138175      c
    0.98382729584885      2.67766483223113      2.33554099880343      h
   -2.22408960947024      1.89410120501952      1.73433736765864      h
    0.17992806113766     -1.19222974916837      2.29913210296304      o
   -0.14275557868444     -1.24350310797440      4.08741770573055      h
  -.93484445394248D-03  -.35214945323800D-02  0.23646600859761D-02
  0.32588791074233D-02  -.50072697433183D-02  0.14330501147564D-02
  -.48071999748418D-02  0.59423824704607D-02  0.61845065771684D-02
  -.15898280268603D-02  -.49660441094579D-03  -.14437111211407D-03
  -.10047282080095D-04  0.30833586113821D-02  0.22352820779509D-02
  0.48132189283270D-02  0.59434401263205D-02  -.61830324895626D-02
  0.15873540651503D-02  -.50134797224155D-03  0.14236353519670D-03
  0.53647667717094D-05  0.30866711823783D-02  -.22350490104647D-02
  -.32567574297591D-02  -.50083874887505D-02  -.14350608590989D-02
  0.93386029959885D-03  -.35207482948021D-02  -.23623489196050D-02
  cycle =      2 MP2 energy =     -229.8315405198 |dE/dxyz| =  0.017672
    0.11999810921525     -1.10569289846774     -4.23334679836426      h
   -0.15214403965239     -1.19176756070850     -2.43410267452169      o
    0.26044761367043      1.25545971376417     -1.42417111403113      c
   -0.95564295777601      2.66288631674343     -2.33280492321213      h
    2.22464380244660      1.82413729390903     -1.74925124160871      h
   -0.26052497371904      1.25545738635709      1.42414671621994      c
    0.95560184268128      2.66282917563367      2.33281367103958      h
   -2.22470925487275      1.82419881892166      1.74920018446769      h
    0.15199548663271     -1.19178736222135      2.43405969331558      o
   -0.12074660982922     -1.10585604265358      4.23321866589107      h
  -.30993294688020D-03  -.17242970945603D-02  -.27937892583729D-03
  0.59901128422422D-02  -.21280854002548D-03  -.20408727573278D-02
  -.10086087096875D-01  0.22823030112740D-02  -.11145089247198D-02
  0.16434193549397D-03  -.97180688880982D-03  -.16608113707359D-02
  -.75076862826240D-03  0.62646876114258D-03  0.20229969534580D-03
  0.10086590564707D-01  0.22825600377159D-02  0.11147968278642D-02
  -.16468819631155D-03  -.97313621633255D-03  0.16612595596659D-02
  0.75007807692629D-03  0.62741219865359D-03  -.20318309918343D-03
  -.59887158224396D-02  -.21212071424515D-03  0.20414397668782D-02
  0.30906927145924D-03  -.17245745679999D-02  0.27895922854082D-03
  cycle =      3 MP2 energy =     -229.8316883294 |dE/dxyz| =  0.018256
    0.11244438163002     -1.09906576326353     -4.21473296240815      h
   -0.15192367531554     -1.19333165956220     -2.41472031520365      o
    0.26228527359468      1.25544824176165     -1.42019517446057      c
   -0.94913297725625      2.67068870308245     -2.32282138606762      h
    2.23154140097599      1.81128237192509     -1.74433368200699      h
   -0.26239432425268      1.25544245986898      1.42016801145013      c
    0.94909317431314      2.67060046606195      2.32283346623825      h
   -2.23162425521578      1.81137756056737      1.74428961592963      h
    0.15168195192911     -1.19337298014581      2.41465581318981      o
   -0.11305193160583     -1.09920455901806      4.21461879253509      h
  -.12679286854389D-03  -.70885498776185D-03  0.29469766419155D-04
  0.65504523285220D-02  -.22676937876476D-03  0.28483920262001D-03
  -.10844453987822D-01  0.13384236588498D-02  -.16394510800859D-02
  0.62985732212750D-04  -.56802598184680D-03  -.73960504101400D-03
  -.29735841775125D-03  0.16502499875459D-03  0.11521542531268D-03
  0.10844033779436D-01  0.13381417894749D-02  0.16396230590183D-02
  -.62875673972451D-04  -.56832419713126D-03  0.74032276899239D-03
  0.29741970236952D-03  0.16527791690168D-03  -.11597661833773D-03
  -.65496184567897D-02  -.22584246270796D-03  -.28454689793023D-03
  0.12620786218964D-03  -.70905140454092D-03  -.29890584741565D-04
  cycle =      4 MP2 energy =     -229.8317159133 |dE/dxyz| =  0.019045
    0.10491351618924     -1.09225179118947     -4.20904352411259      h
   -0.14982004944940     -1.19690594633511     -2.40785750796597      o
    0.26433755270523      1.25411904021655     -1.41814510452996      c
   -0.94327022824710      2.67699590908291     -2.31459006605717      h
    2.23681877814270      1.80306554602574     -1.74040131474311      h
   -0.26448213814917      1.25410829691898      1.41811438799525      c
    0.94323195379374      2.67687023447718      2.31460089827929      h
   -2.23692268799909      1.80319993428070      1.74036853698208      h
    0.14948015941428     -1.19697100007084      2.40777176664814      o
   -0.10536783760357     -1.09236538212875      4.20894410669997      h
  -.68895110667544D-05  -.71801203790411D-04  0.76011231567641D-04
  0.67980463006587D-02  -.11846056017735D-02  0.13796526726386D-02
  -.11228129687903D-01  0.13068221312853D-02  -.20103150654343D-02
  0.14578849964364D-04  -.60050118368959D-04  -.81059125646155D-04
  0.57976297148876D-04  0.96658254051807D-05  0.45320113652991D-04
  0.11228012729084D-01  0.13060098613566D-02  0.20104171911000D-02
  -.14473292778483D-04  -.59981548512500D-04  0.81478107835986D-04
  -.57859001759475D-04  0.96159684008779D-05  -.45778999220758D-04
  -.67979579464619D-02  -.11837643361030D-02  -.13796046087764D-02
  0.66952631291306D-05  -.71911040122885D-04  -.76121516908501D-04
  cycle =      5 MP2 energy =     -229.8317172740 |dE/dxyz| =  0.018940
    0.10241340230093     -1.08939000535175     -4.21222691089734      h
   -0.14789598099418     -1.19833201643364     -2.41047582720855      o
    0.26530729275352      1.25314977966272     -1.41821389393593      c
   -0.94201972968256      2.67718179599504     -2.31333354268091      h
    2.23767803049726      1.80241338917096     -1.73980279232037      h
   -0.26546533809453      1.25313721672549      1.41818181438695      c
    0.94198229284172      2.67704221693122      2.31334093475740      h
   -2.23778988490584      1.80256250239077      1.73977804917532      h
    0.14752453233798     -1.19840484474609      2.41038282680323      o
   -0.10281559825745     -1.08949519306683      4.21213152111614      h
  0.57848383826498D-05  -.13091094071271D-04  -.20457522129647D-05
  0.67572904582422D-02  -.16223022439021D-02  0.12719780343042D-02
  -.11070580212140D-01  0.15793321460738D-02  -.20955440079975D-02
  0.21820991388477D-04  0.30755698510188D-04  0.12155107163014D-05
  0.32052973061081D-04  0.25470371572300D-04  0.11802136203332D-04
  0.11070771209440D-01  0.15783658876556D-02  0.20956470692035D-02
  -.21835915986701D-04  0.30703637068363D-04  -.10923747162384D-05
  -.32087002259207D-04  0.25478741046525D-04  -.12007451908214D-04
  -.67573716681519D-02  -.16215762594598D-02  -.12719826368990D-02
  -.58456720757882D-05  -.13136933648739D-04  0.20294744613736D-05
  cycle =      6 MP2 energy =     -229.8317173563 |dE/dxyz| =  0.018766
    0.10073782632390     -1.08854065240155     -4.21251261294383      h
   -0.14675305895160     -1.19854979923345     -2.41043284847471      o
    0.26600971797518      1.25309170331208     -1.41804374367143      c
   -0.94160523330776      2.67655752202436     -2.31359870333851      h
    2.23822893300715      1.80246367558666     -1.73928403835407      h
   -0.26617389633677      1.25307862934435      1.41801111155385      c
    0.94156840170669      2.67641261422304      2.31360381520003      h
   -2.23834405755101      1.80261919547017      1.73926443363123      h
    0.14636871298063     -1.19862562824929      2.41033645774237      o
   -0.10111832704955     -1.08864241879848      4.21241830785101      h
  0.32793722200553D-05  0.42067225911602D-05  0.87449530550288D-06
  0.67390693812426D-02  -.16429023576467D-02  0.12766952216117D-02
  -.10926630929918D-01  0.16290175468630D-02  -.20735073201439D-02
  0.20303033021474D-05  0.53919969431604D-05  0.10513034298665D-04
  -.11556822872905D-04  0.44795732703218D-05  0.14178159379874D-06
  0.10926784653179D-01  0.16279782662822D-02  0.20735813639521D-02
  -.20331260339734D-05  0.53682105582986D-05  -.10490457161172D-04
  0.11540991206704D-04  0.44894178943267D-05  -.18845919325106D-06
  -.67391986938612D-02  -.16422361630930D-02  -.12767340426523D-02
  -.32851283902069D-05  0.42067387889810D-05  -.88561819211463D-06
  cycle =      7 MP2 energy =     -229.8317173457 |dE/dxyz| =  0.018767
    0.10023559564166     -1.08841025037122     -4.21264249322155      h
   -0.14653347039000     -1.19857042156363     -2.41047349752591      o
    0.26614117972916      1.25310632284846     -1.41801947117457      c
   -0.94141099223810      2.67648405173042     -2.31380479773752      h
    2.23841823451857      1.80241268009291     -1.73909097311025      h
   -0.26630615135470      1.25309320447486      1.41798672712440      c
    0.94137426880293      2.67633860452025      2.31380939373034      h
   -2.23853373044185      1.80256898615124      1.73907230003119      h
    0.14614751704908     -1.19864664269635      2.41037667239361      o
   -0.10061343251990     -1.08851169390905      4.21254831868619      h
  0.86339623178722D-06  0.77760608041544D-06  -.34628415246374D-06
  0.67393623112089D-02  -.16458487769526D-02  0.12667045348591D-02
  -.10928270135361D-01  0.16415558034018D-02  -.20616661664152D-02
  -.17915611933983D-05  0.20319673512681D-05  0.23189112332567D-05
  -.63352305237352D-05  0.16857957856331D-05  -.50998154643711D-06
  0.10928414473194D-01  0.16405087831046D-02  0.20617185635960D-02
  0.17920140324978D-05  0.20216916052362D-05  -.23176182255558D-05
  0.63313954243860D-05  0.16913832618926D-05  0.49763112719425D-06
  -.67395032278599D-02  -.16452031244913D-02  -.12667453893567D-02
  -.86343509070330D-06  0.77882280391517D-06  0.34579948771096D-06
  cycle =      8 MP2 energy =     -229.8317173615 |dE/dxyz| =  0.018767
    0.06811271023444     -1.06563510813741     -4.21324178552437      h
   -0.16482260254404     -1.17578281423149     -2.40923182235429      o
    0.25534063812702      1.27592552468574     -1.42000318728777      c
   -0.95911045112739      2.69923708249357     -2.30651913164801      h
    2.22507244645193      1.82531660017791     -1.75619838915097      h
   -0.25534062473398      1.27592552439050      1.42000314458955      c
    0.95911037152202      2.69923709808442      2.30651916693161      h
   -2.22507249902963      1.82531658980059      1.75619803467720      h
    0.16482270863160     -1.17578273391731      2.40923188441602      o
   -0.06811442156182     -1.06563531991106      4.21324162841478      h
  0.11030575862159D-05  0.73018619550780D-06  -.26900653349315D-06
  0.67487543819380D-02  -.16454644249162D-02  0.12149155560692D-02
  -.10943885091208D-01  0.16409672728575D-02  -.19777638764906D-02
  -.17652885229147D-05  0.20847270096880D-05  0.22516513351611D-05
  -.63275944599539D-05  0.16852114190780D-05  -.47039972694840D-06
  0.10943881651104D-01  0.16409594543711D-02  0.19777731265385D-02
  0.17664606550838D-05  0.20761190575591D-05  -.22497728564552D-05
  0.63239371930202D-05  0.16922836505451D-05  0.45780713908705D-06
  -.67487456280488D-02  -.16454615479677D-02  -.12149132991439D-02
  -.11058859804569D-05  0.73067089351175D-06  0.26821284748735D-06
  cycle =      9 MP2 energy =     -229.8317173449 |dE/dxyz| =  0.018781
    0.06798405785636     -1.06562188766184     -4.21323345205153      h
   -0.16479704398122     -1.17578287817702     -2.40920513708097      o
    0.25535917449196      1.27593720679829     -1.41999227689646      c
   -0.95903641159725      2.69925522474449     -2.30656559496125      h
    2.22512887952083      1.82527358572240     -1.75613496119204      h
   -0.25535921859800      1.27593722370643      1.41999222480151      c
    0.95903633844904      2.69925523044677      2.30656560183503      h
   -2.22512895142961      1.82527363202352      1.75613470561891      h
    0.16479697113395     -1.17578282494130      2.40920514233364      o
   -0.06798551987591     -1.06562206922627      4.21323329065690      h
  0.18638915172398D-06  0.36137056502739D-06  -.17974937094323D-07
  0.67510904070440D-02  -.16460655176811D-02  0.12154991911277D-02
  -.10954214906425D-01  0.16432027004782D-02  -.19748061857587D-02
  -.87708790674768D-06  0.16105719957693D-05  0.12144226453348D-05
  -.20425849744932D-05  0.89142194426017D-06  0.61963419617506D-07
  0.10954212846371D-01  0.16431990410180D-02  0.19748123572392D-02
  0.87825496608573D-06  0.16074612636530D-05  -.12123719099755D-05
  0.20414988877171D-05  0.89376437450994D-06  -.69300825411567D-07
  -.67510878057551D-02  -.16460629719912D-02  -.12154996215052D-02
  -.18701135784394D-06  0.36211027215627D-06  0.17519530715049D-07
  cycle =     10 MP2 energy =     -229.8317173940 |dE/dxyz| =  0.018789
    0.06793649704626     -1.06561392878883     -4.21323660878014      h
   -0.16479212004650     -1.17578037815726     -2.40920206525861      o
    0.25536251455521      1.27594465929686     -1.41998792409630      c
   -0.95900564474459      2.69926082617259     -2.30659249082018      h
    2.22515079624996      1.82525005891534     -1.75611324601229      h
   -0.25536257687021      1.27594468615299      1.41998785963872      c
    0.95900557729469      2.69926084946533      2.30659244693889      h
   -2.22515086620302      1.82525011619389      1.75611308020910      h
    0.16479200553150     -1.17578033161971      2.40920205075888      o
   -0.06793790684316     -1.06561411419573      4.21323644048568      h
  -.43887339706838D-07  -.62528374200621D-07  -.12669425952794D-06
  0.67520333894560D-02  -.16464860315040D-02  0.12145874209013D-02
  -.10960497583745D-01  0.16456930994151D-02  -.19721460562214D-02
  0.11053552295692D-07  0.60845211358185D-06  0.33572029445317D-06
  0.22615250205860D-06  0.24718072455521D-06  0.71093732234573D-07
  0.10960497130512D-01  0.16456919145753D-02  0.19721476928851D-02
  -.10476203016196D-07  0.60790899691909D-06  -.33509375896301D-06
  -.22610164851500D-06  0.24757821681654D-06  -.73263035305082D-07
  -.67520326804689D-02  -.16464850402826D-02  -.12145874694074D-02
  0.43003480609816D-07  -.62580486348551D-07  0.12664942783402D-06
  cycle =     11 MP2 energy =     -229.8317173914 |dE/dxyz| =  0.018788
    0.06790703771119     -1.06562186912152     -4.21323706677327      h
   -0.16480892249692     -1.17578833101420     -2.40920089126631      o
    0.25535258868853      1.27593671344202     -1.41998968821781      c
   -0.95902182555498      2.69925285282882     -2.30658573171137      h
    2.22513849873316      1.82524216417150     -1.75612882484674      h
   -0.25535258220349      1.27593671692691      1.41998967784051      c
    0.95902175483724      2.69925290771932      2.30658575237660      h
   -2.22513852770036      1.82524209586914      1.75612871716315      h
    0.16480900092267     -1.17578829384754      2.40920091281873      o
   -0.06790826014658     -1.06562208894844      4.21323693535014      h
  0.42472895928070D-06  -.16167790761745D-06  -.71058166462024D-07
  0.67515215440810D-02  -.16462658859044D-02  0.12144841367032D-02
  -.10960458563172D-01  0.16454610754479D-02  -.19722803438564D-02
  -.21852148579526D-06  0.63918129766805D-06  0.44914193608747D-06
  0.47597786601017D-07  0.32764792434747D-06  -.35281090271511D-07
  0.10960456701061D-01  0.16454598168378D-02  0.19722820898900D-02
  0.21842663167071D-06  0.63895127855318D-06  -.44831937162648D-06
  -.47894215704503D-07  0.32738253752385D-06  0.32764792878837D-07
  -.67515172256618D-02  -.16462644581683D-02  -.12144840538895D-02
  -.42679410205970D-06  -.16208182374022D-06  0.70922363981651D-07
  cycle =     12 MP2 energy =     -229.8317173922 |dE/dxyz| =  0.018789
    0.06784792788268     -1.06560531926800     -4.21324452685957      h
   -0.16478381065951     -1.17579239631452     -2.40919895166450      o
    0.25536800630680      1.27593499149231     -1.41998607082458      c
   -0.95899506828645      2.69924777717030     -2.30660107940391      h
    2.22515826893091      1.82523646821261     -1.75610375518607      h
   -0.25536807824150      1.27593499097495      1.41998605513089      c
    0.95899499766346      2.69924775182599      2.30660110772308      h
   -2.22515834493749      1.82523649377800      1.75610367165233      h
    0.16478367722432     -1.17579240444919      2.40919892771604      o
   -0.06784881309276     -1.06560548539644      4.21324441444991      h
  -.48320923223821D-06  0.10315890508483D-06  -.54730310949935D-07
  0.67525593853495D-02  -.16466534758877D-02  0.12144972886192D-02
  -.10960347295477D-01  0.16459300588894D-02  -.19719292352993D-02
  -.44113286579162D-07  0.39698109333131D-06  0.10301984820771D-06
  -.92516790228814D-07  0.22303690760950D-06  0.24663730890939D-06
  0.10960348418158D-01  0.16459298429838D-02  0.19719310527202D-02
  0.44670283250170D-07  0.39644006610828D-06  -.10192887733851D-06
  0.92477995927709D-07  0.22354449180639D-06  -.24843259516238D-06
  -.67525659761312D-02  -.16466539686668D-02  -.12144987245568D-02
  0.48815909542421D-06  0.10433424507683D-06  0.55053739345112D-07
  cycle =     13 MP2 energy =     -229.8317173900 |dE/dxyz| =  0.018788
    0.06787110343553     -1.06561431011674     -4.21323758734990      h
   -0.16479436230222     -1.17579047583880     -2.40919571982928      o
    0.25536219306378      1.27593849267446     -1.41998680090053      c
   -0.95900549262684      2.69924894959362     -2.30659829057235      h
    2.22515102475638      1.82523887310361     -1.75611485138607      h
   -0.25536217495391      1.27593849932213      1.41998678676166      c
    0.95900542450171      2.69924902705447      2.30659828586844      h
   -2.22515104299614      1.82523878685870      1.75611477448593      h
    0.16479448429647     -1.17579042998135      2.40919574706991      o
   -0.06787239438430     -1.06561454464408      4.21323744858581      h
  0.80033914451327D-06  -.25922049556870D-06  0.10973517472479D-06
  0.67511251148649D-02  -.16464482194980D-02  0.12143903622661D-02
  -.10960434246491D-01  0.16463189882838D-02  -.19717308677114D-02
  -.10748900947100D-06  0.24261045750151D-06  0.24414112687055D-06
  -.74337711541972D-07  0.14618818622303D-06  -.30491750235839D-08
  0.10960433325800D-01  0.16463184486355D-02  0.19717304678231D-02
  0.10673485628665D-06  0.24270872156507D-06  -.24438585044528D-06
  0.73842845171868D-07  0.14563880346152D-06  0.21830686147695D-08
  -.67511140667564D-02  -.16464461723640D-02  -.12143878215003D-02
  -.80921727640959D-06  -.26101867750539D-06  -.11076648043229D-06
$end
