$hessapprox internal
  0.213254473530D-01  0.136814086205D-04  0.614883261975D+00  0.297297078944D-03
 -0.283867862280D-04  0.373519280159D+00 -0.161525320590D-02 -0.279249389424D-03
 -0.217103466497D-03  0.422969282438D+00  0.434449699503D-03 -0.466870036102D-04
 -0.342735304998D-05 -0.342339397946D-03  0.422242141145D+00  0.550457679860D-02
  0.888716090887D-03  0.707918870661D-03  0.279545721139D-02  0.111424655320D-02
  0.337414356954D+00  0.218354464982D-02 -0.944950920819D-05  0.970805943793D-04
 -0.635416096207D-03  0.140570706357D-03  0.214974319458D-02  0.348016984381D+00
  0.915557782876D-03  0.135165704462D-03  0.111324155481D-03  0.403994658977D-03
  0.174793926682D-03 -0.123030499358D-02  0.354408520898D-03  0.320141818591D+00
  0.147495439954D-02 -0.186215549383D-03 -0.257025937952D-04 -0.129578476677D-02
 -0.547942779100D-04  0.420748067314D-02  0.470334321610D-03  0.657921809210D-03
  0.344142985381D+00 -0.161691975476D-02 -0.279525322165D-03 -0.217321279788D-03
 -0.910157247822D-03 -0.342682462672D-03  0.279815475122D-02 -0.636068656418D-03
  0.404383125705D-03 -0.129708135286D-02  0.422967519952D+00  0.433666611355D-03
 -0.465672168014D-04 -0.340308809416D-05 -0.341550623959D-03 -0.929580284697D-05
  0.111169216138D-02  0.140326205355D-03  0.174395932059D-03 -0.545775119939D-04
 -0.341892900740D-03  0.422242234924D+00  0.550732680821D-02  0.889650311357D-03
  0.708521367607D-03  0.279921608533D-02  0.111521143356D-02 -0.857414627332D-02
  0.215093927595D-02 -0.123206054835D-02  0.421120603142D-02  0.280191730574D-02
  0.111265472447D-02  0.337390765704D+00  0.221121602397D-02 -0.744813612762D-05
  0.993875038557D-04 -0.633247337057D-03  0.144118389813D-03  0.214448677343D-02
  0.772790512491D-03  0.353963343596D-03  0.483318657246D-03 -0.633898072913D-03
  0.143866285546D-03  0.214566360139D-02  0.348037427138D+00  0.909605446216D-03
  0.134107717646D-03  0.110509427369D-03  0.400504488304D-03  0.173508288039D-03
 -0.121956024250D-02  0.352059756370D-03 -0.173632712459D-03  0.653050937798D-03
  0.400889576556D-03  0.173113261552D-03 -0.122130147618D-02  0.351623552371D-03
  0.320144917181D+00  0.149639581846D-02 -0.182739286493D-03 -0.229377304595D-04
 -0.128482585414D-02 -0.504419611122D-04  0.417390585325D-02  0.478711618696D-03
  0.653095694358D-03 -0.261360018191D-03 -0.128611186360D-02 -0.502351759332D-04
  0.417758505579D-02  0.491674986458D-03  0.648266941382D-03  0.344175727987D+00
  0.630537231821D-02  0.172866930501D-04  0.302962162418D-03 -0.162008604170D-02
  0.443039786472D-03  0.552481323652D-02  0.221323889722D-02  0.919680907589D-03
  0.150577651363D-02 -0.162175830620D-02  0.442239081913D-03  0.552754401275D-02
  0.224115961523D-02  0.913712493214D-03  0.152729588734D-02  0.214907258591D-01
  0.160735852518D-04 -0.571081860362D-04 -0.282369700559D-04 -0.279532927280D-03
 -0.464617039090D-04  0.889759357226D-03 -0.859272144727D-05  0.135354708606D-03
 -0.185416746145D-03 -0.279809167473D-03 -0.463423668035D-04  0.890693499020D-03
 -0.658308611113D-05  0.134295712332D-03 -0.181936437314D-03  0.197062761617D-04
  0.614883414366D+00  0.297511092397D-03 -0.281852168628D-04 -0.425338599397D-06
 -0.216189967394D-03 -0.324495594417D-05  0.705026974543D-03  0.972057728560D-04
  0.110887624505D-03 -0.249859471669D-04 -0.216406881004D-03 -0.322114500633D-05
  0.705626303637D-03  0.995068131785D-04  0.110076364398D-03 -0.222323994376D-04
  0.303166965688D-03 -0.280355645021D-04  0.373519505132D+00  0.370329247288D-02
  0.556605699171D-03  0.455304678391D-03  0.168171090612D-02  0.715242847638D-03
 -0.512779059312D-02  0.143598975320D-02 -0.731607936868D-03  0.269391387283D-02
  0.168332921663D-02  0.713612034921D-03 -0.513505184404D-02  0.143385394296D-02
 -0.725133362022D-03  0.267380075188D-02  0.371937845562D-02  0.557358101360D-03
  0.453504246513D-03  0.504489389047D+00 -0.411492610968D-02 -0.539945299584D-03
 -0.466053674065D-03 -0.149022624645D-02 -0.729352846634D-03  0.449455576404D-02
 -0.157604601604D-02  0.630168289540D-03 -0.273330883280D-02 -0.149165073222D-02
 -0.727707541113D-03  0.450135015207D-02 -0.157633630960D-02  0.624408233006D-03
 -0.271566675035D-02 -0.413750053881D-02 -0.540877427121D-03 -0.464329138353D-03
  0.264062267742D-02  0.379170814624D+00  0.371079345885D-02  0.557617530816D-03
  0.456168233963D-03  0.168456030089D-02  0.716595331146D-03 -0.513640617342D-02
  0.143886955355D-02 -0.732820840597D-03  0.269898767612D-02  0.168618133930D-02
  0.714961460673D-03 -0.514368025707D-02  0.143673333703D-02 -0.726335262200D-03
  0.267884074288D-02  0.372691894106D-02  0.558371598406D-03  0.454364561536D-03
 -0.305904216493D-02  0.264489884827D-02  0.504479232607D+00 -0.409913842431D-02
 -0.539511696750D-03 -0.465096985272D-03 -0.149240183675D-02 -0.727918520979D-03
  0.450240864904D-02 -0.157040718988D-02  0.631562639846D-03 -0.272824608621D-02
 -0.149382865215D-02 -0.726276049248D-03  0.450920354237D-02 -0.157064081290D-02
  0.625794767794D-03 -0.271057351656D-02 -0.412152819836D-02 -0.540438243643D-03
 -0.463373308692D-03  0.264619372313D-02 -0.221218407827D-02  0.265048198382D-02
  0.379157377307D+00 -0.206158764234D-02 -0.436748535031D-03 -0.317871197276D-03
 -0.154765192707D-02 -0.503832306888D-03  0.479879789506D-02 -0.831006166430D-03
  0.702593249702D-03 -0.191986737124D-02 -0.154915667864D-02 -0.502654960714D-03
  0.480489872314D-02 -0.825513343741D-03  0.696671474775D-03 -0.190106527953D-02
 -0.206294734010D-02 -0.437012117471D-03 -0.316422905444D-03  0.291652795464D-02
 -0.264746717546D-02  0.292156230266D-02 -0.264968383316D-02  0.375190892689D+00
  0.000000000000D+00  0.000000000000D+00  0.000000000000D+00  0.000000000000D+00
  0.000000000000D+00  0.000000000000D+00  0.000000000000D+00  0.000000000000D+00
  0.000000000000D+00  0.000000000000D+00  0.000000000000D+00  0.000000000000D+00
  0.000000000000D+00  0.000000000000D+00  0.000000000000D+00  0.000000000000D+00
  0.000000000000D+00  0.000000000000D+00  0.000000000000D+00  0.000000000000D+00
  0.000000000000D+00  0.000000000000D+00  0.000000000000D+00  0.000000000000D+00
$end
