$coord
    0.26674151714062     -1.07301479794127     -4.26049308253055  h
   -0.25818676149997     -1.11623689832585     -2.51980541023654  o
    0.40884988877296      1.21469594288219     -1.37532334970230  c
   -0.49069637763538      2.83384225877619     -2.31114987962916  h
    2.46526648301686      1.48278726452245     -1.46939362556336  h
   -0.40885056070381      1.21469578384499      1.37532313831534  c
    0.49069589043246      2.83384182757855      2.31114997245905  h
   -2.46526712201094      1.48278739637610      1.46939331402943  h
    0.25818570881634     -1.11623730248776      2.51980491341540  o
   -0.26674587100687     -1.07301679333761      4.26049162846384  h
$user-defined bonds
$intdef
# definitions of internal coordinates
   1 f  1.0000000000000 tors    2    3    6    9 val=  45.00000
$redundant
     number_of_atoms            10
     degrees_of_freedom         24
     internal_coordinates       25
     frozen_coordinates          1
# definitions of redundant internals
   1 k  1.0000000000000 tors   1    2    3    6 val= 179.67023
   2 k  1.0000000000000 stre   2    1           val=   1.81863
   3 k  1.0000000000000 bend   3    1    2      val= 108.42773
   4 k  1.0000000000000 stre   3    4           val=   2.07523
   5 k  1.0000000000000 stre   3    5           val=   2.07595
   6 k  0.0876288223059 bend   5    4    3      val=   1.11624
       -0.5255757766326 bend   2    4    3
       -0.4908908125715 bend   2    5    3
        0.4789081021296 bend   6    4    3
        0.4957464395897 bend   6    5    3
   7 k  0.0062206984254 bend   5    4    3      val=   0.20202
       -0.5316238222882 bend   2    4    3
        0.5610105486187 bend   2    5    3
       -0.4609207803273 bend   6    4    3
        0.4360695048818 bend   6    5    3
   8 k  0.8918773191057 bend   5    4    3      val=  -0.45277
       -0.1672294844812 bend   2    4    3
       -0.1886434783059 bend   2    5    3
       -0.2707991647771 bend   6    4    3
       -0.2601357292522 bend   6    5    3
   9 k -0.0108542573568 bend   5    4    3      val=   1.47480
        0.4504149929445 bend   2    4    3
       -0.4465172158919 bend   2    5    3
       -0.5370316748792 bend   6    4    3
        0.5560826155497 bend   6    5    3
  10 k  1.0000000000000 stre   6    7           val=   2.07523
  11 k  1.0000000000000 stre   6    8           val=   2.07595
  12 k  0.0876288941793 bend   8    7    6      val=   1.11624
       -0.5255757201106 bend   9    7    6
       -0.4908908793276 bend   9    8    6
        0.4789082161859 bend   3    7    6
        0.4957463105236 bend   3    8    6
  13 k  0.0062208221403 bend   8    7    6      val=   0.20202
       -0.5316239266019 bend   9    7    6
        0.5610104993116 bend   9    8    6
       -0.4609206621635 bend   3    7    6
        0.4360695642774 bend   3    8    6
  14 k  0.8918773153380 bend   8    7    6      val=  -0.45277
       -0.1672294481505 bend   9    7    6
       -0.1886434430734 bend   9    8    6
       -0.2707990958011 bend   3    7    6
       -0.2601358628785 bend   3    8    6
  15 k -0.0108541657333 bend   8    7    6      val=   1.47479
        0.4504148881867 bend   9    7    6
       -0.4465172582656 bend   9    8    6
       -0.5370317077030 bend   3    7    6
        0.5560826364656 bend   3    8    6
  16 k  1.0000000000000 tors  10    9    6    3 val= 179.67036
  17 k  1.0000000000000 stre   9   10           val=   1.81863
  18 k  1.0000000000000 bend   6   10    9      val= 108.42774
  19 k  1.0000000000000 tors   2    3    6    9 val=  45.00000
  20 k  1.0000000000000 stre   3    2           val=   2.68105
  21 k  1.0000000000000 bend   6    2    3      val= 109.77247
  22 k  1.0000000000000 stre   6    9           val=   2.68105
  23 k  1.0000000000000 bend   3    9    6      val= 109.77248
  24 k  1.0000000000000 stre   3    6           val=   2.86961
  25 f  1.0000000000000 tors   2    3    6    9 val=  45.00000
        24 non zero eigenvalues  of BmBt
           1           4.515998443    1    0
         1
           2           3.786930277    2    0
         2
           3           3.772989709    3    0
         3
           4           3.079524534    4    0
         4
           5           2.697586147    5    0
         5
           6           2.466120654    6    0
         6
           7           2.098623817    7    0
         7
           8           1.722651009    8    0
         8
           9           1.239266254    9    0
         9
          10           1.233771858   10    0
        10
          11           1.053993118   11    0
        11
          12           0.848380020   12    0
        12
          13           0.769050364   13    0
        13
          14           0.726677969   14    0
        14
          15           0.651080328   15    0
        15
          16           0.408933459   16    0
        16
          17           0.347452803   17    0
        17
          18           0.319793860   18    0
        18
          19           0.278245079   20    0
        20
          20           0.246718078   21    0
        21
          21           0.150180651   22    0
        22
          22           0.067112657   23    0
        23
          23           0.058732602   24    0
        24
          24           0.000000000    0    1
         0.000000000         0.000000000         0.000000000         0.000000000
         0.000000000         0.000000000         0.000000000         0.000000000
         0.000000000         0.000000000         0.000000000         0.000000000
         0.000000000         0.000000000         0.000000000         0.000000000
         0.000000000         0.000000000         0.000000000         0.000000000
         0.000000000         0.000000000         0.000000000         0.000000000
         1.000000000
$end
