$energy      SCF               SCFKIN            SCFPOT
     1 -230.2212446928      229.2983031377     -459.5195478306
     2 -230.2220168866      229.2769986622     -459.4990155488
     3 -230.2220940549      229.2867533185     -459.5088473734
     4 -230.2221114788      229.2903366242     -459.5124481030
     5 -230.2221124485      229.2890588356     -459.5111712841
     6 -230.2221125195      229.2891967135     -459.5113092329
     7 -230.2221125082      229.2891993023     -459.5113118104
     8 -230.2221125147      229.2892292399     -459.5113417546
     9 -230.2221125192      229.2892733553     -459.5113858745
    10 -230.2221125195      229.2892632045     -459.5113757240
    11 -230.2221125197      229.2892781099     -459.5113906296
    12 -230.2221125198      229.2892707709     -459.5113832907
$end
