$grad          cartesian gradients
  cycle =      1    SCF energy =     -230.2212446928   |dE/dxyz| =  0.012238
    0.25249924982677     -1.18158027841029     -4.15906810158959      h
   -0.27239320357263     -1.13280143994223     -2.41928258083741      o
    0.42871961459325      1.24355442359415     -1.36610603324499      c
   -0.47952050327498      2.81412623351662     -2.36636622193316      h
    2.47933589045519      1.52976393016638     -1.43806565254397      h
   -0.42872213111565      1.24355805814530      1.36610099614477      c
    0.47948756763163      2.81414913252386      2.36636287124279      h
   -2.47934114974453      1.52973809079775      1.43804000642354      h
    0.27242440015545     -1.13277943171609      2.41929639622073      o
   -0.25292624758742     -1.18174944351949      4.15893783128198      h
  -.31223482255242D-03  -.63630976665290D-03  0.60428413108052D-03
  0.11469923268099D-02  -.47588593517327D-02  0.41798641391771D-02
  -.11627717075832D-02  0.46196925610721D-02  -.60489181554971D-03
  -.19216417710839D-03  -.14162796625997D-02  -.34911078205177D-03
  -.99805321135927D-03  0.21946761421577D-02  0.12432522001978D-02
  0.11621561342945D-02  0.46199716626222D-02  0.60477308988231D-03
  0.19216227014453D-03  -.14161437057143D-02  0.34940215752914D-03
  0.99838967433616D-03  0.21949080202706D-02  -.12435186460591D-02
  -.11460655449989D-02  -.47593428232202D-02  -.41796592295991D-02
  0.31158710385420D-03  -.63620898479394D-03  -.60439545468094D-03
  cycle =      2    SCF energy =     -230.2220168866   |dE/dxyz| =  0.013701
    0.25919169069273     -1.09947635168120     -4.25662785029475      h
   -0.25205326119021     -1.13148084452384     -2.51129999995830      o
    0.41740676237675      1.21008778464656     -1.37662364509263      c
   -0.47563989553810      2.80948266646796     -2.34851494704220      h
    2.47108145655623      1.48445558613800     -1.45663714064571      h
   -0.41743124176491      1.21008520665396      1.37661346400339      c
    0.47560728713109      2.80947793431130      2.34851909180678      h
   -2.47110582329172      1.48444850439266      1.45661172270133      h
    0.25203069854483     -1.13148431165951      2.51128493753084      o
   -0.25952418614961     -1.09961689958995      4.25652387815593      h
  -.16690932318153D-03  -.49247300723694D-03  -.27823572490651D-03
  0.40530041893411D-02  -.27439347843681D-02  0.65647649603565D-03
  -.67772677737039D-02  0.34619119894335D-02  -.26647913367564D-02
  0.35965517158536D-03  -.91285487925605D-03  -.13998463077284D-02
  -.77740681086277D-03  0.68827704967746D-03  0.33627761239081D-03
  0.67769674121502D-02  0.34622828216624D-02  0.26647617728018D-02
  -.35965502005786D-03  -.91282421551297D-03  0.14002054504078D-02
  0.77764667147040D-03  0.68835977512541D-03  -.33659087171555D-03
  -.40525618263777D-02  -.27437946122048D-02  -.65625325886372D-03
  0.16652700357680D-03  -.49261811345302D-03  0.27799732441908D-03
  cycle =      3    SCF energy =     -230.2220940549   |dE/dxyz| =  0.015170
    0.26617147481609     -1.08604730747929     -4.26126363585781      h
   -0.25170764665925     -1.12995112270688     -2.51846616875567      o
    0.41368755177008      1.20371092458721     -1.37496706689684      c
   -0.47904044111049      2.81445033169769     -2.32967869649136      h
    2.47004249117139      1.47090804583270     -1.45996177276061      h
   -0.41372749732519      1.20370422398293      1.37495414210853      c
    0.47901005426100      2.81442727919547      2.32968656571793      h
   -2.47008022443470      1.47091659951910      1.45993903889289      h
    0.25164679212331     -1.12997195884032      2.51843447789080      o
   -0.26643906724516     -1.08616774063267      4.26117262731681      h
  -.63073418757159D-04  -.12136098161806D-03  -.61988007380097D-04
  0.49269774119912D-02  -.21229398933929D-02  0.11568593390135D-02
  -.84409592311461D-02  0.26417669682444D-02  -.23951229472437D-02
  0.20491598271324D-03  -.50708898107817D-03  -.76445016880987D-03
  -.21985067950302D-03  0.11019214107579D-03  0.97110981177523D-04
  0.84408261086966D-02  0.26419486292855D-02  0.23951638887459D-02
  -.20489479988047D-03  -.50711356038414D-03  0.76471961746621D-03
  0.21992796088739D-03  0.11022616159353D-03  -.97374514369796D-04
  -.49266951701400D-02  -.21226267139328D-02  -.11567831015570D-02
  0.62825806035922D-04  -.12150632900716D-03  0.61865777772828D-04
  cycle =      4    SCF energy =     -230.2221114788   |dE/dxyz| =  0.015675
    0.27294117929517     -1.08371835154535     -4.26050384028312      h
   -0.25246500410463     -1.13001096743878     -2.52009817392133      o
    0.41186214420594      1.20094597304681     -1.37380047370325      c
   -0.48361687903683      2.81912307597485     -2.31465163185445      h
    2.46925506361656      1.46673368732411     -1.46256636453882      h
   -0.41191832977734      1.20093446733568      1.37378444590966      c
    0.48358902786444      2.81908050620639      2.31466302997205      h
   -2.46930640780460      1.46675891344232      1.46254700218509      h
    0.25236358789893     -1.13005094041382      2.52004909653061      o
   -0.27314089479056     -1.08381708877626      4.26042642086823      h
  0.39262932549068D-05  0.54483100051593D-04  0.35419380529677D-04
  0.52076177163155D-02  -.21927712966999D-02  0.15238503450789D-02
  -.88428001094533D-02  0.23201460688630D-02  -.22318376445794D-02
  0.36634418439621D-04  -.10554196163208D-03  -.12256421818518D-03
  0.11656719035633D-03  -.75757411445175D-04  -.59083670885530D-05
  0.88427960334886D-02  0.23200574747449D-02  0.22318809479478D-02
  -.36611827387717D-04  -.10557134937562D-03  0.12270910764445D-03
  -.11655505809125D-03  -.75752741442703D-04  0.57329764302041D-05
  -.52075468945038D-02  -.21924416871339D-02  -.15238027486496D-02
  -.40277687224974D-05  0.54374735282468D-04  -.35479189728034D-04
  cycle =      5    SCF energy =     -230.2221124485   |dE/dxyz| =  0.015288
    0.27497980188970     -1.08596584565816     -4.26007977727375      h
   -0.25262034146060     -1.13031785006671     -2.52020885361757      o
    0.41195032301598      1.20095740579178     -1.37418787553953      c
   -0.48521779820509      2.81989341535068     -2.31253252387356      h
    2.46873176726067      1.46850735350066     -1.46372696128960      h
   -0.41201390065075      1.20094371763420      1.37417043840576      c
    0.48519111364877      2.81984211369712      2.31254517228092      h
   -2.46878912907360      1.46854020811854      1.46370999921616      h
    0.25250101341781     -1.13036658272390      2.52015165740834      o
   -0.27514936247582     -1.08605466048827      4.26000823544748      h
  0.73896105702510D-05  0.22753887323128D-04  -.66100196604754D-06
  0.51329305230333D-02  -.23204444891909D-02  0.15337814545946D-02
  -.84592024916598D-02  0.23238248922275D-02  -.24120896775385D-02
  0.43429442483444D-05  -.12764056882264D-04  -.74121157153870D-05
  0.32050158773170D-04  -.12743778550191D-04  -.98000250199793D-05
  0.84592308241087D-02  0.23236327852419D-02  0.24121487268607D-02
  -.43324911215779D-05  -.12783083521657D-04  0.74870092691274D-05
  -.32037401428947D-04  -.12741180025449D-04  0.96944767737111D-05
  -.51329323586555D-02  -.23201781476859D-02  -.15337718781740D-02
  -.74393167920586D-05  0.22693958057076D-04  0.62351504109763D-06
  cycle =      7    SCF energy =     -230.2221125082   |dE/dxyz| =  0.015213
    0.26626201401622     -1.07250027341771     -4.26071650224366      h
   -0.25811918816137     -1.11630102761664     -2.51986473851474      o
    0.40889413243776      1.21472453285319     -1.37528937008248      c
   -0.49071529592957      2.83381355623754     -2.31113667692495      h
    2.46527619172301      1.48273459474061     -1.46950156047682      h
   -0.40889418885398      1.21472464613021      1.37528919614231      c
    0.49071308683912      2.83381460667204      2.31113717773221      h
   -2.46527655143043      1.48273267308387      1.46949917312742      h
    0.25812083640466     -1.11629981130270      2.51986539942417      o
   -0.26628493534221     -1.07250984122592      4.26070997094304      h
  0.38355774124471D-05  0.11158494706775D-04  -.27879575700344D-05
  0.51503364476844D-02  -.22619953714578D-02  0.15318329113181D-02
  -.83930324968863D-02  0.22596291016185D-02  -.24865293498142D-02
  -.17202991964171D-05  -.14089575970473D-05  0.18348527091806D-05
  -.89563891831471D-05  -.67993501500132D-05  -.97234911461025D-05
  0.83930177533466D-02  0.22596539216087D-02  0.24865459934843D-02
  0.17220991386109D-05  -.14190211837791D-05  -.17998693582855D-05
  0.89628378774802D-05  -.67980301502814D-05  0.96664902077528D-05
  -.51503071961705D-02  -.22619345480413D-02  -.15318070713882D-02
  -.38583417094038D-05  0.11130302993199D-04  0.27675752576073D-05
  cycle =      8    SCF energy =     -230.2221125147   |dE/dxyz| =  0.015226
    0.26632183835277     -1.07264446042332     -4.26063708092731      h
   -0.25818594401664     -1.11624872343393     -2.51982546054295      o
    0.40885571220096      1.21474377306938     -1.37530160731898      c
   -0.49074662658895      2.83384449209788     -2.31114255119075      h
    2.46525871340037      1.48277643754654     -1.46947683904803      h
   -0.40885684470399      1.21474358852079      1.37530121250653      c
    0.49074460536312      2.83384431796866      2.31114317254036      h
   -2.46525995851037      1.48277561202237      1.46947492034974      h
    0.25818505601959     -1.11624876371116      2.51982492908148      o
   -0.26634044981366     -1.07265261750273      4.26063137367639      h
  0.20932091271320D-05  0.71623953731385D-05  -.35509604021326D-06
  0.51541611658902D-02  -.22497665941791D-02  0.15316581063833D-02
  -.84068384290098D-02  0.22489878778551D-02  -.24904502886665D-02
  -.17964291883412D-05  -.14307411642493D-05  0.72169780856721D-06
  -.36577685294000D-05  -.43606165099052D-05  -.51351796189378D-05
  0.84068317543327D-02  0.22490035039726D-02  0.24904577835081D-02
  0.18004930964734D-05  -.14347168487527D-05  -.69248355271375D-06
  0.36599041998640D-05  -.43579980670493D-05  0.50948296608476D-05
  -.51541456427825D-02  -.22497294745911D-02  -.15316463933715D-02
  -.21082639536301D-05  0.71427683726083D-05  0.34708698772407D-06
  cycle =     10    SCF energy =     -230.2221125195   |dE/dxyz| =  0.015243
    0.26665126649734     -1.07295094019812     -4.26052792635439      h
   -0.25815108780548     -1.11624744529474     -2.51980269972834      o
    0.40886919902564      1.21468828308737     -1.37531146664828      c
   -0.49066533451393      2.83381913530363     -2.31117625306488      h
    2.46529816115966      1.48276463120205     -1.46933739223340      h
   -0.40886922293672      1.21468831305346      1.37531140137279      c
    0.49066473374258      2.83381945334664      2.31117626779940      h
   -2.46529826176400      1.48276410094542      1.46933684314369      h
    0.25815158977207     -1.11624707258164      2.51980290772672      o
   -0.26665824785487     -1.07295377697609      4.26052593700784      h
  0.25840392357281D-07  0.68189437867334D-06  -.18925303731499D-07
  0.51601718936249D-02  -.22304851915017D-02  0.15336289077705D-02
  -.84247698637931D-02  0.22316667918479D-02  -.25011270967225D-02
  -.73373331627992D-06  -.77899673107551D-06  -.12457253675727D-05
  0.17743184792878D-05  -.48265517344130D-06  0.90232646012205D-06
  0.84247617119333D-02  0.22316682014220D-02  0.25011262886538D-02
  0.72651247219349D-06  -.78176950530959D-06  0.12438208860319D-05
  -.17735847214352D-05  -.48719225398692D-06  -.91199127410771D-06
  -.51601505595262D-02  -.22304652409699D-02  -.15336086067510D-02
  -.32538070788190D-07  0.67909924388672D-06  0.11026742141235D-07
  cycle =     11    SCF energy =     -230.2221125197   |dE/dxyz| =  0.015241
    0.26668447478501     -1.07297777320440     -4.26051297442697      h
   -0.25816403663399     -1.11624368283948     -2.51980091793076      o
    0.40886332233903      1.21469233639162     -1.37531625635269      c
   -0.49067509727022      2.83382876192765     -2.31116660287975      h
    2.46528691759309      1.48277402766541     -1.46936018869687      h
   -0.40886381249723      1.21469227273225      1.37531612020065      c
    0.49067455138301      2.83382856154444      2.31116680974151      h
   -2.46528740848667      1.48277401360257      1.46935969045798      h
    0.25816334872311     -1.11624385721434      2.51980056940105      o
   -0.26668946461287     -1.07297997871775      4.26051136950700      h
  -.17398671347444D-06  0.43987785082219D-06  -.41876403727995D-06
  0.51601311275463D-02  -.22304445797093D-02  0.15344411774764D-02
  -.84231866938025D-02  0.22313850855386D-02  -.25027003716199D-02
  -.42724281771251D-06  -.50561455508772D-06  -.53201931897994D-06
  0.73576283508775D-06  -.27426573912864D-06  0.12240145998164D-06
  0.84231865614960D-02  0.22313906546621D-02  0.25027086607944D-02
  0.42784250232031D-06  -.50500744384175D-06  0.54030024991718D-06
  -.73449493709520D-06  -.27389823836957D-06  -.13243367999483D-06
  -.51601325788144D-02  -.22304350185148D-02  -.15344459532648D-02
  0.17370170714376D-06  0.43810822035899D-06  0.41701591128360D-06
$end
