$hessapprox internal
  0.129837066870D-01  0.992253159049D-03  0.621740950121D+00 -0.250092948682D-02
  0.270917441736D-02  0.370800630882D+00  0.960352547871D-04 -0.183070561246D-02
 -0.723493704133D-03  0.421008136994D+00  0.441291062875D-02 -0.545016048207D-02
  0.438475630424D-02  0.168750296067D-02  0.412311446831D+00  0.502010371207D-02
 -0.290541039554D-02  0.656395157358D-02 -0.101434404789D-03 -0.115237188908D-01
  0.332638159785D+00 -0.157651095048D-02  0.248384528622D-02 -0.130970602129D-02
 -0.932148725188D-03  0.192988489153D-02  0.407002116500D-02  0.346873010303D+00
  0.471627862928D-02 -0.544705499357D-02  0.486688533314D-02  0.157176024500D-02
 -0.790545605265D-02 -0.123488776332D-01  0.227750469933D-02  0.310915056698D+00
 -0.605678653374D-02  0.854586673373D-02 -0.550853228050D-02 -0.296972264129D-02
  0.848580111706D-02  0.157235385909D-01 -0.204258365771D-02  0.976518934828D-02
  0.335076375053D+00  0.976319272667D-04 -0.177030367546D-02 -0.692073047796D-03
  0.104936628043D-02  0.161792287156D-02 -0.111044862553D-03 -0.895961011837D-03
  0.150537097918D-02 -0.285173371598D-02  0.420934113514D+00  0.440294989580D-02
 -0.543608788469D-02  0.437570602179D-02  0.168260777589D-02 -0.700308338808D-02
 -0.114978622371D-01  0.192653623136D-02 -0.788941540901D-02  0.846990932653D-02
  0.161322211534D-02  0.412339306814D+00  0.501060046818D-02 -0.290099132855D-02
  0.655100872094D-02 -0.100579250585D-03 -0.115007421894D-01 -0.133712647846D-01
  0.406170140593D-02 -0.123243997457D-01  0.156917817250D-01 -0.110194332703D-03
 -0.114749377655D-01  0.332689024570D+00 -0.160408361114D-02  0.237291693934D-02
 -0.140644932691D-02 -0.853752605165D-03  0.212955908778D-02  0.415467041494D-02
 -0.478585777104D-03  0.247456607428D-02 -0.236272132606D-02 -0.820190409635D-03
  0.212568314576D-02  0.414623716581D-02  0.346688938097D+00  0.473228963767D-02
 -0.546068624040D-02  0.488573252342D-02  0.157411433908D-02 -0.793751814589D-02
 -0.123912240888D-01  0.228800205855D-02 -0.886863606870D-02  0.980729589406D-02
  0.150760229016D-02 -0.792140828847D-02 -0.123666641110D-01  0.248552219579D-02
  0.310845051079D+00 -0.613198482155D-02  0.852715421832D-02 -0.563662373441D-02
 -0.293002548968D-02  0.872531057273D-02  0.159296425535D-01 -0.213896003905D-02
  0.100135548181D-01 -0.100340998343D-01 -0.281320623337D-02  0.870884250296D-02
  0.158975172982D-01 -0.245767399646D-02  0.100564066225D-01  0.334374162772D+00
 -0.182380892343D-02  0.813152517960D-03 -0.250062658573D-02  0.185544285473D-03
  0.444710242490D-02  0.488818589881D-02 -0.161655556180D-02  0.473323468979D-02
 -0.615895375798D-02  0.183919508543D-03  0.443697271661D-02  0.487898842464D-02
 -0.163682516497D-02  0.474905125839D-02 -0.622894943009D-02  0.130984631606D-01
  0.976821670471D-03  0.240822575136D-02  0.269951823234D-02 -0.184388743972D-02
 -0.543837930886D-02 -0.286614845897D-02  0.248384961731D-02 -0.543149873196D-02
  0.853805950255D-02 -0.178299166871D-02 -0.542431940626D-02 -0.286181220091D-02
  0.237170969967D-02 -0.544503901681D-02  0.851827039326D-02  0.796986132319D-03
  0.621802880653D+00 -0.248798277342D-02  0.270304625416D-02 -0.264895765862D-02
 -0.724592552367D-03  0.435357000255D-02  0.652928273705D-02 -0.129843299562D-02
  0.483364782173D-02 -0.546546714344D-02 -0.693167872791D-03  0.434459054771D-02
  0.651640524853D-02 -0.139501702325D-02  0.485238336882D-02 -0.559305455063D-02
 -0.248809084455D-02  0.269350203701D-02  0.370835712772D+00  0.146816804810D-02
 -0.450807311106D-03  0.211047794279D-02 -0.274374067979D-03 -0.379895178417D-02
 -0.395277077609D-02  0.141727616844D-02 -0.401781361989D-02  0.533341374729D-02
 -0.268764721931D-03 -0.379017861578D-02 -0.394540906880D-02  0.142477937735D-02
 -0.403090921711D-02  0.538565579576D-02  0.140890628201D-02 -0.436193879395D-03
  0.210043666776D-02  0.502395512879D+00 -0.173906715583D-03 -0.600830837105D-02
 -0.314937492665D-02  0.375108676121D-02  0.696528240531D-02  0.996982906661D-03
 -0.361686286952D-02  0.664987203279D-02 -0.117999298102D-01  0.362247230637D-02
  0.694583799819D-02  0.997368235572D-03 -0.335557383917D-02  0.666222831337D-02
 -0.116840237602D-01  0.147386559833D-03 -0.605761755499D-02 -0.314967311036D-02
 -0.547075226843D-03  0.395710078525D+00  0.143987966777D-02 -0.485534637309D-03
  0.204904852262D-02 -0.242455301338D-03 -0.367909238995D-02 -0.387282253539D-02
  0.136526705097D-02 -0.389618184718D-02  0.515066507346D-02 -0.237870401485D-03
 -0.367062007774D-02 -0.386559366715D-02  0.137450338300D-02 -0.390894773590D-02
  0.520277495970D-02  0.138401054516D-02 -0.471543525142D-03  0.203919006698D-02
 -0.109480157979D-02 -0.445262157224D-03  0.502429091494D+00 -0.172520700517D-03
 -0.617589851757D-02 -0.322733931472D-02  0.385337573773D-02  0.714136913444D-02
  0.100783331808D-02 -0.371063803335D-02  0.681633910583D-02 -0.121028812990D-01
  0.372123808240D-02  0.712142544642D-02  0.100826027045D-02 -0.344211180509D-02
  0.682898099703D-02 -0.119835589210D-01  0.157383397977D-03 -0.622650597663D-02
 -0.322768800125D-02 -0.566841463532D-03  0.131598377404D-01 -0.462150984644D-03
  0.396421538615D+00 -0.587622264235D-02  0.900908763164D-02 -0.500089037562D-02
 -0.332164386559D-02  0.746110956984D-02  0.151921599522D-01 -0.157316990278D-02
  0.874278686558D-02 -0.807238124261D-02 -0.319201715667D-02  0.744787157814D-02
  0.151612008896D-01 -0.191481775948D-02  0.878235831192D-02 -0.842659337410D-02
 -0.601256872902D-02  0.900714862618D-02 -0.495893288933D-02  0.525480664270D-02
 -0.129576488290D-01  0.506521439179D-02 -0.132928578834D-01  0.383284426953D+00
  0.000000000000D+00  0.000000000000D+00  0.000000000000D+00  0.000000000000D+00
  0.000000000000D+00  0.000000000000D+00  0.000000000000D+00  0.000000000000D+00
  0.000000000000D+00  0.000000000000D+00  0.000000000000D+00  0.000000000000D+00
  0.000000000000D+00  0.000000000000D+00  0.000000000000D+00  0.000000000000D+00
  0.000000000000D+00  0.000000000000D+00  0.000000000000D+00  0.000000000000D+00
  0.000000000000D+00  0.000000000000D+00  0.000000000000D+00  0.000000000000D+00
$end
