$coord
    0.80314950742924     -1.29348818315174     -4.16551859393204  h
   -0.37862325351249     -0.89138290255575     -2.84376678976240  o
    0.68895226254144      1.00020027643723     -1.25139516621132  c
    0.49296636854059      2.87033528691939     -2.12938975247634  h
    2.69887086385299      0.65323500712698     -0.89740475412041  h
   -0.68895156849395      1.00020085551396      1.25139546651596  c
   -0.49296434959678      2.87033582816648      2.12938986303351  h
   -2.69887044699293      0.65323686801583      0.89740517877298  h
    0.37862280308219     -0.89138309774062      2.84376690904594  o
   -0.80314722822832     -1.29348230277948      4.16552303310300  h
$user-defined bonds
$intdef
# definitions of internal coordinates
   1 f  1.0000000000000 tors    2    3    6    9 val=  84.00000
$redundant
     number_of_atoms            10
     degrees_of_freedom         24
     internal_coordinates       25
     frozen_coordinates          1
# definitions of redundant internals
   1 k  1.0000000000000 tors   1    2    3    6 val= 199.19138
   2 k  1.0000000000000 stre   2    1           val=   1.81805
   3 k  1.0000000000000 bend   3    1    2      val= 109.11870
   4 k  1.0000000000000 stre   3    5           val=   2.07014
   5 k  1.0000000000000 stre   3    4           val=   2.07526
   6 k  0.0772779468720 bend   4    5    3      val=   0.97112
       -0.5196370227026 bend   2    5    3
       -0.4962491709299 bend   2    4    3
        0.4852970171624 bend   6    5    3
        0.4921677041910 bend   6    4    3
   7 k  0.0116291208229 bend   4    5    3      val=   0.17687
       -0.5322528761733 bend   2    5    3
        0.5473344399304 bend   2    4    3
       -0.4657301592586 bend   6    5    3
        0.4473165199020 bend   6    4    3
   8 k -0.8907932448494 bend   4    5    3      val=   0.89358
        0.1744574141843 bend   2    5    3
        0.1956135951927 bend   2    4    3
        0.2613986930617 bend   6    5    3
        0.2635489522047 bend   6    4    3
   9 k -0.0057421565432 bend   4    5    3      val=   0.79630
        0.4558260343814 bend   2    5    3
       -0.4571327702909 bend   2    4    3
       -0.5330631532149 bend   6    5    3
        0.5468664910461 bend   6    4    3
  10 k  1.0000000000000 stre   6    8           val=   2.07014
  11 k  1.0000000000000 stre   6    7           val=   2.07526
  12 k  0.0772780675957 bend   7    8    6      val=   0.97112
       -0.5196369389766 bend   9    8    6
       -0.4962492756199 bend   9    7    6
        0.4852970570739 bend   3    8    6
        0.4921676287220 bend   3    7    6
  13 k  0.0116290773503 bend   7    8    6      val=   0.17687
       -0.5322529774287 bend   9    8    6
        0.5473343922082 bend   9    7    6
       -0.4657300491381 bend   3    8    6
        0.4473165735965 bend   3    7    6
  14 k -0.8907932061322 bend   7    8    6      val=   0.89359
        0.1744574535164 bend   9    8    6
        0.1956134919980 bend   9    7    6
        0.2613987577731 bend   3    8    6
        0.2635490694430 bend   3    7    6
  15 k -0.0057420868910 bend   7    8    6      val=   0.79630
        0.4558259876411 bend   9    8    6
       -0.4571327618332 bend   9    7    6
       -0.5330632270656 bend   3    8    6
        0.5468664658199 bend   3    7    6
  16 k  1.0000000000000 tors  10    9    6    3 val= 199.19114
  17 k  1.0000000000000 stre   9   10           val=   1.81805
  18 k  1.0000000000000 bend   6   10    9      val= 109.11870
  19 k  1.0000000000000 tors   2    3    6    9 val=  84.00000
  20 k  1.0000000000000 stre   3    2           val=   2.69322
  21 k  1.0000000000000 bend   6    2    3      val= 109.07279
  22 k  1.0000000000000 stre   6    9           val=   2.69322
  23 k  1.0000000000000 bend   3    9    6      val= 109.07278
  24 k  1.0000000000000 stre   3    6           val=   2.85702
  25 f  1.0000000000000 tors   2    3    6    9 val=  84.00000
        24 non zero eigenvalues  of BmBt
           1           4.330012532    1    0
         1
           2           3.800765121    2    0
         2
           3           3.748347122    3    0
         3
           4           3.030062494    4    0
         4
           5           2.881604811    5    0
         5
           6           2.434944112    6    0
         6
           7           2.075335050    7    0
         7
           8           1.733203476    8    0
         8
           9           1.254870582    9    0
         9
          10           1.238313062   10    0
        10
          11           1.042981536   11    0
        11
          12           0.835170132   12    0
        12
          13           0.769745684   13    0
        13
          14           0.727862261   14    0
        14
          15           0.586830982   15    0
        15
          16           0.467303966   16    0
        16
          17           0.355123273   17    0
        17
          18           0.351328529   18    0
        18
          19           0.280877185   20    0
        20
          20           0.253087331   21    0
        21
          21           0.110216446   22    0
        22
          22           0.072366437   23    0
        23
          23           0.065892700   24    0
        24
          24           0.000000000    0    1
         0.000000000         0.000000000         0.000000000         0.000000000
         0.000000000         0.000000000         0.000000000         0.000000000
         0.000000000         0.000000000         0.000000000         0.000000000
         0.000000000         0.000000000         0.000000000         0.000000000
         0.000000000         0.000000000         0.000000000         0.000000000
         0.000000000         0.000000000         0.000000000         0.000000000
         1.000000000
$end
