$energy      SCF               SCFKIN            SCFPOT
     1 -230.2251122811      229.3030305380     -459.5281428192
     2 -230.2256947346      229.2830529280     -459.5087476626
     3 -230.2258631493      229.2897600322     -459.5156231815
     4 -230.2259071447      229.2938735993     -459.5197807441
     5 -230.2259175909      229.2918401033     -459.5177576942
     6 -230.2259181339      229.2924724754     -459.5183906093
     7 -230.2259181650      229.2923706375     -459.5182888025
     8 -230.2259177678      229.2923640422     -459.5182818100
     9 -230.2259177690      229.2923287326     -459.5182465016
    10 -230.2259177693      229.2923189169     -459.5182366862
    11 -230.2259177693      229.2923114298     -459.5182291991
    12 -230.2259177693      229.2923199108     -459.5182376800
    13 -230.2259177693      229.2923237655     -459.5182415348
$end
