$grad          cartesian gradients
  cycle =      1    SCF energy =     -230.2251122811   |dE/dxyz| =  0.011139
    0.51167414112251     -0.95045877807508     -4.37900253002935      h
   -0.37026956212480     -0.91120459965594     -2.78985825252777      o
    0.71894002101615      1.00029008609442     -1.23820823892841      c
    0.56439781267035      2.87001916579431     -2.11704055585603      h
    2.72173153985643      0.62418655691765     -0.86472002395799      h
   -0.71895556550974      1.00028280266608      1.23820406134408      c
   -0.56447415490433      2.87002264604325      2.11702907832152      h
   -2.72173109268182      0.62411931655634      0.86470197117942      h
    0.37030485091014     -0.91116624842821      2.78987449834701      o
   -0.51197315022490     -0.95077411810394      4.37882397302986      h
  -.68191269281159D-03  0.99169957432003D-03  0.69203973054879D-03
  -.17935410857784D-02  -.10137943749862D-02  0.29120705337462D-02
  0.63374647434804D-02  0.28950809539844D-03  -.80097965231985D-03
  0.12554608947190D-02  -.16889405611010D-03  0.18538022980940D-02
  0.62250523448957D-03  -.97063796159733D-04  -.10316162324670D-02
  -.63378122094591D-02  0.28978898096448D-03  0.80056718270582D-03
  -.12555459203252D-02  -.16880458064698D-03  -.18535279029787D-02
  -.62223113165440D-03  -.96943137293324D-04  0.10313250855680D-02
  0.17943815836873D-02  -.10134525027850D-02  -.29112263894910D-02
  0.68122812182930D-03  0.99134648071810D-03  -.69245071107673D-03
  cycle =      2    SCF energy =     -230.2256947346   |dE/dxyz| =  0.004904
    0.58958507373010     -1.01685903103910     -4.36081198427898      h
   -0.38988711311164     -0.88927632638430     -2.83283498041862      o
    0.69096747899723      1.00800314956664     -1.25439297906931      c
    0.50754170794310      2.88003865139064     -2.12851122134548      h
    2.70124110035018      0.65092755956781     -0.90918481176837      h
   -0.69101053572020      1.00798565859092      1.25438526101939      c
   -0.50761566219735      2.88001460609989      2.12852767793215      h
   -2.70127536007719      0.65088422895812      0.90916155172053      h
    0.38987159242245     -0.88929187827929      2.83280944893013      o
   -0.58977344220669     -1.01710978866243      4.36065601820090      h
  -.24522050847041D-03  0.26469967809765D-03  -.43920126966899D-03
  -.97982352223505D-03  -.22129570888060D-03  0.48448609781091D-04
  0.30915461851139D-02  -.11503739120149D-03  -.19863565837973D-03
  0.81717859517426D-03  -.26858207035790D-04  0.30726551440985D-03
  -.26420991141535D-04  0.98447574148192D-04  -.55195140207499D-03
  -.30920806624472D-02  -.11414325492672D-03  0.19916807320679D-03
  -.81723933197592D-03  -.26594647854504D-04  -.30675504096375D-03
  0.26699606691449D-04  0.98542987873656D-04  0.55154397492423D-03
  0.98070609892810D-03  -.22081892393621D-03  -.48924071637181D-04
  0.24465287737654D-03  0.26449636220859D-03  0.43903675328032D-03
  cycle =      3    SCF energy =     -230.2258631493   |dE/dxyz| =  0.003549
    0.64892031049345     -1.10592156432550     -4.29449956474789      h
   -0.41737651382391     -0.86454293997843     -2.84051325046338      o
    0.67053320419268      1.02561057405192     -1.26129329585176      c
    0.46043166824804      2.89763831107996     -2.13211819596646      h
    2.68676999060718      0.68006445326693     -0.93796167322431      h
   -0.67059252173565      1.02557689795719      1.26127727309555      c
   -0.46050136790841      2.89758213843755      2.13215278597142      h
   -2.68682617218614      0.68003177340035      0.93792911637102      h
    0.41732127877900     -0.86461069570083      2.84045432395161      o
   -0.64903503653625     -1.10611211838023      4.29437646178655      h
  0.45205562703755D-04  0.14726236639099D-03  -.35557752518877D-03
  -.93341932368180D-03  0.92252834972951D-03  -.46845849444974D-03
  0.13997222499371D-02  -.10819136218745D-02  0.10273054611877D-02
  0.74754977154692D-04  -.18112284370564D-04  -.10742167794177D-03
  0.15726554522651D-04  0.31778822014718D-04  -.33921834379123D-04
  -.13998419323477D-02  -.10815993663023D-02  -.10274693044288D-02
  -.74793170448026D-04  -.18189951211609D-04  0.10759084598709D-03
  -.15610313341052D-04  0.31854378768518D-04  0.33698411707055D-04
  0.93355454143191D-03  0.92272308264593D-03  0.46866409899857D-03
  -.45298155908032D-04  0.14705609816597D-03  0.35559207645792D-03
  cycle =      4    SCF energy =     -230.2259071447   |dE/dxyz| =  0.004137
    0.68218580441036     -1.18357724642875     -4.22813955770077      h
   -0.43918634101216     -0.84516852520531     -2.83715298948618      o
    0.66000462433318      1.04429152647479     -1.26560741941972      c
    0.43791820402243      2.91604202466117     -2.13490415839184      h
    2.67883605190535      0.70127016775936     -0.95652299800843      h
   -0.66007311876262      1.04424799858776      1.26558638446248      c
   -0.43798451504288      2.91596663693566      2.13495009832619      h
   -2.67890472427415      0.70124135501286      0.95648726654710      h
    0.43911243889733     -0.84526812793297      2.83706849614020      o
   -0.68226358434685     -1.18372898005566      4.22803885845333      h
  0.11249480994366D-03  0.13736875479949D-03  -.65501172620037D-04
  -.11150747307688D-02  0.12451400883770D-02  -.47927832167197D-03
  0.13644118950798D-02  -.14111874052366D-02  0.12441413500993D-02
  -.23521395860541D-03  0.60432952325920D-04  -.23531133651382D-04
  0.12742455968670D-03  -.30327768560488D-04  0.13570648146943D-03
  -.13643489384090D-02  -.14111673692331D-02  -.12444389583522D-02
  0.23521387086900D-03  0.60258554187223D-04  0.23567694808175D-04
  -.12739663361638D-03  -.30300739323948D-04  -.13576125402248D-03
  0.11148287348013D-02  0.12452105595064D-02  0.47963026297893D-03
  -.11233844436590D-03  0.13730015423897D-03  0.65465251801261D-04
  cycle =      5    SCF energy =     -230.2259175909   |dE/dxyz| =  0.003997
    0.69335167280489     -1.22639493262720     -4.19223924563574      h
   -0.45011250108258     -0.83490846932639     -2.83404559586460      o
    0.65700901138470      1.05642135361071     -1.26865271684692      c
    0.43659733947731      2.92747223585723     -2.13918281560551      h
    2.67547127456509      0.71026842951385     -0.96609341171229      h
   -0.65708067141643      1.05637609427537      1.26863149500348      c
   -0.43666251780165      2.92739367331742      2.13923181971686      h
   -2.67554425120076      0.71024072062533      0.96605962420562      h
    0.45003562627647     -0.83501651195157      2.83395170683940      o
   -0.69342014287705     -1.22653576348584      4.19214312082207      h
  0.25821152495465D-04  0.41672464856752D-04  0.16371470413624D-04
  -.11178109126509D-02  0.10165500069316D-02  -.55905288206120D-03
  0.18935394542137D-02  -.11022951516242D-02  0.75677383283549D-03
  -.75516506474665D-04  0.61040614711379D-04  0.73758735391473D-04
  0.19695331049005D-05  -.15868838440438D-04  0.89933959499369D-05
  -.18935332083536D-02  -.11022284691063D-02  -.75673276765509D-03
  0.75529774962378D-04  0.61064848339587D-04  -.73729712169032D-04
  -.19942293683540D-05  -.15887342338681D-04  -.90041826009379D-05
  0.11178233973527D-02  0.10165684408533D-02  0.55897056228663D-03
  -.25826834755329D-04  0.41684913046122D-04  -.16348290455714D-04
  cycle =      6    SCF energy =     -230.2259181339   |dE/dxyz| =  0.003877
    0.69523117781242     -1.23522807459046     -4.18443149995792      h
   -0.45243918897009     -0.83241435104271     -2.83315609835190      o
    0.65609629600787      1.05903894926287     -1.26897051408046      c
    0.43683896176769      2.92938053386910     -2.14097999889441      h
    2.67449106211430      0.71208250816866     -0.96748358731540      h
   -0.65616753152767      1.05899309441851      1.26894907856721      c
   -0.43690420815855      2.92930139686623      2.14102842237781      h
   -2.67456355378184      0.71205426427659      0.96744961442991      h
    0.45236218998964     -0.83252294878490      2.83306296359328      o
   -0.69530036512377     -1.23536854263500      4.18433560055426      h
  0.13201688881843D-04  0.27005102969872D-05  -.15110631955991D-05
  -.10644426485277D-02  0.10803714019702D-02  -.52481083950641D-03
  0.17551186967502D-02  -.10757400496754D-02  0.83577153971518D-03
  -.20866964470451D-04  0.56293587547521D-05  0.28529764229895D-04
  -.19467555831193D-04  -.11716397248043D-04  -.42103656719617D-06
  -.17550984587622D-02  -.10757592846989D-02  -.83584632743061D-03
  0.20864445132145D-04  0.56256264430409D-05  -.28571516735665D-04
  0.19457845015873D-04  -.11716739517176D-04  0.44012447097963D-06
  0.10644245081469D-02  0.10803021654122D-02  0.52488372514462D-03
  -.13189944231722D-04  0.27044265156240D-05  0.15358471167771D-05
  cycle =      8    SCF energy =     -230.2259177678   |dE/dxyz| =  0.003841
    0.80321211647794     -1.29362192644746     -4.16546987086463      h
   -0.37862038556040     -0.89135392345422     -2.84382281920193      o
    0.68892798654628      1.00019303890710     -1.25142279046120      c
    0.49290284457070      2.87034501509640     -2.12933737695447      h
    2.69882270230405      0.65316449376126     -0.89745282559217      h
   -0.68892713326147      1.00019366483895      1.25142312020145      c
   -0.49289949905633      2.87034537214131      2.12933781847490      h
   -2.69882239532907      0.65316760445219      0.89745347184210      h
    0.37861923255424     -0.89135532339834      2.84382200628495      o
   -0.80320763531756     -1.29361151032834      4.16547775719503      h
  -.11736057108595D-05  -.22771854963899D-05  -.11561453168968D-05
  -.10337357228782D-02  0.10769807614008D-02  -.57293211266989D-03
  0.16848612967467D-02  -.10666333389609D-02  0.91761152135796D-03
  -.26025764732758D-05  -.31721448002019D-05  0.39523394065384D-05
  -.63823701907083D-05  -.44625205584387D-05  -.45863729376923D-06
  -.16848618044773D-02  -.10666422300970D-02  -.91759263266791D-03
  0.26000837250341D-05  -.31612252532127D-05  -.39649965191959D-05
  0.63807440704253D-05  -.44643738890186D-05  0.46752998988674D-06
  0.10337389039521D-02  0.10769558096719D-02  0.57291253528943D-03
  0.11750603771955D-05  -.22622598740839D-05  0.11607491831886D-05
  cycle =      9    SCF energy =     -230.2259177690   |dE/dxyz| =  0.003847
    0.80317884212741     -1.29359588972320     -4.16547212533592      h
   -0.37862576874620     -0.89138540660099     -2.84378379734300      o
    0.68894321717124      1.00018385502558     -1.25140715015006      c
    0.49292169604041      2.87032973336950     -2.12936001351863      h
    2.69885560226623      0.65319412919554     -0.89742281355177      h
   -0.68894217046439      1.00018472616920      1.25140762118419      c
   -0.49291839766192      2.87033054931927      2.12936017146180      h
   -2.69885504759490      0.65319717206661      0.89742360598933      h
    0.37862497430600     -0.89138594406053      2.84378375372111      o
   -0.80317511351550     -1.29358641919213      4.16547923846699      h
  -.12497311564532D-05  -.90504494376988D-06  0.50700249440005D-07
  -.10386915113906D-02  0.10742072155280D-02  -.57360634878932D-03
  0.16861379100009D-02  -.10698525117097D-02  0.92261384367112D-03
  -.21261765271886D-05  -.68647886460114D-06  0.21942104924884D-05
  -.14329868628526D-05  -.23300175763195D-05  0.40088944570739D-06
  -.16861370806716D-02  -.10698593819954D-02  -.92259650681054D-03
  0.21246860354590D-05  -.67851135421109D-06  -.22037827503430D-05
  0.14290691775956D-05  -.23323977840737D-05  -.39486450256201D-06
  0.10386997897054D-02  0.10741947299925D-02  0.57358768625826D-03
  0.12460293431258D-05  -.89682300176709D-06  -.45700863480413D-07
  cycle =     11    SCF energy =     -230.2259177693   |dE/dxyz| =  0.003852
    0.80315967531385     -1.29352335600700     -4.16549389227804      h
   -0.37862702671359     -0.89137557277757     -2.84376824667555      o
    0.68895064018470      1.00020667292269     -1.25139801776306      c
    0.49294719642194      2.87034563125748     -2.12938504406936      h
    2.69887208555885      0.65324632804132     -0.89740832791982      h
   -0.68895010649800      1.00020705394928      1.25139820778630      c
   -0.49294512702777      2.87034580654618      2.12938537091856      h
   -2.69887188939078      0.65324824876829      0.89740865058434      h
    0.37862630160645     -0.89137644447855      2.84376774453409      o
   -0.80315679083365     -1.29351673226984      4.16549894885140      h
  -.29340701707971D-06  -.27604878449573D-06  0.12944638477120D-06
  -.10425979904024D-02  0.10725596690946D-02  -.57433904608714D-03
  0.16862576732048D-02  -.10723748592518D-02  0.92681234528107D-03
  -.83261900794128D-06  0.72067697933503D-06  0.26766990475176D-06
  0.51357628176664D-06  -.19209759102077D-06  0.49890030283411D-06
  -.16862595174526D-02  -.10723838716471D-02  -.92680137110202D-03
  0.83066217399663D-06  0.72360017794176D-06  -.26892830302476D-06
  -.51532669489037D-06  -.19452136110010D-06  -.49642020749021D-06
  0.10426039290459D-02  0.10725521563072D-02  0.57432189651718D-03
  0.29302222414683D-06  -.27476667397551D-06  -.12439683909143D-06
  cycle =     12    SCF energy =     -230.2259177693   |dE/dxyz| =  0.003852
    0.80315266436668     -1.29349577619479     -4.16551643250368      h
   -0.37862232220792     -0.89138113193566     -2.84376974005732      o
    0.68895187188547      1.00020078106114     -1.25139652928341      c
    0.49295842060879      2.87033768138030     -2.12938713231803      h
    2.69887112171860      0.65323802967048     -0.89740530012420      h
   -0.68895122780878      1.00020127934238      1.25139678985354      c
   -0.49295637972564      2.87033808724554      2.12938730146421      h
   -2.69887078411772      0.65323989774885      0.89740569862061      h
    0.37862176837181     -0.89138159252516      2.84376963553436      o
   -0.80315017446930     -1.29348961984079      4.16552110278278      h
  -.19190629027987D-06  -.10221277493166D-06  -.51064365239723D-07
  -.10424593285432D-02  0.10724329813169D-02  -.57424850099379D-03
  0.16857664879482D-02  -.10721435624919D-02  0.92715216876212D-03
  -.39890107588707D-06  0.27990965932054D-06  0.15533276561627D-06
  -.29174511619179D-07  -.34289389621111D-07  0.24570862496947D-06
  -.16857631951457D-02  -.10721454406842D-02  -.92714683602397D-03
  0.39732355701059D-06  0.28170651826161D-06  -.16087601908608D-06
  0.25497061104209D-07  -.36827889936236D-07  -.24300500720565D-06
  0.10424626119164D-02  0.10724270211392D-02  0.57424388541807D-03
  0.19058269697914D-06  -.10005339123698D-06  0.53273645586638D-07
$end
