$hessapprox internal
  0.148029150183D-01  0.695553250109D-04  0.619782625512D+00 -0.372926044041D-02
  0.270077295453D-02  0.360652686520D+00  0.132731984823D-02  0.275308156355D-04
 -0.659250356066D-02  0.426854281061D+00 -0.216094981139D-03  0.712738868579D-03
 -0.664332234193D-02 -0.152536613471D-03  0.418098919531D+00  0.245957717688D-02
 -0.228409096122D-02  0.129073586355D-01  0.414054546654D-02  0.566150644915D-02
  0.333384894916D+00  0.151578581104D-02 -0.172130847127D-02  0.113293382679D-01
  0.242232949015D-02  0.428753751560D-02 -0.107545348215D-01  0.338483327491D+00
  0.354551060991D-02 -0.302084609238D-02  0.156828920033D-01  0.608073361008D-02
  0.746950374946D-02 -0.162742781653D-01 -0.137291853397D-01  0.300224592936D+00
  0.437379067741D-03 -0.709241753694D-03  0.555600956445D-02  0.611272552586D-03
  0.177824944604D-02 -0.498086782598D-02 -0.389083180150D-02 -0.646864243191D-02
  0.343816457942D+00  0.129479799181D-02  0.451162137818D-04 -0.662743451095D-02
  0.269436889433D-02 -0.195281057721D-03  0.420039452521D-02  0.248217593467D-02
  0.614711666379D-02  0.644101898682D-03  0.426734468239D+00 -0.200994972424D-03
  0.708698607180D-03 -0.667148163109D-02 -0.122998553661D-03 -0.179155137841D-02
  0.567015407342D-02  0.428667599283D-02  0.748733188103D-02  0.177380560955D-02
 -0.166106342920D-03  0.418117848746D+00  0.248055122436D-02 -0.229883363139D-02
  0.129664829207D-01  0.417780731528D-02  0.569773191585D-02 -0.130233359411D-01
 -0.108153353284D-01 -0.163572096645D-01 -0.501094561633D-02  0.423782011068D-02
  0.570654673500D-02  0.333247296393D+00  0.149936517464D-02 -0.171472069331D-02
  0.113363532476D-01  0.239111324733D-02  0.427178798207D-02 -0.107445565237D-01
 -0.866012998175D-02 -0.137226930079D-01 -0.388025474586D-02  0.245119418804D-02
  0.427069777990D-02 -0.108054094666D-01  0.338514031281D+00  0.353726928574D-02
 -0.301454262154D-02  0.156541663268D-01  0.606630298562D-02  0.745396982631D-02
 -0.162427947571D-01 -0.137019616477D-01 -0.202163260786D-01 -0.645548706469D-02
  0.613258432028D-02  0.747174234046D-02 -0.163255758426D-01 -0.136954635437D-01
  0.300301735397D+00  0.531514765772D-03 -0.766270305773D-03  0.572303893036D-02
  0.782281543966D-03  0.191757140653D-02 -0.520822607879D-02 -0.410405545436D-02
 -0.673305707926D-02 -0.179026881031D-02  0.815176704575D-03  0.191405835834D-02
 -0.523913909647D-02 -0.409397919822D-02 -0.671945451148D-02  0.343592702960D+00
  0.635752463059D-03  0.527474803768D-04 -0.358327958524D-02  0.133557069435D-02
 -0.173766003544D-03  0.233267949466D-02  0.141848170274D-02  0.337913005352D-02
  0.396359095134D-03  0.130395854233D-02 -0.158837216901D-03  0.235285973562D-02
  0.140238086776D-02  0.337123173274D-02  0.487488543318D-03  0.148166253209D-01
  0.560333833078D-04 -0.269648086612D-03  0.263535675287D-02  0.455488279399D-05
  0.682925519068D-03 -0.221742232424D-02 -0.166554742227D-02 -0.293745340795D-02
 -0.683207716743D-03  0.218489741768D-04  0.678827545419D-03 -0.223181799257D-02
 -0.165899953465D-02 -0.293131017379D-02 -0.739106430678D-03  0.398918027873D-04
  0.619806322346D+00 -0.369894738974D-02  0.268088136106D-02 -0.112973484340D-01
 -0.653806638903D-02 -0.659457011599D-02  0.128206520596D-01  0.112507053898D-01
  0.155797291938D-01  0.551624505372D-02 -0.657286431764D-02 -0.662245982745D-02
  0.128794173139D-01  0.112576034734D-01  0.155511856113D-01  0.568239719896D-02
 -0.355402760600D-02  0.261590044869D-02  0.360792722577D+00  0.148625775222D-02
 -0.831989199476D-03  0.190117605758D-02  0.272818801406D-02  0.202555292688D-02
 -0.298538781906D-02 -0.291994369519D-02 -0.336789037637D-02 -0.157448575487D-02
  0.272421952674D-02  0.204159871589D-02 -0.299454124834D-02 -0.292983734030D-02
 -0.336253536062D-02 -0.158409677992D-02  0.144295886931D-02 -0.817350951217D-03
  0.189282102502D-02  0.491817223713D+00 -0.510920456806D-02  0.219211507742D-02
  0.651034377176D-03 -0.965406002868D-02 -0.526277701059D-02  0.436223342071D-02
  0.567737409719D-02  0.369915082122D-02  0.366371305559D-02 -0.959151919180D-02
 -0.533111983312D-02  0.435431259572D-02  0.573078559976D-02  0.369739718640D-02
  0.354107124081D-02 -0.500103149460D-02  0.217304337686D-02  0.626098478034D-03
 -0.258815634953D-02  0.398215826809D+00  0.146599728957D-02 -0.827916530850D-03
  0.195346589701D-02  0.268799901982D-02  0.201644430053D-02 -0.300890158497D-02
 -0.292758962131D-02 -0.340771493165D-02 -0.157205339023D-02  0.268461675977D-02
  0.203212789064D-02 -0.301835885607D-02 -0.293713727231D-02 -0.340225167092D-02
 -0.158322756499D-02  0.142284604132D-02 -0.813137766412D-03  0.194464084343D-02
  0.576296580723D-04 -0.248360852614D-02  0.491765421285D+00 -0.513494663933D-02
  0.218852260564D-02  0.811796514917D-03 -0.970873918188D-02 -0.525203300722D-02
  0.425491382584D-02  0.561042972582D-02  0.354514607704D-02  0.364385041274D-02
 -0.964481170750D-02 -0.532100905739D-02  0.424608999288D-02  0.566453547228D-02
  0.354374857219D-02  0.351717919017D-02 -0.502711982024D-02  0.217003958934D-02
  0.785559165367D-03 -0.265159882355D-02  0.154785590986D-01 -0.254620482868D-02
  0.398649635771D+00 -0.387644904360D-02  0.258142456971D-02 -0.938528766315D-02
 -0.694591119736D-02 -0.633036983341D-02  0.114209049672D-01  0.103015639131D-01
  0.136369079254D-01  0.518374958770D-02 -0.696568027860D-02 -0.636409994777D-02
  0.114690397097D-01  0.103154183168D-01  0.136126822138D-01  0.530471044060D-02
 -0.373846447668D-02  0.252399688910D-02 -0.933044523168D-02  0.119818504413D-02
  0.282978588192D-02  0.125746937202D-02  0.299631281273D-02  0.391894098757D+00
  0.000000000000D+00  0.000000000000D+00  0.000000000000D+00  0.000000000000D+00
  0.000000000000D+00  0.000000000000D+00  0.000000000000D+00  0.000000000000D+00
  0.000000000000D+00  0.000000000000D+00  0.000000000000D+00  0.000000000000D+00
  0.000000000000D+00  0.000000000000D+00  0.000000000000D+00  0.000000000000D+00
  0.000000000000D+00  0.000000000000D+00  0.000000000000D+00  0.000000000000D+00
  0.000000000000D+00  0.000000000000D+00  0.000000000000D+00  0.000000000000D+00
$end
