$grad          cartesian gradients
  cycle =      1    SCF energy =     -230.2246215911   |dE/dxyz| =  0.010091
    0.35209936846440     -1.10760013070012     -4.23687299739768      h
   -0.32575922228633     -1.06186735573037     -2.55070534084215      o
    0.55324429265115      1.16568345368751     -1.32059256805987      c
   -0.06030096828880      2.87502119950558     -2.31750934550454      h
    2.62091313273695      1.19688149741105     -1.19452329227144      h
   -0.55324978087755      1.16568542283428      1.32058755947034      c
    0.06025791453501      2.87504054376209      2.31750199289450      h
   -2.62091596747393      1.19684660833710      1.19449970764180      h
    0.32579043695616     -1.06183938724603      2.55072104730586      o
   -0.35248354840628     -1.10782639168709      4.23671431086341      h
  -.48499169226959D-03  0.12854475601122D-03  0.45708592004485D-03
  -.23482095465094D-03  -.35579953240978D-02  0.27831012934782D-02
  0.28230653631348D-02  0.31879589728434D-02  -.28566733947119D-02
  0.73716925089084D-03  -.10796978385606D-02  -.73363798592629D-04
  -.47308718285745D-03  0.13251099379445D-02  0.36982781852903D-04
  -.28235506160633D-02  0.31881009041926D-02  0.28564257397490D-02
  -.73723070969807D-03  -.10795718785220D-02  0.73586996922794D-04
  0.47337304747365D-03  0.13252992710908D-02  -.37212106280507D-04
  0.23568414855958D-03  -.35582686502550D-02  -.27826206597114D-02
  0.48438755460352D-03  0.12853637763127D-03  -.45731436817896D-03
  cycle =      2    SCF energy =     -230.2250331032   |dE/dxyz| =  0.007284
    0.39692550069641     -1.08826157990970     -4.27064833077869      h
   -0.32788851395377     -1.05373882253800     -2.60278685590108      o
    0.53282400113366      1.15190808629799     -1.32814766973818      c
   -0.08806927832980      2.87622878618982     -2.29967440884742      h
    2.60267455957807      1.18198328105592     -1.22163772232892      h
   -0.53284987317456      1.15190498165266      1.32813959243653      c
    0.08802850751745      2.87622587086808      2.29967898372799      h
   -2.60269845012851      1.18196793259814      1.22161466383322      h
    0.32787433749132     -1.05373859108942      2.60277487163889      o
   -0.39722513281948     -1.08845448495150      4.27050795005788      h
  -.22829648220138D-03  -.88863624986683D-04  -.27408142383168D-03
  0.16195276797600D-02  -.24196924498903D-02  0.10068852111417D-02
  -.19046016707135D-02  0.26321403741978D-02  -.21320396934949D-02
  0.55800986598625D-03  -.61704993867991D-03  -.79176351622422D-03
  -.48107735284171D-03  0.49664674697367D-03  0.34677422342086D-04
  0.19042491682819D-02  0.26326855994373D-02  0.21322756471333D-02
  -.55801267759709D-03  -.61693570705085D-03  0.79213814249631D-03
  0.48126153542634D-03  0.49674355025815D-03  -.34994195401654D-04
  -.16188910608149D-02  -.24194921021276D-02  -.10070329269816D-02
  0.22783056136351D-03  -.88956582362883D-04  0.27393225631893D-03
  cycle =      3    SCF energy =     -230.2251216181   |dE/dxyz| =  0.008288
    0.43720123851843     -1.09723126895937     -4.26321138911571      h
   -0.33903483906533     -1.04504872096540     -2.61940230917381      o
    0.51815222122473      1.14873089870918     -1.33034100817827      c
   -0.11488815837016      2.88283543871966     -2.27915022709766      h
    2.59052929021968      1.17883939545809     -1.24175056553675      h
   -0.51819598453298      1.14871962899321      1.33032784940242      c
    0.11485097502036      2.88280813938503      2.27916340210507      h
   -2.59057168257376      1.17884050306305      1.24172726587841      h
    0.33897699549423     -1.04507874701181      2.61936572269988      o
   -0.43742439792439     -1.09738980721764      4.26309233311664      h
  -.62721154119171D-04  0.26423680876161D-04  -.17736857056911D-03
  0.25344489391620D-02  -.15894599198260D-02  0.85271158806336D-03
  -.44120699521255D-02  0.18922591342814D-02  -.11204608183575D-02
  0.15793716439332D-03  -.28453362575043D-03  -.46971149721097D-03
  -.60911412643578D-04  -.41080952344586D-04  0.37592336907305D-04
  0.44119289788849D-02  0.18925332700261D-02  0.11205135610358D-02
  -.15792103000091D-03  -.28454876112060D-03  0.46994307375883D-03
  0.60973596791594D-04  -.41034318554773D-04  -.37836911341303D-04
  -.25341783408347D-02  -.15891657631750D-02  -.85269442722430D-03
  0.62514911576368D-04  0.26252907218047D-04  0.17731106263314D-03
  cycle =      4    SCF energy =     -230.2251364382   |dE/dxyz| =  0.008264
    0.46126460605656     -1.11683163476471     -4.24623900216234      h
   -0.34895177881696     -1.04016368760192     -2.62021729787125      o
    0.51178990632861      1.15156138891553     -1.33217648797218      c
   -0.12976576288498      2.88954793663055     -2.26927083876601      h
    2.58498294763714      1.18401688353259     -1.25445465276033      h
   -0.51184602603704      1.15154356757568      1.33215933713648      c
    0.12973158267808      2.88950246847922      2.26929026826957      h
   -2.58503791697189      1.18402883179598      1.25443185625779      h
    0.34886367025050     -1.04021695067428      2.62016077833734      o
   -0.46143557022922     -1.11696334371463      4.24613711363116      h
  -.41713989696740D-05  0.80851099370330D-04  -.13554818705400D-04
  0.25945673901907D-02  -.15858793608978D-02  0.93902269442187D-03
  -.44618051234735D-02  0.16686937819362D-02  -.11328289526134D-02
  -.40441634819208D-04  -.61369423300379D-04  -.50306308791551D-04
  0.13338672834453D-03  -.98077541678056D-04  -.57313220228656D-05
  0.44617750444569D-02  0.16687365905512D-02  0.11327890018090D-02
  0.40449877084197D-04  -.61426820712280D-04  0.50422986367657D-04
  -.13333300187167D-03  -.98069904454632D-04  0.55888331994927D-05
  -.25945711356139D-02  -.15856209000596D-02  -.93888059412179D-03
  0.41451875791965D-05  0.80714240262754D-04  0.13479417064858D-04
  cycle =      5    SCF energy =     -230.2251390647   |dE/dxyz| =  0.007911
    0.47094545787048     -1.12972065293003     -4.23655146165591      h
   -0.35415083436592     -1.03784301140651     -2.61886821612014      o
    0.50975684306441      1.15442066894131     -1.33384219196864      c
   -0.13415038339803      2.89311786716638     -2.26835187515161      h
    2.58256370712804      1.18815872344351     -1.26017321225311      h
   -0.50981986337980      1.15439922631882      1.33382292199570      c
    0.13411804044325      2.89306249910009      2.26837469586626      h
   -2.58262578795651      1.18817661557067      1.26015163741643      h
    0.35404685960730     -1.03790956386468      2.61879921388090      o
   -0.47108838100241     -1.12983691216555      4.23645956209035      h
  0.82424837243991D-05  0.44017094791723D-04  -.26880503109725D-05
  0.25170337252906D-02  -.16798502785912D-02  0.97743106062572D-03
  -.40152012413155D-02  0.16410198564802D-02  -.15342803389536D-02
  -.38218627044908D-04  0.21631018593336D-04  0.55670774448310D-04
  0.19275297201641D-04  -.22349762355816D-04  -.31350732646037D-04
  0.40152189145173D-02  0.16409712826382D-02  0.15342926327419D-02
  0.38221820949247D-04  0.21601794571858D-04  -.55610537508277D-04
  -.19250056039053D-04  -.22352424708723D-04  0.31281008172808D-04
  -.25170748550892D-02  -.16796705936612D-02  -.97738840070652D-03
  -.82455132669144D-05  0.43953131906834D-04  0.26434804022941D-05
  cycle =      6    SCF energy =     -230.2251395592   |dE/dxyz| =  0.007988
    0.47552894423918     -1.13574891520092     -4.23188831758976      h
   -0.35700485982405     -1.03614901273467     -2.61851370422564      o
    0.50827269053336      1.15584523595387     -1.33460027075825      c
   -0.13581056258507      2.89459850594324     -2.26893495899284      h
    2.58099120133811      1.18958973708456     -1.26247951641922      h
   -0.50834003796663      1.15582139621216      1.33457955374481      c
    0.13577940403101      2.89453684347859      2.26895968446024      h
   -2.58105775993195      1.18961126628766      1.26245880343465      h
    0.35689119970485     -1.03622410387158      2.61843667143954      o
   -0.47565456152801     -1.13585549297890      4.23180312900669      h
  0.58837740801422D-05  0.96974055749272D-05  -.83788581480736D-05
  0.25609782578774D-02  -.15942219428068D-02  0.99246726585714D-03
  -.40828617334215D-02  0.15745228884370D-02  -.16327751035119D-02
  -.14770086581759D-04  0.18536633840390D-04  0.27279803485029D-04
  -.30334235030712D-04  -.39595401245830D-05  -.10450863145427D-04
  0.40828963384716D-02  0.15744036232669D-02  0.16328010479915D-02
  0.14769474392410D-04  0.18527036064314D-04  -.27267420731456D-04
  0.30338378738166D-04  -.39580138766599D-05  0.10431314110267D-04
  -.25610125849123D-02  -.15941192059286D-02  -.99248172555741D-03
  -.58855102205073D-05  0.96775104516460D-05  0.83752368393686D-05
  cycle =      7    SCF energy =     -230.2251396203   |dE/dxyz| =  0.008062
    0.47622302371208     -1.13719898426288     -4.23064965292083      h
   -0.35775344795053     -1.03572590274753     -2.61817095173829      o
    0.50793940499828      1.15630758225267     -1.33468324756996      c
   -0.13587336045845      2.89486724349889     -2.26949849553754      h
    2.58075462281090      1.18988602842994     -1.26270646047112      h
   -0.50800795232100      1.15628315505904      1.33466218250368      c
    0.13584254136794      2.89480395162444      2.26952374874076      h
   -2.58082242029098      1.18990856646181      1.26268612160741      h
    0.35763724077638     -1.03580324590834      2.61809163774777      o
   -0.47634399463383     -1.13730293423401      4.23056619173832      h
  -.28510751887950D-05  -.15346303213985D-05  -.13805516454107D-05
  0.25745126224115D-02  -.15727006377724D-02  0.98374872332480D-03
  -.41668727509919D-02  0.15722714303185D-02  -.16105068031849D-02
  -.22041398810935D-05  0.36918398999308D-05  0.29088398774695D-05
  -.67924148051783D-05  0.28629293483412D-05  0.33938973160494D-05
  0.41669041262763D-02  0.15721426414503D-02  0.16105550590223D-02
  0.22035180687016D-05  0.36898773677792D-05  -.29075730264099D-05
  0.67937870880772D-05  0.28643250013531D-05  -.33983034580013D-05
  -.25745396673619D-02  -.15726142775175D-02  -.98379132710176D-03
  0.28481136959846D-05  -.15361464298798D-05  0.13786599010880D-05
  cycle =      9    SCF energy =     -230.2251398203   |dE/dxyz| =  0.008070
    0.53039605292927     -1.14666649502999     -4.22404238534052      h
   -0.32428219693312     -1.04504643690778     -2.62245217090673      o
    0.52496003039306      1.14704670416986     -1.32806132504409      c
   -0.10684351681138      2.88555758221159     -2.27111092884281      h
    2.59671303201763      1.18060606383007     -1.22965712266991      h
   -0.52496006212134      1.14704670460848      1.32806130367413      c
    0.10684330071435      2.88555765524142      2.27111093134144      h
   -2.59671305180429      1.18060588564410      1.22965700437468      h
    0.32428231913383     -1.04504631954308      2.62245224322165      o
   -0.53039737864451     -1.14666746718623      4.22404160793841      h
  -.30354993440875D-05  -.90071718161628D-06  0.13334051486193D-06
  0.25594484300772D-02  -.15795625518151D-02  0.10122287611368D-02
  -.41562317308903D-02  0.15798971129414D-02  -.16492609860789D-02
  -.10628369038795D-05  0.21358327384407D-05  0.84671416210405D-06
  0.43888136047475D-06  0.24115938923364D-05  0.23938466449534D-05
  0.41562289263917D-02  0.15798976509830D-02  0.16492584768460D-02
  0.10634071987360D-05  0.21387764570866D-05  -.84261929588708D-06
  -.43743287871805D-06  0.24119058888035D-05  -.23957663369584D-05
  -.25594470057273D-02  -.15795608342350D-02  -.10122262767965D-02
  0.30348531199806D-05  -.90174344836838D-06  -.13547585915864D-06
  cycle =     10    SCF energy =     -230.2251398208   |dE/dxyz| =  0.008069
    0.53043852649002     -1.14669232480424     -4.22400784401058      h
   -0.32430279804808     -1.04504228869858     -2.62245123826007      o
    0.52495203329996      1.14706095724138     -1.32806275823627      c
   -0.10685361672923      2.88556500966347     -2.27111881867628      h
    2.59670483122463      1.18060609640179     -1.22969547676434      h
   -0.52495211232926      1.14706092870237      1.32806271821085      c
    0.10685341459612      2.88556500072428      2.27111883551454      h
   -2.59670490156713      1.18060595713333      1.22969536198216      h
    0.32430280974353     -1.04504226693174      2.62245122192233      o
   -0.53043965780704     -1.14669319239362      4.22400715606391      h
  -.19043917168622D-05  -.46822132811116D-06  -.48863612609438D-06
  0.25577790953396D-02  -.15820982376519D-02  0.10121488647606D-02
  -.41550178456607D-02  0.15831651314316D-02  -.16467350047938D-02
  -.69422207538234D-06  0.16049094824390D-05  0.81095577904113D-06
  0.33355922522203D-06  0.17792961531820D-05  0.83073062071665D-06
  0.41550173668057D-02  0.15831662553478D-02  0.16467340279282D-02
  0.69434285781297D-06  0.16051339897403D-05  -.80887275710787D-06
  -.33292847225927D-06  0.17798640758896D-05  -.83212392832720D-06
  -.25577799163367D-02  -.15820979478778D-02  -.10121481474504D-02
  0.19049356735115D-05  -.46853035188266D-06  0.48821670854999D-06
  cycle =     12    SCF energy =     -230.2251398212   |dE/dxyz| =  0.008067
    0.53050161712929     -1.14670021908752     -4.22398328709857      h
   -0.32429376797106     -1.04505474566747     -2.62245494973613      o
    0.52495911661773      1.14706231964792     -1.32805558482222      c
   -0.10683709380315      2.88555531839050     -2.27113369837227      h
    2.59670895627387      1.18058788802205     -1.22970512728684      h
   -0.52495914543226      1.14706231848659      1.32805556208105      c
    0.10683693679080      2.88555537554830      2.27113364849755      h
   -2.59670898151981      1.18058774786994      1.22970506644171      h
    0.32429386981647     -1.04505464411400      2.62245501353943      o
   -0.53050270809327     -1.14670100152336      4.22398265606340      h
  -.15622860768953D-05  0.77022011141691D-06  0.41371830350634D-07
  0.25566941578989D-02  -.15859847886302D-02  0.10106773403465D-02
  -.41525592498358D-02  0.15874568524602D-02  -.16426270751997D-02
  -.34528782497060D-06  0.83190620829821D-06  0.46438872829463D-06
  -.57462435415034D-06  0.90934773109750D-06  -.78893267113058D-06
  0.41525602972022D-02  0.15874577668329D-02  0.16426272828229D-02
  0.34493336835194D-06  0.83063568359903D-06  -.46548470481899D-06
  0.57403934680151D-06  0.90936524139122D-06  0.78877335425748D-06
  -.25566926107644D-02  -.15859835675390D-02  -.10106762710829D-02
  0.15606260067006D-05  0.76929162116950D-06  -.41384346595432D-07
  cycle =     13    SCF energy =     -230.2251398214   |dE/dxyz| =  0.008067
    0.53052310935178     -1.14672296335325     -4.22396151212932      h
   -0.32430654880770     -1.04504929384668     -2.62245255038209      o
    0.52495282652154      1.14706874094428     -1.32805709014717      c
   -0.10684864385981      2.88556035192361     -2.27113549202131      h
    2.59670372138467      1.18059373757371     -1.22971521897523      h
   -0.52495289912740      1.14706872126376      1.32805705260141      c
    0.10684849370209      2.88556034881144      2.27113547923320      h
   -2.59670378826277      1.18059363811122      1.22971514652850      h
    0.32430654948459     -1.04504927425787      2.62245252897521      o
   -0.53052402057838     -1.14672364959728      4.22396095562391      h
  -.11836693141404D-05  0.67666113887626D-06  -.22390348160161D-06
  0.25561086667899D-02  -.15860309372238D-02  0.10109866095879D-02
  -.41528799409990D-02  0.15875367438766D-02  -.16420826574224D-02
  -.56698708061991D-06  0.92201275611064D-06  0.30428090827642D-06
  -.28332463191915D-06  0.87882650749392D-06  -.75957013977055D-06
  0.41528797030548D-02  0.15875377282530D-02  0.16420828133485D-02
  0.56721001883812D-06  0.92165905641286D-06  -.30382237307241D-06
  0.28367221470926D-06  0.87907081280767D-06  0.75913920159353D-06
  -.25561092737005D-02  -.15860309095369D-02  -.10109866794224D-02
  0.11839413590429D-05  0.67656415257239D-06  0.22379767383728D-06
$end
