$hessapprox internal
  0.145947801872D-01  0.106527365144D-02  0.621919179188D+00  0.342990295997D-02
  0.244234837040D-02  0.369102341857D+00  0.807001861450D-03  0.149486407155D-02
  0.167643375264D-02  0.421725792872D+00 -0.125853969226D-03  0.470887812064D-03
  0.175726168923D-02  0.360228208479D-03  0.418973519374D+00 -0.401778487611D-02
 -0.299535756862D-02  0.440517499919D-02 -0.206489445235D-02 -0.205068095004D-02
  0.341896632546D+00  0.207213479295D-02  0.226329399407D-02 -0.211785247728D-03
  0.160554674800D-02  0.101606159009D-02  0.632578180310D-05  0.348971101462D+00
  0.974158577058D-03  0.324358335281D-03 -0.222050285528D-02  0.198254732647D-03
  0.520458316896D-03  0.249583970167D-02 -0.724511493867D-03  0.319132115286D+00
  0.504448821527D-02  0.380463523776D-02 -0.540514988326D-02  0.262554725247D-02
  0.257217513783D-02  0.576240741149D-02  0.709303924144D-04 -0.309928678725D-02
  0.338551597004D+00  0.802850442729D-03  0.148920976189D-02  0.167364679720D-02
  0.108278020461D-02  0.358257358231D-03 -0.206113274245D-02  0.160094932599D-02
  0.198829152778D-03  0.262066210909D-02  0.421717690918D+00 -0.124884570521D-03
  0.476105549961D-03  0.176908793597D-02  0.364108620139D-03 -0.966656824414D-04
 -0.206469454376D-02  0.102414614887D-02  0.523376580190D-03  0.258982207050D-02
  0.362120236748D-03  0.418973999714D+00 -0.401576249362D-02 -0.299231967768D-02
  0.440734521203D-02 -0.206270373520D-02 -0.204973723210D-02 -0.471006704340D-02
  0.907518682514D-05  0.249578180097D-02  0.576598734823D-02 -0.205894957829D-02
 -0.206374194639D-02  0.341891062056D+00  0.206436638156D-02  0.225410944714D-02
 -0.212996972213D-03  0.159900125814D-02  0.101229284567D-02  0.865949254400D-05
  0.128309232782D-02 -0.722343133685D-03  0.677020412425D-04  0.159442365895D-02
  0.102034626099D-02  0.113973129878D-04  0.348958946630D+00  0.971805015574D-03
  0.322679538482D-03 -0.221770489773D-02  0.197102212064D-03  0.519252670194D-03
  0.249282664028D-02 -0.724371357824D-03 -0.918387851273D-03 -0.309559004894D-02
  0.197678555241D-03  0.522162815007D-03  0.249276724514D-02 -0.722202146547D-03
  0.319135156705D+00  0.502951732818D-02  0.378897055582D-02 -0.540164897780D-02
  0.261446454858D-02  0.256479447815D-02  0.576004532471D-02  0.628526062267D-04
 -0.309351400375D-02 -0.704684074066D-02  0.260961007884D-02  0.258238382100D-02
  0.576360665224D-02  0.596635889620D-04 -0.308981963040D-02  0.338556443665D+00
 -0.127182588278D-03  0.104577454558D-02  0.340999812984D-02  0.792853588441D-03
 -0.130888722569D-03 -0.399308606609D-02  0.205200676622D-02  0.972303849246D-03
  0.501302690808D-02  0.788754014177D-03 -0.129971517099D-03 -0.399109185448D-02
  0.204432100916D-02  0.969963975903D-03  0.499819437387D-02  0.145726969658D-01
  0.106056216491D-02  0.204649537469D-02  0.243813865574D-02  0.148998246140D-02
  0.468672190248D-03 -0.298985803338D-02  0.225741963401D-02  0.324724341914D-03
  0.379754495499D-02  0.148434465627D-02  0.473869594068D-03 -0.298682938092D-02
  0.224826006774D-02  0.323048445971D-03  0.378191980824D-02  0.104112565267D-02
  0.621905637298D+00  0.343634405473D-02  0.244866092529D-02 -0.409231600319D-02
  0.168088067250D-02  0.176046185524D-02  0.440763049381D-02 -0.209078048839D-03
 -0.222332099742D-02 -0.540799036187D-02  0.167808209946D-02  0.177231237001D-02
  0.440980793343D-02 -0.210303791183D-03 -0.222052118203D-02 -0.540450521431D-02
  0.341638409181D-02  0.244443600669D-02  0.369096885140D+00 -0.423374223543D-02
 -0.310099884139D-02  0.480069560792D-02 -0.213422845669D-02 -0.216410794816D-02
 -0.514687515808D-02  0.106253120153D-03  0.267334946218D-02  0.630659973418D-02
 -0.213046931172D-02 -0.217880872894D-02 -0.514971147063D-02  0.108335644058D-03
  0.267006550793D-02  0.630339439557D-02 -0.420828526823D-02 -0.309543779434D-02
  0.480358926527D-02  0.495331880288D+00 -0.415241308874D-02 -0.449408062695D-02
  0.543119921905D-03 -0.318625104321D-02 -0.203851110747D-02 -0.152211791395D-03
 -0.250895592242D-02  0.148429596991D-02  0.332060661379D-04 -0.317719126320D-02
 -0.205466260185D-02 -0.157645816151D-03 -0.249703078652D-02  0.148393367463D-02
  0.488576953314D-04 -0.411250377701D-02 -0.448248388890D-02  0.537923866067D-03
 -0.359765543265D-03  0.389192160345D+00 -0.423659324606D-02 -0.310426769691D-02
  0.480054302970D-02 -0.213655399868D-02 -0.216549697198D-02 -0.514636203753D-02
  0.104200829189D-03  0.267422504064D-02  0.630584639784D-02 -0.213278795553D-02
 -0.218020906087D-02 -0.514920241562D-02  0.106292787527D-03  0.267094119827D-02
  0.630265417663D-02 -0.421110699255D-02 -0.309869791273D-02  0.480343210594D-02
 -0.561946589003D-02 -0.355755910593D-03  0.495332690199D+00 -0.416342446741D-02
 -0.451133686848D-02  0.529251526803D-03 -0.319871745378D-02 -0.204360802523D-02
 -0.134622258419D-03 -0.252521317221D-02  0.148405072290D-02  0.106832017173D-04
 -0.318961390257D-02 -0.205980871976D-02 -0.140080440570D-03 -0.251322009231D-02
  0.148369797281D-02  0.264454133436D-04 -0.412335441111D-02 -0.449968680301D-02
  0.524012164783D-03 -0.341784242333D-03  0.491083235564D-02 -0.337750693092D-03
  0.389256627768D+00  0.128767173828D-02 -0.518442514045D-03 -0.565111161644D-02
 -0.450635882204D-03  0.742744962511D-03  0.649133576298D-02 -0.266157497365D-02
 -0.195779052856D-02 -0.810824917416D-02 -0.446373276768D-03  0.745472348521D-03
  0.648952988535D-02 -0.265226489368D-02 -0.195391555335D-02 -0.808836315899D-02
  0.129496249631D-02 -0.513953538875D-03 -0.566007530513D-02  0.689312680240D-02
  0.537315675633D-02  0.689664091828D-02  0.538230572220D-02  0.396533553301D+00
  0.000000000000D+00  0.000000000000D+00  0.000000000000D+00  0.000000000000D+00
  0.000000000000D+00  0.000000000000D+00  0.000000000000D+00  0.000000000000D+00
  0.000000000000D+00  0.000000000000D+00  0.000000000000D+00  0.000000000000D+00
  0.000000000000D+00  0.000000000000D+00  0.000000000000D+00  0.000000000000D+00
  0.000000000000D+00  0.000000000000D+00  0.000000000000D+00  0.000000000000D+00
  0.000000000000D+00  0.000000000000D+00  0.000000000000D+00  0.000000000000D+00
$end
