$coord
    0.00642410569887     -1.08788786408681     -4.20022057736620  h
   -0.05638976916310     -1.20293611156945     -2.38238647271283  o
    0.08615397691858      1.30416792641545     -1.45290296813768  c
   -1.44135770419660      2.47411260479947     -2.21514942921657  h
    1.87877055140099      2.16716926257926     -2.02651969529776  h
   -0.08615412955597      1.30416791253474      1.45290297938950  c
    1.44135769251919      2.47411239157914      2.21514945585316  h
   -1.87877059975571      2.16716945503344      2.02651972999256  h
    0.05638926982590     -1.20293616427522      2.38238643671138  o
   -0.00642154192796     -1.08788773919638      4.20022063616994  h
$intdef
# definitions of internal coordinates
   1 f  1.0000000000000 tors    2    3    6    9 val=   9.00000
$user-defined bonds
$redundant
     number_of_atoms            10
     degrees_of_freedom         24
     internal_coordinates       25
     frozen_coordinates          1
# definitions of redundant internals
   1 k  1.0000000000000 tors   1    2    3    6 val= 178.23543
   2 k  1.0000000000000 stre   2    1           val=   1.82255
   3 k  1.0000000000000 bend   3    1    2      val= 106.57609
   4 k  1.0000000000000 stre   3    4           val=   2.06956
   5 k  1.0000000000000 stre   3    5           val=   2.07058
   6 k  0.0669953934703 bend   5    4    3      val=   0.66781
       -0.5177766713879 bend   2    4    3
       -0.4991810548633 bend   2    5    3
        0.4868873648415 bend   6    4    3
        0.4910986705779 bend   6    5    3
   7 k  0.0084705484439 bend   5    4    3      val=   0.25016
       -0.5383651909049 bend   2    4    3
        0.5518874084696 bend   2    5    3
       -0.4560996757629 bend   6    4    3
        0.4443923324864 bend   6    5    3
   8 k  0.8949404904787 bend   5    4    3      val=  -0.23761
       -0.1783395158125 bend   2    4    3
       -0.1938316039169 bend   2    5    3
       -0.2551054987114 bend   6    4    3
       -0.2542184679596 bend   6    5    3
   9 k -0.0050869354689 bend   5    4    3      val=   0.70096
        0.4497265961996 bend   2    4    3
       -0.4506933637187 bend   2    5    3
       -0.5391581103427 bend   6    4    3
        0.5512750091469 bend   6    5    3
  10 k  1.0000000000000 stre   6    7           val=   2.06956
  11 k  1.0000000000000 stre   6    8           val=   2.07058
  12 k  0.0669953916712 bend   8    7    6      val=   0.66781
       -0.5177766892412 bend   9    7    6
       -0.4991810367439 bend   9    8    6
        0.4868873622542 bend   3    7    6
        0.4910986729829 bend   3    8    6
  13 k  0.0084705660348 bend   8    7    6      val=   0.25016
       -0.5383651759486 bend   9    7    6
        0.5518874199968 bend   9    8    6
       -0.4560996870942 bend   3    7    6
        0.4443923243247 bend   3    8    6
  14 k  0.8949404893946 bend   8    7    6      val=  -0.23761
       -0.1783395034479 bend   9    7    6
       -0.1938316205129 bend   9    8    6
       -0.2551054986512 bend   3    7    6
       -0.2542184678565 bend   3    8    6
  15 k -0.0050869440673 bend   8    7    6      val=   0.70096
        0.4497265954998 bend   9    7    6
       -0.4506933673063 bend   9    8    6
       -0.5391580968115 bend   3    7    6
        0.5512750199392 bend   3    8    6
  16 k  1.0000000000000 tors  10    9    6    3 val= 178.23533
  17 k  1.0000000000000 stre   9   10           val=   1.82255
  18 k  1.0000000000000 bend   6   10    9      val= 106.57609
  19 k  1.0000000000000 tors   2    3    6    9 val=   9.00000
  20 k  1.0000000000000 stre   3    2           val=   2.67765
  21 k  1.0000000000000 bend   6    2    3      val= 110.08210
  22 k  1.0000000000000 stre   6    9           val=   2.67765
  23 k  1.0000000000000 bend   3    9    6      val= 110.08210
  24 k  1.0000000000000 stre   3    6           val=   2.91091
  25 f  1.0000000000000 tors   2    3    6    9 val=   9.00000
        24 non zero eigenvalues  of BmBt
           1           4.658689999    1    0
         1
           2           3.808202410    2    0
         2
           3           3.702206113    3    0
         3
           4           3.061029846    4    0
         4
           5           2.647369086    5    0
         5
           6           2.475581152    6    0
         6
           7           2.103910693    7    0
         7
           8           1.761646068    8    0
         8
           9           1.221881228    9    0
         9
          10           1.203357754   10    0
        10
          11           1.028016505   11    0
        11
          12           0.823057687   12    0
        12
          13           0.756429702   13    0
        13
          14           0.728725706   14    0
        14
          15           0.696169539   15    0
        15
          16           0.384197897   16    0
        16
          17           0.346726676   17    0
        17
          18           0.290154368   18    0
        18
          19           0.247627314   20    0
        20
          20           0.244476589   21    0
        21
          21           0.209993467   22    0
        22
          22           0.067076130   23    0
        23
          23           0.054121557   24    0
        24
          24           0.000000000    0    1
         0.000000000         0.000000000         0.000000000         0.000000000
         0.000000000         0.000000000         0.000000000         0.000000000
         0.000000000         0.000000000         0.000000000         0.000000000
         0.000000000         0.000000000         0.000000000         0.000000000
         0.000000000         0.000000000         0.000000000         0.000000000
         0.000000000         0.000000000         0.000000000         0.000000000
         1.000000000
$end
