$energy      SCF               SCFKIN            SCFPOT            MP2
     1 -229.0108235306      228.810560     -457.821383     -.8140690993601
     2 -229.0144798397      228.742856     -457.757335     -.8124329407995
     3 -229.0145537223      228.769989     -457.784543     -.8127314740360
     4 -229.0143133156      228.776934     -457.791248     -.8130105786202
     5 -229.0142837053      228.771234     -457.785518     -.8130442790152
     6 -229.0142644921      228.771617     -457.785882     -.8130637613664
     7 -229.0142638594      228.771422     -457.785686     -.8130644146900
     8 -229.0142624645      228.771582     -457.785845     -.8130658106070
     9 -229.0142624644      228.771583     -457.785846     -.8130658223542
    10 -229.0142625008      228.771581     -457.785844     -.8130657968744
    11 -229.0142627734      228.771575     -457.785838     -.8130654893011
    12 -229.0142627734      228.771576     -457.785839     -.8130655016642
    13 -229.0142627794      228.771585     -457.785848     -.8130655115874
    14 -229.0142628114      228.771584     -457.785847     -.8130654788747
$end
