$grad          cartesian gradients
  cycle =      1 MP2 energy =     -229.8248926300 |dE/dxyz| =  0.023060
    0.04456526399673     -1.27485180360931     -4.04877803618078      h
   -0.06298817586013     -1.22234996653749     -2.23483651777829      o
    0.08899228620922      1.34185654615734     -1.42901793758206      c
   -1.45979998988657      2.47524956162817     -2.20927642442857      h
    1.87990463773269      2.21191211586032     -2.00151935388962      h
   -0.08898938888768      1.34186000592309      1.42900938343147      c
    1.45977530642010      2.47525914031357      2.20927499134890      h
   -1.87992838759506      2.21191436039474      2.00148323701177      h
    0.06306103062545     -1.22233452053019      2.23484902907532      o
   -0.04570777156476     -1.27491228827566      4.04871892844023      h
  -.35832617872755D-03  -.41446726071661D-02  0.28619102541150D-02
  0.16311114397249D-02  -.44621963165365D-02  0.40502501800690D-02
  -.25463805471461D-02  0.57056410608789D-02  0.11980772119826D-01
  -.17120670570687D-02  0.65391208235166D-03  0.16169701416180D-02
  0.80802459558837D-03  0.22477652912769D-02  0.26747835390228D-02
  0.25527764060341D-02  0.57051938588399D-02  -.11980033320286D-01
  0.17088709341544D-02  0.64950572394951D-03  -.16184900785494D-02
  -.81214866331569D-03  0.22517326765052D-02  -.26741329161213D-02
  -.16292549823712D-02  -.44626614349905D-02  -.40521227851578D-02
  0.35739405316554D-03  -.41442204320170D-02  -.28599071344715D-02
  cycle =      2 MP2 energy =     -229.8269127805 |dE/dxyz| =  0.012175
    0.03638815495144     -1.09423080065066     -4.26923001185899      h
   -0.05010303305382     -1.22037311074432     -2.45332886282627      o
    0.08670188031838      1.26430395376748     -1.45872848448697      c
   -1.43801719333235      2.43592555273599     -2.22331960423304      h
    1.87130194094930      2.14619099539323     -2.02507710952410      h
   -0.08680428214667      1.26430492167989      1.45871614442668      c
    1.43796761727216      2.43583873456903      2.22333164386814      h
   -1.87136692058247      2.14628925886777      2.02503832767627      h
    0.04987767216889     -1.22037960101520      2.45331186862835      o
   -0.03706102535486     -1.09426675327864      4.26919338777831      h
  -.97056944728280D-04  -.19337557262474D-02  -.71817973915600D-03
  0.28275312853556D-02  0.19820463902178D-02  -.50190599565880D-02
  -.51812358473820D-02  0.41602868652557D-03  0.14568841369160D-02
  0.49022486107875D-03  -.59520329636031D-03  -.14648311183962D-02
  -.70189224110306D-03  0.13095222053638D-03  -.58409355900002D-03
  0.51817456292381D-02  0.41569208171666D-03  -.14564323574759D-02
  -.49073403690780D-03  -.59643532959130D-03  0.14654731016805D-02
  0.70120194319578D-03  0.13201346519964D-03  0.58309220168207D-03
  -.28261000046319D-02  0.19823596686948D-02  0.50191251786851D-02
  0.96315355889637D-04  -.19336981049980D-02  0.71802211253935D-03
  cycle =      3 MP2 energy =     -229.8272851963 |dE/dxyz| =  0.009146
    0.03310624779429     -1.11626007348630     -4.21553448461477      h
   -0.05140432389750     -1.22247437316223     -2.39887644977948      o
    0.08829798313930      1.27744166076185     -1.45329811840554      c
   -1.43890901592084      2.44502719985539     -2.21970529939359      h
    1.87871456147114      2.14808112991366     -2.02111753190511      h
   -0.08841735951348      1.27744258703698      1.45328506496346      c
    1.43885932445854      2.44492355534050      2.21971285260480      h
   -1.87878340523199      2.14819857923597      2.02108576371426      h
    0.05112446957082     -1.22248458711833      2.39885560988862      o
   -0.03370367068026     -1.11629252705294      4.21549989237573      h
  -.55795906235473D-04  -.10260752706334D-02  0.67350423908152D-04
  0.29893343675375D-02  0.12764315617506D-02  -.16454230170186D-02
  -.51246274363803D-02  -.12100932664794D-04  0.92523499812946D-03
  0.54136536025151D-04  -.33114970131409D-03  -.45778645995753D-03
  -.20361539374569D-03  0.92936745783812D-04  -.13333193098486D-04
  0.51244284745291D-02  -.12474833897436D-04  -.92496142795295D-03
  -.54205675041441D-04  -.33166326773415D-03  0.45837286240902D-03
  0.20345270011912D-03  0.93398809687173D-04  0.12544025032257D-04
  -.29883166509633D-02  0.12767562230440D-02  0.16454713777581D-02
  0.55208984212921D-04  -.10260593528078D-02  -.67469590125491D-04
  cycle =      4 MP2 energy =     -229.8273238942 |dE/dxyz| =  0.008790
    0.02792854276200     -1.11977662150476     -4.19354395246262      h
   -0.05072078111797     -1.22566918035223     -2.37610479191974      o
    0.08987413529107      1.28170510284159     -1.45218770475319      c
   -1.43598859158162      2.45071402062731     -2.21952729481165      h
    1.88423263507761      2.14484131168838     -2.02058196960138      h
   -0.09002459718947      1.28170536081311      1.45217336776144      c
    1.43593584032252      2.45057836786020      2.21952725527258      h
   -1.88431145591943      2.14499325794225      2.02056182256701      h
    0.05035175820839     -1.22568568477945      2.37607752465218      o
   -0.02839267466307     -1.11980278381186      4.19351304274375      h
  -.30946127986958D-05  -.19453599356123D-03  0.13647466357547D-03
  0.32050426928713D-02  0.31915466533761D-03  0.45873554843379D-03
  -.52829780034326D-02  -.14297252044049D-03  -.21336087137613D-03
  -.52855223196424D-04  -.19374376561299D-04  0.16011742507427D-04
  0.38816439001277D-04  0.37769073689020D-04  0.89401089031105D-04
  0.52828027704586D-02  -.14342278584589D-03  0.21343082942238D-03
  0.52932710669751D-04  -.19378317309471D-04  -.15670917042021D-04
  -.38790851581538D-04  0.37815493995286D-04  -.89763743632343D-04
  -.32047810099232D-02  0.31947961924850D-03  -.45873106977457D-03
  0.29050879901960D-05  -.19453489123655D-03  -.13652727363400D-03
  cycle =      5 MP2 energy =     -229.8273279843 |dE/dxyz| =  0.008869
    0.02535871332773     -1.11288926898020     -4.20103939047500      h
   -0.04920989374605     -1.22719058573304     -2.38360316549265      o
    0.09051922735640      1.27917121034824     -1.45299387537189      c
   -1.43410783470982      2.45008167803423     -2.21972741986950      h
    1.88496795741340      2.14264170063658     -2.02044249117464      h
   -0.09068109193394      1.27917102584522      1.45297897476322      c
    1.43405384165751      2.44993464938952      2.21972228470200      h
   -1.88505041941236      2.14280540297634      2.02042864336722      h
    0.04881297409249     -1.22720910501313      2.38357403243733      o
   -0.02577866285534     -1.11291355617921      4.20100970656229      h
  0.63464030492788D-05  -.37417506458914D-04  -.16866628530288D-04
  0.32401482198208D-02  -.12105476917590D-03  0.17558137686002D-03
  -.53429123534506D-02  0.89837579853480D-04  -.47694967642031D-03
  0.19012037364430D-04  0.36645451018114D-04  -.16371900306567D-04
  0.27276363288031D-05  0.32112636184634D-04  -.31299536078500D-05
  0.53429314594150D-02  0.89330791124276D-04  0.47697559373860D-03
  -.19029275841742D-04  0.36610949328164D-04  0.16459585936435D-04
  -.27116655170190D-05  0.32093590479398D-04  0.29759367115023D-05
  -.32401002754326D-02  -.12072169417010D-03  -.17556801889640D-03
  -.64121857636518D-05  -.37437055790013D-04  0.16893684960273D-04
  cycle =      6 MP2 energy =     -229.8273282535 |dE/dxyz| =  0.008810
    0.02392673195805     -1.11285405343001     -4.19999249921639      h
   -0.04849571348480     -1.22746626810991     -2.38248692197535      o
    0.09101191955898      1.27951899353305     -1.45269341996743      c
   -1.43367630952331      2.44995799645702     -2.21990743830593      h
    1.88563982774783      2.14265746607703     -2.01988804950180      h
   -0.09117797804438      1.27951894460775      1.45267849772261      c
    1.43362199680959      2.44980709431003      2.21990054114814      h
   -1.88572363804520      2.14282591900328      2.01987701840907      h
    0.04808909395970     -1.22748528051833      2.38245681935515      o
   -0.02433111974643     -1.11287766060536      4.19996275178031      h
  0.46034062929218D-05  -.13272520690277D-05  -.43187412757106D-06
  0.32331553413333D-02  -.23725368255789D-03  0.23054961456825D-03
  -.52957040933371D-02  0.19229953666589D-03  -.40205222707668D-03
  0.59953642312927D-05  0.25817041439335D-04  0.14012866031088D-04
  0.20500235233811D-05  0.20560937407321D-04  0.10743124326140D-04
  0.52957468304109D-02  0.19179417450843D-03  0.40207725091390D-03
  -.59982545494996D-05  0.25799582801245D-04  -.13982664807788D-04
  -.20722091909064D-05  0.20570677091714D-04  -.10791154207990D-04
  -.32331630918594D-02  -.23693528772206D-03  -.23054713489490D-03
  -.46133167670437D-05  -.13257542431644D-05  0.42219826390522D-06
  cycle =      7 MP2 energy =     -229.8273282741 |dE/dxyz| =  0.008772
    0.02267894029843     -1.11225319492676     -4.20050563265391      h
   -0.04783511732652     -1.22751010954805     -2.38296014532645      o
    0.09139435562214      1.27948404604859     -1.45261712852536      c
   -1.43324670185272      2.44957768337815     -2.22036885587945      h
    1.88609434821738      2.14251559289042     -2.01958667705929      h
   -0.09156197726987      1.27948400168239      1.45260210062977      c
    1.43319226729660      2.44942553658655      2.22036079485923      h
   -1.88617847612307      2.14268558175255      2.01957714441255      h
    0.04742537264687     -1.22752928584434      2.38292976447344      o
   -0.02307820031921     -1.11227670069494      4.20047593451784      h
  0.21983501237166D-05  0.13307971835075D-05  -.45876135850165D-05
  0.32278589035811D-02  -.26079942414370D-03  0.18602531010004D-03
  -.52700645318622D-02  0.25621088164218D-03  -.33936796706424D-03
  0.23789570291477D-05  0.16049275171071D-05  -.50654505412417D-06
  -.55331671720005D-05  0.17525013766839D-05  -.25504794631814D-06
  0.52700860162286D-02  0.25569973632766D-03  0.33937196131051D-03
  -.23796621255734D-05  0.15985297494581D-05  0.49768817267370D-06
  0.55319282985522D-05  0.17572671822119D-05  0.26363237748406D-06
  -.32278774285205D-02  -.26048849478677D-03  -.18602900739317D-03
  -.21993656507818D-05  0.13332516841102D-05  0.45875861438560D-05
  cycle =      8 MP2 energy =     -229.8273282751 |dE/dxyz| =  0.008773
    0.02221242831691     -1.11240958942879     -4.20018634711512      h
   -0.04764771791568     -1.22749446450737     -2.38261096701662      o
    0.09152498635430      1.27960662739346     -1.45257033908222      c
   -1.43308005059506      2.44959168127612     -2.22055457015866      h
    1.88631581288159      2.14251974793073     -2.01945652980561      h
   -0.09169272230777      1.27960659210831      1.45255529622260      c
    1.43302559178101      2.44943943629568      2.22054651718054      h
   -1.88639996684370      2.14268989774783      2.01944700052052      h
    0.04723750813334     -1.22751365275594      2.38258056676163      o
   -0.02261105861491     -1.11243312473545      4.20015667194130      h
  0.63720670090417D-06  0.16168852035037D-05  0.66514560970177D-07
  0.32295521899404D-02  -.25855023983290D-03  0.20263864080849D-03
  -.52696146768794D-02  0.26038481356672D-03  -.32862242957199D-03
  -.13768570981121D-05  -.17993494272339D-05  -.74214834189235D-06
  -.10695213790157D-05  -.15523586549548D-05  0.24033161238890D-06
  0.52696322773235D-02  0.25987240173198D-03  0.32862105150921D-03
  0.13790009414372D-05  -.17975033106410D-05  0.73622004870266D-06
  0.10734391189260D-05  -.15529678532022D-05  -.23195283116451D-06
  -.32295776882020D-02  -.25823890953092D-03  -.20264166255135D-03
  -.63537053907048D-06  0.16172021664040D-05  -.64565692348140D-07
  cycle =      9 MP2 energy =     -229.8273282868 |dE/dxyz| =  0.008773
    0.00659212936446     -1.08785676394849     -4.20022612209809      h
   -0.05641617796135     -1.20293945077428     -2.38240017904287      o
    0.08613721357213      1.30417121625947     -1.45289755395746      c
   -1.44140615812086      2.47408019288960     -2.21513738378749      h
    1.87873843152817      2.16716938878356     -2.02654216991526      h
   -0.08613723253219      1.30417121815988      1.45289755253096      c
    1.44140627184004      2.47408014146651      2.21513720614616      h
   -1.87873832960072      2.16716947483551      2.02654239581706      h
    0.05641615191738     -1.20293945756897      2.38240017609272      o
   -0.00659170568643     -1.08785674102892      4.20022613766338      h
  0.28942216302730D-06  0.16691906328803D-05  -.23287300088271D-07
  0.32305053493804D-02  -.25839674170491D-03  0.19035017908564D-03
  -.52707457475811D-02  0.26005007693541D-03  -.30865705690419D-03
  -.13480824847534D-05  -.18215334010030D-05  -.70666216500648D-06
  -.10213953784977D-05  -.15000870301485D-05  0.28794295303669D-06
  0.52707325066451D-02  0.26004828843718D-03  0.30865374044775D-03
  0.13503660745151D-05  -.18228633131834D-05  0.70211800484721D-06
  0.10256777507323D-05  -.14972136321845D-05  -.28151872633053D-06
  -.32305015458548D-02  -.25839860635735D-03  -.19035130958400D-03
  -.28655071508676D-06  0.16694627649194D-05  0.25854508756140D-07
  cycle =     10 MP2 energy =     -229.8273282977 |dE/dxyz| =  0.008776
    0.00655339152845     -1.08787870962294     -4.20021438851856      h
   -0.05640406024950     -1.20293838867112     -2.38238545862217      o
    0.08614543591620      1.30417413637062     -1.45290030075555      c
   -1.44138209617249      2.47409811856323     -2.21514759760656      h
    1.87875625590765      2.16716942764039     -2.02653248874305      h
   -0.08614532248278      1.30417414434673      1.45290030711589      c
    1.44138221820946      2.47409818773112      2.21514750493326      h
   -1.87875612468866      2.16716938286835      2.02653261303141      h
    0.05640422141141     -1.20293837869157      2.38238547056791      o
   -0.00655332505910     -1.08787870146093      4.20021439804652      h
  0.17492039108835D-06  0.85761602730550D-06  -.35185593993958D-07
  0.32313770266896D-02  -.25735716240582D-03  0.19160832628362D-03
  -.52729155692489D-02  0.25832330302578D-03  -.31102734591260D-03
  -.66705159662561D-06  -.97466636450605D-06  -.41998657640541D-06
  -.24735066572745D-06  -.84913038689294D-06  0.97871759141555D-07
  0.52729148159618D-02  0.25832339319276D-03  0.31102588459886D-03
  0.66696996237070D-06  -.97133316412368D-06  0.41673728734537D-06
  0.24858836811248D-06  -.85189489462678D-06  -.93250835941916D-07
  -.32313717222851D-02  -.25735750190670D-03  -.19160834575338D-03
  -.18062752236980D-06  0.85735009353050D-06  0.35294880795789D-07
  cycle =     11 MP2 energy =     -229.8273282627 |dE/dxyz| =  0.008780
    0.00650171320444     -1.08788560949495     -4.20022491557970      h
   -0.05638410171037     -1.20293683520501     -2.38239332328891      o
    0.08615729830678      1.30416698465630     -1.45290382941818      c
   -1.44135074771545      2.47411263919091     -2.21515564876210      h
    1.87877629979735      2.16716739346098     -2.02651560036688      h
   -0.08615745972404      1.30416698768813      1.45290384078892      c
    1.44135080626254      2.47411234819923      2.21515567457743      h
   -1.87877630201128      2.16716771965314      2.02651562574185      h
    0.05638340409958     -1.20293687861689      2.38239329005947      o
   -0.00650031618891     -1.08788553045795      4.20022494569721      h
  -.19036231657665D-06  0.21193753202420D-06  -.49750402908444D-07
  0.32325294801370D-02  -.25544872348071D-03  0.19122012250961D-03
  -.52750479550657D-02  0.25530492948356D-03  -.31308020372989D-03
  0.20484958263012D-06  -.61060075662311D-07  -.12152789574671D-06
  0.22612840000491D-06  -.81096223070176D-08  -.12004382798914D-06
  0.52750565646118D-02  0.25530558998987D-03  0.31308237093453D-03
  -.20323464910987D-06  -.60851275129892D-07  0.12327156162506D-06
  -.22563840484935D-06  -.78082142973557D-08  0.11897300566943D-06
  -.32325681718838D-02  -.25545006636385D-03  -.19122286264217D-03
  0.21833953138539D-06  0.21413644463175D-06  0.49650449085448D-07
  cycle =     12 MP2 energy =     -229.8273282751 |dE/dxyz| =  0.008779
    0.00646101014970     -1.08788537179274     -4.20022497162449      h
   -0.05640705817786     -1.20293659920965     -2.38239276560547      o
    0.08614319943181      1.30416723452181     -1.45290466754154      c
   -1.44137238266498      2.47411275863767     -2.21514158502388      h
    1.87875653118469      2.16716779347277     -2.02653393104296      h
   -0.08614320615857      1.30416722876660      1.45290468383001      c
    1.44137239834459      2.47411271981813      2.21514161111724      h
   -1.87875652443508      2.16716781044931      2.02653395791325      h
    0.05640693860909     -1.20293662365300      2.38239274723693      o
   -0.00645905451921     -1.08788527719726      4.20022501612641      h
  0.41574730086369D-06  0.26203919328838D-06  -.63944522565862D-07
  0.32317455434486D-02  -.25570897096117D-03  0.19121290830171D-03
  -.52751149353178D-02  0.25557380603480D-03  -.31285389350266D-03
  0.50010383390031D-07  -.10742827782906D-06  -.26521249862910D-07
  0.96705356167348D-07  -.20620621654643D-07  -.29288236658154D-06
  0.52751151226774D-02  0.25557490793471D-03  0.31285571757467D-03
  -.51075444318371D-07  -.10383942816716D-06  0.27544909908528D-07
  -.98408777571279D-07  -.24161904477182D-07  0.29226658315729D-06
  -.32317534083312D-02  -.25570895564542D-03  -.19121439784442D-03
  -.40530140613115D-06  0.26319610813008D-06  0.63201985867067D-07
  cycle =     13 MP2 energy =     -229.8273282910 |dE/dxyz| =  0.008779
    0.00640238601816     -1.08788627827154     -4.20021961715048      h
   -0.05638111279546     -1.20293692889443     -2.38238461079853      o
    0.08615922869163      1.30416810637595     -1.45290245718217      c
   -1.44134896017400      2.47411263296084     -2.21515648897582      h
    1.87877866855100      2.16716830655086     -2.02651153566167      h
   -0.08615900140465      1.30416809796298      1.45290246836922      c
    1.44134901430521      2.47411285704173      2.21515648077492      h
   -1.87877856720760      2.16716803389692      2.02651155935799      h
    0.05638167790271     -1.20293691418963      2.38238463993174      o
   -0.00640148212280     -1.08788623962004      4.20021965672031      h
  -.36001537798147D-06  0.23017222838817D-06  0.49087276465798D-08
  0.32327003085947D-02  -.25535829541390D-03  0.19189969482891D-03
  -.52746418724065D-02  0.25521413137586D-03  -.31270073726297D-03
  -.57732862046578D-07  -.40035612602907D-07  -.23568036100485D-06
  -.38780922473336D-07  -.45603534504224D-07  0.18355309294726D-06
  0.52746411458997D-02  0.25521446574306D-03  0.31269959902414D-03
  0.54831849727321D-07  -.37562899457555D-07  0.23440421093035D-06
  0.36529111735462D-07  -.48614613668008D-07  -.18265571544163D-06
  -.32326772024423D-02  -.25535757473705D-03  -.19189770546024D-03
  0.34278858901393D-06  0.22889067796683D-06  -.53807713840115D-08
  cycle =     14 MP2 energy =     -229.8273282903 |dE/dxyz| =  0.008778
    0.00642410569887     -1.08788786408681     -4.20022057736620      h
   -0.05638976916310     -1.20293611156945     -2.38238647271283      o
    0.08615397691858      1.30416792641545     -1.45290296813768      c
   -1.44135770419660      2.47411260479947     -2.21514942921657      h
    1.87877055140099      2.16716926257926     -2.02651969529776      h
   -0.08615412955597      1.30416791253474      1.45290297938950      c
    1.44135769251919      2.47411239157914      2.21514945585316      h
   -1.87877059975571      2.16716945503344      2.02651972999256      h
    0.05638926982590     -1.20293616427522      2.38238643671138      o
   -0.00642154192796     -1.08788773919638      4.20022063616994      h
  0.87764260617296D-06  0.12745657107516D-06  0.28418534192554D-07
  0.32313838420903D-02  -.25515256131747D-03  0.19164243521708D-03
  -.52746743372823D-02  0.25512335980071D-03  -.31264620270122D-03
  -.78897401056821D-07  -.60920655187147D-07  0.10687968288181D-07
  -.58998842256131D-07  -.37874108071989D-07  -.31354221885493D-07
  0.52746791867019D-02  0.25516895125843D-03  0.31262767110385D-03
  0.80636489929731D-07  -.61873262513501D-07  -.91301304294689D-08
  0.60130634693678D-07  -.36613444720501D-07  0.30207921275505D-07
  -.32314237177147D-02  -.25519625959447D-03  -.19164703722296D-03
  -.84548717960153D-06  0.12630821089044D-06  -.56967435213551D-08
$end
