$hessapprox internal
  0.193811681134D-01  0.308857493445D-04  0.614629799587D+00  0.286992750991D-02
  0.361151735734D-03  0.371135546503D+00 -0.704391790101D-03 -0.130586561662D-04
 -0.369593466780D-03  0.424689305449D+00  0.679970938190D-03 -0.104082998687D-04
  0.638638175265D-03 -0.115254563489D-03  0.423838618271D+00 -0.683819209099D-03
 -0.162640798389D-03  0.147782485258D-02  0.659690146353D-04 -0.194213529338D-03
  0.344001035847D+00  0.333942828552D-02  0.248810292710D-03 -0.536807521016D-03
 -0.479508329785D-03  0.649009177116D-03  0.747310829196D-03  0.347009070365D+00
 -0.432825565386D-03 -0.382875306655D-05 -0.278484180170D-03  0.703478594929D-04
 -0.685170178798D-04  0.643309589187D-04 -0.328571632000D-03  0.320165337367D+00
  0.406820716645D-02  0.249943230899D-03 -0.282522716730D-05 -0.599490888753D-03
  0.761458999405D-03  0.608853536007D-03  0.135795765018D-02 -0.401682083706D-03
  0.344971432638D+00 -0.700425521860D-03 -0.134178333708D-04 -0.362212943101D-03
  0.111757966135D-03 -0.114843133895D-03  0.631433360170D-04 -0.473308851558D-03
  0.699403139483D-04 -0.592679234820D-03  0.424687785727D+00  0.678747740564D-03
 -0.102856002466D-04  0.636215920734D-03 -0.115017237587D-03  0.985043597856D-04
 -0.193274429163D-03  0.647000780053D-03 -0.683910155879D-04  0.759263555663D-03
 -0.114605099410D-03  0.423838376715D+00 -0.681619325703D-03 -0.162567407755D-03
  0.147857978382D-02  0.656270217037D-04 -0.193835677947D-03 -0.786539143221D-03
  0.748544672588D-03  0.641121173202D-04  0.610466875463D-03  0.628041658971D-04
 -0.192897473061D-03  0.344000994597D+00  0.331666349225D-02  0.248840265407D-03
 -0.554287972181D-03 -0.475741591008D-03  0.645532474935D-03  0.752006525814D-03
  0.742591138935D-03 -0.326286161119D-03  0.133499376892D-02 -0.469560324559D-03
  0.643529611738D-03  0.753228379411D-03  0.346970883838D+00 -0.432513020364D-03
 -0.392041878854D-05 -0.277126582675D-03  0.702698199270D-04 -0.685193807408D-04
  0.637489162602D-04 -0.327570672427D-03  0.433035037292D-04 -0.400642170717D-03
  0.698612529691D-04 -0.683930231710D-04  0.635304284698D-04 -0.325286197665D-03
  0.320165269376D+00  0.405098309799D-02  0.248677327291D-03 -0.269679338065D-06
 -0.597012663992D-03  0.758121102795D-03  0.605097795700D-03  0.135388795522D-02
 -0.399986920423D-03  0.206935179699D-02 -0.590232743124D-03  0.755935935677D-03
  0.606704735160D-03  0.133102273786D-02 -0.398952111404D-03  0.344957169710D+00
  0.403499368530D-02  0.153726805543D-04  0.284502421485D-02 -0.661676302543D-03
  0.627590926499D-03 -0.714976391079D-03  0.322743315694D-02 -0.404546553370D-03
  0.390602327825D-02 -0.658160109209D-03  0.626512309227D-03 -0.712894121085D-03
  0.320626775888D-02 -0.404300160013D-03  0.388938528731D-02  0.188218382144D-01
  0.300289342546D-04 -0.273394721788D-04  0.357404421648D-03 -0.128441149719D-04
 -0.104006757687D-04 -0.161033333338D-03  0.246049358217D-03 -0.373606812518D-05
  0.247075815087D-03 -0.132004629612D-04 -0.102789599799D-04 -0.160960916968D-03
  0.246082047217D-03 -0.382691972006D-05  0.245823989384D-03  0.146982259498D-04
  0.614630305725D+00  0.286885504158D-02  0.361348974594D-03 -0.226883629440D-02
 -0.369359520881D-03  0.638581887499D-03  0.147915675765D-02 -0.539293539773D-03
 -0.278371335636D-03 -0.546210305382D-05 -0.361977126712D-03  0.636158968225D-03
  0.147991071803D-02 -0.556769760155D-03 -0.277013123951D-03 -0.289386110541D-05
  0.284412193138D-02  0.357599961372D-03  0.371129101824D+00 -0.125668752629D-02
 -0.311967353577D-03  0.287599538056D-02  0.117462729436D-03 -0.364093051074D-03
 -0.151957795379D-02  0.147910794549D-02  0.117878651931D-03  0.122274207479D-02
  0.112087675854D-03 -0.362305433158D-03 -0.151958959860D-02  0.148782803576D-02
  0.116764864033D-03  0.121530277411D-02 -0.132027837651D-02 -0.308891249694D-03
  0.287853940759D-02  0.503907104547D+00  0.409135920490D-02 -0.320893845480D-04
  0.346867123840D-02 -0.684673076569D-03  0.610184832722D-03 -0.995376449041D-03
  0.365809897733D-02 -0.411457441701D-03  0.433918082937D-02 -0.681772047759D-03
  0.609316461658D-03 -0.993166243605D-03  0.363696822826D-02 -0.411368565066D-03
  0.432035151167D-02  0.379097926789D-02 -0.323284265629D-04  0.346810758915D-02
 -0.185808325216D-02  0.381777863985D+00 -0.126412472691D-02 -0.312012011537D-03
  0.287095141735D-02  0.118677605897D-03 -0.365258772181D-03 -0.151835270982D-02
  0.147329123441D-02  0.118623870844D-03  0.121567221077D-02  0.113295843919D-03
 -0.363469089042D-03 -0.151836815877D-02  0.148205044930D-02  0.117509573691D-03
  0.120826290614D-02 -0.132721942805D-02 -0.308934512215D-03  0.287349722770D-02
 -0.293277168828D-02 -0.186510668788D-02  0.503911629254D+00  0.406225142073D-02
 -0.327936656154D-04  0.345541496726D-02 -0.680071030458D-03  0.605331745352D-03
 -0.993584276646D-03  0.363961574293D-02 -0.408554787378D-03  0.431571538914D-02
 -0.677203634548D-03  0.604473959508D-03 -0.991387862105D-03  0.361864178864D-02
 -0.408469691474D-03  0.429698171464D-02  0.376355688837D-02 -0.330223058238D-04
  0.345486219845D-02 -0.185502295007D-02  0.371014302564D-02 -0.186199613276D-02
  0.381720739211D+00  0.235566568181D-02 -0.110159425351D-03  0.312000280931D-02
 -0.420660150522D-03  0.300992469614D-03 -0.109311241408D-02  0.284768954288D-02
 -0.239325664816D-03  0.322639602806D-02 -0.420267265700D-03  0.300925773559D-03
 -0.109164976647D-02  0.283615837185D-02 -0.239584019309D-03  0.321178772790D-02
  0.213831618278D-02 -0.109441632721D-03  0.312035371757D-02 -0.206856403205D-02
  0.195049290831D-02 -0.207257985680D-02  0.193235803076D-02  0.360291681610D+00
  0.000000000000D+00  0.000000000000D+00  0.000000000000D+00  0.000000000000D+00
  0.000000000000D+00  0.000000000000D+00  0.000000000000D+00  0.000000000000D+00
  0.000000000000D+00  0.000000000000D+00  0.000000000000D+00  0.000000000000D+00
  0.000000000000D+00  0.000000000000D+00  0.000000000000D+00  0.000000000000D+00
  0.000000000000D+00  0.000000000000D+00  0.000000000000D+00  0.000000000000D+00
  0.000000000000D+00  0.000000000000D+00  0.000000000000D+00  0.000000000000D+00
$end
