$coord
    0.22395116072804     -1.06958210399255     -4.26039183597565  h
   -0.24326326405524     -1.12774357450941     -2.50369906153054  o
    0.38401582228636      1.22613281797748     -1.38456120190336  c
   -0.56891220519331      2.81750717097604     -2.31450918124522  h
    2.43153256663269      1.54184407381957     -1.51915558360013  h
   -0.38401600447208      1.22613276586406      1.38456106657573  c
    0.56891151303027      2.81750741404377      2.31450908879548  h
   -2.43153284950517      1.54184351703074      1.51915515250517  h
    0.24326359683535     -1.12774335517983      2.50369915977928  o
   -0.22396069923474     -1.06958566445449      4.26038942831446  h
$user-defined bonds
$intdef
# definitions of internal coordinates
   1 f  1.0000000000000 tors    2    3    6    9 val=  42.00000
$redundant
     number_of_atoms            10
     degrees_of_freedom         24
     internal_coordinates       25
     frozen_coordinates          1
# definitions of redundant internals
   1 k  1.0000000000000 tors   1    2    3    6 val= 178.71035
   2 k  1.0000000000000 stre   2    1           val=   1.81869
   3 k  1.0000000000000 bend   3    1    2      val= 108.36335
   4 k  1.0000000000000 stre   3    4           val=   2.07493
   5 k  1.0000000000000 stre   3    5           val=   2.07608
   6 k  0.0863017610496 bend   5    4    3      val=   1.08521
       -0.5268200953060 bend   2    4    3
       -0.4895937898307 bend   2    5    3
        0.4790181287682 bend   6    4    3
        0.4958347975810 bend   6    5    3
   7 k  0.0080344291636 bend   5    4    3      val=   0.24818
       -0.5309544310104 bend   2    4    3
        0.5618641033156 bend   2    5    3
       -0.4615176984740 bend   6    4    3
        0.4351241013079 bend   6    5    3
   8 k  0.8922668804901 bend   5    4    3      val=  -0.38253
       -0.1662015939723 bend   2    4    3
       -0.1903912317530 bend   2    5    3
       -0.2696204578928 bend   6    4    3
       -0.2594086191682 bend   6    5    3
   9 k -0.0115119719943 bend   5    4    3      val=   1.55703
        0.4499724423893 bend   2    4    3
       -0.4465619951689 bend   2    5    3
       -0.5362127479246 bend   6    4    3
        0.5571808943466 bend   6    5    3
  10 k  1.0000000000000 stre   6    7           val=   2.07493
  11 k  1.0000000000000 stre   6    8           val=   2.07608
  12 k  0.0863018562607 bend   8    7    6      val=   1.08521
       -0.5268200052996 bend   9    7    6
       -0.4895938954635 bend   9    8    6
        0.4790182834571 bend   3    7    6
        0.4958346228944 bend   3    8    6
  13 k  0.0080345473268 bend   8    7    6      val=   0.24819
       -0.5309545633316 bend   9    7    6
        0.5618640390403 bend   9    8    6
       -0.4615175169788 bend   3    7    6
        0.4351242131641 bend   3    8    6
  14 k  0.8922668710966 bend   8    7    6      val=  -0.38253
       -0.1662015894622 bend   9    7    6
       -0.1903911491169 bend   9    8    6
       -0.2696203878919 bend   3    7    6
       -0.2594087877746 bend   3    8    6
  15 k -0.0115118352394 bend   8    7    6      val=   1.55703
        0.4499723087920 bend   9    7    6
       -0.4465620557932 bend   9    8    6
       -0.5362127991367 bend   3    7    6
        0.5571809071905 bend   3    8    6
  16 k  1.0000000000000 tors  10    9    6    3 val= 178.71071
  17 k  1.0000000000000 stre   9   10           val=   1.81869
  18 k  1.0000000000000 bend   6   10    9      val= 108.36335
  19 k  1.0000000000000 tors   2    3    6    9 val=  42.00000
  20 k  1.0000000000000 stre   3    2           val=   2.68080
  21 k  1.0000000000000 bend   6    2    3      val= 109.86107
  22 k  1.0000000000000 stre   6    9           val=   2.68080
  23 k  1.0000000000000 bend   3    9    6      val= 109.86107
  24 k  1.0000000000000 stre   3    6           val=   2.87366
  25 f  1.0000000000000 tors   2    3    6    9 val=  42.00000
        24 non zero eigenvalues  of BmBt
           1           4.531097862    1    0
         1
           2           3.781271944    2    0
         2
           3           3.775757138    3    0
         3
           4           3.080449328    4    0
         4
           5           2.689704827    5    0
         5
           6           2.466969055    6    0
         6
           7           2.099571787    7    0
         7
           8           1.725157480    8    0
         8
           9           1.238421995    9    0
         9
          10           1.231477980   10    0
        10
          11           1.052618191   11    0
        11
          12           0.847676246   12    0
        12
          13           0.768272991   13    0
        13
          14           0.726481977   14    0
        14
          15           0.655391238   15    0
        15
          16           0.406028953   16    0
        16
          17           0.347493413   17    0
        17
          18           0.316456216   18    0
        18
          19           0.276892805   20    0
        20
          20           0.246625272   21    0
        21
          21           0.154184038   22    0
        22
          22           0.067034573   23    0
        23
          23           0.058093734   24    0
        24
          24           0.000000000    0    1
         0.000000000         0.000000000         0.000000000         0.000000000
         0.000000000         0.000000000         0.000000000         0.000000000
         0.000000000         0.000000000         0.000000000         0.000000000
         0.000000000         0.000000000         0.000000000         0.000000000
         0.000000000         0.000000000         0.000000000         0.000000000
         0.000000000         0.000000000         0.000000000         0.000000000
         1.000000000
$end
