$energy      SCF               SCFKIN            SCFPOT
     1 -230.2203121270      229.3016676195     -459.5219797466
     2 -230.2212178233      229.2752266588     -459.4964444821
     3 -230.2212967800      229.2857893144     -459.5070860944
     4 -230.2213162040      229.2897998717     -459.5111160757
     5 -230.2213171249      229.2885007492     -459.5098178742
     6 -230.2213172037      229.2884588419     -459.5097760456
     7 -230.2213171945      229.2884659678     -459.5097831623
     8 -230.2213172013      229.2885025679     -459.5098197691
     9 -230.2213172060      229.2885559466     -459.5098731527
    10 -230.2213172061      229.2885502583     -459.5098674644
    11 -230.2213172062      229.2885408885     -459.5098580947
    12 -230.2213172063      229.2885443443     -459.5098615506
$end
