$grad          cartesian gradients
  cycle =      1    SCF energy =     -230.2203121270   |dE/dxyz| =  0.013120
    0.23331685945793     -1.19398465291328     -4.14524082711369      h
   -0.25908097838904     -1.14469546637810     -2.39599525650012      o
    0.40223412797581      1.25661176944215     -1.37413758360732      c
   -0.56424375354788      2.79612133448745     -2.36809289978728      h
    2.44324971415468      1.59337472169348     -1.48801150624892      h
   -0.40223620645054      1.25661551773418      1.37413261412766      c
    0.56421243079274      2.79614459104742      2.36809049179891      h
   -2.44325552324128      1.59335017066978      1.48798565032212      h
    0.25911224611094     -1.14467469745993      2.39600853687119      o
   -0.23375126934669     -1.19414228119641      4.14511751032365      h
  -.28275325692887D-03  -.78875988283009D-03  0.65774968560584D-03
  0.13964786237162D-02  -.49005478086023D-02  0.46073891255080D-02
  -.18783421369470D-02  0.48119257027756D-02  0.20914801048042D-03
  -.38059867556990D-03  -.14325112987260D-02  -.28529850461028D-03
  -.10560840904691D-02  0.23126089374556D-02  0.15043400351416D-02
  0.18777086733019D-02  0.48122219630337D-02  -.20922821471969D-03
  0.38061371241978D-03  -.14323770391908D-02  0.28561016376928D-03
  0.10564313090068D-02  0.23128435039814D-02  -.15046253323321D-02
  -.13955430255422D-02  -.49010493214326D-02  -.46072446763800D-02
  0.28208635472126D-03  -.78864531553559D-03  -.65783849024707D-03
  cycle =      2    SCF energy =     -230.2212178233   |dE/dxyz| =  0.014769
    0.23342018399763     -1.10030731711040     -4.25725389687377      h
   -0.23480770425247     -1.14410766417459     -2.50009021219912      o
    0.39248531277609      1.21873805400492     -1.38623817297505      c
   -0.55498485306410      2.79009877432536     -2.35195048298592      h
    2.43696829708680      1.54301258986121     -1.50617127191360      h
   -0.39251055554526      1.21873535296498      1.38622769999406      c
    0.55495332759054      2.79009273295913      2.35195488582442      h
   -2.43699348920410      1.54300759015335      1.50614578561473      h
    0.23478156066343     -1.14411234846183      2.50007419378334      o
   -0.23375443253189     -1.10043675739540      4.25715820191711      h
  -.15521231938217D-03  -.56702850148317D-03  -.30533272246379D-03
  0.44571245528711D-02  -.26395971296023D-02  0.40407739940962D-03
  -.76421978249322D-02  0.34624623467860D-02  -.25814759410128D-02
  0.33871655058325D-03  -.95436131445215D-03  -.15008384751456D-02
  -.81892921700874D-03  0.69981238036313D-03  0.36571136500515D-03
  0.76419069227448D-02  0.34627932592690D-02  0.25814048800858D-02
  -.33871393395372D-03  -.95434144059409D-03  0.15012085876138D-02
  0.81917881500669D-03  0.69988614688271D-03  -.36603392656676D-03
  -.44567126743441D-02  -.26394496819432D-02  -.40378530869485D-03
  0.15483941949209D-03  -.56718436158716D-03  0.30506479883476D-03
  cycle =      3    SCF energy =     -230.2212967800   |dE/dxyz| =  0.016088
    0.23656547939945     -1.08806946552850     -4.25903528056152      h
   -0.23397468102582     -1.14308585140890     -2.50315669547220      o
    0.39029333811388      1.21338680834601     -1.38405671380892      c
   -0.55580438099088      2.79560584533685     -2.33445220856338      h
    2.43775112546144      1.52959850826545     -1.50742659020366      h
   -0.39033349079833      1.21338061184390      1.38404391953400      c
    0.55577486299604      2.79558253560613      2.33445948456461      h
   -2.43778866611927      1.52960894199191      1.50740422057874      h
    0.23391144012854     -1.14310580272782      2.50312572145575      o
   -0.23683737964839     -1.08818112459831      4.25895087266279      h
  -.59245947147114D-04  -.15420185542758D-03  -.48531975030810D-04
  0.52735017700755D-02  -.20837253807077D-02  0.10985926162771D-02
  -.90628045542041D-02  0.26350956552227D-02  -.24218556281087D-02
  0.19128348762624D-03  -.54526105310639D-03  -.80793928104605D-03
  -.25004016618499D-03  0.14928145656526D-03  0.11792597390607D-03
  0.90626725701067D-02  0.26352514815905D-02  0.24218789564448D-02
  -.19126312610031D-03  -.54528999001585D-03  0.80821132545768D-03
  0.25012232801359D-03  0.14931558934074D-03  -.11819716948595D-03
  -.52732178407989D-02  -.20834198674655D-02  -.10984906645142D-02
  0.58992259791294D-04  -.15434771933198D-03  0.48406656524538D-04
  cycle =      4    SCF energy =     -230.2213162040   |dE/dxyz| =  0.016730
    0.24008575785174     -1.08387139917092     -4.25889496091539      h
   -0.23356944635108     -1.14356539199464     -2.50405474169059      o
    0.38933020404380      1.21034268894314     -1.38250587069014      c
   -0.55804045961038      2.80072529034807     -2.31929824444608      h
    2.43817089385193      1.52380657769468     -1.50842251612608      h
   -0.38938725334219      1.21033212565292      1.38249025634898      c
    0.55801334210558      2.80068227388110      2.31930845456370      h
   -2.43822199707997      1.52383472289668      1.50840420150217      h
    0.23346388972975     -1.14360331581762      2.50400711406790      o
   -0.24028728368253     -1.08396256530669      4.25882303757173      h
  0.83854060230888D-05  0.58717652616627D-04  0.44827307305130D-04
  0.56176239169121D-02  -.21649335560724D-02  0.15695096349187D-02
  -.95199193914790D-02  0.22844943928720D-02  -.23092951832284D-02
  0.35832317804782D-04  -.10621628298440D-03  -.12552017992223D-03
  0.11433969953100D-03  -.70819027270528D-04  -.59336336195839D-05
  0.95199193703461D-02  0.22843778216126D-02  0.23093599770292D-02
  -.35806761060074D-04  -.10624436002926D-03  0.12566746639172D-03
  -.11433704160164D-03  -.70814323658185D-04  0.57563809164694D-05
  -.56175426878448D-02  -.21645896244953D-02  -.15694872063308D-02
  -.84935573881979D-05  0.58621112459669D-04  -.44883304955942D-04
  cycle =      5    SCF energy =     -230.2213171249   |dE/dxyz| =  0.016380
    0.24117647202293     -1.08526507262145     -4.25930536912471      h
   -0.23320293968930     -1.14404101097646     -2.50453662731586      o
    0.38962001957457      1.21013435242253     -1.38279113602254      c
   -0.55913409308202      2.80134617119889     -2.31715771851401      h
    2.43785602388712      1.52526424876357     -1.50908837620199      h
   -0.38968439213640      1.21012180539385      1.38277421138373      c
    0.55910798292316      2.80129466946922      2.31716875361474      h
   -2.43791277070985      1.52530008663243      1.50907256073233      h
    0.23307942331211     -1.14408688344795      2.50448179204517      o
   -0.24134807858568     -1.08534735970789      4.25923863958935      h
  0.95792462963392D-05  0.21877553892713D-04  -.19009611577259D-05
  0.55539689608912D-02  -.23063242115616D-02  0.15600206450015D-02
  -.91742062849096D-02  0.23084236920820D-02  -.24618405478791D-02
  0.70526737131222D-05  -.11573839327325D-04  -.11857041439760D-04
  0.33860831224319D-04  -.11089391945880D-04  -.74025638147477D-05
  0.91742385594036D-02  0.23081942230138D-02  0.24619006881806D-02
  -.70347990523828D-05  -.11593190178983D-04  0.11933460874734D-04
  -.33848057143245D-04  -.11079771611378D-04  0.72977124559467D-05
  -.55540225301115D-02  -.23060730554054D-02  -.15600320136264D-02
  -.95871197152171D-05  0.21838288209212D-04  0.18821026491865D-05
  cycle =      7    SCF energy =     -230.2213171945   |dE/dxyz| =  0.016289
    0.22369437656722     -1.06920985512197     -4.26047012005879      h
   -0.24323809572347     -1.12780992339239     -2.50370701234085      o
    0.38404742403578      1.22619294956623     -1.38451660859465      c
   -0.56887686193203      2.81749809160181     -2.31455451976020      h
    2.43154794271941      1.54177591306263     -1.51923820142914      h
   -0.38404747742637      1.22619316431457      1.38451623548495      c
    0.56887402050869      2.81749991684300      2.31455448161734      h
   -2.43154853398984      1.54177332255378      1.51923549285794      h
    0.24324074072091     -1.12780808774027      2.50370805034243      o
   -0.22373229142311     -1.06922356057475      4.26046083672628      h
  0.38468875948374D-05  0.12265825911766D-04  -.85130869814001D-06
  0.55685524570524D-02  -.22612479009597D-02  0.15437424204963D-02
  -.90980539646678D-02  0.22589236099825D-02  -.25051913798277D-02
  0.86913707572313D-06  -.25208618528441D-05  0.18137653783831D-06
  -.54401484963864D-05  -.61718498434435D-05  -.83442412560610D-05
  0.90980627115481D-02  0.22589370398661D-02  0.25051948869330D-02
  -.87184936463515D-06  -.25406523009618D-05  -.16661925570040D-06
  0.54327861506504D-05  -.61651165578526D-05  0.83005617496445D-05
  -.55684986019796D-02  -.22612004996130D-02  -.15437039719802D-02
  -.38994452255455D-05  0.12230536771758D-04  0.83824773767434D-06
  cycle =      8    SCF energy =     -230.2213172013   |dE/dxyz| =  0.016294
    0.22373242573827     -1.06930394120561     -4.26045301134302      h
   -0.24326228788585     -1.12776162944719     -2.50370545472434      o
    0.38402546408772      1.22618819334455     -1.38453383521658      c
   -0.56891508844513      2.81750673133121     -2.31454624389278      h
    2.43153521278586      1.54181778209589     -1.51921629100384      h
   -0.38402729588027      1.22618810002298      1.38453323592313      c
    0.56891246205463      2.81750665157847      2.31454672148103      h
   -2.43153717960205      1.54181713156377      1.51921401446916      h
    0.24326060593839     -1.12776156293378      2.50370465717217      o
   -0.22376307473439     -1.06931552523764      4.26044484198038      h
  0.23683701726076D-05  0.80193072502167D-05  -.59740614334849D-06
  0.55725411378873D-02  -.22449704806353D-02  0.15452044450998D-02
  -.91058688761573D-02  0.22445110097960D-02  -.25123312977517D-02
  -.44010728993159D-06  -.21946023130653D-05  -.10462642356707D-05
  -.24025048282138D-05  -.41301592330318D-05  -.49335503587753D-05
  0.91058620381446D-02  0.22445255404516D-02  0.25123498785889D-02
  0.44551350371245D-06  -.21983890485603D-05  0.10731690752693D-05
  0.24047612439331D-05  -.41271584604793D-05  0.48947100708020D-05
  -.55725116862459D-02  -.22449256963044D-02  -.15451937773009D-02
  -.23986223563538D-05  0.79995430643606D-05  0.58011291503977D-06
  cycle =     10    SCF energy =     -230.2213172061   |dE/dxyz| =  0.016303
    0.22391847352719     -1.06955387668048     -4.26040233718174      h
   -0.24324862148179     -1.12774477762110     -2.50369831467622      o
    0.38402341609048      1.22613125853570     -1.38455630164840      c
   -0.56890986775094      2.81748724832283     -2.31452987118096      h
    2.43154538214770      1.54183841371563     -1.51913299597084      h
   -0.38402343003035      1.22613131828060      1.38455624048338      c
    0.56890911694673      2.81748772463796      2.31452998539074      h
   -2.43154551925449      1.54183772625763      1.51913225545456      h
    0.24324932848061     -1.12774431292261      2.50369855914601      o
   -0.22392864162295     -1.06955766095079      4.26039981189869      h
  -.21775496595245D-06  0.68472492196369D-06  0.10402936011347D-06
  0.55789208315132D-02  -.22218669401255D-02  0.15469451000194D-02
  -.91166479432770D-02  0.22235953909542D-02  -.25263288064742D-02
  -.10138273714060D-05  -.91829319611696D-06  -.13515835840927D-05
  0.95125226072855D-06  -.25119013649046D-06  0.54625136259497D-06
  0.91166211494039D-02  0.22235969666589D-02  0.25263217239475D-02
  0.10073958371779D-05  -.91038446558336D-06  0.13560452994190D-05
  -.94751112051247D-06  -.26168586584783D-06  -.56094442794852D-06
  -.55788801317705D-02  -.22218398757020D-02  -.15469221031781D-02
  0.20653356262490D-06  0.67969309769566D-06  -.10972021110514D-06
  cycle =     11    SCF energy =     -230.2213172062   |dE/dxyz| =  0.016303
    0.22394405129823     -1.06957659689968     -4.26039011805219      h
   -0.24326150335089     -1.12774296681753     -2.50369529989081      o
    0.38401775145185      1.22613509347984     -1.38455937825317      c
   -0.56891348103711      2.81750017953157     -2.31451863823563      h
    2.43153677503189      1.54184257601283     -1.51914870824029      h
   -0.38401849582343      1.22613500392458      1.38455921907101      c
    0.56891279492471      2.81749979655914      2.31451901833889      h
   -2.43153750358724      1.54184271917866      1.51914805069707      h
    0.24326027005302     -1.12774330388162      2.50369476135304      o
   -0.22395102190885     -1.06957943951242      4.26038812492730      h
  -.17602261946340D-06  0.42715629594087D-06  0.52728164081756D-07
  0.55787407343789D-02  -.22225839817685D-02  0.15472299131554D-02
  -.91158847958281D-02  0.22240193981243D-02  -.25274859121270D-02
  -.49633408802025D-06  -.50532125183165D-06  -.48589071325252D-06
  0.28881560589179D-06  -.11369601496502D-06  0.85024793839122D-07
  0.91158836988901D-02  0.22240298680142D-02  0.25274969796491D-02
  0.49978486330084D-06  -.50440213632603D-06  0.50057435504702D-06
  -.28532257685440D-06  -.11204187369927D-06  -.99955200172471D-07
  -.55787612296587D-02  -.22225771622757D-02  -.15472430642683D-02
  0.19069078605096D-06  0.42912541628098D-06  -.50385772265920D-07
$end
