$hessapprox internal
  0.154930976544D-01 -0.600354694538D-04  0.619229911593D+00 -0.769574829947D-03
 -0.404474677596D-03  0.370941612533D+00 -0.131810390475D-02 -0.183611794052D-03
 -0.638881999990D-03  0.421497184676D+00  0.197088882538D-03  0.364332472798D-03
  0.256199983631D-02  0.140583190896D-02  0.417042562584D+00  0.291523152939D-02
  0.129926987875D-02  0.795246148288D-02  0.131048926885D-02 -0.834083602489D-02
  0.321361756348D+00  0.360875320563D-03  0.217906966502D-03  0.140227961663D-02
  0.434114789778D-03 -0.136678767214D-02 -0.441184433696D-02  0.346340433948D+00
  0.207116615502D-02  0.982952445121D-03  0.608826479384D-02  0.121627235767D-02
 -0.627652577810D-02 -0.188490397300D-01 -0.336581863207D-02  0.305215031664D+00
 -0.146255004024D-02 -0.117163638145D-02 -0.779545293672D-02 -0.313383917076D-02
  0.722915300967D-02  0.248556328721D-01  0.422218387313D-02  0.188604808096D-01
  0.321608086794D+00 -0.128183286083D-02 -0.174248463487D-03 -0.589739914438D-03
  0.131531728494D-02  0.134189746301D-02  0.117020373863D-02  0.405509850274D-03
  0.110481461688D-02 -0.296109353547D-02  0.421464528942D+00  0.194437848887D-03
  0.360024366139D-03  0.253187660939D-02  0.138974490278D-02 -0.215749033536D-02
 -0.824296933001D-02 -0.135069286007D-02 -0.620282002308D-02  0.714380472423D-02
  0.132655375174D-02  0.417094081358D+00  0.291677809692D-02  0.129848087024D-02
  0.794585699797D-02  0.130414182865D-02 -0.833660222877D-02 -0.244705085497D-01
 -0.440847198179D-02 -0.188322947903D-01  0.248391523877D-01  0.116407299652D-02
 -0.823878670524D-02  0.321407250588D+00  0.199514723391D-03  0.190697608604D-03
  0.128942409018D-02  0.574562445455D-03 -0.116697192716D-02 -0.413701168715D-02
 -0.695262694774D-03 -0.313131761402D-02  0.374358339239D-02  0.544918343842D-03
 -0.115317644844D-02 -0.413446251484D-02  0.346497389698D+00  0.208367269369D-02
  0.988343144792D-03  0.612103967338D-02  0.122102140325D-02 -0.631123515035D-02
 -0.189496867776D-01 -0.338403754386D-02 -0.145522214269D-01  0.189634355213D-01
  0.110899791684D-02 -0.623712232026D-02 -0.189328460368D-01 -0.314847759507D-02
  0.305059520176D+00 -0.159945989564D-02 -0.120669554241D-02 -0.797886714410D-02
 -0.307171263936D-02  0.746881875431D-02  0.253782934861D-01  0.432905959315D-02
  0.192760553407D-01 -0.235477854221D-01 -0.289749088286D-02  0.738068460698D-02
  0.253609978148D-01  0.385456770302D-02  0.193811168746D-01  0.320310020615D+00
  0.355026087058D-03 -0.900271847252D-04 -0.849147157250D-03 -0.102311605178D-02
  0.438328828253D-03  0.301936548995D-02  0.422107122229D-03  0.219586023096D-02
 -0.195508466468D-02 -0.991310979219D-03  0.432934766935D-03  0.301971513860D-02
  0.292850524524D-03  0.220865828751D-02 -0.207489658781D-02  0.150338880251D-01
 -0.644525992703D-04 -0.620358923780D-04 -0.419704600493D-03 -0.187666914199D-03
  0.379514777020D-03  0.134688437462D-02  0.226270475883D-03  0.101937118728D-02
 -0.121801491467D-02 -0.178005478763D-03  0.375028090594D-03  0.134605666398D-02
  0.198359959280D-03  0.102495822729D-02 -0.125418702519D-02 -0.949700438298D-04
  0.619225035986D+00 -0.737806492414D-03 -0.395682864157D-03 -0.250214434472D-02
 -0.650168964168D-03  0.250254147421D-02  0.781530572527D-02  0.137494234244D-02
  0.597995402197D-02 -0.763229465018D-02 -0.601498728789D-03  0.247311047321D-02
  0.780889679848D-02  0.126156394624D-02  0.601217375639D-02 -0.781397933936D-02
 -0.820789910315D-03 -0.410626124237D-03  0.371035836690D+00  0.244699788715D-02
  0.275814732206D-03  0.709773037504D-03 -0.278162673337D-02 -0.222883474760D-02
 -0.860065317464D-03 -0.554518237729D-03 -0.108105878402D-02  0.451234376143D-02
 -0.273892603813D-02 -0.220350648305D-02 -0.848915876177D-03 -0.857892808068D-03
 -0.108330982502D-02  0.434893495389D-02  0.184426547968D-02  0.280528219419D-03
  0.742534197934D-03  0.509429166815D+00 -0.385574289341D-02 -0.453064841097D-03
 -0.125356697199D-02  0.429506138165D-02  0.362012291713D-02  0.180158904496D-02
  0.945105752190D-03  0.203744657180D-02 -0.748062890632D-02  0.423141362334D-02
  0.357892556197D-02  0.178384081423D-02  0.141103224725D-02  0.204285687801D-02
 -0.723678910400D-02 -0.292165390477D-02 -0.461290735969D-03 -0.130183772964D-02
 -0.879664714588D-02  0.396037915720D+00  0.238286170298D-02  0.263155191831D-03
  0.651410838794D-03 -0.273459067530D-02 -0.213860941817D-02 -0.706229223621D-03
 -0.518998280658D-03 -0.954479525127D-03  0.428509578950D-02 -0.269193975623D-02
 -0.211432370898D-02 -0.695424959438D-03 -0.817980861820D-03 -0.956123505665D-03
  0.412195685215D-02  0.179132726205D-02  0.267510176699D-03  0.684298984123D-03
  0.556856668731D-02 -0.863479361924D-02  0.509218235924D+00 -0.403555113412D-02
 -0.481021970834D-03 -0.136202427276D-02  0.446282308187D-02  0.382894227782D-02
  0.205071165771D-02  0.101557045149D-02  0.225600743268D-02 -0.796652521117D-02
  0.439755201874D-02  0.378534750125D-02  0.203206917303D-02  0.149874867284D-02
  0.226235925237D-02 -0.771636086203D-02 -0.306368633033D-02 -0.489926945015D-03
 -0.141130657245D-02 -0.915325622707D-02  0.141763999172D-01 -0.898582639791D-02
  0.397156970119D+00 -0.820331512774D-03 -0.598649049502D-03 -0.394400576967D-02
 -0.147898968413D-02  0.371205132239D-02  0.125266410390D-01  0.214206607436D-02
  0.952011100541D-02 -0.116709864077D-01 -0.139362093203D-02  0.366826061707D-02
  0.125179677910D-01  0.191197628088D-02  0.957195214891D-02 -0.119902794207D-01
 -0.104702847880D-02 -0.622130698184D-03 -0.386311202550D-02  0.207157269487D-02
 -0.345550356406D-02  0.196100387270D-02 -0.368741234373D-02  0.380659771491D+00
  0.000000000000D+00  0.000000000000D+00  0.000000000000D+00  0.000000000000D+00
  0.000000000000D+00  0.000000000000D+00  0.000000000000D+00  0.000000000000D+00
  0.000000000000D+00  0.000000000000D+00  0.000000000000D+00  0.000000000000D+00
  0.000000000000D+00  0.000000000000D+00  0.000000000000D+00  0.000000000000D+00
  0.000000000000D+00  0.000000000000D+00  0.000000000000D+00  0.000000000000D+00
  0.000000000000D+00  0.000000000000D+00  0.000000000000D+00  0.000000000000D+00
$end
