$coord
    0.74369597790856     -1.28664596393834     -4.13467361543865  h
   -0.36231260418351     -0.97181228349927     -2.72693178362517  o
    0.60926039217548      1.08189285184758     -1.29010153825683  c
    0.19512527104182      2.89387387885208     -2.21501511686653  h
    2.66204180244828      0.92675298816171     -1.05479981162992  h
   -0.60926001485448      1.08189307755277      1.29010173243456  c
   -0.19512416310258      2.89387396348558      2.21501527102315  h
   -2.66204151859111      0.92675394726393      1.05480010512792  h
    0.36231229726887     -0.97181255625318      2.72693171095267  o
   -0.74369288099732     -1.28664166534229      4.13467726748070  h
$user-defined bonds
$intdef
# definitions of internal coordinates
   1 f  1.0000000000000 tors    2    3    6    9 val=  72.00000
$redundant
     number_of_atoms            10
     degrees_of_freedom         24
     internal_coordinates       25
     frozen_coordinates          1
# definitions of redundant internals
   1 k  1.0000000000000 tors   1    2    3    6 val= 197.19028
   2 k  1.0000000000000 stre   2    1           val=   1.81772
   3 k  1.0000000000000 bend   3    1    2      val= 109.04798
   4 k  1.0000000000000 stre   3    5           val=   2.07204
   5 k  1.0000000000000 stre   3    4           val=   2.07611
   6 k  0.0846234135551 bend   4    5    3      val=   1.10372
       -0.5114240169467 bend   2    5    3
       -0.5049824674226 bend   2    4    3
        0.4891339240874 bend   6    5    3
        0.4868522000269 bend   6    4    3
   7 k  0.0082678361394 bend   4    5    3      val=   0.11159
       -0.5419731172457 bend   2    5    3
        0.5431884312964 bend   2    4    3
       -0.4559976404029 bend   6    5    3
        0.4507873812801 bend   6    4    3
   8 k -0.8905462253479 bend   4    5    3      val=   0.85125
        0.1758663753555 bend   2    5    3
        0.1863025472123 bend   2    4    3
        0.2626126864397 bend   6    5    3
        0.2689319177062 bend   6    4    3
   9 k -0.0006399219522 bend   4    5    3      val=   0.07716
        0.4516906261125 bend   2    5    3
       -0.4551008460389 bend   2    4    3
       -0.5400666208369 bend   6    5    3
        0.5451480842619 bend   6    4    3
  10 k  1.0000000000000 stre   6    8           val=   2.07204
  11 k  1.0000000000000 stre   6    7           val=   2.07611
  12 k  0.0846234889119 bend   7    8    6      val=   1.10372
       -0.5114239538853 bend   9    8    6
       -0.5049825415607 bend   9    7    6
        0.4891339592257 bend   3    8    6
        0.4868521409707 bend   3    7    6
  13 k  0.0082678179241 bend   7    8    6      val=   0.11159
       -0.5419731877016 bend   9    8    6
        0.5431883895854 bend   9    7    6
       -0.4559975614273 bend   3    8    6
        0.4507874270555 bend   3    7    6
  14 k -0.8905461996783 bend   7    8    6      val=   0.85125
        0.1758664017641 bend   9    8    6
        0.1863024826547 bend   9    7    6
        0.2626127206245 bend   3    8    6
        0.2689319967798 bend   3    7    6
  15 k -0.0006398735145 bend   7    8    6      val=   0.07715
        0.4516905937571 bend   9    8    6
       -0.4551008459873 bend   9    7    6
       -0.5400666668771 bend   3    8    6
        0.5451480655593 bend   3    7    6
  16 k  1.0000000000000 tors  10    9    6    3 val= 197.19006
  17 k  1.0000000000000 stre   9   10           val=   1.81772
  18 k  1.0000000000000 bend   6   10    9      val= 109.04798
  19 k  1.0000000000000 tors   2    3    6    9 val=  72.00000
  20 k  1.0000000000000 stre   3    2           val=   2.68815
  21 k  1.0000000000000 bend   6    2    3      val= 109.20675
  22 k  1.0000000000000 stre   6    9           val=   2.68815
  23 k  1.0000000000000 bend   3    9    6      val= 109.20674
  24 k  1.0000000000000 stre   3    6           val=   2.85346
  25 f  1.0000000000000 tors   2    3    6    9 val=  72.00000
        24 non zero eigenvalues  of BmBt
           1           4.417069677    1    0
         1
           2           3.794848119    2    0
         2
           3           3.746429495    3    0
         3
           4           3.045453025    4    0
         4
           5           2.830053285    5    0
         5
           6           2.437810660    6    0
         6
           7           2.078041568    7    0
         7
           8           1.729005397    8    0
         8
           9           1.250954756    9    0
         9
          10           1.242163848   10    0
        10
          11           1.047675103   11    0
        11
          12           0.838512558   12    0
        12
          13           0.769814448   13    0
        13
          14           0.728679085   14    0
        14
          15           0.611953543   15    0
        15
          16           0.444511463   16    0
        16
          17           0.353113867   17    0
        17
          18           0.347457888   18    0
        18
          19           0.283293377   20    0
        20
          20           0.251227405   21    0
        21
          21           0.121337872   22    0
        22
          22           0.067805422   23    0
        23
          23           0.064980925   24    0
        24
          24           0.000000000    0    1
         0.000000000         0.000000000         0.000000000         0.000000000
         0.000000000         0.000000000         0.000000000         0.000000000
         0.000000000         0.000000000         0.000000000         0.000000000
         0.000000000         0.000000000         0.000000000         0.000000000
         0.000000000         0.000000000         0.000000000         0.000000000
         0.000000000         0.000000000         0.000000000         0.000000000
         1.000000000
$end
