$energy      SCF               SCFKIN            SCFPOT
     1 -230.2255488383      229.2928159955     -459.5183648338
     2 -230.2259961881      229.2833696041     -459.5093657922
     3 -230.2261368130      229.2912624123     -459.5173992253
     4 -230.2261695154      229.2938138142     -459.5199833297
     5 -230.2261823836      229.2921204448     -459.5183028284
     6 -230.2261844839      229.2926768678     -459.5188613517
     7 -230.2261845721      229.2925645204     -459.5187490926
     8 -230.2261845741      229.2924859084     -459.5186704825
     9 -230.2261845769      229.2925237024     -459.5187082793
    10 -230.2261845334      229.2924735136     -459.5186580470
    11 -230.2261845338      229.2924902703     -459.5186748041
    12 -230.2261845339      229.2924973571     -459.5186818911
    13 -230.2261845339      229.2924917804     -459.5186763143
    14 -230.2261845342      229.2925040512     -459.5186885854
    15 -230.2261845343      229.2924793350     -459.5186638693
$end
