$grad          cartesian gradients
  cycle =      1    SCF energy =     -230.2255488383   |dE/dxyz| =  0.010481
    0.43319181273781     -1.03469828482943     -4.30643072181921      h
   -0.35353190352050     -0.99196980688888     -2.66814344770575      o
    0.64169857920701      1.08895140328549     -1.27994662509291      c
    0.26169126325189      2.88834172392817     -2.23383617980970      h
    2.68935974147408      0.91554720461459     -1.01700949929637      h
   -0.64170784511842      1.08895025291286      1.27994195628684      c
   -0.26174667182144      2.88835540261987      2.23382644325729      h
   -2.68936094437999      0.91550044468584      1.01698845209650      h
    0.35356409915872     -0.99193703743029      2.66815977682342      o
   -0.43353582493407     -1.03496927924368      4.30625794955758      h
  -.61208613751476D-03  0.65345821656381D-03  0.50724809875148D-03
  -.11817568887809D-02  -.22520607869182D-02  0.25595162460291D-02
  0.53443073261553D-02  0.17051837409643D-02  -.24926482234848D-02
  0.12149887724078D-02  -.63558079971824D-03  0.75427934460729D-03
  0.80748195872106D-04  0.52974774989172D-03  -.65692005329196D-03
  -.53446933442407D-02  0.17053128137705D-02  0.24923003215903D-02
  -.12150717125320D-02  -.63547570801824D-03  -.75405847228543D-03
  -.80482620619792D-04  0.52989436763807D-03  0.65666825720316D-03
  0.11825974299722D-02  -.22520779112422D-02  -.25588146606485D-02
  0.61145322998439D-03  0.65330564767691D-03  -.50757176032542D-03
  cycle =      2    SCF energy =     -230.2259961881   |dE/dxyz| =  0.004084
    0.50228634434888     -1.06518020269864     -4.30405552861701      h
   -0.36923114083454     -0.97621947323085     -2.70981241984718      o
    0.61542115461544      1.08789331370116     -1.29057393283221      c
    0.21264541365109      2.89438557569332     -2.22731344287145      h
    2.66734742757624      0.92529195677371     -1.05446324978228      h
   -0.61545399238611      1.08788606995676      1.29056683552055      c
   -0.21269778720983      2.89437633656908      2.22732216512443      h
   -2.66737583401893      0.92526815715363      1.05444184906563      h
    0.36921565170161     -0.97622352087731      2.70979632935390      o
   -0.50253493138876     -1.06540618938632      4.30389949918330      h
  -.25913111808532D-03  0.17104117151528D-03  -.36123682694737D-03
  -.57805298198772D-04  -.14187991508493D-02  0.60122666194641D-03
  0.13519701747928D-02  0.13031633905263D-02  -.11452453774824D-02
  0.73138761330607D-03  -.32616081557508D-03  -.23900592090533D-03
  -.22714667813568D-03  0.26961254205744D-03  -.26684545420833D-03
  -.13524188884067D-02  0.13038980156434D-02  0.11457004019376D-02
  -.73140246831213D-03  -.32595993048708D-03  0.23945401534946D-03
  0.22735221438710D-03  0.26970082609435D-03  0.26647544101060D-03
  0.58614796670009D-04  -.14184463895690D-02  -.60162185083737D-03
  0.25857890430178D-03  0.17091622423751D-03  0.36110221380520D-03
  cycle =      3    SCF energy =     -230.2261368130   |dE/dxyz| =  0.002075
    0.56755767303987     -1.12398559240317     -4.25806143901147      h
   -0.39447135051551     -0.95654643735471     -2.72362948847893      o
    0.59309698628428      1.09668040046314     -1.29647344216017      c
    0.16552138546513      2.90806294872938     -2.21606331344567      h
    2.64957828598541      0.94197083635759     -1.08716117348767      h
   -0.59314875656819      1.09666009248488      1.29645894056868      c
   -0.16556909176142      2.90802288040462      2.21608616470069      h
   -2.64962906303953      0.94196265429972      1.08713530316067      h
    0.39440938943439     -0.95659494013872      2.72358179451897      o
   -0.56772315226933     -1.12416081918819      4.25793475793257      h
  0.84068131470337D-07  0.12062483925805D-03  -.31053902111710D-03
  0.48411339723009D-03  -.42380420470733D-03  0.19584050707826D-03
  -.10928116449708D-02  0.46034757751972D-03  0.29641483536458D-03
  0.34399916022623D-04  -.12909141286459D-03  -.27204382337651D-03
  0.94600202470943D-05  -.29848035662983D-04  0.47783179060440D-04
  0.10926755827247D-02  0.46064304625603D-03  -.29646408409415D-03
  -.34409423069225D-04  -.12913982509808D-03  0.27223004950076D-03
  -.93735140165392D-05  -.29786893769296D-04  -.48018432827967D-04
  -.48391571798302D-03  -.42355982958590D-03  -.19573882785727D-03
  -.22397687647387D-06  0.12041859238848D-03  0.31053219371656D-03
  cycle =      4    SCF energy =     -230.2261695154   |dE/dxyz| =  0.001976
    0.60352842832370     -1.17709970649344     -4.21127347340090      h
   -0.41371121503897     -0.94305667981137     -2.72253126895439      o
    0.58267272279599      1.10848608308047     -1.30075813548354      c
    0.14398248036346      2.92192901961972     -2.21209027169618      h
    2.64100814775590      0.95593085165140     -1.10773315523085      h
   -0.58273505179718      1.10845738708356      1.30073891462831      c
   -0.14402666697807      2.92186999218817      2.21212201126424      h
   -2.64107145051079      0.95592973316921      1.10770601375424      h
    0.41362496458119     -0.94313312980835      2.72246008158045      o
   -0.60365005344014     -1.17724152702483      4.21116738783628      h
  0.56318481268180D-04  0.13858068321508D-03  -.77976181881365D-04
  0.51293300527392D-03  -.29531667945100D-03  0.22098784686001D-03
  -.11606948796938D-02  0.22475035840400D-03  0.21638623337802D-03
  -.20356983273704D-03  0.29111758458005D-04  0.33241094149592D-05
  0.15732893868392D-03  -.97518077046718D-04  0.58732529712976D-04
  0.11606952272586D-02  0.22481804557732D-03  -.21656904669165D-03
  0.20356927124577D-03  0.28986923491880D-04  -.32483373066296D-05
  -.15727878396213D-03  -.97500386272833D-04  -.58822250798459D-04
  -.51307590070235D-03  -.29515111452636D-03  -.22073172034679D-03
  -.56226996718928D-04  0.13846038139740D-03  0.77915147967436D-04
  cycle =      5    SCF energy =     -230.2261823836   |dE/dxyz| =  0.001606
    0.62398683855710     -1.22183572152831     -4.17205989789834      h
   -0.42852050370765     -0.93281221482168     -2.71834366809035      o
    0.57729559806386      1.12036070028910     -1.30479282523351      c
    0.13698339315979      2.93396721456306     -2.21482287909149      h
    2.63556967831376      0.96651349508092     -1.12157040487505      h
   -0.57736382300215      1.12032731841558      1.30477142573899      c
   -0.13702529031609      2.93389818246402      2.21485963733624      h
   -2.63564018607691      0.96651565997930      1.12154405568486      h
    0.42842255202950     -0.93290521187358      2.71825651016209      o
   -0.62408595096611     -1.22195739891388      4.17196615056422      h
  0.28629272031436D-04  0.67073501188970D-04  0.89817743679074D-05
  0.47359891429795D-03  -.49040982322272D-03  0.25767643854054D-03
  -.58073436990115D-03  0.36333618287378D-03  -.48867406952124D-03
  -.10171828333207D-03  0.97517513369476D-04  0.14720370263859D-03
  0.16732105384024D-04  -.36586330253407D-04  -.32122602446149D-04
  0.58077442760080D-03  0.36330502331296D-03  0.48867379005462D-03
  0.10172795965706D-03  0.97487736537913D-04  -.14719158226234D-03
  -.16744132790348D-04  -.36597242987021D-04  0.32119522861098D-04
  -.47367176357018D-03  -.49033196618496D-03  -.25768443974815D-03
  -.28596743352341D-04  0.67058241957668D-04  -.89841944119682D-05
  cycle =      6    SCF energy =     -230.2261844839   |dE/dxyz| =  0.001771
    0.63166941799237     -1.24086819382932     -4.15467601543849      h
   -0.43511389016538     -0.92769213897068     -2.71657590795577      o
    0.57440197048740      1.12572517837833     -1.30609124271249      c
    0.13507827600798      2.93822094718888     -2.21837247607180      h
    2.63266366247470      0.97080934574895     -1.12601904964148      h
   -0.57447165920591      1.12569012697831      1.30606911300527      c
   -0.13511962670918      2.93814880483681      2.21841048245284      h
   -2.63273593685307      0.97081210875395      1.12599272431685      h
    0.43501285924066     -0.92779048263608      2.71648414822299      o
   -0.63176276721448     -1.24098367279462      4.15458632811975      h
  0.10059763457173D-04  -.60657527118522D-06  -.11678457582734D-04
  0.54561708422524D-03  -.40390722082732D-03  0.27729761245163D-03
  -.80685706832777D-03  0.38773779967650D-03  -.47384462916706D-03
  -.15465001232924D-04  0.23493267177883D-04  0.49001300662309D-04
  -.37632267755297D-04  -.55473814325488D-05  -.30702030528384D-05
  0.80686989104462D-03  0.38765840136787D-03  0.47383904556437D-03
  0.15465581956317D-04  0.23510455873798D-04  -.49032769683615D-04
  0.37622555089073D-04  -.55471207059204D-05  0.30968400314780D-05
  -.54562727069234D-03  -.40393680127636D-03  -.27730473664366D-03
  -.10055990993906D-04  -.59555111113290D-06  0.11694156935613D-04
  cycle =      7    SCF energy =     -230.2261845721   |dE/dxyz| =  0.001818
    0.63208771256629     -1.24267630814364     -4.15297393680617      h
   -0.43580921290458     -0.92721082299351     -2.71625361663487      o
    0.57415834290461      1.12636378720911     -1.30613976596812      c
    0.13525230066268      2.93844964741674     -2.21935337894392      h
    2.63251437437804      0.97126826780133     -1.12621845514501      h
   -0.57422775138582      1.12632915263815      1.30611794703153      c
   -0.13529379627515      2.93837820850923      2.21939129892437      h
   -2.63258629353421      0.97127091747717      1.12619226206885      h
    0.43570891664008     -0.92730809670258      2.71616264102307      o
   -0.63218228699686     -1.24279272955747      4.15288310874793      h
  -.58681132734361D-05  -.80676154204530D-05  -.28615888990051D-05
  0.55538731060462D-03  -.40375332598801D-03  0.24671542242394D-03
  -.88273855091733D-03  0.40833340707185D-03  -.41787773077776D-03
  0.19713938331111D-05  0.16824466996970D-05  0.62604019374723D-05
  -.81606519867143D-05  0.29620510103199D-05  0.53336332333615D-05
  0.88274079019395D-03  0.40829076266429D-03  0.41791266484905D-03
  -.19723145991127D-05  0.17009938317862D-05  -.62757024016782D-05
  0.81570661991261D-05  0.29615046690498D-05  -.53168375493540D-05
  -.55538164362252D-03  -.40376580530373D-03  -.24676217270664D-03
  0.58620022435551D-05  -.80492961639739D-05  0.28701292408780D-05
  cycle =      8    SCF energy =     -230.2261845741   |dE/dxyz| =  0.001804
    0.63163710702822     -1.24168754741274     -4.15381464661411      h
   -0.43552041129272     -0.92749495183435     -2.71626180110289      o
    0.57432089294666      1.12614629115239     -1.30603581603618      c
    0.13545803726999      2.93817684535163     -2.21939019825545      h
    2.63269916959807      0.97105351404802     -1.12596009902892      h
   -0.57438979233513      1.12611207758659      1.30601424075668      c
   -0.13549971379211      2.93810627799987      2.21942772100773      h
   -2.63277048974028      0.97105588214904      1.12593387750357      h
    0.43542107701200     -0.92759071945484      2.71617232834323      o
   -0.63173357063962     -1.24180564593109      4.15372249772399      h
  -.47623791793306D-05  -.26789555887636D-05  -.48578826347119D-06
  0.54404550718438D-03  -.41724558756590D-03  0.23830143258140D-03
  -.87859857219781D-03  0.41761029939407D-03  -.39228852334204D-03
  0.64429953035463D-07  0.11222431737577D-05  0.58398696455623D-06
  0.31941024602521D-05  0.23494555016995D-05  0.25824031211919D-05
  0.87860723130917D-03  0.41757538912933D-03  0.39231485190487D-03
  -.65393919448532D-07  0.11297388527532D-05  -.59346999699323D-06
  -.31994608800083D-05  0.23486729113788D-05  -.25741060278248D-05
  -.54404688975118D-03  -.41724496539114D-03  -.23833708364185D-03
  0.47587394092898D-05  -.26682942897162D-05  0.49459087444621D-06
  cycle =     10    SCF energy =     -230.2261845334   |dE/dxyz| =  0.001795
    0.74357849715140     -1.28644809009562     -4.13485138662495      h
   -0.36227884666231     -0.97183783703474     -2.72694153299656      o
    0.60927483076027      1.08186737699921     -1.29009347666490      c
    0.19514186414929      2.89385718566049     -2.21499906433304      h
    2.66205104804889      0.92674603912585     -1.05476521805883      h
   -0.60927449767077      1.08186752719173      1.29009364479355      c
   -0.19514050799939      2.89385707171570      2.21499931888461      h
   -2.66205086605620      0.92674723705619      1.05476557844187      h
    0.36227824118395     -0.97183854365151      2.72694107321877      o
   -0.74357439375452     -1.28644253851651      4.13485606624318      h
  -.14118730019454D-05  0.28481036896975D-06  0.42235867127501D-06
  0.53094764298924D-03  -.42933799171346D-03  0.24942812441181D-03
  -.85873236426490D-03  0.42519828726007D-03  -.40572716389030D-03
  -.29684609118829D-06  0.76769986258805D-06  -.15528870932495D-06
  -.18823086002696D-05  0.57056556440120D-06  0.70745373492309D-07
  0.85873691239622D-03  0.42519265408658D-03  0.40573122674558D-03
  0.29563143157630D-06  0.77269701366180D-06  0.15293381232081D-06
  0.18781934175364D-05  0.56930349085838D-06  -.67105205492398D-07
  -.53094728139254D-03  -.42934665815942D-03  -.24943762690345D-03
  0.14123289205707D-05  0.29195773616894D-06  -.41824259174535D-06
  cycle =     11    SCF energy =     -230.2261845338   |dE/dxyz| =  0.001797
    0.74361072257275     -1.28652012063251     -4.13477545221168      h
   -0.36230328854118     -0.97181625316643     -2.72692883120241      o
    0.60926572764035      1.08188934652600     -1.29009816773595      c
    0.19512743474673      2.89387409275537     -2.21500504896502      h
    2.66204771754808      0.92675748967737     -1.05479069638631      h
   -0.60926528829795      1.08188960651093      1.29009841113892      c
   -0.19512610708469      2.89387421647697      2.21500517236131      h
   -2.66204740567154      0.92675862794021      1.05479111536313      h
    0.36230292903438     -0.97181658394249      2.72692873558639      o
   -0.74360707279631     -1.28651499369462      4.13477976495533      h
  -.47660101753095D-06  -.19147578719836D-06  -.19659149353279D-06
  0.53034477804692D-03  -.42785357384405D-03  0.25151752898662D-03
  -.85997004506456D-03  0.42583195184595D-03  -.40681810185895D-03
  -.39445927827347D-06  -.15056701426945D-06  0.34688532742937D-06
  -.19756467844187D-06  -.15218788876894D-06  -.40927963086258D-06
  0.85997305217692D-03  0.42582613226223D-03  0.40682590613318D-03
  0.39343164391761D-06  -.14829160794721D-06  -.35319750705506D-06
  0.19412922951563D-06  -.15358695727814D-06  0.41202292931870D-06
  -.53034020967672D-03  -.42785613549741D-03  -.25152271466062D-03
  0.47352442955237D-06  -.18878914298330D-06  0.19752348770624D-06
  cycle =     13    SCF energy =     -230.2261845339   |dE/dxyz| =  0.001798
    0.74365882779644     -1.28656632592305     -4.13475000348458      h
   -0.36228612131486     -0.97183268275141     -2.72693449429104      o
    0.60927275985763      1.08187160872002     -1.29009545194049      c
    0.19514354084991      2.89385465880521     -2.21500833035595      h
    2.66205337033052      0.92673431586594     -1.05477573106324      h
   -0.60927247969767      1.08187173801908      1.29009558893665      c
   -0.19514240303896      2.89385454213849      2.21500858077854      h
   -2.66205320240246      0.92673532929457      1.05477598797861      h
    0.36228560914886     -0.97183327427611      2.72693410992222      o
   -0.74365534241538     -1.28656167176219      4.13475396472116      h
  -.67590916042426D-06  0.26998030523718D-07  -.53882794413574D-06
  0.53113375817015D-03  -.42793575749821D-03  0.25154758156575D-03
  -.86073863290638D-03  0.42616302651051D-03  -.40676607905635D-03
  -.33038352518453D-06  -.36281229600616D-06  0.13049879873077D-06
  -.21844952653730D-07  -.40846942368869D-06  -.38798298858976D-06
  0.86073836657113D-03  0.42615885370505D-03  0.40677020602416D-03
  0.33018376675547D-06  -.36171828619536D-06  -.13165065341651D-06
  0.21733385725215D-07  -.40873463635597D-06  0.38950826480539D-06
  -.53113534351486D-03  -.42794148880579D-03  -.25155499848869D-03
  0.67810142407978D-06  0.30652920872505D-07  0.54171295109966D-06
  cycle =     14    SCF energy =     -230.2261845342   |dE/dxyz| =  0.001798
    0.74368900391890     -1.28663364319975     -4.13468328820171      h
   -0.36230862777471     -0.97181621617430     -2.72692831646192      o
    0.60926334910313      1.08188958616199     -1.29009976714893      c
    0.19512785134032      2.89387135701357     -2.21501206002697      h
    2.66204527899556      0.92675038737970     -1.05479546214656      h
   -0.60926296708686      1.08188981045399      1.29009997070169      c
   -0.19512673859590      2.89387145739519      2.21501219163908      h
   -2.66204499713286      0.92675133793859      1.05479578399759      h
    0.36230833605143     -0.97181648251584      2.72692825132328      o
   -0.74368592970499     -1.28662935632258      4.13468691752634      h
  -.37388581258485D-06  -.37576241638636D-06  -.39339098803089D-06
  0.53067264724920D-03  -.42755860815204D-03  0.25182929621268D-03
  -.86071137136339D-03  0.42623254897239D-03  -.40688736305497D-03
  -.44794196432965D-06  -.31606847152376D-06  0.26217545861605D-06
  0.11309214640607D-06  -.50042591921983D-06  -.50184980303172D-06
  0.86071330532596D-03  0.42622776838918D-03  0.40689133570209D-03
  0.44710103269654D-06  -.31408975126060D-06  -.26542014620330D-06
  -.11523435358993D-06  -.50148965135152D-06  0.50323937849625D-06
  -.53066977591338D-03  -.42755911282323D-03  -.25183188644464D-03
  0.37208896731617D-06  -.37441404820542D-06  0.39384726462334D-06
$end
