$hessapprox internal
  0.134836053523D-01  0.241228166862D-02  0.620391989417D+00 -0.220201822552D-02
  0.646967970958D-03  0.371625391658D+00  0.178689965456D-02  0.699456941416D-05
  0.434117897117D-03  0.422581861642D+00  0.346065243561D-03 -0.669443191069D-04
  0.139640129449D-03 -0.421717599220D-04  0.419184838598D+00 -0.208530979834D-02
  0.366741713510D-03 -0.811622853847D-03  0.226625634016D-03  0.993501518691D-04
  0.346072412778D+00 -0.170290811017D-02  0.636430962884D-04 -0.470913203442D-03
  0.815278094426D-05  0.495918858763D-04 -0.273065448416D-03  0.347514609829D+00
 -0.200379823020D-03 -0.227682353498D-03  0.135914256880D-03 -0.175449018530D-03
 -0.256138777412D-04  0.158832024371D-03  0.158591052310D-03  0.320355123463D+00
 -0.362391085931D-02 -0.131003214960D-03 -0.785371563481D-03 -0.182514464330D-03
  0.699041812404D-04 -0.364748379611D-03  0.655867425193D-04  0.370125691097D-03
  0.346311851336D+00  0.179897085860D-02  0.919614635471D-05  0.435297856103D-03
  0.487191095990D-04 -0.421685497743D-04  0.226407225502D-03  0.669340302532D-05
 -0.176898098217D-03 -0.187067322624D-03  0.422585724793D+00  0.347750866922D-03
 -0.680560583212D-04  0.140959479069D-03 -0.429665201386D-04 -0.174902363172D-04
  0.100472043934D-03  0.503857480281D-04 -0.256424133715D-04  0.714554135155D-04
 -0.429675617737D-04  0.419184452943D+00 -0.210094682113D-02  0.366574841299D-03
 -0.815335822933D-03  0.226136943402D-03  0.997050634372D-04 -0.570798613404D-03
 -0.273062513367D-03  0.160380306580D-03 -0.362988378137D-03  0.225901053453D-03
  0.100833855596D-03  0.346068621381D+00 -0.170884223045D-02  0.618149947443D-04
 -0.470886491354D-03  0.664352088864D-05  0.494905694762D-04 -0.272352459194D-03
 -0.559537598195D-04  0.159394755063D-03  0.689742368294D-04  0.516792335797D-05
  0.502861350269D-04 -0.272336021267D-03  0.347517102445D+00 -0.196437941346D-03
 -0.229220592045D-03  0.138135921297D-03 -0.176511256154D-03 -0.259146794400D-04
  0.160593566084D-03  0.159701238824D-03  0.472673473557D-04  0.372117331080D-03
 -0.177964512590D-03 -0.259457739626D-04  0.162150996758D-03  0.160505956566D-03
  0.320354723236D+00 -0.366355895432D-02 -0.127623559305D-03 -0.797879680318D-03
 -0.180900994651D-03  0.713126107930D-04 -0.372647162165D-03  0.629209078801D-04
  0.373585655322D-03  0.548770721350D-03 -0.185477522503D-03  0.728833103791D-04
 -0.370899584526D-03  0.663320057317D-04  0.375605785388D-03  0.346308961694D+00
 -0.967527704990D-03  0.243853515646D-02 -0.222203537933D-02  0.180671983720D-02
  0.349444606100D-03 -0.210591945510D-02 -0.172132397869D-02 -0.204127853667D-03
 -0.366489242297D-02  0.181893941778D-02  0.351141407738D-03 -0.212173063317D-02
 -0.172733605400D-02 -0.200152694156D-03 -0.370495652751D-02  0.134947451701D-01
  0.242231175269D-02 -0.645970893767D-04  0.648755670088D-03  0.785564024209D-05
 -0.670743453054D-04  0.367365964279D-03  0.631280214202D-04 -0.228764881067D-03
 -0.133257128063D-03  0.100723955170D-04 -0.681901319048D-04  0.367191097751D-03
  0.612892173992D-04 -0.230307971453D-03 -0.129881217581D-03  0.244868185719D-02
  0.620393641455D+00 -0.222919536333D-02  0.646963608417D-03 -0.107501506970D-02
  0.433482835426D-03  0.140295166905D-03 -0.815152467062D-03 -0.471108917172D-03
  0.138570183947D-03 -0.782752897191D-03  0.434633963283D-03  0.141626657015D-03
 -0.818858675106D-03 -0.471059535862D-03  0.140808146066D-03 -0.795287190482D-03
 -0.224951327843D-02  0.648738654749D-03  0.371612027717D+00 -0.212515601184D-02
 -0.398050055215D-04 -0.490679397589D-03 -0.792625074763D-04  0.459441292958D-04
 -0.243957860876D-03  0.124382840384D-04  0.212517474427D-03  0.265585831967D-03
 -0.817313517420D-04  0.468730085951D-04 -0.243169413440D-03  0.143212867331D-04
  0.213736958605D-03  0.264172178881D-03 -0.214893979567D-02 -0.409658969994D-04
 -0.489565442435D-03  0.496731936555D+00 -0.402222833961D-02 -0.229074767971D-02
  0.873675872612D-03 -0.181185768386D-02 -0.209308268689D-03  0.133722150728D-02
  0.158093563865D-02  0.673560828177D-03  0.391670208174D-02 -0.182856362235D-02
 -0.208699010256D-03  0.135329598641D-02  0.159069432506D-02  0.672784799660D-03
  0.394957584735D-02 -0.408213744487D-02 -0.230257176981D-02  0.901021104895D-03
  0.222011295873D-02  0.392868141076D+00 -0.213381461149D-02 -0.388456543546D-04
 -0.493591024117D-03 -0.787441590811D-04  0.462813027318D-04 -0.245862530686D-03
  0.117005458704D-04  0.213245981539D-03  0.264939595331D-03 -0.812169705446D-04
  0.472145481704D-04 -0.245078252952D-03  0.135880845046D-04  0.214471995609D-03
  0.263502186026D-03 -0.215768775842D-02 -0.400064021676D-04 -0.492485306264D-03
  0.122016806086D-03  0.222683340065D-02  0.496730929824D+00 -0.402297145647D-02
 -0.227582250548D-02  0.861350421907D-03 -0.180067917703D-02 -0.207294406301D-03
  0.132500537705D-02  0.157043806888D-02  0.671805460675D-03  0.389377321405D-02
 -0.181730483563D-02 -0.206677076348D-03  0.134098180023D-02  0.158015564073D-02
  0.671050655584D-03  0.392640676668D-02 -0.408278844320D-02 -0.228758208477D-02
  0.888525864781D-03  0.220674874572D-02  0.876452320987D-02  0.221341721784D-02
  0.392807783477D+00 -0.156632442635D-02 -0.495435355516D-03  0.175487773500D-04
 -0.408052111819D-03 -0.284683146498D-04  0.198673266275D-03  0.336825826089D-03
  0.213719562491D-03  0.914022077706D-03 -0.412403403352D-03 -0.280253899956D-04
  0.202322316494D-03  0.339516985503D-03  0.213969507423D-03  0.920459345746D-03
 -0.158698758236D-02 -0.498316371075D-03  0.236793639622D-04  0.508603322053D-03
  0.260257821114D-02  0.509845329866D-03  0.259169738962D-02  0.402796559336D+00
  0.000000000000D+00  0.000000000000D+00  0.000000000000D+00  0.000000000000D+00
  0.000000000000D+00  0.000000000000D+00  0.000000000000D+00  0.000000000000D+00
  0.000000000000D+00  0.000000000000D+00  0.000000000000D+00  0.000000000000D+00
  0.000000000000D+00  0.000000000000D+00  0.000000000000D+00  0.000000000000D+00
  0.000000000000D+00  0.000000000000D+00  0.000000000000D+00  0.000000000000D+00
  0.000000000000D+00  0.000000000000D+00  0.000000000000D+00  0.000000000000D+00
$end
