$coord
    0.51257504443652     -1.12181800757735     -4.20047343996312  h
   -0.32724986089185     -1.04843115620737     -2.58599539455568  o
    0.53137124912611      1.15048529951630     -1.31954282596470  c
   -0.09249889903015      2.88079189708299     -2.27569936447072  h
    2.59970833032347      1.17331411048899     -1.20588045489348  h
   -0.53137180108094      1.15048539982375      1.31954241978403  c
    0.09249618802150      2.88079310931708      2.27569847601705  h
   -2.59970878701052      1.17331185235735      1.20587942134949  h
    0.32725162164415     -1.04842930343750      2.58599636687861  o
   -0.51259355309059     -1.12183067267722      4.20046314972136  h
$intdef
# definitions of internal coordinates
   1 f  1.0000000000000 tors    2    3    6    9 val=  60.00000
$user-defined bonds
$redundant
     number_of_atoms            10
     degrees_of_freedom         24
     internal_coordinates       25
     frozen_coordinates          1
# definitions of redundant internals
   1 k  1.0000000000000 tors   1    2    3    6 val= 186.25658
   2 k  1.0000000000000 stre   2    1           val=   1.82133
   3 k  1.0000000000000 bend   3    1    2      val= 107.71887
   4 k  1.0000000000000 stre   3    5           val=   2.07158
   5 k  1.0000000000000 stre   3    4           val=   2.07302
   6 k  0.0929823297988 bend   4    5    3      val=   1.22260
       -0.5015811776407 bend   2    5    3
       -0.5158688610833 bend   2    4    3
        0.4907009203069 bend   6    5    3
        0.4825583214041 bend   6    4    3
   7 k  0.0005439616598 bend   4    5    3      val=   0.07566
        0.5507501549915 bend   2    5    3
       -0.5374050689421 bend   2    4    3
        0.4467239504761 bend   6    5    3
       -0.4564071371363 bend   6    4    3
   8 k -0.8880069991704 bend   4    5    3      val=   1.36457
        0.1816668024485 bend   2    5    3
        0.1757074179551 bend   2    4    3
        0.2688340916024 bend   6    5    3
        0.2744009416536 bend   6    4    3
   9 k -0.0039326260053 bend   4    5    3      val=   0.59798
       -0.4506067459151 bend   2    5    3
        0.4525424091808 bend   2    4    3
        0.5475781923198 bend   6    5    3
       -0.5406492265575 bend   6    4    3
  10 k  1.0000000000000 stre   6    8           val=   2.07158
  11 k  1.0000000000000 stre   6    7           val=   2.07302
  12 k  0.0929823404996 bend   7    8    6      val=   1.22261
       -0.5015813018977 bend   9    8    6
       -0.5158687293538 bend   9    7    6
        0.4907007126823 bend   3    8    6
        0.4825585421374 bend   3    7    6
  13 k  0.0005441691314 bend   7    8    6      val=   0.07567
        0.5507500202856 bend   9    8    6
       -0.5374052533517 bend   9    7    6
        0.4467240795152 bend   3    8    6
       -0.4564069560015 bend   3    7    6
  14 k -0.8880070370344 bend   7    8    6      val=   1.36455
        0.1816667730148 bend   9    8    6
        0.1757073690069 bend   9    7    6
        0.2688342190434 bend   3    8    6
        0.2744007450933 bend   3    7    6
  15 k -0.0039324918712 bend   7    8    6      val=   0.59796
       -0.4506068330112 bend   9    8    6
        0.4525422660578 bend   9    7    6
        0.5475782032737 bend   3    8    6
       -0.5406492636470 bend   3    7    6
  16 k  1.0000000000000 tors  10    9    6    3 val= 186.25749
  17 k  1.0000000000000 stre   9   10           val=   1.82133
  18 k  1.0000000000000 bend   6   10    9      val= 107.71888
  19 k  1.0000000000000 tors   2    3    6    9 val=  60.00000
  20 k  1.0000000000000 stre   3    2           val=   2.67887
  21 k  1.0000000000000 bend   6    2    3      val= 108.59082
  22 k  1.0000000000000 stre   6    9           val=   2.67887
  23 k  1.0000000000000 bend   3    9    6      val= 108.59082
  24 k  1.0000000000000 stre   3    6           val=   2.84503
  25 f  1.0000000000000 tors   2    3    6    9 val=  60.00000
        24 non zero eigenvalues  of BmBt
           1           4.442757084    1    0
         1
           2           3.810362597    2    0
         2
           3           3.752958038    3    0
         3
           4           3.066947990    4    0
         4
           5           2.762892879    5    0
         5
           6           2.451198557    6    0
         6
           7           2.094093514    7    0
         7
           8           1.718130347    8    0
         8
           9           1.238674113    9    0
         9
          10           1.236355160   10    0
        10
          11           1.048382959   11    0
        11
          12           0.841080312   12    0
        12
          13           0.774411955   13    0
        13
          14           0.731658280   14    0
        14
          15           0.628464918   15    0
        15
          16           0.428035200   16    0
        16
          17           0.346204274   17    0
        17
          18           0.333932326   18    0
        18
          19           0.281775855   20    0
        20
          20           0.248565662   21    0
        21
          21           0.133336686   22    0
        22
          22           0.068412293   23    0
        23
          23           0.062606526   24    0
        24
          24           0.000000000    0    1
         0.000000000         0.000000000         0.000000000         0.000000000
         0.000000000         0.000000000         0.000000000         0.000000000
         0.000000000         0.000000000         0.000000000         0.000000000
         0.000000000         0.000000000         0.000000000         0.000000000
         0.000000000         0.000000000         0.000000000         0.000000000
         0.000000000         0.000000000         0.000000000         0.000000000
         1.000000000
$end
