$energy      SCF               SCFKIN            SCFPOT            MP2
     1 -229.0265762236      228.751913     -457.778489     -.8132071052595
     2 -229.0270974941      228.783971     -457.811069     -.8130304397463
     3 -229.0272254283      228.796279     -457.823504     -.8129849868874
     4 -229.0271810924      228.789778     -457.816959     -.8130372162703
     5 -229.0271904534      228.791123     -457.818314     -.8130281666754
     6 -229.0271967110      228.791025     -457.818221     -.8130220168681
     7 -229.0272002331      228.791068     -457.818268     -.8130184696469
     8 -229.0272002332      228.791070     -457.818270     -.8130185117862
     9 -229.0272001349      228.791065     -457.818266     -.8130185790160
    10 -229.0271999691      228.791063     -457.818263     -.8130187417308
    11 -229.0271999692      228.791062     -457.818262     -.8130187363497
    12 -229.0272000099      228.791064     -457.818264     -.8130187132777
    13 -229.0272000331      228.791067     -457.818267     -.8130186973284
$end
