$grad          cartesian gradients
  cycle =      1 MP2 energy =     -229.8397833289 |dE/dxyz| =  0.010990
    0.35115561623993     -1.10696118404580     -4.23717316117424      h
   -0.32569600043595     -1.06189717506034     -2.55059403690757      o
    0.55327819997314      1.16566475418360     -1.32056604355411      c
   -0.06017056450790      2.87500117734157     -2.31755659518661      h
    2.62094642069309      1.19678359531990     -1.19446531963579      h
   -0.55329114090150      1.16566834951766      1.32055151160584      c
    0.06010215068206      2.87501595744911      2.31752670146144      h
   -2.62097309767444      1.19673897216997      1.19441919675153      h
    0.32576900029651     -1.06182875596506      2.55063294001581      o
   -0.35206503800492     -1.10748434645728      4.23680483819067      h
  -.19164239018934D-02  -.15896820143094D-02  0.13045590072220D-02
  0.15560832915207D-02  -.36846138691145D-02  -.24183692674553D-02
  0.19963034458570D-02  0.40295084642858D-02  -.25336014893909D-02
  0.76384167932231D-03  -.28863202756568D-03  -.79151392055210D-03
  0.51619301326689D-03  0.15342419657028D-02  -.28971999205143D-03
  -.19908149149654D-02  0.40316194876988D-02  0.25357501368943D-02
  -.76471760906860D-03  -.29406397979992D-03  0.78907528352201D-03
  -.52189777224232D-03  0.15358708272255D-02  0.28880421027921D-03
  -.15539372217850D-02  -.36853286835381D-02  0.24175739614627D-02
  0.19153699903647D-02  -.15889201999091D-02  -.13025579299049D-02
  cycle =      2 MP2 energy =     -229.8401279338 |dE/dxyz| =  0.006222
    0.39111291657065     -1.09211764235859     -4.23407748664266      h
   -0.33708246591159     -1.05241323991560     -2.56556935293730      o
    0.53498361136035      1.15725692852862     -1.32056972483869      c
   -0.08558001138926      2.87574602095836     -2.29763333332445      h
    2.60239328739329      1.18010917207873     -1.20958392950503      h
   -0.53503946511534      1.15725609252180      1.32055165095747      c
    0.08550995047528      2.87573597458551      2.29763913525008      h
   -2.60244890698076      1.18010189943547      1.20953570550187      h
    0.33704793159474     -1.05240494331416      2.56554670853603      o
   -0.39184130163734     -1.09256891806681      4.23374065856966      h
  -.70771984046614D-03  -.71425469908226D-03  -.45158647432153D-04
  0.23482644789978D-02  -.14506607971398D-02  0.45416001976317D-03
  -.18387515489606D-02  0.21275589392262D-02  -.12512230723494D-02
  0.39169601854949D-03  -.43936749752005D-03  -.62023110633125D-03
  -.25256551807917D-03  0.47582958050735D-03  -.15658463125098D-03
  0.18388764272355D-02  0.21289850401143D-02  0.12525901635829D-02
  -.39161945485877D-03  -.44046298619937D-03  0.62056776536035D-03
  0.25159019994803D-03  0.47648163861835D-03  0.15580188442901D-03
  -.23463586868715D-02  -.14499408242052D-02  -.45501150512006D-03
  0.70658792451139D-03  -.71416858992435D-03  0.45089129712572D-04
  cycle =      3 MP2 energy =     -229.8402104152 |dE/dxyz| =  0.007846
    0.43261621464731     -1.09435082745886     -4.22293536269903      h
   -0.35149166794053     -1.04527673733639     -2.57932427245275      o
    0.51922385554657      1.15345605153203     -1.32307229114360      c
   -0.11102874189983      2.88117343509291     -2.27898654282983      h
    2.58834573747067      1.17359626495498     -1.22816100902981      h
   -0.51932370723326      1.15343392645954      1.32303994384483      c
    0.11096288878943      2.88110603174018      2.27902025192233      h
   -2.58844041418578      1.17362709752195      1.22810368133435      h
    0.35133219560696     -1.04535542591401      2.57923420615359      o
   -0.43314081444153     -1.09470847213900      4.22266142646690      h
  -.32065880022358D-04  -.55917029771146D-04  -.23801064836348D-03
  0.26540234104271D-02  -.94044439449004D-03  0.13168120050553D-02
  -.43062302266481D-02  0.13032862904137D-02  -.82665729194509D-03
  0.65758691879192D-04  -.20733723463096D-03  -.25667899108361D-03
  -.13120663246813D-03  -.10007396431766D-03  -.13672121848662D-04
  0.43050627844026D-02  0.13036122243362D-02  0.82616751316111D-03
  -.65597738274858D-04  -.20684463290888D-03  0.25755503574021D-03
  0.13205801780769D-03  -.99993797881615D-04  0.13162596105232D-04
  -.26535394025231D-02  -.93996833698018D-03  -.13163265276646D-02
  0.31736975444119D-04  -.56319243047276D-04  0.23764843011076D-03
  cycle =      4 MP2 energy =     -229.8402183087 |dE/dxyz| =  0.007681
    0.45068569804006     -1.10847027457457     -4.21233195987683      h
   -0.35927286770707     -1.04340307088745     -2.58237240753221      o
    0.51492976735413      1.15574843160709     -1.32597222384340      c
   -0.12117099768246      2.88613208423817     -2.27391479489659      h
    2.58487654383136      1.17860302544723     -1.23844633598109      h
   -0.51505739070731      1.15571146688509      1.32593156299797      c
    0.12111270885844      2.88602157849743      2.27396150096317      h
   -2.58500209356569      1.17865867565000      1.23839181297194      h
    0.35904524415189     -1.04353441190272      2.58223452822932      o
   -0.45109106621333     -1.10876616050694      4.21209834853470      h
  -.26144402891282D-04  0.32931000853886D-04  0.42930666554142D-04
  0.24170791140863D-02  -.16606856791404D-02  0.82899735742359D-03
  -.39371901894256D-02  0.16168059533710D-02  -.14421044444999D-02
  -.55139568828633D-05  0.14789482210453D-04  0.55762591575359D-05
  0.11466552988582D-03  -.40528760607561D-05  -.73728315914123D-05
  0.39373807262502D-02  0.16171036255708D-02  0.14422288433309D-02
  0.54599522520959D-05  0.14609576076019D-04  -.53670856192678D-05
  -.11465638181640D-03  -.40736876404379D-05  0.70625944811886D-05
  -.24171653302751D-02  -.16600688572748D-02  -.82885156923851D-03
  0.26084938169690D-04  0.32641315232063D-04  -.43099790077772D-04
  cycle =      5 MP2 energy =     -229.8402186201 |dE/dxyz| =  0.007568
    0.45406765008255     -1.11206105932895     -4.20900987312219      h
   -0.36105540440446     -1.04231039142983     -2.58169907856688      o
    0.51401868721217      1.15657659364419     -1.32631932619121      c
   -0.12277932122724      2.88698184784081     -2.27371094290850      h
    2.58364978199955      1.17942864395193     -1.24009058029927      h
   -0.51415784564054      1.15653292212545      1.32627456658522      c
    0.12272404377081      2.88685438963397      2.27376280485346      h
   -2.58378698975230      1.17949390701284      1.24003749772874      h
    0.36080169923528     -1.04246383327774      2.58154124281265      o
   -0.45442675491581     -1.11233167571934      4.20879372067497      h
  0.20431589217385D-04  0.34705004318347D-04  -.92274838672246D-05
  0.24127152420270D-02  -.15557286433916D-02  0.97797994853011D-03
  -.38531141561089D-02  0.15312135012673D-02  -.14996589511937D-02
  -.13829433854529D-04  0.11741842653734D-05  0.24324405575094D-04
  -.72199658065486D-05  -.11416442921908D-04  -.12754531159787D-04
  0.38532073064204D-02  0.15311122585775D-02  0.14996469161570D-02
  0.13776980562152D-04  0.11050648898170D-05  -.24137403202396D-04
  0.73236182243086D-05  -.11408742481789D-04  0.12516970694987D-04
  -.24128344592258D-02  -.15552796348368D-02  -.97782455107787D-03
  -.20456721257611D-04  0.34523303977241D-04  0.91346797979064D-05
  cycle =      6 MP2 energy =     -229.8402187279 |dE/dxyz| =  0.007579
    0.45524496263587     -1.11405478001502     -4.20772440618615      h
   -0.36184275737558     -1.04179990717239     -2.58153631187475      o
    0.51366248362244      1.15708690454164     -1.32655663263816      c
   -0.12314740267740      2.88744943205159     -2.27405430147923      h
    2.58326565255791      1.17993683378033     -1.24068518700748      h
   -0.51381028361593      1.15703919194961      1.32650939985817      c
    0.12309485698739      2.88731075571698      2.27410901987392      h
   -2.58341200033085      1.18000934460925      1.24063517880893      h
    0.36157175810085     -1.04196809230184      2.58136361719111      o
   -0.45557172354471     -1.11430833870682      4.20751965502062      h
  0.93834761782929D-05  0.10200660048865D-04  -.91098343366625D-05
  0.24322564797146D-02  -.15319243193508D-02  0.96235636254072D-03
  -.38571103557534D-02  0.15215624566860D-02  -.15303084139406D-02
  -.75517618148835D-05  0.28597329322366D-05  0.83347693706770D-05
  -.22177605227824D-04  -.26756203770351D-05  -.67647432127060D-05
  0.38572073466914D-02  0.15213311679698D-02  0.15303825753530D-02
  0.75691665670785D-05  0.27864516161102D-05  -.82832271905975D-05
  0.22126975212089D-04  -.26584010539010D-05  0.66632957438362D-05
  -.24323005667410D-02  -.15316051714329D-02  -.96233006953916D-03
  -.94031548536488D-05  0.10122895116593D-04  0.90592838928316D-05
  cycle =      7 MP2 energy =     -229.8402187027 |dE/dxyz| =  0.007629
    0.45570294986049     -1.11488141197998     -4.20713351039317      h
   -0.36222326331181     -1.04154451766628     -2.58144781613482      o
    0.51345922858944      1.15730548861968     -1.32661919464828      c
   -0.12325648316918      2.88765794166387     -2.27419433775718      h
    2.58312623788073      1.18008280401634     -1.24085959746105      h
   -0.51361182188399      1.15725534584944      1.32657040861405      c
    0.12320505739596      2.88751271791111      2.27425131290213      h
   -2.58327728533633      1.18015935079276      1.24081063479441      h
    0.36194132617403     -1.04172188470907      2.58126616475981      o
   -0.45601039983936     -1.11512449004453      4.20693596689110      h
  0.37739000346981D-06  -.60460661843731D-06  -.12717169650678D-05
  0.24501346507275D-02  -.15155085943412D-02  0.94975224260008D-03
  -.39095500942508D-02  0.15162310548211D-02  -.15219982969112D-02
  -.29140569403063D-05  0.85359186074996D-06  0.39726327738521D-06
  -.57857017314866D-05  -.93762207747927D-06  0.17091722120943D-06
  0.39095951819688D-02  0.15159314326159D-02  0.15220937182272D-02
  0.29245631915087D-05  0.84779481701602D-06  -.36456266894191D-06
  0.58099310979998D-05  -.93209070217704D-06  -.20712877735196D-06
  -.24502065700647D-02  -.15152566277479D-02  -.94982527700882D-03
  -.38529382528907D-06  -.62447950610611D-06  0.12528399695455D-05
  cycle =      8 MP2 energy =     -229.8402187450 |dE/dxyz| =  0.007629
    0.51252758819422     -1.12179488632121     -4.20051154941517      h
   -0.32724498970840     -1.04843289985634     -2.58600369773933      o
    0.53137463281171      1.15048155019264     -1.31955052795486      c
   -0.09255842475275      2.88078607021313     -2.27567759527859      h
    2.59969658046383      1.17332338732258     -1.20589484049386      h
   -0.53137508034330      1.15048156645768      1.31955027786578      c
    0.09255562833882      2.88078687463684      2.27567758053646      h
   -2.59969682742572      1.17332104966748      1.20589302377222      h
    0.32724672882722     -1.04843122424655      2.58600467648159      o
   -0.51254681679935     -1.12180873854456      4.20050082551364      h
  0.66548522914545D-06  -.75751921235767D-06  -.12222317922195D-05
  0.24367950242894D-02  -.15153692413161D-02  0.98265422657473D-03
  -.38886936345315D-02  0.15160886429388D-02  -.15747594636444D-02
  -.29690117239189D-05  0.93246462151697D-06  0.35957958455235D-06
  -.58415027068826D-05  -.92139457275042D-06  0.62616385854142D-07
  0.38886473433557D-02  0.15161155526249D-02  0.15747613982231D-02
  0.29803178359655D-05  0.92631006376465D-06  -.32564417673520D-06
  0.58675246830120D-05  -.91455950368413D-06  -.99007219728220D-07
  -.24367737974860D-02  -.15153193097888D-02  -.98263262318454D-03
  -.67774856282732D-06  -.78109288204065D-06  0.12011479446628D-05
  cycle =      9 MP2 energy =     -229.8402187139 |dE/dxyz| =  0.007638
    0.51248890255216     -1.12175760801413     -4.20053467440946      h
   -0.32723825736424     -1.04844023566864     -2.58600374403269      o
    0.53137646748789      1.15047390338011     -1.31954376064596      c
   -0.09252245838753      2.88078107162257     -2.27568052962754      h
    2.59971160610685      1.17330647351201     -1.20587398614030      h
   -0.53137753227614      1.15047352317139      1.31954323434746      c
    0.09251980690769      2.88078085693132      2.27568079727464      h
   -2.59971253397117      1.17330467289597      1.20587221502343      h
    0.32723839171228     -1.04843994805977      2.58600348475430      o
   -0.51250537316151     -1.12176996024914      4.20052513674400      h
  -.80916817002397D-06  0.24444935398105D-06  -.48783924277984D-06
  0.24383989754577D-02  -.15169156201154D-02  0.98165593680566D-03
  -.38966585612505D-02  0.15171743078701D-02  -.15727205733929D-02
  -.13339300657389D-05  0.17517218120489D-06  0.55426498990485D-06
  -.14205697453917D-05  -.68986806661675D-06  0.42115893358896D-06
  0.38966499484818D-02  0.15172008465267D-02  0.15727229189442D-02
  0.13432919512280D-05  0.16413264347648D-06  -.52927637894662D-06
  0.14305876896437D-05  -.67949427973168D-06  -.44656035025348D-06
  -.24384501101169D-02  -.15169303944145D-02  -.98167336615251D-03
  0.84953539913890D-06  0.25632205091775D-06  0.50333471790509D-06
  cycle =     10 MP2 energy =     -229.8402187108 |dE/dxyz| =  0.007645
    0.51252052461038     -1.12180346438115     -4.20048148712939      h
   -0.32727396399907     -1.04842894168461     -2.58599049324597      o
    0.53135816656411      1.15048797500770     -1.31954368901798      c
   -0.09251611967098      2.88079595318759     -2.27568695670266      h
    2.59970965855280      1.17331205296386     -1.20589478534774      h
   -0.53135866801505      1.15048773287019      1.31954330520696      c
    0.09251347694130      2.88079655184917      2.27568643186932      h
   -2.59971012058076      1.17330963857882      1.20589365654435      h
    0.32727542821299     -1.04842777126904      2.58599122970767      o
   -0.51253936300944     -1.12181697760082      4.20047096140331      h
  0.12674685057057D-06  -.41712812504091D-06  0.12663797499535D-05
  0.24372183956780D-02  -.15171592524261D-02  0.98062345304051D-03
  -.39053592016605D-02  0.15183662542837D-02  -.15704043325886D-02
  0.31279919709970D-06  -.54550955042032D-06  0.80818123704418D-06
  0.33526650322635D-05  -.23534405263481D-06  0.25015631133218D-06
  0.39053801121431D-02  0.15183601415041D-02  0.15703907406792D-02
  -.31884831641626D-06  -.55211477167916D-06  -.82803850798285D-06
  -.33709843294538D-05  -.23848648911251D-06  -.24790605032687D-06
  -.24371573357573D-02  -.15171275962915D-02  -.98057363529236D-03
  -.18434858994887D-06  -.45111025681610D-06  -.12849987998109D-05
  cycle =     11 MP2 energy =     -229.8402187055 |dE/dxyz| =  0.007646
    0.51256143755553     -1.12180790961177     -4.20047630896817      h
   -0.32724873248981     -1.04843325043808     -2.58599347824807      o
    0.53137100992671      1.15048383507962     -1.31953856825667      c
   -0.09249406150807      2.88079168679184     -2.27568807731044      h
    2.59972139723254      1.17330800924707     -1.20586958102968      h
   -0.53137145304849      1.15048382865172      1.31953810569099      c
    0.09249133635893      2.88079277402818      2.27568710793673      h
   -2.59972180278062      1.17330563829577      1.20586836864752      h
    0.32725043389038     -1.04843150675693      2.58599460079675      o
   -0.51258003268941     -1.12182057660041      4.20046618464389      h
  -.24446086555052D-06  -.58038148731399D-08  0.10437632602667D-05
  0.24379701675885D-02  -.15175744741427D-02  0.98059660062955D-03
  -.39049026990576D-02  0.15182436363137D-02  -.15703167414620D-02
  0.26815572595762D-06  -.51266174283526D-06  0.77272631582304D-06
  0.31258469754825D-05  -.14177184898267D-06  0.40204300361113D-06
  0.39049249512035D-02  0.15182381314673D-02  0.15703038251389D-02
  -.27281822623237D-06  -.52071980372048D-06  -.79155897081407D-06
  -.31429156130969D-05  -.14252629992884D-06  -.40193423339607D-06
  -.24379353196915D-02  -.15175584456264D-02  -.98055962896915D-03
  0.20909226061683D-06  -.25511523116251D-07  -.10490939126306D-05
  cycle =     12 MP2 energy =     -229.8402187232 |dE/dxyz| =  0.007643
    0.51255533313766     -1.12179583895665     -4.20049079726448      h
   -0.32724157401383     -1.04843540304838     -2.58599842048185      o
    0.53137460474848      1.15047990010176     -1.31953951907145      c
   -0.09248894865442      2.88078810567390     -2.27569370313111      h
    2.59971746477957      1.17330579324106     -1.20586715622618      h
   -0.53137608300851      1.15047952424026      1.31953875972451      c
    0.09248636156469      2.88078780645075      2.27569359755644      h
   -2.59971885481134      1.17330442137903      1.20586569571731      h
    0.32724093333249     -1.04843545050601      2.58599759682274      o
   -0.51256970462709     -1.12180632988871      4.20048230025692      h
  -.27045089501243D-06  0.21963365082200D-06  -.11931053345293D-06
  0.24380575168097D-02  -.15173544041653D-02  0.98158572380669D-03
  -.39019904760895D-02  0.15172550333444D-02  -.15708512451988D-02
  0.12508496594066D-06  -.73787147059079D-07  0.16517447831710D-06
  0.60875196306043D-06  -.53769898256117D-07  0.11331707297502D-06
  0.39019999285994D-02  0.15172773235959D-02  0.15708683117834D-02
  -.11754970041800D-06  -.78352812682425D-07  -.15134388564597D-06
  -.60427833625809D-06  -.44555649225675D-07  -.12074295829834D-06
  -.24381409355403D-02  -.15174021932829D-02  -.98163754871816D-03
  0.33240830088488D-06  0.25492620681078D-06  0.14766473022121D-06
  cycle =     13 MP2 energy =     -229.8402187304 |dE/dxyz| =  0.007639
    0.51257504443652     -1.12181800757735     -4.20047343996312      h
   -0.32724986089185     -1.04843115620737     -2.58599539455568      o
    0.53137124912611      1.15048529951630     -1.31954282596470      c
   -0.09249889903015      2.88079189708299     -2.27569936447072      h
    2.59970833032347      1.17331411048899     -1.20588045489348      h
   -0.53137180108094      1.15048539982375      1.31954241978403      c
    0.09249618802150      2.88079310931708      2.27569847601705      h
   -2.59970878701052      1.17331185235735      1.20587942134949      h
    0.32725162164415     -1.04842930343750      2.58599636687861      o
   -0.51259355309059     -1.12183067267722      4.20046314972136      h
  0.52155174601332D-06  -.22466903792928D-06  -.50222340597372D-06
  0.24371822872169D-02  -.15166938844073D-02  0.98223932461750D-03
  -.38994184297669D-02  0.15166192219089D-02  -.15713333955101D-02
  -.84759121721234D-07  0.27112432610110D-06  -.26284571919000D-06
  -.13946521608688D-05  0.14488387101164D-07  -.21031318700460D-06
  0.38993984552413D-02  0.15166180070718D-02  0.15713288117751D-02
  0.81564209053475D-07  0.28178986610783D-06  0.25847395157541D-06
  0.13987321323405D-05  0.86432063173270D-08  0.21096316391023D-06
  -.24370807183587D-02  -.15166233281052D-02  -.98218238012304D-03
  -.60403089330308D-06  -.27153965609372D-06  0.45358269407103D-06
$end
