$hessapprox internal
  0.226624380122D-01 -0.715062099974D-02  0.612993778330D+00  0.224459194679D-03
 -0.684492158782D-03  0.373385990628D+00  0.151677300404D-01  0.151574943009D-01
  0.186457866027D-02  0.365319164842D+00 -0.406232046821D-02 -0.420426115469D-02
 -0.506402183945D-03  0.158539707815D-01  0.417370448672D+00 -0.202497966300D-02
 -0.345138050779D-02 -0.318193302166D-03  0.119552988486D-01 -0.328076886068D-02
  0.345439458130D+00  0.477120684941D-03 -0.457798681763D-02 -0.186555868946D-03
  0.132990153717D-01 -0.362286065436D-02 -0.237777353474D-02  0.347115074338D+00
 -0.185093044528D-02 -0.119897056653D-02 -0.195969945838D-03  0.508137392645D-02
 -0.140409678420D-02 -0.110440813864D-02 -0.134839897967D-02  0.320516408162D+00
  0.254230912965D-02  0.180892329958D-02  0.277034210133D-03 -0.746398937353D-02
  0.206074322660D-02  0.160525049783D-02  0.192044625067D-02  0.633389678979D-03
  0.345986248851D+00  0.152793490254D-01  0.151963923857D-01  0.187477600197D-02
 -0.577866499136D-01  0.159114060916D-01  0.120037003744D-01  0.133662382929D-01
  0.509709175253D-02 -0.748794242396D-02  0.364905580474D+00 -0.419137729066D-02
 -0.422709446878D-02 -0.517118522931D-03  0.160266255853D-01 -0.441243909123D-02
 -0.332466921559D-02 -0.369124550263D-02 -0.141566354517D-02  0.207899771117D-02
  0.160842706020D-01  0.417273827114D+00 -0.218169046823D-02 -0.337896465420D-02
 -0.326348012621D-03  0.118655956921D-01 -0.325783088114D-02 -0.237269804829D-02
 -0.241856868364D-02 -0.108857320907D-02  0.158471850312D-02  0.119127913539D-01
 -0.330017064775D-02  0.345444606891D+00  0.933174036427D-03 -0.500862581506D-02
 -0.173491628242D-03  0.142174050305D-01 -0.386891359045D-02 -0.250121105362D-02
 -0.168797226205D-02 -0.146009382261D-02  0.207395642111D-02  0.142913442728D-01
 -0.394505119879D-02 -0.255136218718D-02  0.347194097774D+00 -0.186315057882D-02
 -0.121068295640D-02 -0.197447943894D-03  0.512627112625D-02 -0.141646251936D-02
 -0.111376799806D-02 -0.135890284832D-02 -0.429870823692D-03  0.639190192723D-03
  0.514214809489D-02 -0.142816108830D-02 -0.109785704524D-02 -0.147133731775D-02
  0.320508483982D+00  0.282616117646D-02  0.160099013650D-02  0.288081019317D-03
 -0.707203387151D-02  0.195660238978D-02  0.156116461932D-02  0.196195680774D-02
  0.581802500972D-03 -0.869174989444D-03 -0.709268315002D-02  0.197090914279D-02
  0.153526086767D-02  0.213236910384D-02  0.587284345680D-03  0.346136264665D+00
  0.964232735080D-02 -0.876878195079D-02  0.292526614284D-03  0.184124618954D-01
 -0.492815369234D-02 -0.242667007879D-02  0.690708908096D-03 -0.226124399071D-02
  0.310231089246D-02  0.185495615289D-01 -0.508716041411D-02 -0.262195774947D-02
  0.126387854430D-02 -0.227608931648D-02  0.345773128559D-02  0.270997566275D-01
 -0.698294657641D-02 -0.320796682108D-02 -0.675521648958D-03  0.152383579364D-01
 -0.422468097439D-02 -0.344996318379D-02 -0.453220463606D-02 -0.121440458596D-02
  0.182873578696D-02  0.152784725034D-01 -0.424911021669D-02 -0.338034184083D-02
 -0.495283016688D-02 -0.122618639765D-02  0.162652100274D-02 -0.855994335001D-02
  0.612851909829D+00  0.215227073812D-04 -0.443899985317D-03 -0.199312396158D-04
  0.130953977113D-02 -0.356987758867D-03 -0.236589657843D-03 -0.177453058484D-03
 -0.131657504169D-03  0.187847299899D-03  0.131603433772D-02 -0.363539203185D-03
 -0.240213263225D-03 -0.176419519982D-03 -0.132690950725D-03  0.191090260817D-03
  0.363949625263D-04 -0.439804151434D-03  0.373384214358D+00  0.264827338781D-02
  0.705394939501D-03  0.231391213109D-03 -0.425093044375D-02  0.118536462943D-02
  0.102988055231D-02  0.150318273526D-02  0.308023524889D-03 -0.475573098265D-03
 -0.425868798377D-02  0.118716391784D-02  0.999636257668D-03  0.166240823863D-02
  0.311286604445D-03 -0.395932137817D-03  0.325762617593D-02  0.736117711884D-03
  0.144682070165D-03  0.505528060175D+00 -0.911333605743D-02  0.822799479949D-02
 -0.279375220140D-03 -0.172238087200D-01  0.460909416869D-02  0.226100435842D-02
 -0.678007379723D-03  0.211936994471D-02 -0.290665083572D-02 -0.173525159044D-01
  0.475850546559D-02  0.244512964294D-02 -0.121976674330D-02  0.213326005200D-02
 -0.324222761908D-02 -0.114453481634D-01  0.803112421188D-02 -0.369814818017D-04
 -0.305956917162D-02  0.397197713478D+00  0.280317077688D-02  0.689295752201D-03
  0.242142841269D-03 -0.432810776821D-02  0.120792826180D-02  0.105886978788D-02
  0.156690850441D-02  0.308925490712D-03 -0.478933437698D-03 -0.433548252016D-02
  0.120899518577D-02  0.102642561352D-02  0.173541386949D-02  0.312244212394D-03
 -0.394303157251D-03  0.344943003322D-02  0.722306134525D-03  0.150663492268D-03
 -0.101693005368D-03 -0.324006883622D-02  0.505553365443D+00 -0.798519280288D-02
  0.759880070062D-02 -0.225903696590D-03 -0.162555583705D-01  0.435600263888D-02
  0.219323267595D-02 -0.429835246938D-03  0.197318681534D-02 -0.271284571391D-02
 -0.163740113063D-01  0.449260403852D-02  0.235748998268D-02 -0.904304443094D-03
  0.198627532183D-02 -0.300912903960D-02 -0.100371143334D-01  0.742297028504D-02
 -0.155619686362D-04 -0.280690874303D-02  0.948742741986D-02 -0.297015985827D-02
  0.394688579282D+00 -0.105980236872D-01 -0.733633822792D-02 -0.114494371750D-02
  0.305036786203D-01 -0.842383549669D-02 -0.658036077086D-02 -0.791944534936D-02
 -0.257938335178D-02  0.382759937249D-02  0.306005489965D-01 -0.849694664210D-02
 -0.649323395937D-02 -0.855925868642D-02 -0.260308175585D-02  0.353494321762D-02
 -0.129369915686D-01 -0.742067861267D-02 -0.774228120352D-03  0.191629569953D-02
  0.121223498060D-01  0.192762813016D-02  0.113056362325D-01  0.393130691668D+00
  0.000000000000D+00  0.000000000000D+00  0.000000000000D+00  0.000000000000D+00
  0.000000000000D+00  0.000000000000D+00  0.000000000000D+00  0.000000000000D+00
  0.000000000000D+00  0.000000000000D+00  0.000000000000D+00  0.000000000000D+00
  0.000000000000D+00  0.000000000000D+00  0.000000000000D+00  0.000000000000D+00
  0.000000000000D+00  0.000000000000D+00  0.000000000000D+00  0.000000000000D+00
  0.000000000000D+00  0.000000000000D+00  0.000000000000D+00  0.000000000000D+00
$end
