$coord
    0.79561103439187      0.01559460916989     -4.75314448947066  h
   -0.36968090554505     -0.16457935076004     -3.36934369940500  o
    0.96845749563360      0.17103698471821     -1.05649863575148  c
    2.03716726489463      1.94487032482833     -1.04740631237607  h
    2.29496266187643     -1.38568959434626     -0.72432464740286  h
   -0.96845725928620      0.17103731121697      1.05649851381852  c
   -2.03716643701261      1.94487102927638      1.04740600729122  h
   -2.29496299036633     -1.38568878243423      0.72432431163635  h
    0.36968077387474     -0.16457942110818      3.36934365114366  o
   -0.79561237505179      0.01558947782554      4.75314406630762  h
$user-defined bonds
$intdef
# definitions of internal coordinates
   1 f  1.0000000000000 tors    2    3    6    9 val= 165.00000
$redundant
     number_of_atoms            10
     degrees_of_freedom         24
     internal_coordinates       25
     frozen_coordinates          1
# definitions of redundant internals
   1 k  1.0000000000000 tors   1    2    3    6 val= 173.70858
   2 k  1.0000000000000 stre   2    1           val=   1.81804
   3 k  1.0000000000000 bend   3    1    2      val= 108.83573
   4 k  1.0000000000000 stre   3    4           val=   2.07092
   5 k  1.0000000000000 stre   3    5           val=   2.07204
   6 k  0.0808754397117 bend   5    4    3      val=   0.93038
       -0.5098383092410 bend   2    4    3
       -0.5080002338534 bend   2    5    3
        0.4990469633890 bend   6    4    3
        0.4758276499099 bend   6    5    3
   7 k  0.0207089980658 bend   5    4    3      val=   0.55692
       -0.5440809373615 bend   2    4    3
        0.5357521126263 bend   2    5    3
       -0.4525526548587 bend   6    4    3
        0.4601226351699 bend   6    5    3
   8 k -0.8860642550941 bend   5    4    3      val=   2.51127
        0.1795263691989 bend   2    4    3
        0.1943611528637 bend   2    5    3
        0.2581290364886 bend   6    4    3
        0.2797383802517 bend   6    5    3
   9 k -0.0047210876705 bend   5    4    3      val=   0.62998
       -0.4480883457127 bend   2    4    3
        0.4649363971270 bend   2    5    3
        0.5353686298617 bend   6    4    3
       -0.5444346816233 bend   6    5    3
  10 k  1.0000000000000 stre   6    7           val=   2.07092
  11 k  1.0000000000000 stre   6    8           val=   2.07204
  12 k  0.0808758222514 bend   8    7    6      val=   0.93039
       -0.5098382878748 bend   9    7    6
       -0.5080002799637 bend   9    8    6
        0.4990469872623 bend   3    7    6
        0.4758275335174 bend   3    8    6
  13 k  0.0207090820045 bend   8    7    6      val=   0.55693
       -0.5440811086171 bend   9    7    6
        0.5357521985021 bend   9    8    6
       -0.4525524604291 bend   3    7    6
        0.4601225201273 bend   3    8    6
  14 k -0.8860642395594 bend   8    7    6      val=   2.51126
        0.1795261497753 bend   9    7    6
        0.1943609615813 bend   9    8    6
        0.2581291452392 bend   3    7    6
        0.2797386028280 bend   3    8    6
  15 k -0.0047211361680 bend   8    7    6      val=   0.62998
       -0.4480881515582 bend   9    7    6
        0.4649362862084 bend   9    8    6
        0.5353687582433 bend   3    7    6
       -0.5444348094769 bend   3    8    6
  16 k  1.0000000000000 tors  10    9    6    3 val= 173.70876
  17 k  1.0000000000000 stre   9   10           val=   1.81804
  18 k  1.0000000000000 bend   6   10    9      val= 108.83573
  19 k  1.0000000000000 tors   2    3    6    9 val= 165.00000
  20 k  1.0000000000000 stre   3    2           val=   2.69305
  21 k  1.0000000000000 bend   6    2    3      val= 107.29700
  22 k  1.0000000000000 stre   6    9           val=   2.69305
  23 k  1.0000000000000 bend   3    9    6      val= 107.29700
  24 k  1.0000000000000 stre   3    6           val=   2.86643
  25 f  1.0000000000000 tors   2    3    6    9 val= 165.00000
        24 non zero eigenvalues  of BmBt
           1           3.940213644    1    0
         1
           2           3.763855384    2    0
         2
           3           3.717960548    3    0
         3
           4           3.082420479    4    0
         4
           5           2.996979347    5    0
         5
           6           2.446617437    6    0
         6
           7           2.137693821    7    0
         7
           8           1.677650360    8    0
         8
           9           1.249691477    9    0
         9
          10           1.177315445   10    0
        10
          11           1.061417958   11    0
        11
          12           0.879623442   12    0
        12
          13           0.766923195   13    0
        13
          14           0.753461657   14    0
        14
          15           0.581244254   15    0
        15
          16           0.392367154   16    0
        16
          17           0.354056627   17    0
        17
          18           0.340826934   18    0
        18
          19           0.281204700   20    0
        20
          20           0.256296970   21    0
        21
          21           0.137922205   22    0
        22
          22           0.066939014   23    0
        23
          23           0.064803579   24    0
        24
          24           0.000000000    0    1
         0.000000000         0.000000000         0.000000000         0.000000000
         0.000000000         0.000000000         0.000000000         0.000000000
         0.000000000         0.000000000         0.000000000         0.000000000
         0.000000000         0.000000000         0.000000000         0.000000000
         0.000000000         0.000000000         0.000000000         0.000000000
         0.000000000         0.000000000         0.000000000         0.000000000
         1.000000000
$end
