$energy      SCF               SCFKIN            SCFPOT
     1 -230.2264088856      229.2971830008     -459.5235918864
     2 -230.2265551940      229.2907823265     -459.5173375205
     3 -230.2265978344      229.2918530507     -459.5184508851
     4 -230.2265987609      229.2915230315     -459.5181217924
     5 -230.2265989260      229.2916489505     -459.5182478765
     6 -230.2265989366      229.2916549910     -459.5182539276
     7 -230.2265989446      229.2916736284     -459.5182725730
     8 -230.2265989478      229.2916625533     -459.5182615011
     9 -230.2265989477      229.2916636097     -459.5182625573
    10 -230.2265989478      229.2916632795     -459.5182622272
    11 -230.2265989478      229.2916653398     -459.5182642876
$end
