$grad          cartesian gradients
  cycle =      1    SCF energy =     -230.2264088856   |dE/dxyz| =  0.003197
    0.81971141611365     -0.16702629116010     -4.73851187569720      h
   -0.37122795053449     -0.16005083777292     -3.36506370085780      o
    0.96874627524193      0.17567740888539     -1.05431429138799      c
    2.00273046349335      1.97079593187109     -1.03102140891425      h
    2.32554637779011     -1.35698773752398     -0.73470169019094      h
   -0.96873934233158      0.17571320316544      1.05431348021986      c
   -2.00268988504766      1.97085337908508      1.03101053621571      h
   -2.32556625306216     -1.35692599309751      0.73470367891316      h
    0.37122490785590     -0.16002159739466      3.36506764867727      o
   -0.81976643696960     -0.16746686203319      4.73846776238126      h
  -.30288954702523D-04  -.45674811838572D-03  0.18226441262726D-03
  -.93563096351164D-04  -.91948691347771D-03  0.47139035793940D-03
  -.29275787579866D-03  0.58140953104574D-03  0.51767834212954D-03
  -.96159543783907D-03  0.40009589262200D-03  0.84326761205379D-03
  0.96180964273154D-03  0.38983610005211D-03  -.47760937060064D-03
  0.29229831092761D-03  0.58246344707855D-03  -.51749873354942D-03
  0.96114255107932D-03  0.40053961144980D-03  -.84278148933134D-03
  -.96121847820007D-03  0.39026389405416D-03  0.47721250621487D-03
  0.93843267803802D-04  -.91846033180398D-03  -.47138290837689D-03
  0.30330264730172D-04  -.45753697420350D-03  -.18254109875014D-03
  cycle =      2    SCF energy =     -230.2265551940   |dE/dxyz| =  0.002842
    0.81638074436152     -0.08484682759975     -4.74880861464271      h
   -0.36578319207049     -0.17425772610399     -3.37034819016987      o
    0.96948645758180      0.16125837633475     -1.05607217507153      c
    2.02371294367599      1.94495126069875     -1.03685273001862      h
    2.30902635430876     -1.38467247135445     -0.73167524338038      h
   -0.96947637944185      0.16127199902724      1.05606747385129      c
   -2.02366795196355      1.94498642855255      1.03686815315070      h
   -2.30904579868140     -1.38462701726868      0.73164455464463      h
    0.36577677230075     -0.17429539746537      3.37034573039621      o
   -0.81644037752207     -0.08520802079640      4.74878118059936      h
  0.38839448966034D-05  -.22781613272030D-03  -.36346349640980D-04
  0.19098581932335D-03  -.14312523364085D-02  0.79055651567716D-04
  -.25189447020751D-03  0.98013762922017D-03  -.23340855895992D-03
  -.26046834351857D-03  0.33846211788691D-03  0.48737270396355D-03
  0.28613274845807D-03  0.33585661911197D-03  -.44862212633732D-03
  0.25186684131252D-03  0.98119218948338D-03  0.23296439977357D-03
  0.26030794620489D-03  0.33846115626382D-03  -.48698176384700D-03
  -.28588765934875D-03  0.33601463445143D-03  0.44837799081954D-03
  -.19112510259781D-03  -.14305485898840D-02  -.78650135487249D-04
  -.38065439799035D-05  -.22837319517661D-03  0.36232499313442D-04
  cycle =      3    SCF energy =     -230.2265978344   |dE/dxyz| =  0.003378
    0.80784023470117     -0.01101720505016     -4.75068844850210      h
   -0.36161137969943     -0.18749096039202     -3.36982688739363      o
    0.97122522447032      0.14804311502542     -1.05439169008570      c
    2.04035870780931      1.92212302786526     -1.03990252954133      h
    2.29634747174376     -1.40919930221001     -0.72171384184537      h
   -0.97122150968164      0.14803110299376      1.05438569114675      c
   -2.04031710018168      1.92213449012292      1.03995380220838      h
   -2.29637639596771     -1.40917173486738      0.72164953052739      h
    0.36160095231872     -0.18760870629105      3.36981290629453      o
   -0.80787663296334     -0.01128322317210      4.75067160655015      h
  0.47704545693544D-04  -.18062268345077D-05  0.38302686977049D-05
  0.14234233346207D-03  -.17109483805356D-02  0.30708642930495D-03
  -.10402125769570D-03  0.15499025782651D-02  -.41376280104512D-03
  0.81114933832326D-04  0.10793041235224D-03  0.13496436996878D-03
  -.89325613578706D-04  0.50956141236944D-04  -.16696857409527D-03
  0.10419375454352D-03  0.15505079575159D-02  0.41387331994147D-03
  -.81139513741703D-04  0.10789704159740D-03  -.13485224739340D-03
  0.89328898908265D-04  0.50845596834730D-04  0.16677873434364D-03
  -.14241277886073D-03  -.17106757183890D-02  -.30711096813420D-03
  -.47788563539416D-04  -.20009323173192D-05  -.38438039120178D-05
  cycle =      4    SCF energy =     -230.2265987609   |dE/dxyz| =  0.003305
    0.80724562295707     -0.00660579627575     -4.75123474519838      h
   -0.36124325585969     -0.18854573598493     -3.37032892591885      o
    0.97110789204403      0.14699451868242     -1.05423743088716      c
    2.04008572219467      1.92075733657905     -1.04106319948450      h
    2.29641466808338     -1.41013543620486     -0.71977823702661      h
   -0.97110766852192      0.14697610524533      1.05423120120667      c
   -2.04004666537426      1.92076302746911      1.04112435613393      h
   -2.29644786801551     -1.41011177269304      0.71970692841632      h
    0.36123212616472     -0.18868342565961      3.37031124327501      o
   -0.80727100112301     -0.00684821713308      4.75121894884263      h
  0.13295478206687D-04  0.43637452009472D-05  -.46015424474093D-05
  0.14998306964255D-03  -.16370608203415D-02  0.16730372066845D-03
  -.20842287654031D-03  0.16066353995884D-02  -.30987292505567D-03
  0.21999647468157D-04  0.21759177382314D-04  0.68698499239920D-04
  -.31669013786532D-04  0.45291310138852D-06  -.54584023769507D-04
  0.20850055615680D-03  0.16069626027265D-02  0.31009249881263D-03
  -.22016972468357D-04  0.21764673831850D-04  -.68662857840623D-04
  0.31691257043985D-04  0.39570950886423D-06  0.54432892805412D-04
  -.14999879979918D-03  -.16369018833443D-02  -.16740095811169D-03
  -.13365361224785D-04  0.42544830139451D-05  0.45888085226399D-05
  cycle =      6    SCF energy =     -230.2265989366   |dE/dxyz| =  0.003202
    0.79530835998217      0.01739929234185     -4.75323167721361      h
   -0.36962466182462     -0.16466024121331     -3.36938417063368      o
    0.96845552335928      0.17095255550653     -1.05650710613643      c
    2.03698002342061      1.94484918080850     -1.04708067737622      h
    2.29508301536270     -1.38573627031856     -0.72443251172483      h
   -0.96845402763647      0.17095520888573      1.05650687534726      c
   -2.03697575972549      1.94485363857000      1.04707827735193      h
   -2.29508351275126     -1.38573169775186      0.72443080890000      h
    0.36962386601380     -0.16465821419555      3.36938472562072      o
   -0.79531731776810      0.01736867507327      4.75322972093768      h
  -.35374852889218D-05  0.23600707743640D-05  0.10704203104218D-05
  0.15328324282745D-03  -.15708071422109D-02  0.13219974569478D-03
  -.24027475809473D-03  0.15830106306832D-02  -.23154433446234D-03
  -.11465580686356D-04  -.87545355057159D-05  0.16126427224967D-04
  0.67664697682586D-05  -.95929511355445D-05  -.48209606058347D-06
  0.24027929062806D-03  0.15831231985080D-02  0.23169317755653D-03
  0.11455517380648D-04  -.87377994382029D-05  -.16134968446693D-04
  -.67461211909041D-05  -.96032920199461D-05  0.39765691886734D-06
  -.15325991401571D-03  -.15707365850490D-02  -.13223525678054D-03
  0.34990909316749D-05  0.23114522304664D-05  -.10907518717207D-05
  cycle =      7    SCF energy =     -230.2265989446   |dE/dxyz| =  0.003181
    0.79539039103651      0.01679992374820     -4.75319049871713      h
   -0.36966823211744     -0.16450923477314     -3.36934453033819      o
    0.96845902596814      0.17110299466777     -1.05650943213444      c
    2.03705206669753      1.94499407666542     -1.04722983081097      h
    2.29505078240452     -1.38558187062571     -0.72443498742394      h
   -0.96845823706422      0.17110426804079      1.05650897248114      c
   -2.03704834706726      1.94499721196781      1.04722969735391      h
   -2.29505226110684     -1.38557816132500      0.72443185185729      h
    0.36966720047443     -0.16451158559598      3.36934428547317      o
   -0.79539688079275      0.01677450493644      4.75318873733197      h
  -.13236204811385D-05  0.13139152784403D-05  0.36520928372611D-06
  0.15325010403945D-03  -.15668824328520D-02  0.14088286906410D-03
  -.23513637166158D-03  0.15669615280244D-02  -.22684908516320D-03
  -.46744147892762D-05  -.20365338084251D-05  0.88383780633680D-05
  0.25628634058386D-05  -.31172353712273D-05  -.29821009029480D-05
  0.23513873628114D-03  0.15670402979623D-02  0.22694601783368D-03
  0.46693020993981D-05  -.20272483128660D-05  -.88439886681738D-05
  -.25479154459463D-05  -.31240688649893D-05  0.29239802755622D-05
  -.15323565361206D-03  -.15668350964607D-02  -.14091070739328D-03
  0.12967221722485D-05  0.12811886362312D-05  -.37072075813991D-06
  cycle =      9    SCF energy =     -230.2265989477   |dE/dxyz| =  0.003163
    0.79560949693804      0.01562478651001     -4.75314928165951      h
   -0.36966649758596     -0.16459983950411     -3.36933999670169      o
    0.96846487895099      0.17101580719960     -1.05650007032210      c
    2.03715685870846      1.94487405528487     -1.04739316807979      h
    2.29499535115892     -1.38568202996369     -0.72436086183036      h
   -0.96846453778245      0.17101631413571      1.05650001732619      c
   -2.03715595320014      1.94487492413842      1.04739261323705      h
   -2.29499542859292     -1.38568112396051      0.72436046648280      h
    0.36966629670603     -0.16459947050503      3.36934011858258      o
   -0.79561120189169      0.01561916505136      4.75314892875614      h
  -.92650744940570D-07  -.49244286489145D-06  -.73686313340138D-06
  0.15324098112728D-03  -.15619344163775D-02  0.14146965229447D-03
  -.23519541249457D-03  0.15545271664322D-02  -.21737827223436D-03
  0.14895421094769D-05  0.21584185392119D-05  0.54722443309218D-06
  -.70309940402947D-06  0.20151570793018D-05  -.27010774002201D-05
  0.23519163676922D-03  0.15545186044865D-02  0.21739775360566D-03
  -.14933721879032D-05  0.21534196387956D-05  -.56542663296808D-06
  0.71435527957771D-06  0.20052020918385D-05  0.26993616916921D-05
  -.15324049046325D-03  -.15618823705703D-02  -.14146973332839D-03
  0.88458072777796D-07  -.49208317111732D-06  0.73738231668780D-06
  cycle =     10    SCF energy =     -230.2265989478   |dE/dxyz| =  0.003167
    0.79561219349773      0.01558302876154     -4.75314698527389      h
   -0.36967674435969     -0.16458205466962     -3.36934196454487      o
    0.96845972437670      0.17103348861956     -1.05649920614323      c
    2.03715916817370      1.94487828537528     -1.04739644367300      h
    2.29497897887991     -1.38567953051946     -0.72434274242994      h
   -0.96845961319760      0.17103354091374      1.05649912245778      c
   -2.03715851890166      1.94487869240410      1.04739682314728      h
   -2.29497930693372     -1.38567892788000      0.72434167868889      h
    0.36967644212329     -0.16458337154303      3.36934181644277      o
   -0.79561306024937      0.01557943692452      4.75314666711951      h
  -.39488636365728D-06  -.86117851822414D-06  -.39362200662621D-06
  0.15222976103137D-03  -.15617188697548D-02  0.13973830665535D-03
  -.23635746126354D-03  0.15585790601373D-02  -.21666794186898D-03
  0.27668706546091D-06  0.10442969988112D-06  0.76421679379250D-06
  0.15676937498393D-06  0.17153790566916D-06  -.12874219879959D-05
  0.23635406355176D-03  0.15586123044370D-02  0.21668520066321D-03
  -.28091084112006D-06  0.10459111121641D-06  -.76014123268091D-06
  -.14571502879736D-06  0.16855568833572D-06  0.12724496572731D-05
  -.15223245769363D-03  -.15617353629151D-02  -.13975237154647D-03
  0.39409885409145D-06  -.84822322815735D-06  0.40126625963381D-06
$end
