$hessapprox internal
  0.151442799146D-01 -0.380583326836D-03  0.620044572897D+00  0.113294758543D-02
 -0.127915639792D-02  0.369526831152D+00 -0.172865944632D-02 -0.594692221074D-03
 -0.798697888215D-02  0.417387231721D+00  0.168116128470D-02  0.461995557827D-03
  0.722707734196D-02  0.505916185302D-02  0.418358584703D+00 -0.179212757791D-02
  0.148604142174D-03 -0.472639520501D-02 -0.799469842617D-03  0.411448354245D-03
  0.347569391540D+00  0.718113397466D-03 -0.178882860684D-02 -0.613816708464D-02
 -0.120704602867D-01  0.107593044681D-01 -0.607269940180D-02  0.334744955576D+00
  0.306440195225D-03 -0.857166078902D-03 -0.305510640565D-02 -0.582307011166D-02
  0.518399057522D-02 -0.288655605399D-02 -0.596340205581D-02  0.317860495684D+00
 -0.235763380105D-02  0.363916233493D-02  0.977709946346D-02  0.236231284803D-01
 -0.212129503999D-01  0.129099781473D-01  0.210001151404D-01  0.103813641046D-01
  0.309901669369D+00 -0.172261206019D-02 -0.598123125855D-03 -0.798463657709D-02
 -0.607767473728D-02  0.507627930945D-02 -0.814011545860D-03 -0.120746288293D-01
 -0.582539124369D-02  0.236239029590D-01  0.417350661315D+00  0.167733066912D-02
  0.465041282554D-03  0.722964606367D-02  0.507700055792D-02 -0.420146297087D-02
  0.423404341196D-03  0.107692895299D-01  0.518905314311D-02 -0.212266461557D-01
  0.509410270061D-02  0.418325859322D+00 -0.179644899485D-02  0.164458072141D-03
 -0.466581921410D-02 -0.690367171570D-03  0.314552148521D-03  0.163081571415D-02
 -0.595689954257D-02 -0.282971573466D-02  0.127065779685D-01 -0.704854373231D-03
  0.326404562990D-03  0.347673403208D+00  0.583517055233D-03 -0.170961447317D-02
 -0.617704973290D-02 -0.116428818659D-01  0.103603013463D-01 -0.574007106094D-02
 -0.120070856913D-01 -0.589999529562D-02  0.209397015480D-01 -0.116477491951D-01
  0.103706028705D-01 -0.562571000644D-02  0.334993689373D+00  0.293836767014D-03
 -0.843959533517D-03 -0.303185880084D-02 -0.574155208988D-02  0.511005810092D-02
 -0.283719698747D-02 -0.590373313823D-02 -0.290127694420D-02  0.102880882784D-01
 -0.574390519403D-02  0.511510083742D-02 -0.278094955126D-02 -0.583974583489D-02
  0.317919825573D+00 -0.227652621042D-02  0.358349516738D-02  0.976368423252D-02
  0.233086292260D-01 -0.209223985703D-01  0.126845802192D-01  0.208629566083D-01
  0.103104930521D-01 -0.349807129659D-01  0.233097789399D-01 -0.209362172438D-01
  0.124826748814D-01  0.207945666793D-01  0.102172318442D-01  0.310218373445D+00
  0.850121418528D-03 -0.325146328100D-03  0.105923434259D-02 -0.144542884981D-02
  0.141351557713D-02 -0.154980604233D-02  0.736975870575D-03  0.320780733112D-03
 -0.226977215576D-02 -0.144000271516D-02  0.141001997666D-02 -0.155458224106D-02
  0.616015394507D-03  0.309065950136D-03 -0.219634956376D-02  0.149368323865D-01
 -0.360297232399D-03 -0.422926878310D-04 -0.128541977186D-02 -0.677838850264D-03
  0.538621611983D-03  0.902594208440D-04 -0.182840431161D-02 -0.877469730233D-03
  0.368777392844D-02 -0.681179522616D-03  0.541641943043D-03  0.106536780929D-03
 -0.175109462431D-02 -0.864230764333D-03  0.363296558256D-02 -0.306740370188D-03
  0.620015655873D+00  0.114637187816D-02 -0.128809583773D-02 -0.251800585212D-02
 -0.803706794431D-02  0.727343532893D-02 -0.476283882286D-02 -0.615856064403D-02
 -0.306570764139D-02  0.979884789940D-02 -0.803466194863D-02  0.727598136377D-02
 -0.470203711460D-02 -0.619880311950D-02 -0.304247021235D-02  0.978609155657D-02
  0.107136829046D-02 -0.129420708565D-02  0.369525063324D+00  0.117999778028D-02
  0.522368349783D-03  0.599274959320D-02  0.497041485325D-02 -0.418891249859D-02
  0.911999610010D-03  0.921948599022D-02  0.445424544371D-02 -0.178874974208D-01
  0.498357452187D-02 -0.420208415828D-02  0.828310988896D-03  0.891078039293D-02
  0.439325164134D-02 -0.176575023596D-01  0.978854855379D-03  0.583363464876D-03
  0.602929701705D-02  0.487870356089D+00  0.142841791779D-03  0.119158875632D-03
  0.985193793358D-03  0.100239932635D-02 -0.860365507944D-03  0.286338183981D-03
  0.158682238738D-02  0.769459986290D-03 -0.301176687708D-02  0.100431559087D-02
 -0.862437822079D-03  0.271781461944D-03  0.154136525171D-02  0.759507209430D-03
 -0.297656880990D-02  0.114742725651D-03  0.128578441517D-03  0.990749743177D-03
 -0.798806236428D-03  0.381610765265D+00  0.117107171682D-02  0.531701980738D-03
  0.600912320754D-02  0.502800769562D-02 -0.424114966838D-02  0.946895353800D-03
  0.926158022631D-02  0.447525069226D-02 -0.179532614203D-01  0.504114460764D-02
 -0.425433520589D-02  0.862788387236D-03  0.895328861507D-02  0.441410792833D-02
 -0.177232585812D-01  0.970559465399D-03  0.592719344214D-03  0.604566302851D-02
 -0.408125531486D-02 -0.805835780856D-03  0.487784171047D+00  0.103545635960D-03
  0.133144415057D-03  0.931382097005D-03  0.106173194101D-02 -0.919108461932D-03
  0.354692029883D-03  0.154396714781D-02  0.750333325344D-03 -0.289104609660D-02
  0.106339135206D-02 -0.921010273690D-03  0.340438714078D-03  0.150425229823D-02
  0.740970022057D-03 -0.285937926991D-02  0.800406437540D-04  0.141675171031D-03
  0.936356035419D-03 -0.838265948759D-03 -0.156002388078D-03 -0.844878188309D-03
  0.381603820043D+00 -0.228632295657D-02 -0.168900724562D-03 -0.769480294511D-02
 -0.358857177482D-02  0.278951280933D-02  0.885699005181D-03 -0.107650463891D-01
 -0.515855271795D-02  0.218957799884D-01 -0.360919556523D-02  0.280782883798D-02
  0.981116985605D-03 -0.102888509437D-01 -0.507911285002D-02  0.215610701996D-01
 -0.195313995021D-02 -0.256385168209D-03 -0.774855110377D-02  0.315046725129D-02
  0.718035310268D-03  0.320661071390D-02  0.802032305797D-03  0.391032200792D+00
  0.000000000000D+00  0.000000000000D+00  0.000000000000D+00  0.000000000000D+00
  0.000000000000D+00  0.000000000000D+00  0.000000000000D+00  0.000000000000D+00
  0.000000000000D+00  0.000000000000D+00  0.000000000000D+00  0.000000000000D+00
  0.000000000000D+00  0.000000000000D+00  0.000000000000D+00  0.000000000000D+00
  0.000000000000D+00  0.000000000000D+00  0.000000000000D+00  0.000000000000D+00
  0.000000000000D+00  0.000000000000D+00  0.000000000000D+00  0.000000000000D+00
$end
