$coord
    0.74738672869698     -0.80157472272822     -4.54024208451238  h
   -0.38393768592720     -0.66009834424097     -3.12211969396865  o
    0.84664849463535      0.73328230488157     -1.16544584215300  c
    1.20953797533651      2.67277981799458     -1.79733534715015  h
    2.65158288405856     -0.13191362436164     -0.64188404730486  h
   -0.84664668822625      0.73328439941750      1.16544589721555  c
   -1.20953142447272      2.67278280694943      1.79733537872592  h
   -2.65158319059165     -0.13190715943555      0.64188416134132  h
    0.38393614789572     -0.66009919220331      3.12211976268408  o
   -0.74738827906346     -0.80157213410308      4.54024248665563  h
$user-defined bonds
$intdef
# definitions of internal coordinates
   1 f  1.0000000000000 tors    2    3    6    9 val= 114.00000
$redundant
     number_of_atoms            10
     degrees_of_freedom         24
     internal_coordinates       25
     frozen_coordinates          1
# definitions of redundant internals
   1 k  1.0000000000000 tors   1    2    3    6 val= 185.43568
   2 k  1.0000000000000 stre   2    1           val=   1.81961
   3 k  1.0000000000000 bend   3    1    2      val= 108.76392
   4 k  1.0000000000000 stre   3    5           val=   2.06893
   5 k  1.0000000000000 stre   3    4           val=   2.07186
   6 k  0.0642251085337 bend   4    5    3      val=   0.67975
       -0.5208015538455 bend   2    5    3
       -0.4950671809896 bend   2    4    3
        0.4725361200646 bend   6    5    3
        0.5062202865228 bend   6    4    3
   7 k  0.0115955336934 bend   4    5    3      val=   0.42610
        0.5229747803131 bend   2    5    3
       -0.5514450513350 bend   2    4    3
        0.4736643625849 bend   6    5    3
       -0.4448745325708 bend   6    4    3
   8 k -0.8905403289565 bend   4    5    3      val=   1.24213
        0.1890868782215 bend   2    5    3
        0.1945790554065 bend   2    4    3
        0.2702118656220 bend   6    5    3
        0.2455781217061 bend   6    4    3
   9 k -0.0120921706687 bend   4    5    3      val=   1.65661
        0.4681517424953 bend   2    5    3
       -0.4509923874704 bend   2    4    3
       -0.5339560840108 bend   6    5    3
        0.5405409255540 bend   6    4    3
  10 k  1.0000000000000 stre   6    8           val=   2.06893
  11 k  1.0000000000000 stre   6    7           val=   2.07186
  12 k  0.0642250480827 bend   7    8    6      val=   0.67975
       -0.5208015670449 bend   9    8    6
       -0.4950671621935 bend   9    7    6
        0.4725361208949 bend   3    8    6
        0.5062202982197 bend   3    7    6
  13 k  0.0115954926570 bend   7    8    6      val=   0.42610
        0.5229747503816 bend   9    8    6
       -0.5514450236215 bend   9    7    6
        0.4736644211996 bend   3    8    6
       -0.4448745407709 bend   3    7    6
  14 k -0.8905403254706 bend   7    8    6      val=   1.24213
        0.1890868863774 bend   9    8    6
        0.1945791230635 bend   9    7    6
        0.2702118260472 bend   3    8    6
        0.2455781180050 bend   3    7    6
  15 k -0.0120921750824 bend   7    8    6      val=   1.65661
        0.4681517731553 bend   9    8    6
       -0.4509924228761 bend   9    7    6
       -0.5339560478033 bend   3    8    6
        0.5405409051274 bend   3    7    6
  16 k  1.0000000000000 tors  10    9    6    3 val= 185.43566
  17 k  1.0000000000000 stre   9   10           val=   1.81961
  18 k  1.0000000000000 bend   6   10    9      val= 108.76392
  19 k  1.0000000000000 tors   2    3    6    9 val= 114.00000
  20 k  1.0000000000000 stre   3    2           val=   2.69897
  21 k  1.0000000000000 bend   6    2    3      val= 108.57583
  22 k  1.0000000000000 stre   6    9           val=   2.69897
  23 k  1.0000000000000 bend   3    9    6      val= 108.57583
  24 k  1.0000000000000 stre   3    6           val=   2.88102
  25 f  1.0000000000000 tors   2    3    6    9 val= 114.00000
        24 non zero eigenvalues  of BmBt
           1           3.975802360    1    0
         1
           2           3.866993954    2    0
         2
           3           3.776331174    3    0
         3
           4           2.999992760    4    0
         4
           5           2.944616251    5    0
         5
           6           2.460760998    6    0
         6
           7           2.107613444    7    0
         7
           8           1.714319268    8    0
         8
           9           1.254209454    9    0
         9
          10           1.215227044   10    0
        10
          11           1.050509545   11    0
        11
          12           0.848362444   12    0
        12
          13           0.769390985   13    0
        13
          14           0.734392350   14    0
        14
          15           0.528149289   15    0
        15
          16           0.498727669   16    0
        16
          17           0.353152814   17    0
        17
          18           0.344329248   18    0
        18
          19           0.281302488   20    0
        20
          20           0.254939012   21    0
        21
          21           0.096765286   22    0
        22
          22           0.083233759   23    0
        23
          23           0.066471571   24    0
        24
          24           0.000000000    0    1
         0.000000000         0.000000000         0.000000000         0.000000000
         0.000000000         0.000000000         0.000000000         0.000000000
         0.000000000         0.000000000         0.000000000         0.000000000
         0.000000000         0.000000000         0.000000000         0.000000000
         0.000000000         0.000000000         0.000000000         0.000000000
         0.000000000         0.000000000         0.000000000         0.000000000
         1.000000000
$end
