$energy      SCF               SCFKIN            SCFPOT
     1 -230.2223347662      229.3299194585     -459.5522542247
     2 -230.2229071925      229.2837514226     -459.5066586151
     3 -230.2229668234      229.2882648899     -459.5112317133
     4 -230.2229878629      229.2918205931     -459.5148084560
     5 -230.2229882027      229.2906162448     -459.5136044475
     6 -230.2229882361      229.2905092694     -459.5134975056
     7 -230.2229882384      229.2905121447     -459.5135003832
     8 -230.2229882410      229.2905405565     -459.5135287975
     9 -230.2229882420      229.2905224091     -459.5135106511
    10 -230.2229882420      229.2905251910     -459.5135134330
    11 -230.2229882424      229.2905243532     -459.5135125956
    12 -230.2229882423      229.2905096471     -459.5134978894
$end
