$grad          cartesian gradients
  cycle =      1    SCF energy =     -230.2223347662   |dE/dxyz| =  0.010774
    0.67779830225522     -0.69644849103825     -4.55407975698347      h
   -0.38114794019589     -0.66789973972051     -3.07672978309218      o
    0.86202945534157      0.73329651682955     -1.14308911587579      c
    1.21549700413490      2.68820124028149     -1.73090251241991      h
    2.67586580282812     -0.12639353986444     -0.63020326261548      h
   -0.86237284186824      0.73289525587471      1.14308632689630      c
   -1.21678877154267      2.68763369435479      1.73088900857792      h
   -2.67578829999043     -0.12767300676961      0.63019331500625      h
    0.38147508142101     -0.66768313100717      3.07674332916003      o
   -0.67768486036586     -0.69715807547759      4.55392142712490      h
  -.52477630362807D-03  0.60523424418864D-03  0.12430863919350D-02
  -.16842273980243D-02  -.14418187186706D-03  0.39815610001840D-02
  0.26087185733766D-02  -.93021699940128D-03  0.34535317959901D-02
  -.36346669464360D-03  0.65240726826366D-03  0.36644099702545D-02
  0.16187839499594D-02  -.18572530782311D-03  -.95258897301000D-03
  -.26089356364905D-02  -.93001786464107D-03  -.34538494812843D-02
  0.36307520730396D-03  0.65278186258320D-03  -.36638451222890D-02
  -.16183335873167D-02  -.18627741096298D-03  0.95221448115802D-03
  0.16852103664185D-02  -.14222065561301D-03  -.39808903601185D-02
  0.52396786534106D-03  0.60456564551693D-03  -.12435958644749D-02
  cycle =      2    SCF energy =     -230.2229071925   |dE/dxyz| =  0.003320
    0.71735104859367     -0.71761677812092     -4.58078850005203      h
   -0.37609131470525     -0.65546383096102     -3.12715748147515      o
    0.84780049132908      0.73659863158043     -1.16640012716915      c
    1.20506145804275      2.68618576958367     -1.77332089310811      h
    2.66227750129734     -0.11892138402227     -0.66087143763193      h
   -0.84816891028654      0.73617595105796      1.16638887634244      c
   -1.20635583778175      2.68557993930577      1.77335622038713      h
   -2.66223702178947     -0.12018944638906      0.66082941069675      h
    0.37637406321999     -0.65535117545996      3.12711920625303      o
   -0.71712854590210     -0.71822695311163      4.58067370153558      h
  -.19481512605266D-03  -.76901545227091D-04  -.47674570503682D-03
  0.75889960379937D-04  0.21215244716346D-03  -.23162876301874D-03
  0.90544227339537D-03  -.98328154177005D-03  0.40014259191720D-03
  0.33469442432610D-03  0.53270363750590D-03  0.12304579025973D-02
  0.32357673259756D-03  0.31385097485011D-03  -.10384460631730D-02
  -.90526389739823D-03  -.98282920883474D-03  -.40015563539524D-03
  -.33515997921133D-03  0.53275549872353D-03  -.12300080452721D-02
  -.32331718870456D-03  0.31382714308887D-03  0.10381028042984D-02
  -.75624595526197D-04  0.21254591359022D-03  0.23176118979611D-03
  0.19458816085188D-03  -.77182880224201D-04  0.47654724052766D-03
  cycle =      3    SCF energy =     -230.2229668234   |dE/dxyz| =  0.002615
    0.72552967524265     -0.74446172437743     -4.56409072565092      h
   -0.38418394442320     -0.64652021126690     -3.12521647782137      o
    0.84449588768325      0.74521223832679     -1.16811887022161      c
    1.20211584012631      2.69005385631548     -1.78847923557465      h
    2.65602063668823     -0.11349372089728     -0.65725990391927      h
   -0.84487770159373      0.74477873952192      1.16810363552187      c
   -1.20341124345824      2.68943072401626      1.78853208209954      h
   -2.65599775523431     -0.11475717854220      0.65720715094397      h
    0.38444812952482     -0.64644488088820      3.12515701629031      o
   -0.72525659253806     -0.74502711874548      4.56399430411069      h
  -.12113393750571D-03  -.34353424540694D-04  -.22105291880001D-03
  0.40967761684267D-04  0.80505973946564D-03  -.24651463904375D-03
  0.64496793288244D-03  -.12062560840379D-02  0.27933899996842D-03
  0.15065896128314D-03  0.25068473623252D-03  0.50922998979903D-03
  0.12809382908997D-03  0.18330136491721D-03  -.54789984289143D-03
  -.64445066554168D-03  -.12061006301182D-02  -.27937873708349D-03
  -.15088840593374D-03  0.25063392023153D-03  -.50899421379365D-03
  -.12800832926954D-03  0.18328860758716D-03  0.54763888183518D-03
  -.41249052838451D-04  0.80524753009728D-03  0.24667392857156D-03
  0.12105717581443D-03  -.34457645268962D-04  0.22098804574755D-03
  cycle =      4    SCF energy =     -230.2229878629   |dE/dxyz| =  0.002638
    0.73129738594530     -0.77575981172546     -4.54382521789898      h
   -0.39409893241507     -0.63723090002246     -3.12079983883073      o
    0.84206240015426      0.75568716734361     -1.16860568390205      c
    1.20121398152215      2.69575059840267     -1.80139848283559      h
    2.64981426932040     -0.10765074854431     -0.65115556894130      h
   -0.84245783421950      0.75524437396773      1.16858690235599      c
   -1.20251077279826      2.69511240582220      1.80146571590304      h
   -2.64980829760764     -0.10890984795105      0.65109637046890      h
    0.39434867697069     -0.63718581696522      3.12072007139724      o
   -0.73097794485461     -0.77628669686475      4.54374470806204      h
  -.19268421922078D-04  0.87732174264914D-05  0.25566528160540D-04
  -.37050668715745D-03  0.11319312349666D-02  -.24895074828030D-03
  0.62790803763505D-03  -.11857948416098D-02  0.43971340672144D-03
  -.20716665818989D-04  0.24113722525487D-04  -.23854881127094D-04
  0.29018613900690D-04  0.19582526303080D-04  0.29458583053067D-04
  -.62728678711259D-03  -.11860496435850D-02  -.43973363166258D-03
  0.20707733339118D-04  0.24043374900088D-04  0.23877728671199D-04
  -.29032920961460D-04  0.19563728066280D-04  -.29548157149640D-04
  0.36988122314957D-03  0.11321045105297D-02  0.24906142065875D-03
  0.19312445229839D-04  0.88074429552754D-05  -.25557613048932D-04
  cycle =      5    SCF energy =     -230.2229882027   |dE/dxyz| =  0.002545
    0.73119180297075     -0.77767161418836     -4.54318697651236      h
   -0.39478571472889     -0.63684610891177     -3.12075781361094      o
    0.84224556747934      0.75661299769420     -1.16854117511886      c
    1.20226622543222      2.69639072006143     -1.80140721958697      h
    2.64943420921904     -0.10769107359363     -0.65105355854163      h
   -0.84264170091779      0.75617133422666      1.16852278391582      c
   -1.20356318728976      2.69575423753366      1.80147273397628      h
   -2.64942868722311     -0.10894969186178      0.65099732812870      h
    0.39503696871206     -0.63679739447361      3.12067869429498      o
   -0.73087255163614     -0.77820268302384      4.54310417883354      h
  -.60769627429268D-05  -.41765977035935D-05  -.36843073022369D-05
  -.48340967372609D-03  0.10002442381018D-02  -.33746517851137D-03
  0.75790966861087D-03  -.10259778723353D-02  0.51201261689622D-03
  0.28019808474812D-05  0.15444906199599D-04  0.63238359210275D-05
  0.15382216467215D-04  0.13049964550999D-04  0.27959711095166D-04
  -.75743232477611D-03  -.10262898676356D-02  -.51196595091707D-03
  -.28028757248691D-05  0.15440363454191D-04  -.63105663315014D-05
  -.15391383834971D-04  0.13038078782963D-04  -.27997236357166D-04
  0.48295153572313D-03  0.10004650754342D-02  0.33746915120713D-03
  0.60845185815082D-05  -.41614733114794D-05  0.36907162088362D-05
  cycle =      7    SCF energy =     -230.2229882384   |dE/dxyz| =  0.002536
    0.74734151605489     -0.80178615377901     -4.54019792790403      h
   -0.38395335241217     -0.66007000706804     -3.12207565499682      o
    0.84666196085115      0.73329583323216     -1.16547619884152      c
    1.20963759289188      2.67279145157570     -1.79731197875817      h
    2.65156883094589     -0.13187406573169     -0.64176544975729      h
   -0.84666095158915      0.73329704029472      1.16547630772558      c
   -1.20963358569393      2.67279318812582      1.79731214233888      h
   -2.65156919398527     -0.13187012495439      0.64176565661275      h
    0.38395239999248     -0.66007066354053      3.12207552152765      o
   -0.74734206910315     -0.80178445340350      4.54019837852787      h
  -.15332213042016D-05  -.30234955789035D-05  -.17658003213476D-05
  -.50122557983617D-03  0.96774473095088D-03  -.35885602188300D-03
  0.80606422317896D-03  -.96881930363658D-03  0.55720177132651D-03
  0.38794760250326D-05  -.14262040827546D-05  0.41933804809817D-05
  -.23535448819186D-06  0.43926938873205D-05  0.79700527821177D-05
  -.80603339028649D-03  -.96883096831843D-03  -.55716777743640D-03
  -.38744980229503D-05  -.14293269902398D-05  -.41975667276215D-05
  0.21896364276960D-06  0.43881475243590D-05  -.79697226763233D-05
  0.50121097566420D-03  0.96776082578294D-03  0.35881089111978D-03
  0.15283632275944D-05  -.30228055118835D-05  0.17806826281314D-05
  cycle =      8    SCF energy =     -230.2229882410   |dE/dxyz| =  0.002537
    0.74736253588915     -0.80164422059963     -4.54024986785559      h
   -0.38392220725898     -0.66010450988791     -3.12210231734285      o
    0.84665804218531      0.73326116177482     -1.16546118103848      c
    1.20959908780133      2.67276136826619     -1.79731602042772      h
    2.65157781308737     -0.13191681310951     -0.64180488326105      h
   -0.84665694911627      0.73326246375920      1.16546130835848      c
   -1.20959509983478      2.67276326062058      1.79731600105757      h
   -2.65157801091897     -0.13191287896740      0.64180515255128      h
    0.38392136008497     -0.66010484483335      3.12210246216620      o
   -0.74736342396651     -0.80164294227174      4.54025014226706      h
  -.89605325335744D-06  -.13539459503069D-05  -.14579941924868D-05
  -.50044611150357D-03  0.96566415851307D-03  -.36184643750061D-03
  0.80286045171712D-03  -.96753821827850D-03  0.56910206922781D-03
  0.24604320097382D-05  -.13709199857425D-06  0.19614903640359D-05
  0.32588492702405D-06  0.22361459813501D-05  0.49095526954228D-05
  -.80284798398870D-03  -.96756072877320D-03  -.56908321917356D-03
  -.24608660951472D-05  -.13367309927603D-06  -.19676882493611D-05
  -.33167913526156D-06  0.22383239252192D-05  -.49099203953268D-05
  0.50043880997713D-03  0.96567759954964D-03  0.36183712423476D-03
  0.89708024222449D-06  -.13576402640683D-05  0.14549191348186D-05
  cycle =     10    SCF energy =     -230.2229882420   |dE/dxyz| =  0.002543
    0.74739948969522     -0.80163962022830     -4.54020596670993      h
   -0.38394709321447     -0.66007895283123     -3.12211085297661      o
    0.84664238712638      0.73329674982290     -1.16544800552106      c
    1.20952915473679      2.67279752118724     -1.79733770111095      h
    2.65158140105678     -0.13190025860762     -0.64189279377829      h
   -0.84664066858864      0.73329883621201      1.16544800510143      c
   -1.20952263154665      2.67280047015591      1.79733780833560      h
   -2.65158177419007     -0.13189373903486      0.64189284199320      h
    0.38394549821841     -0.66007998709717      3.12211080813309      o
   -0.74740080095189     -0.80163686740857      4.54020652806698      h
  0.34345163923611D-06  -.92271327456796D-06  0.48595682221096D-06
  -.50272304807872D-03  0.96400435044232D-03  -.36524541289564D-03
  0.80414113686028D-03  -.96395958980553D-03  0.58518099255694D-03
  0.32118405632296D-06  0.47375845504688D-06  0.15843109888751D-06
  0.88867767893678D-06  -.73492096584225D-06  0.63382692862462D-06
  -.80415952929020D-03  -.96393785224414D-03  -.58520482455540D-03
  -.31686558112538D-06  0.47515334089670D-06  -.15438812067114D-06
  -.87687671353595D-06  -.72460581626565D-06  -.63184180801283D-06
  0.50271850465641D-03  0.96398324678238D-03  0.36525785857317D-03
  -.33670837359864D-06  -.92021420349062D-06  -.48078172485412D-06
  cycle =     11    SCF energy =     -230.2229882424   |dE/dxyz| =  0.002543
    0.74738291046771     -0.80155823770089     -4.54025288015750      h
   -0.38393246641633     -0.66010156690053     -3.12212141383634      o
    0.84664832753467      0.73327700471079     -1.16544590999829      c
    1.20953859406226      2.67277594716487     -1.79733398105802      h
    2.65158339037717     -0.13191782466923     -0.64188205901442      h
   -0.84664647449577      0.73327921702472      1.16544599337519      c
   -1.20953202622580      2.67277912151383      1.79733381516227      h
   -2.65158362227740     -0.13191135827452      0.64188234086835      h
    0.38393105876887     -0.66010200646122      3.12212168462886      o
   -0.74738472945353     -0.80155614423750      4.54025308156335      h
  0.45236951028975D-06  -.32166681885110D-06  -.18097840787532D-06
  -.50339180646552D-03  0.96221945921847D-03  -.36656550245438D-03
  0.80545562866299D-03  -.96302415471035D-03  0.58550139386247D-03
  0.49716517043523D-06  0.18015208476557D-06  0.17137957591183D-06
  0.32231967132752D-06  -.18887657823147D-06  0.69521343891220D-06
  -.80546693756886D-03  -.96301858886833D-03  -.58551163506149D-03
  -.49429218035555D-06  0.17982645329489D-06  -.16976709459618D-06
  -.31918683940475D-06  -.18834605898991D-06  -.69246270007426D-06
  0.50339939947072D-03  0.96222691865795D-03  0.36656972805237D-03
  -.45471966586952D-06  -.32927645275745D-06  0.18245924541783D-06
$end
