$hessapprox internal
  0.165607654052D-01 -0.466463150688D-03  0.618025787699D+00 -0.442312391471D-02
  0.246041703832D-02  0.366431773747D+00 -0.431210831683D-03  0.804632547193D-03
 -0.443158781522D-02  0.422952106892D+00 -0.190463296077D-02  0.124098821917D-02
 -0.329343559646D-02 -0.245839278854D-02  0.420572032149D+00  0.161170188795D-02
 -0.703062238028D-03  0.344046555734D-03  0.102844142191D-02  0.467904656859D-03
  0.345246992145D+00  0.141386277317D-03 -0.460381983068D-04 -0.798879983813D-04
  0.428259198635D-04 -0.181332929869D-04  0.464481029926D-04  0.345869246165D+00
 -0.946187510145D-03  0.257108994442D-03  0.893519427160D-03 -0.132067948818D-03
  0.314314345752D-03 -0.400662942659D-03 -0.412168908446D-04  0.320853671469D+00
 -0.107786114311D-02  0.208719850590D-03  0.161030153033D-02  0.104646356536D-03
  0.676586408641D-03 -0.604693480924D-03 -0.544959354285D-04  0.369424155356D-03
  0.344433920427D+00 -0.419884642621D-03  0.790991382461D-03 -0.436793069881D-02
 -0.211009131946D-02 -0.242217853451D-02  0.101462871344D-02  0.423726035459D-04
 -0.131507096391D-03  0.101203238344D-03  0.423018813917D+00 -0.190356745610D-02
  0.124055712532D-02 -0.329344537907D-02 -0.245781502902D-02 -0.210491953848D-02
  0.468106465896D-03 -0.180995653259D-04  0.314036385213D-03  0.676183518880D-03
 -0.242160827206D-02  0.420572396889D+00  0.159297471056D-02 -0.692347943514D-03
  0.322135073196D-03  0.100877806559D-02  0.452836249274D-03  0.217429794772D-03
  0.461364866678D-04 -0.396995137058D-03 -0.597903116526D-03  0.995249283974D-03
  0.453038321301D-03  0.345250848623D+00  0.771320639713D-04 -0.281707157850D-04
 -0.220792593533D-04  0.326220974888D-04  0.166885767761D-05  0.199576761586D-04
  0.271365827550D-05 -0.212999299785D-04 -0.294466547729D-04  0.322266348943D-04
  0.168412709519D-05  0.198824859631D-04  0.345865059520D+00 -0.930359555985D-03
  0.249939279359D-03  0.898764767936D-03 -0.121164272795D-03  0.319913061746D-03
 -0.399014248046D-03 -0.407845066743D-04  0.291788380903D-03  0.363510252136D-03
 -0.120751931225D-03  0.319636811364D-03 -0.395318767619D-03 -0.211202613352D-04
  0.320846022868D+00 -0.106800345350D-02  0.208279934054D-03  0.158523488410D-02
  0.992373118460D-04  0.664839478654D-03 -0.596575467299D-03 -0.538658901240D-04
  0.365475470640D-03  0.424578529441D-03  0.958969241316D-04  0.664441778791D-03
 -0.589892792985D-03 -0.290868989082D-04  0.359642683934D-03  0.344425837104D+00
  0.261214707950D-02 -0.440781252113D-03 -0.436029921986D-02 -0.450729291707D-03
 -0.188582173556D-02  0.158002539898D-02  0.137897426502D-03 -0.920524227384D-03
 -0.104480479893D-02 -0.439230665374D-03 -0.188477870273D-02  0.156155072810D-02
  0.753674627865D-04 -0.904995315870D-03 -0.103531612738D-02  0.163924358129D-01
 -0.487990584082D-03 -0.152819773792D-03  0.246981973791D-02  0.796923037525D-03
  0.124226469143D-02 -0.709443392918D-03 -0.468368344405D-04  0.263232434084D-03
  0.216981031008D-03  0.783369918631D-03  0.124182886417D-02 -0.698693825519D-03
 -0.285597434896D-04  0.256004102413D-03  0.216443124377D-03 -0.461795284918D-03
  0.618040705681D+00 -0.444028312626D-02  0.247839855963D-02 -0.475889369557D-02
 -0.447434857243D-02 -0.333813955565D-02  0.360243118939D-03 -0.794418415365D-04
  0.893711697598D-03  0.161576669828D-02 -0.441003535011D-02 -0.333814073137D-02
  0.337984810256D-03 -0.216454499735D-04  0.899132627994D-03  0.159055851200D-02
 -0.437759776702D-02  0.248770887817D-02  0.366275853049D+00  0.260500269685D-02
 -0.328342288264D-02  0.156685250302D-01  0.816942298163D-02  0.888166243329D-02
 -0.343405811396D-02 -0.117344615357D-03  0.185647677498D-03 -0.778381543706D-03
  0.804296956726D-02  0.887978853684D-02 -0.336422505006D-02 -0.999441655871D-04
  0.148804263102D-03 -0.753987257076D-03  0.265129118521D-02 -0.326094281786D-02
  0.158285269214D-01  0.455480200521D+00 -0.654605475457D-02  0.224826883396D-02
  0.287702882054D-02 -0.233661532814D-02  0.397751402632D-03 -0.194484915444D-02
 -0.243076399071D-03  0.186299816039D-02  0.251229213479D-02 -0.230996543183D-02
  0.396309468433D-03 -0.193404464440D-02 -0.118451643508D-03  0.184512735918D-02
  0.248250866141D-02 -0.638982486965D-02  0.228346183992D-02  0.284909576448D-02
  0.680589107743D-02  0.389846580258D+00  0.259608206973D-02 -0.326329081849D-02
  0.155523080165D-01  0.811450961972D-02  0.881761099905D-02 -0.340664079981D-02
 -0.116146216028D-03  0.181562549538D-03 -0.776539792778D-03  0.798892029605D-02
  0.881575262735D-02 -0.333732271531D-02 -0.990546349838D-04  0.145008855723D-03
 -0.752275710008D-03  0.264180847567D-02 -0.324102349298D-02  0.157112080019D-01
 -0.305908373194D-01  0.674139719623D-02  0.455898740397D+00 -0.653069041662D-02
  0.223685852632D-02  0.291344682313D-02 -0.231254248409D-02  0.420029090442D-03
 -0.195108899343D-02 -0.243055541573D-03  0.186100575706D-02  0.250696393392D-02
 -0.228625259335D-02  0.418584255800D-03 -0.194011949730D-02 -0.118551276378D-03
  0.184306404015D-02  0.247728256886D-02 -0.637454873528D-02  0.227206261063D-02
  0.288596161338D-02  0.671778584210D-02  0.107165116164D-01  0.665391665083D-02
  0.389852894008D+00 -0.185156902968D-02 -0.166067846282D-03  0.645876426607D-02
  0.176971370720D-02  0.314760129221D-02 -0.196291462524D-02 -0.140629551461D-03
  0.838196810862D-03  0.784936981978D-03  0.173835655398D-02  0.314637163515D-02
 -0.193496902296D-02 -0.828860682750D-04  0.818384403905D-03  0.780723515911D-03
 -0.177096428017D-02 -0.143863797894D-03  0.650085068826D-02 -0.750676581761D-02
  0.674667781468D-02 -0.746311751285D-02  0.671846166374D-02  0.381390646283D+00
  0.000000000000D+00  0.000000000000D+00  0.000000000000D+00  0.000000000000D+00
  0.000000000000D+00  0.000000000000D+00  0.000000000000D+00  0.000000000000D+00
  0.000000000000D+00  0.000000000000D+00  0.000000000000D+00  0.000000000000D+00
  0.000000000000D+00  0.000000000000D+00  0.000000000000D+00  0.000000000000D+00
  0.000000000000D+00  0.000000000000D+00  0.000000000000D+00  0.000000000000D+00
  0.000000000000D+00  0.000000000000D+00  0.000000000000D+00  0.000000000000D+00
$end
