$coord
    0.82726400962030      0.00000233905790     -4.74957165945570  h
   -0.37028074339762      0.00000383094029     -3.38186330655169  o
    0.97408211275247     -0.00000691751913     -1.04938436210035  c
    2.17489971236591      1.67824440661440     -0.86600810840040  h
    2.17488138663580     -1.67827168688805     -0.86601620697822  h
   -0.97408194465025      0.00000089749491      1.04938488458682  c
   -2.17488257137103      1.67826529328129      0.86601548114021  h
   -2.17489815244832     -1.67825099285871      0.86601027910952  h
    0.37028107696104     -0.00000985096641      3.38186364303823  o
   -0.82726360216600     -0.00017256583461      4.74957195153948  h
$user-defined bonds
$intdef
# definitions of internal coordinates
   1 f  1.0000000000000 tors    2    3    6    9 val= 180.00000
$redundant
     number_of_atoms            10
     degrees_of_freedom         24
     internal_coordinates       25
     frozen_coordinates          1
# definitions of redundant internals
   1 k  1.0000000000000 tors   1    2    3    6 val= 179.99989
   2 k  1.0000000000000 stre   2    1           val=   1.81789
   3 k  1.0000000000000 bend   3    1    2      val= 108.83739
   4 k  1.0000000000000 stre   3    5           val=   2.07174
   5 k  1.0000000000000 stre   3    4           val=   2.07174
   6 k  0.0844486040559 bend   4    5    3      val=   0.98539
       -0.5090976174507 bend   2    5    3
       -0.5091012070971 bend   2    4    3
        0.4870879055375 bend   6    5    3
        0.4870825211301 bend   6    4    3
   7 k  0.0000028199113 bend   4    5    3      val=   0.00008
       -0.5405399898925 bend   2    5    3
        0.5405351602828 bend   2    4    3
       -0.4558700918831 bend   6    5    3
        0.4558735780275 bend   6    4    3
   8 k -0.8856026840457 bend   4    5    3      val=   2.64192
        0.1857020594164 bend   2    5    3
        0.1857028351060 bend   2    4    3
        0.2708640573187 bend   6    5    3
        0.2708685116914 bend   6    4    3
   9 k -0.0000015740132 bend   4    5    3      val=   0.00014
       -0.4558704540560 bend   2    5    3
        0.4558732158744 bend   2    4    3
        0.5405378470196 bend   6    5    3
       -0.5405373031569 bend   6    4    3
  10 k  1.0000000000000 stre   6    8           val=   2.07174
  11 k  1.0000000000000 stre   6    7           val=   2.07174
  12 k  0.0844478762743 bend   7    8    6      val=   0.98536
       -0.5090985849268 bend   9    8    6
       -0.5091002045005 bend   9    7    6
        0.4870867058759 bend   3    8    6
        0.4870838836944 bend   3    7    6
  13 k  0.0000021198108 bend   7    8    6      val=   0.00004
       -0.5405386577531 bend   9    8    6
        0.5405358551295 bend   9    7    6
       -0.4558716418774 bend   3    8    6
        0.4558727837033 bend   3    7    6
  14 k -0.8856026839494 bend   7    8    6      val=   2.64193
        0.1857021829666 bend   9    8    6
        0.1857035363644 bend   9    7    6
        0.2708645136577 bend   3    8    6
        0.2708674901972 bend   3    7    6
  15 k -0.0000007590113 bend   7    8    6      val=   0.00004
       -0.4558714428966 bend   9    8    6
        0.4558729826914 bend   9    7    6
        0.5405373188843 bend   3    8    6
       -0.5405371939989 bend   3    7    6
  16 k  1.0000000000000 tors  10    9    6    3 val= 180.00557
  17 k  1.0000000000000 stre   9   10           val=   1.81789
  18 k  1.0000000000000 bend   6   10    9      val= 108.83739
  19 k  1.0000000000000 tors   2    3    6    9 val= 180.00000
  20 k  1.0000000000000 stre   3    2           val=   2.69217
  21 k  1.0000000000000 bend   6    2    3      val= 107.17355
  22 k  1.0000000000000 stre   6    9           val=   2.69217
  23 k  1.0000000000000 bend   3    9    6      val= 107.17354
  24 k  1.0000000000000 stre   3    6           val=   2.86359
  25 f  1.0000000000000 tors   2    3    6    9 val= 180.00000
        24 non zero eigenvalues  of BmBt
           1           3.925582140    1    0
         1
           2           3.751889331    2    0
         2
           3           3.722135571    3    0
         3
           4           3.101952659    4    0
         4
           5           2.995333097    5    0
         5
           6           2.449665513    6    0
         6
           7           2.135512193    7    0
         7
           8           1.672020506    8    0
         8
           9           1.249727584    9    0
         9
          10           1.176174548   10    0
        10
          11           1.066274302   11    0
        11
          12           0.880958266   12    0
        12
          13           0.766624526   13    0
        13
          14           0.753982495   14    0
        14
          15           0.585281393   15    0
        15
          16           0.385395102   16    0
        16
          17           0.353131688   17    0
        17
          18           0.340223295   18    0
        18
          19           0.277710042   20    0
        20
          20           0.260451213   21    0
        21
          21           0.140395400   22    0
        22
          22           0.067085879   23    0
        23
          23           0.064142997   24    0
        24
          24           0.000000000    0    1
         0.000000000         0.000000000         0.000000000         0.000000000
         0.000000000         0.000000000         0.000000000         0.000000000
         0.000000000         0.000000000         0.000000000         0.000000000
         0.000000000         0.000000000         0.000000000         0.000000000
         0.000000000         0.000000000         0.000000000         0.000000000
         0.000000000         0.000000000         0.000000000         0.000000000
         1.000000000
$end
