$coord
    0.74616415814417     -0.47064850886179     -4.64266144473554  h
   -0.38028211277867     -0.52672179392369     -3.21109333656091  o
    0.90370265289461      0.57761781576915     -1.11703074158724  c
    1.53325389949785      2.49378930788291     -1.57261330979746  h
    2.55418529790871     -0.54567031793290     -0.57886450536351  h
   -0.90370095040595      0.57762053782901      1.11703037618792  c
   -1.53324563570479      2.49379417463716      1.57261320073931  h
   -2.55418739318161     -0.54566181748414      0.57886390595027  h
    0.38028011873396     -0.52672342756992      3.21109289918749  o
   -0.74617089800096     -0.47065835268699      4.64265760598301  h
$intdef
# definitions of internal coordinates
   1 f  1.0000000000000 tors    2    3    6    9 val= 129.00000
$user-defined bonds
$redundant
     number_of_atoms            10
     degrees_of_freedom         24
     internal_coordinates       25
     frozen_coordinates          1
# definitions of redundant internals
   1 k  1.0000000000000 tors   1    2    3    6 val= 177.97933
   2 k  1.0000000000000 stre   2    1           val=   1.82247
   3 k  1.0000000000000 bend   3    1    2      val= 107.66633
   4 k  1.0000000000000 stre   3    5           val=   2.06773
   5 k  1.0000000000000 stre   3    4           val=   2.06775
   6 k  0.0667961750686 bend   4    5    3      val=   0.70463
       -0.5146990306395 bend   2    5    3
       -0.5018909182638 bend   2    4    3
        0.4637770666148 bend   6    5    3
        0.5134583892600 bend   6    4    3
   7 k  0.0347623088813 bend   4    5    3      val=   0.95009
        0.5228159310038 bend   2    5    3
       -0.5513882697120 bend   2    4    3
        0.4719762023843 bend   6    5    3
       -0.4457179877196 bend   6    4    3
   8 k -0.8876720531310 bend   4    5    3      val=   1.93489
        0.2011588579447 bend   2    5    3
        0.1831892634068 bend   2    4    3
        0.2834035766382 bend   6    5    3
        0.2402031358701 bend   6    4    3
   9 k -0.0124608222040 bend   4    5    3      val=   1.72719
        0.4753572057641 bend   2    5    3
       -0.4439896413806 bend   2    4    3
       -0.5410995871372 bend   6    5    3
        0.5328833737178 bend   6    4    3
  10 k  1.0000000000000 stre   6    8           val=   2.06773
  11 k  1.0000000000000 stre   6    7           val=   2.06775
  12 k  0.0667961624861 bend   7    8    6      val=   0.70463
       -0.5146988627248 bend   9    8    6
       -0.5018910779057 bend   9    7    6
        0.4637772143523 bend   3    8    6
        0.5134582697291 bend   3    7    6
  13 k  0.0347623090836 bend   7    8    6      val=   0.95009
        0.5228160951618 bend   9    8    6
       -0.5513881241726 bend   9    7    6
        0.4719760561892 bend   3    8    6
       -0.4457181300020 bend   3    7    6
  14 k -0.8876720924341 bend   7    8    6      val=   1.93488
        0.2011589033520 bend   9    8    6
        0.1831891781724 bend   9    7    6
        0.2834034704310 bend   3    8    6
        0.2402031429103 bend   3    7    6
  15 k -0.0124607382967 bend   7    8    6      val=   1.72719
        0.4753571544243 bend   9    8    6
       -0.4439896736908 bend   9    7    6
       -0.5410996542988 bend   3    8    6
        0.5328833263599 bend   3    7    6
  16 k  1.0000000000000 tors  10    9    6    3 val= 177.97976
  17 k  1.0000000000000 stre   9   10           val=   1.82247
  18 k  1.0000000000000 bend   6   10    9      val= 107.66633
  19 k  1.0000000000000 tors   2    3    6    9 val= 129.00000
  20 k  1.0000000000000 stre   3    2           val=   2.69319
  21 k  1.0000000000000 bend   6    2    3      val= 107.73580
  22 k  1.0000000000000 stre   6    9           val=   2.69319
  23 k  1.0000000000000 bend   3    9    6      val= 107.73580
  24 k  1.0000000000000 stre   3    6           val=   2.87363
  25 f  1.0000000000000 tors   2    3    6    9 val= 129.00000
        24 non zero eigenvalues  of BmBt
           1           3.936906042    1    0
         1
           2           3.855595350    2    0
         2
           3           3.761495179    3    0
         3
           4           2.998590562    4    0
         4
           5           2.983288231    5    0
         5
           6           2.451628592    6    0
         6
           7           2.129575140    7    0
         7
           8           1.707659513    8    0
         8
           9           1.246280644    9    0
         9
          10           1.193382191   10    0
        10
          11           1.041020146   11    0
        11
          12           0.848321794   12    0
        12
          13           0.770606197   13    0
        13
          14           0.745205981   14    0
        14
          15           0.554700904   15    0
        15
          16           0.455285446   16    0
        16
          17           0.352274987   17    0
        17
          18           0.340142194   18    0
        18
          19           0.281353787   20    0
        20
          20           0.255006404   21    0
        21
          21           0.112629983   22    0
        22
          22           0.074579945   23    0
        23
          23           0.067120471   24    0
        24
          24           0.000000000    0    1
         0.000000000         0.000000000         0.000000000         0.000000000
         0.000000000         0.000000000         0.000000000         0.000000000
         0.000000000         0.000000000         0.000000000         0.000000000
         0.000000000         0.000000000         0.000000000         0.000000000
         0.000000000         0.000000000         0.000000000         0.000000000
         0.000000000         0.000000000         0.000000000         0.000000000
         1.000000000
$end
