$energy      SCF               SCFKIN            SCFPOT            MP2
     1 -229.0241183052      228.793963     -457.818081     -.8129237234461
     2 -229.0245772838      228.783554     -457.808131     -.8128942529965
     3 -229.0245527649      228.788952     -457.813505     -.8130377218088
     4 -229.0244346835      228.786166     -457.810601     -.8131672418866
     5 -229.0244187631      228.785478     -457.809896     -.8131837313636
     6 -229.0244181228      228.785503     -457.809921     -.8131844230120
     7 -229.0244174163      228.785500     -457.809918     -.8131851294048
     8 -229.0244174162      228.785501     -457.809919     -.8131851385123
     9 -229.0244171261      228.785491     -457.809908     -.8131854472198
    10 -229.0244168244      228.785479     -457.809896     -.8131857633988
    11 -229.0244168246      228.785478     -457.809895     -.8131857475037
    12 -229.0244168817      228.785480     -457.809897     -.8131856818047
    13 -229.0244169039      228.785480     -457.809897     -.8131856537460
$end
