$grad          cartesian gradients
  cycle =      1 MP2 energy =     -229.8370420286 |dE/dxyz| =  0.009805
    0.73807342793409     -0.54958284324420     -4.62843176704351      h
   -0.37889743846718     -0.52788610236628     -3.19434203745216      o
    0.90948431542567      0.57935178025066     -1.10587528445401      c
    1.48560549386243      2.52668623003611     -1.51589171337432      h
    2.60153004158115     -0.50295490742121     -0.59821879908333      h
   -0.90935745104489      0.57954958851461      1.10586887654022      c
   -1.48509446664401      2.52698580442594      1.51586786097136      h
   -2.60162213785371     -0.50243515914092      0.59819514143568      h
    0.37880811594355     -0.52787313124685      3.19436948508511      o
   -0.73858629056701     -0.55042079610921      4.62811996159363      h
  -.24971643658263D-02  -.92142638146747D-03  0.10288199653083D-02
  0.18577517889122D-02  -.84822175632038D-03  -.48691479316165D-03
  -.92356281792227D-03  -.13113915787333D-03  0.35865966906133D-02
  -.82949580746838D-03  0.18120342086161D-02  0.30905167370396D-02
  0.27097202291451D-02  0.86863870057297D-04  -.96575706057850D-03
  0.92453134017401D-03  -.12298173959024D-03  -.35847671791452D-02
  0.83260074923430D-03  0.18069151317976D-02  -.30897813252149D-02
  -.27145919691676D-02  0.85757776104201D-04  0.96328217061198D-03
  -.18549932034668D-02  -.84443334799555D-03  0.48607772131870D-03
  0.24952040558173D-02  -.92336866214510D-03  -.10280729266063D-02
  cycle =      2 MP2 energy =     -229.8374715368 |dE/dxyz| =  0.004650
    0.74357589603405     -0.48628875090424     -4.65287536467923      h
   -0.37074686888104     -0.53230712494642     -3.21253620787840      o
    0.90608629177175      0.57045043823306     -1.11622623798481      c
    1.50948865399093      2.50290331758298     -1.54661991785137      h
    2.57864218094996     -0.52907457546101     -0.59968093444937      h
   -0.90599726311493      0.57057324614173      1.11619947099730      c
   -1.50901053752252      2.50311720903780      1.54671936345404      h
   -2.57877264364647     -0.52857336937054      0.59955198231338      h
    0.37058730805072     -0.53256834755829      3.21245829690094      o
   -0.74390940746235     -0.48681157905643      4.65267127339619      h
  -.91076024034153D-03  -.55081537635215D-03  -.43210843696517D-03
  0.19538112841442D-02  -.82095972226082D-03  0.29334744037968D-03
  -.72164018571419D-03  0.64231485884747D-04  0.14173722371552D-03
  -.20308240115852D-03  0.76961167548495D-03  0.12876744779775D-02
  0.68216163687973D-03  0.53660875759753D-03  -.11528722585621D-02
  0.72184518368257D-03  0.66897286580936D-04  -.14203095009646D-03
  0.20343107630771D-03  0.76857858357160D-03  -.12866707014239D-02
  -.68242674229202D-03  0.53672307519870D-03  0.11514589006897D-02
  -.19535071127468D-02  -.81891029166270D-03  -.29241438402838D-03
  0.91016750101236D-03  -.55196546329456D-03  0.43187868738093D-03
  cycle =      3 MP2 energy =     -229.8375904867 |dE/dxyz| =  0.003786
    0.74086815129697     -0.45410461497051     -4.65174132884135      h
   -0.37448562324874     -0.53204568970084     -3.21211642522857      o
    0.90447627535562      0.57022678987137     -1.11778092992049      c
    1.53014590189829      2.48961213258659     -1.56632705207446      h
    2.55873927239518     -0.54796394403555     -0.58528793059099      h
   -0.90442584080693      0.57030217035890      1.11774408531510      c
   -1.52968737019763      2.48977338809864      1.56650539323796      h
   -2.55892283268643     -0.54747006848696      0.58510859097810      h
    0.37428303094213     -0.53248622642005      3.21196087972548      o
   -0.74104735477838     -0.45442347360295      4.65159644161791      h
  -.26231480268812D-04  -.43509103431968D-04  -.35807550750677D-03
  0.12108089078007D-02  -.10458670548137D-02  0.11638557835232D-02
  -.81471626384699D-03  0.72971171047964D-03  -.12269027434125D-02
  -.73996350491434D-06  0.52251891951904D-04  0.21214042605999D-03
  -.19148898669252D-03  0.30678063894030D-03  -.49186799909262D-03
  0.81469298136438D-03  0.72947749234942D-03  0.12272885759457D-02
  -.96124506132611D-08  0.53109404848151D-04  -.21159770533508D-03
  0.19272181550978D-03  0.30705302850742D-03  0.49133462229378D-03
  -.12113738250008D-02  -.10456638456082D-02  -.11638733410830D-02
  0.26336426828699D-04  -.43344194878170D-04  0.35769788910400D-03
  cycle =      4 MP2 energy =     -229.8376019254 |dE/dxyz| =  0.003453
    0.74154185226126     -0.46260497203718     -4.64588608463664      h
   -0.38016389939493     -0.52883492626744     -3.21109009679337      o
    0.90350550607263      0.57483944195515     -1.11742036670063      c
    1.53418314691604      2.49107023705328     -1.57146630743039      h
    2.55381803172702     -0.54873932034672     -0.57888860557611      h
   -0.90346082461744      0.57491030561604      1.11738131914156      c
   -1.53372012593325      2.49122736358577      1.57164307592170      h
   -2.55401807142639     -0.54824682313182      0.57871866693998      h
    0.37996449919974     -0.52928336904769      3.21092663568549      o
   -0.74170650463461     -0.46291747368075      4.64574348766710      h
  -.31698620782894D-04  0.17271820654266D-04  -.11119486170497D-04
  0.63385397770155D-03  -.13406390004569D-02  0.53280352187102D-03
  -.95920483286394D-03  0.13033468018708D-02  -.92232061405351D-03
  0.38686908160779D-04  0.13509453410609D-04  0.53158402354425D-04
  0.62934414279958D-05  0.66004352194948D-05  0.32135690663848D-04
  0.95957459521046D-03  0.13031223792725D-02  0.92272152938144D-03
  -.38725520398186D-04  0.13501721671361D-04  -.53229297217516D-04
  -.62902132009768D-05  0.65211817230626D-05  -.32334772867126D-04
  -.63422799910384D-03  -.13406620548020D-02  -.53296326306551D-03
  0.31738264035130D-04  0.17427230904157D-04  0.11148289291718D-04
  cycle =      5 MP2 energy =     -229.8376024945 |dE/dxyz| =  0.003274
    0.74324863477174     -0.46967019678253     -4.64359058843596      h
   -0.38162704687914     -0.52731115801402     -3.21090508922004      o
    0.90327214785725      0.57670360841630     -1.11745967036671      c
    1.53330640628233      2.49283975805623     -1.57260874087579      h
    2.55383100470871     -0.54683575442202     -0.57945864247882      h
   -0.90322541327393      0.57677905350128      1.11742112169384      c
   -1.53284131713380      2.49300319985600      1.57277709935273      h
   -2.55402936392689     -0.54634247535837      0.57929887466590      h
    0.38143393477003     -0.52774202323700      3.21074646165338      o
   -0.74342537700622     -0.47000354831724      4.64344089823015      h
  -.22811298724612D-04  -.15542704645821D-05  0.83746327823597D-05
  0.52232211077197D-03  -.13454221106679D-02  0.41613946052799D-03
  -.85677932606476D-03  0.13510010366833D-02  -.73432689242692D-03
  0.18686733379125D-04  0.56015878979743D-05  0.32174689896247D-04
  0.34583565400759D-04  -.95328466294120D-05  0.40520245289555D-04
  0.85706122032292D-03  0.13507143103828D-02  0.73459168683843D-03
  -.18611115097489D-04  0.55454679119826D-05  -.32220688759521D-04
  -.34648785117941D-04  -.95618919448981D-05  -.40531702908186D-04
  -.52262292315319D-03  -.13452499500857D-02  -.41636061654859D-03
  0.22819817893094D-04  -.15413640509776D-05  -.83608150567294D-05
  cycle =      6 MP2 energy =     -229.8376025458 |dE/dxyz| =  0.003175
    0.74399368586510     -0.47140924842607     -4.64299646311918      h
   -0.38187883595305     -0.52692748395320     -3.21095360463467      o
    0.90320359373128      0.57713633604326     -1.11750299033826      c
    1.53286897386699      2.49324469771173     -1.57319919546688      h
    2.55381177547461     -0.54631904477634     -0.58000620714000      h
   -0.90315562813489      0.57721296825871      1.11746453864925      c
   -1.53240378130085      2.49340962499531      1.57336555434667      h
   -2.55400835887222     -0.54582561670919      0.57984798832457      h
    0.38168672115946     -0.52735442999894      3.21079691601292      o
   -0.74417453566634     -0.47174733944664      4.64284518758427      h
  -.15163666602369D-05  -.33306823412627D-05  -.31561454019169D-05
  0.50178988359217D-03  -.13311550815622D-02  0.41357295997013D-03
  -.79294673328878D-03  0.13327762397832D-02  -.66376272088042D-03
  0.57683176475365D-05  -.20175270898370D-05  0.51286327714672D-05
  0.41496169624899D-05  0.38081947595359D-05  0.87553912581084D-05
  0.79321647762054D-03  0.13324689387071D-02  0.66387940140755D-03
  -.57409660845220D-05  -.20216979264021D-05  -.51644878192869D-05
  -.41556522201169D-05  0.38172336724873D-05  -.87224441005507D-05
  -.50208592170797D-03  -.13309987160426D-02  -.41369477828379D-03
  0.15213439197304D-05  -.33469334288216D-05  0.31641917295211D-05
  cycle =      7 MP2 energy =     -229.8376025457 |dE/dxyz| =  0.003160
    0.74399806573174     -0.47100229183238     -4.64307659812377      h
   -0.38179841468964     -0.52704299272337     -3.21099901252148      o
    0.90322489869052      0.57703910070466     -1.11745480456844      c
    1.53278448343085      2.49316876739369     -1.57322898114395      h
    2.55382722171586     -0.54643743467808     -0.58005819234252      h
   -0.90317709075887      0.57711565424215      1.11741637144934      c
   -1.53231971033877      2.49333334242782      1.57339651029928      h
   -2.55402383189514     -0.54594391959505      0.57989911027019      h
    0.38160598089289     -0.52747105185552      3.21084174953531      o
   -0.74417799260935     -0.47133871038528      4.64292557136474      h
  -.11942827624623D-05  -.15907874573173D-07  0.11482574091559D-06
  0.49977001714829D-03  -.13368066734998D-02  0.40288285630918D-03
  -.78348833956898D-03  0.13342657211401D-02  -.63298299066283D-03
  0.75392803444707D-06  0.12470024626232D-05  -.13882689029465D-05
  -.83895886060503D-06  0.13322276919414D-05  0.10736298767799D-05
  0.78378400678458D-03  0.13340211076249D-02  0.63314349119437D-03
  -.77002285969741D-06  0.12776950009119D-05  0.14193171977706D-05
  0.85074793521045D-06  0.13335405222303D-05  -.10709153781541D-05
  -.50006262306646D-03  -.13366443805789D-02  -.40307221716862D-03
  0.11955273206965D-05  -.10363046115680D-07  -.11972916480474D-06
  cycle =      8 MP2 energy =     -229.8376025547 |dE/dxyz| =  0.003160
    0.74614117147710     -0.47062986500806     -4.64267157169532      h
   -0.38028230511187     -0.52671635146053     -3.21108890062926      o
    0.90369486824272      0.57761822943947     -1.11703606286574      c
    1.53324712316536      2.49379201878921     -1.57263483115663      h
    2.55418182134362     -0.54564953576735     -0.57884927516549      h
   -0.90369513164211      0.57761793455837      1.11703616404602      c
   -1.53324810905550      2.49379152830110      1.57263506503910      h
   -2.55418165285559     -0.54565042598969      0.57884938544823      h
    0.38028252291875     -0.52671630033083      3.21108879622725      o
   -0.74614067258615     -0.47062974355204      4.64267167900989      h
  -.96047102093877D-06  -.45547482424579D-06  0.21881979828109D-06
  0.49958565214592D-03  -.13364143099674D-02  0.40312790395181D-03
  -.78343085453847D-03  0.13342069812587D-02  -.63341298622349D-03
  0.78985575102664D-06  0.12918825520458D-05  -.14155941800986D-05
  -.87302817464163D-06  0.13658176500897D-05  0.10777837122777D-05
  0.78339669729788D-03  0.13341227794030D-02  0.63340949303686D-03
  -.80252990453111D-06  0.12869266377002D-05  0.14259719868237D-05
  0.87805102610972D-06  0.13496765103316D-05  -.10876127941595D-05
  -.49954803747720D-03  -.13362914631672D-02  -.40311691739436D-03
  0.96466578058951D-06  -.46284708712929D-06  -.22686176004427D-06
  cycle =      9 MP2 energy =     -229.8376025733 |dE/dxyz| =  0.003163
    0.74613849460342     -0.47061575940136     -4.64267437658073      h
   -0.38028371502563     -0.52671897693634     -3.21108970896736      o
    0.90369842209073      0.57761847333633     -1.11703325766987      c
    1.53325053072791      2.49379033569804     -1.57262173779206      h
    2.55418476866356     -0.54565889430190     -0.57885416357681      h
   -0.90369901397181      0.57761754665820      1.11703322077622      c
   -1.53325181140149      2.49378889827497      1.57262312941465      h
   -2.55418497640899     -0.54565991040916      0.57885321695183      h
    0.38028308231943     -0.52672179603203      3.21108867338328      o
   -0.74613614570080     -0.47061242790709      4.64267545231890      h
  -.54747013278345D-06  -.43866613841370D-07  -.16505037070402D-06
  0.49792231277923D-03  -.13381593894599D-02  0.40268242870134D-03
  -.78188032279680D-03  0.13374696747603D-02  -.63265462402012D-03
  0.41380054005558D-06  0.26595268876051D-06  -.42085317419893D-06
  0.13073587545875D-07  0.46457073699102D-06  0.79410450481987D-06
  0.78190049760218D-03  0.13375060695928D-02  0.63267848358389D-03
  -.44397834497722D-06  0.27513167299986D-06  0.42706883507382D-06
  0.75014918721195D-08  0.45460074615811D-06  -.79876585634686D-06
  -.49796874178121D-03  -.13382802866957D-02  -.40273505052557D-03
  0.58332660923810D-06  0.47512025092011D-07  0.19226022240915D-06
  cycle =     10 MP2 energy =     -229.8376025878 |dE/dxyz| =  0.003164
    0.74614985717121     -0.47065685681330     -4.64265879382501      h
   -0.38029496196586     -0.52671259603979     -3.21108837405642      o
    0.90369937104950      0.57763309607817     -1.11703322380067      c
    1.53324635918388      2.49380341445464     -1.57261615965082      h
    2.55418731491807     -0.54565372358638     -0.57887172284943      h
   -0.90369800755087      0.57763454999751      1.11703369425012      c
   -1.53324660417681      2.49380533391210      1.57261237881718      h
   -2.55418508741971     -0.54565469195821      0.57887458118654      h
    0.38029673201049     -0.52670595312114      3.21109137762212      o
   -0.74615533732356     -0.47066508394392      4.64265669056444      h
  0.36467643793614D-06  -.70138698896050D-06  -.12291767781392D-06
  0.49566983629301D-03  -.13391952095732D-02  0.40174390467396D-03
  -.77991641163777D-03  0.13410591263345D-02  -.63164556259016D-03
  -.84625946028538D-07  -.72252015659302D-06  0.64907579244711D-06
  0.74662773075218D-06  -.45364653789015D-06  0.81439099908209D-07
  0.77993275288302D-03  0.13410455674392D-02  0.63157943208797D-03
  0.86222376127765D-07  -.73087917407122D-06  -.71430526360494D-06
  -.76126089965101D-06  -.48061863999749D-06  -.30623370617100D-07
  -.49555101673437D-03  -.13388458844017D-02  -.40158304895233D-03
  -.48680021480507D-06  -.97457970171799D-06  0.42607328332167D-07
  cycle =     11 MP2 energy =     -229.8376025721 |dE/dxyz| =  0.003164
    0.74616351411898     -0.47066375234349     -4.64265752047767      h
   -0.38028612443115     -0.52671833765680     -3.21109084774006      o
    0.90370353966721      0.57762315889137     -1.11703062207367      c
    1.53325587115727      2.49379256605565     -1.57261000670055      h
    2.55418745983163     -0.54566738904823     -0.57886456277418      h
   -0.90370118440953      0.57762651291297      1.11703035334226      c
   -1.53324743352745      2.49379820803642      1.57260844928485      h
   -2.55418874907399     -0.54565900077391      0.57886494521016      h
    0.38028445377302     -0.52671818576196      3.21109140469401      o
   -0.74617220999867     -0.47067616265320      4.64265305723817      h
  0.17943725971747D-06  -.31757844115576D-06  -.13397373610502D-06
  0.49605927420160D-03  -.13393921510478D-02  0.40176785763713D-03
  -.77997846435274D-03  0.13408352718920D-02  -.63166263597658D-03
  -.44920683617278D-07  -.71718325456160D-06  0.64859949644447D-06
  0.71606746798736D-06  -.42914344300371D-06  0.15925186358512D-06
  0.78005173118489D-03  0.13409698169000D-02  0.63164168703611D-03
  0.98195844788762D-07  -.71145458369060D-06  -.66318366331863D-06
  -.75901170104586D-06  -.39013164188084D-06  -.13305117241291D-06
  -.49610003632061D-03  -.13394415550203D-02  -.40173720211545D-03
  -.22227294227406D-06  -.40592172045884D-06  0.11265364818769D-06
  cycle =     12 MP2 energy =     -229.8376025635 |dE/dxyz| =  0.003164
    0.74615581477957     -0.47061221958379     -4.64267306949913      h
   -0.38027569537315     -0.52672996589842     -3.21109497870795      o
    0.90370475631410      0.57760885224409     -1.11702907033220      c
    1.53325744383989      2.49378014618069     -1.57260873986021      h
    2.55418641279288     -0.54567986077834     -0.57885967645642      h
   -0.90370355325320      0.57761102570625      1.11702857439775      c
   -1.53324941536478      2.49378424186960      1.57260977859352      h
   -2.55418916346610     -0.54567137071900      0.57885828807460      h
    0.38027316493617     -0.52673384038739      3.21109355340672      o
   -0.74616062809805     -0.47061939097487      4.64266999038666      h
  -.22242947217421D-06  0.71151905442490D-06  -.24399011078202D-06
  0.49694395315658D-03  -.13400848614040D-02  0.40192977722686D-03
  -.78017462694202D-03  0.13395428417082D-02  -.63139499660253D-03
  0.34005587901120D-07  -.13304589785434D-06  0.14692615435408D-06
  0.91573876925821D-07  -.27200317775922D-07  0.45395334935527D-07
  0.78016234953404D-03  0.13395318463525D-02  0.63141187884114D-03
  -.10865500055246D-07  -.11725722837141D-06  -.13001354870479D-06
  -.95842375813504D-07  0.33760905182589D-08  -.45835356399238D-07
  -.49698345763538D-03  -.13402172887331D-02  -.40199400861241D-03
  0.25533949576939D-06  0.79003981764969D-06  0.27486612319549D-06
  cycle =     13 MP2 energy =     -229.8376025576 |dE/dxyz| =  0.003163
    0.74616415814417     -0.47064850886179     -4.64266144473554      h
   -0.38028211277867     -0.52672179392369     -3.21109333656091      o
    0.90370265289461      0.57761781576915     -1.11703074158724      c
    1.53325389949785      2.49378930788291     -1.57261330979746      h
    2.55418529790871     -0.54567031793290     -0.57886450536351      h
   -0.90370095040595      0.57762053782901      1.11703037618792      c
   -1.53324563570479      2.49379417463716      1.57261320073931      h
   -2.55418739318161     -0.54566181748414      0.57886390595027      h
    0.38028011873396     -0.52672342756992      3.21109289918749      o
   -0.74617089800096     -0.47065835268699      4.64265760598301      h
  0.13141564014774D-06  -.44887223626944D-06  0.45312899654704D-07
  0.49648185453233D-03  -.13389155192014D-02  0.40183115936543D-03
  -.78018475265829D-03  0.13394208939541D-02  -.63145446809670D-03
  0.30004297935093D-07  -.38526162704500D-07  0.94163991826157D-07
  0.26140654085793D-07  -.17269405683251D-07  -.44477176497359D-07
  0.78017077173431D-03  0.13393637219741D-02  0.63143963677142D-03
  -.11837570479400D-07  -.26517347428978D-07  -.10179280063305D-06
  -.30042831333787D-07  -.26997515334415D-08  0.56802841874593D-07
  -.49644999406873D-03  -.13388222341462D-02  -.40180117569211D-03
  -.16355965826165D-06  -.51300824074896D-06  -.65162631290860D-07
$end
