$hessapprox internal
  0.286695191328D-01 -0.459582224117D-03  0.614318884920D+00  0.903489898262D-03
 -0.504026894136D-03  0.371025063909D+00  0.579979031458D-03 -0.183810989714D-02
 -0.189542354798D-02  0.418720898674D+00 -0.104848033206D-03  0.184787240245D-02
  0.195139740773D-02  0.749066734380D-02  0.418476797640D+00  0.866461434664D-03
  0.101622302779D-02  0.116186890302D-02  0.427548306871D-02 -0.430494113900D-02
  0.343685027550D+00  0.156685180258D-03  0.662820558379D-03  0.718605981270D-03
  0.271966545084D-02 -0.275155133022D-02 -0.154689870880D-02  0.345871003296D+00
 -0.517607807385D-03 -0.579899271668D-03 -0.665235021838D-03 -0.244368139471D-02
  0.245977259686D-02  0.135874735608D-02  0.883569971820D-03  0.320551292688D+00
 -0.297412132167D-03  0.123245879200D-02  0.127966823980D-02  0.495756971180D-02
 -0.503512472065D-02 -0.286801670023D-02 -0.182688065020D-02  0.163909179135D-02
  0.341726774252D+00  0.656304226916D-03 -0.188040272447D-02 -0.193298914249D-02
 -0.752972633151D-02  0.765433805477D-02  0.437296808033D-02  0.277994485215D-02
 -0.249949783188D-02  0.506489149505D-02  0.418399830718D+00 -0.185631555656D-03
  0.189848793660D-02  0.199736932527D-02  0.768268978324D-02 -0.779370170571D-02
 -0.442175908170D-02 -0.282407817358D-02  0.252664175950D-02 -0.516469742602D-02
  0.785021338232D-02  0.418077434898D+00  0.723938512756D-03  0.977715264485D-03
  0.110731223665D-02  0.409494961543D-02 -0.412669452566D-02 -0.228876022908D-02
 -0.148428143148D-02  0.130654639975D-02 -0.274758920998D-02  0.418785329961D-02
 -0.423810127466D-02  0.343865800036D+00  0.568794495198D-03  0.837717129434D-03
  0.943814918288D-03  0.349990393251D-02 -0.352870058942D-02 -0.196030806047D-02
 -0.126987084224D-02  0.111912816197D-02 -0.234864967675D-02  0.357908835143D-02
 -0.362369297600D-02 -0.188368457280D-02  0.345252190059D+00 -0.484208070593D-03
 -0.613873413916D-03 -0.698091299230D-03 -0.257608697143D-02  0.259509792560D-02
  0.143745179851D-02  0.933010898111D-03 -0.820528168319D-03  0.172829411682D-02
 -0.263465799432D-02  0.266531269545D-02  0.138176007605D-02  0.118333343264D-02
  0.320458910422D+00 -0.523531877889D-03  0.142471981454D-02  0.146204083111D-02
  0.570059179095D-02 -0.579582109547D-02 -0.331288444825D-02 -0.210531537126D-02
  0.189361699874D-02 -0.383468896292D-02  0.582320169273D-02 -0.594399362172D-02
 -0.317245070789D-02 -0.271119770771D-02  0.199590167601D-02  0.340652155682D+00
  0.165398487992D-01 -0.575844777968D-03  0.976536790496D-03  0.453147083257D-03
  0.919208040321D-04  0.110852104236D-02  0.255406083217D-03 -0.659092841621D-03
 -0.199123158949D-03  0.535676005250D-03  0.524245098493D-05  0.940938438657D-03
  0.747265564533D-03 -0.624752453014D-03 -0.435940935145D-03  0.330455465326D-01
 -0.473683648704D-03 -0.437538602605D-03 -0.509906737820D-03 -0.185781693305D-02
  0.186737834606D-02  0.102635930286D-02  0.669692993624D-03 -0.585668639582D-03
  0.124561394352D-02 -0.190060346557D-02  0.191857798764D-02  0.987537579277D-03
  0.846165914041D-03 -0.620021531899D-03  0.144004205478D-02 -0.592477720756D-03
  0.614310306088D+00  0.687429996748D-03 -0.526579177858D-03 -0.492957045308D-03
 -0.202354345077D-02  0.207406443537D-02  0.121747627510D-02  0.760113967343D-03
 -0.696669756304D-03  0.136439995854D-02 -0.206486470145D-02  0.212439561808D-02
  0.116221931683D-02  0.991520216670D-03 -0.732184981398D-03  0.156229558928D-02
  0.726596371808D-03 -0.532558118118D-03  0.370936988874D+00  0.334135431309D-03
 -0.117650951792D-02 -0.121675438735D-02 -0.472403251842D-02  0.479962500904D-02
  0.273710992054D-02  0.174211493082D-02 -0.156435593153D-02  0.317713890016D-02
 -0.482607598440D-02  0.492286474006D-02  0.262180853080D-02  0.224095716316D-02
 -0.164927599336D-02  0.365378591314D-02  0.247582892858D-03 -0.118909958484D-02
 -0.129828374745D-02  0.488734317700D+00 -0.658705302127D-02  0.171612175173D-02
  0.118927441083D-02  0.586073391551D-02 -0.616023720200D-02 -0.390639882949D-02
 -0.231867855593D-02  0.224215668990D-02 -0.398097284551D-02  0.596023759732D-02
 -0.628524919462D-02 -0.369681463532D-02 -0.313857801304D-02  0.233775365165D-02
 -0.450113382176D-02 -0.734426703498D-02  0.173838633288D-02  0.138642941304D-02
  0.377206421776D-02  0.378739026155D+00  0.365780713835D-03 -0.123974431716D-02
 -0.128083841929D-02 -0.497562779358D-02  0.505570782494D-02  0.288403036898D-02
  0.183525061375D-02 -0.164834754660D-02  0.334643710106D-02 -0.508304515815D-02
  0.518544856900D-02  0.276243889283D-02  0.236111153058D-02 -0.173776843887D-02
  0.384830995281D-02  0.276558456582D-03 -0.125301982322D-02 -0.136692533722D-02
 -0.318888563870D-02  0.396712355018D-02  0.488403141868D+00 -0.510870696429D-02
  0.158574989455D-02  0.119280557954D-02  0.558063642142D-02 -0.582704669534D-02
 -0.362343827008D-02 -0.217819829678D-02  0.207818736887D-02 -0.378329617554D-02
  0.568049181470D-02 -0.595133988228D-02 -0.343641332594D-02 -0.292101912575D-02
  0.217105469414D-02 -0.429201461826D-02 -0.566675395026D-02  0.160569778649D-02
  0.136244034641D-02  0.358878128981D-02 -0.246984999339D-02  0.377546649509D-02
  0.378092472389D+00 -0.209695020794D-02 -0.405328666966D-03 -0.631545878650D-03
 -0.200104766039D-02  0.195846208216D-02  0.974208334748D-03  0.680868184726D-03
 -0.553345807168D-03  0.133153115754D-02 -0.205409772646D-02  0.202077650158D-02
  0.949498514149D-03  0.819269638669D-03 -0.592855286346D-03  0.155924624914D-02
 -0.244716070761D-02 -0.408251816661D-03 -0.631263166243D-03 -0.127667316110D-02
  0.254097257710D-02 -0.134681448642D-02  0.223911697736D-02  0.386424212726D+00
  0.000000000000D+00  0.000000000000D+00  0.000000000000D+00  0.000000000000D+00
  0.000000000000D+00  0.000000000000D+00  0.000000000000D+00  0.000000000000D+00
  0.000000000000D+00  0.000000000000D+00  0.000000000000D+00  0.000000000000D+00
  0.000000000000D+00  0.000000000000D+00  0.000000000000D+00  0.000000000000D+00
  0.000000000000D+00  0.000000000000D+00  0.000000000000D+00  0.000000000000D+00
  0.000000000000D+00  0.000000000000D+00  0.000000000000D+00  0.000000000000D+00
$end
