$coord
    0.81164121345263      0.02325756933582     -4.75146407212042  h
   -0.36988876739456     -0.11031766619066     -3.37629087577414  o
    0.97162824249625      0.11382447094701     -1.05250832255265  c
    2.08573103857929      1.85847471952405     -0.98295022197447  h
    2.25638464030793     -1.48649065989177     -0.76660825011275  h
   -0.97162804719630      0.11382505940875      1.05250812141163  c
   -2.08572974057596      1.85847600438771      0.98294988319360  h
   -2.25638541860891     -1.48648926264885      0.76660789232579  h
    0.36988862657648     -0.11031776685273      3.37629078430324  o
   -0.81164289272531      0.02324713889477      4.75146367140705  h
$user-defined bonds
$intdef
# definitions of internal coordinates
   1 f  1.0000000000000 tors    2    3    6    9 val= 170.00000
$redundant
     number_of_atoms            10
     degrees_of_freedom         24
     internal_coordinates       25
     frozen_coordinates          1
# definitions of redundant internals
   1 k  1.0000000000000 tors   1    2    3    6 val= 175.37617
   2 k  1.0000000000000 stre   2    1           val=   1.81795
   3 k  1.0000000000000 bend   3    1    2      val= 108.83892
   4 k  1.0000000000000 stre   3    4           val=   2.07120
   5 k  1.0000000000000 stre   3    5           val=   2.07204
   6 k  0.0828011324389 bend   5    4    3      val=   0.96014
       -0.5097410482550 bend   2    4    3
       -0.5082912542856 bend   2    5    3
        0.4950943133063 bend   6    4    3
        0.4794055255619 bend   6    5    3
   7 k  0.0140808775779 bend   5    4    3      val=   0.37762
       -0.5429940440076 bend   2    4    3
        0.5374990296855 bend   2    5    3
       -0.4536206796812 bend   6    4    3
        0.4585654469230 bend   6    5    3
   8 k -0.8858136853867 bend   5    4    3      val=   2.58386
        0.1811809567481 bend   2    4    3
        0.1913792750702 bend   2    5    3
        0.2626845821302 bend   6    4    3
        0.2772694701515 bend   6    5    3
   9 k -0.0031500588905 bend   5    4    3      val=   0.42142
       -0.4504549425252 bend   2    4    3
        0.4618894188573 bend   2    5    3
        0.5371043139792 bend   6    4    3
       -0.5433760599587 bend   6    5    3
  10 k  1.0000000000000 stre   6    7           val=   2.07120
  11 k  1.0000000000000 stre   6    8           val=   2.07204
  12 k  0.0828015344663 bend   8    7    6      val=   0.96015
       -0.5097409802688 bend   9    7    6
       -0.5082913474953 bend   9    8    6
        0.4950943944743 bend   3    7    6
        0.4794053457631 bend   3    8    6
  13 k  0.0140810044101 bend   8    7    6      val=   0.37763
       -0.5429942780863 bend   9    7    6
        0.5374990674097 bend   9    8    6
       -0.4536204259774 bend   3    7    6
        0.4585653726026 bend   3    8    6
  14 k -0.8858136691080 bend   8    7    6      val=   2.58385
        0.1811807307539 bend   9    7    6
        0.1913790667585 bend   9    8    6
        0.2626846575449 bend   3    7    6
        0.2772697421684 bend   3    8    6
  15 k -0.0031501423149 bend   8    7    6      val=   0.42143
       -0.4504547113644 bend   9    7    6
        0.4618893274966 bend   9    8    6
        0.5371044593084 bend   3    7    6
       -0.5433761851138 bend   3    8    6
  16 k  1.0000000000000 tors  10    9    6    3 val= 175.37655
  17 k  1.0000000000000 stre   9   10           val=   1.81795
  18 k  1.0000000000000 bend   6   10    9      val= 108.83892
  19 k  1.0000000000000 tors   2    3    6    9 val= 170.00000
  20 k  1.0000000000000 stre   3    2           val=   2.69256
  21 k  1.0000000000000 bend   6    2    3      val= 107.22851
  22 k  1.0000000000000 stre   6    9           val=   2.69256
  23 k  1.0000000000000 bend   3    9    6      val= 107.22852
  24 k  1.0000000000000 stre   3    6           val=   2.86485
  25 f  1.0000000000000 tors   2    3    6    9 val= 170.00000
        24 non zero eigenvalues  of BmBt
           1           3.933170604    1    0
         1
           2           3.757161907    2    0
         2
           3           3.720139712    3    0
         3
           4           3.092742541    4    0
         4
           5           2.996323401    5    0
         5
           6           2.447979769    6    0
         6
           7           2.136619357    7    0
         7
           8           1.674700086    8    0
         8
           9           1.249711728    9    0
         9
          10           1.176614008   10    0
        10
          11           1.063877169   11    0
        11
          12           0.880437630   12    0
        12
          13           0.766778181   13    0
        13
          14           0.753768801   14    0
        14
          15           0.583412602   15    0
        15
          16           0.388585349   16    0
        16
          17           0.353616741   17    0
        17
          18           0.340538901   18    0
        18
          19           0.279727086   20    0
        20
          20           0.258073416   21    0
        21
          21           0.139306918   22    0
        22
          22           0.067013723   23    0
        23
          23           0.064435436   24    0
        24
          24           0.000000000    0    1
         0.000000000         0.000000000         0.000000000         0.000000000
         0.000000000         0.000000000         0.000000000         0.000000000
         0.000000000         0.000000000         0.000000000         0.000000000
         0.000000000         0.000000000         0.000000000         0.000000000
         0.000000000         0.000000000         0.000000000         0.000000000
         0.000000000         0.000000000         0.000000000         0.000000000
         1.000000000
$end
