$energy      SCF               SCFKIN            SCFPOT
     1 -230.2268028621      229.2941311208     -459.5209339829
     2 -230.2268733443      229.2912558585     -459.5181292027
     3 -230.2268948543      229.2918589609     -459.5187538152
     4 -230.2268952792      229.2915833210     -459.5184786003
     5 -230.2268953376      229.2916731474     -459.5185684850
     6 -230.2268953428      229.2916886227     -459.5185839655
     7 -230.2268953445      229.2916875171     -459.5185828616
     8 -230.2268953454      229.2917005961     -459.5185959415
     9 -230.2268953454      229.2916974602     -459.5185928056
    10 -230.2268953455      229.2917020687     -459.5185974142
    11 -230.2268953456      229.2917072179     -459.5186025635
$end
