$grad          cartesian gradients
  cycle =      1    SCF energy =     -230.2268028621   |dE/dxyz| =  0.002128
    0.82391599075819     -0.11156011504435     -4.74464481310230      h
   -0.37070672678862     -0.10687343913300     -3.37438946510051      o
    0.97171539780914      0.11730065991639     -1.05157737044587      c
    2.06259420199236      1.87681270718042     -0.97272841863630      h
    2.27765899601621     -1.46691736089637     -0.77429455396662      h
   -0.97171055722731      0.11733559433029      1.05157672633737      c
   -2.06255817492887      1.87686899847177      0.97271816029638      h
   -2.27768056645622     -1.46685856668359      0.77429746774734      h
    0.37070454015705     -0.10684369539577      3.37439230815976      o
   -0.82395342044772     -0.11200383044868      4.74461470539767      h
  -.12886243700414D-04  -.32743394631463D-03  0.83213663797617D-04
  -.44369111367751D-04  -.64446598525641D-03  0.20692208606408D-03
  -.14093372121389D-03  0.42464479604682D-03  0.23671547962820D-03
  -.66486791319243D-03  0.27462311771061D-03  0.52431219892646D-03
  0.66438445438075D-03  0.27169650390022D-03  -.35701195352079D-03
  0.14058216479116D-03  0.42562862224977D-03  -.23654698361962D-03
  0.66438214793600D-03  0.27507824339550D-03  -.52387117779167D-03
  -.66378323001087D-03  0.27212470867695D-03  0.35659542884784D-03
  0.44545978334733D-04  -.64349116873461D-03  -.20685776809940D-03
  0.12945595668752D-04  -.32819172257265D-03  -.83471024295379D-04
  cycle =      2    SCF energy =     -230.2268733443   |dE/dxyz| =  0.001949
    0.82223613891001     -0.05319001344729     -4.74937403124037      h
   -0.36813572328114     -0.11708022136700     -3.37675247531663      o
    0.97209888392979      0.10701586204247     -1.05233857682184      c
    2.07672266763735      1.85832317946962     -0.97621335105845      h
    2.26565517011687     -1.48628435764263     -0.77193269390210      h
   -0.97209153542767      0.10703024934751      1.05233516720782      c
   -2.07668225555642      1.85835988779988      0.97622820450037      h
   -2.26567719227658     -1.48624129155801      0.77190597414325      h
    0.36813163509310     -0.11711289512864      3.37675120292153      o
   -0.82227810826110     -0.05355944721881      4.74935532625335      h
  0.35909147751379D-05  -.16528832651288D-03  -.15137284690183D-04
  0.85062963006988D-04  -.98969917286808D-03  0.35139078466601D-04
  -.11423057445433D-03  0.69182306837965D-03  -.11227351138418D-03
  -.18209495504469D-03  0.23199710052156D-03  0.32654422817205D-03
  0.19316871048721D-03  0.23037344452038D-03  -.30931625756223D-03
  0.11418346566553D-03  0.69284912343709D-03  0.11198272999981D-03
  0.18193222179812D-03  0.23202623335592D-03  -.32618685064155D-03
  -.19293375496960D-03  0.23051035756704D-03  0.30904727826697D-03
  -.85148131012206D-04  -.98900673359454D-03  -.34845946007929D-04
  -.35334008265370D-05  -.16582658940740D-03  0.15043214993833D-04
  cycle =      3    SCF energy =     -230.2268948543   |dE/dxyz| =  0.002292
    0.81780799357419      0.00223680668158     -4.75013685954148      h
   -0.36596062138437     -0.12728775485604     -3.37645228427455      o
    0.97299373970422      0.09679697261088     -1.05142921717041      c
    2.08780674965100      1.84123067114660     -0.97878225921518      h
    2.25652370292724     -1.50416576673058     -0.76566794452592      h
   -0.97299061779277      0.09678546196310      1.05142480317167      c
   -2.08776792353455      1.84124432603176      0.97883285892601      h
   -2.25655284048325     -1.50414187651322      0.76560690112244      h
    0.36595403622502     -0.12740093688167      3.37644303083752      o
   -0.81783453800251      0.00196304884471      4.75012571735682      h
  0.26236498416345D-04  -.54755962840882D-05  0.50859167037312D-05
  0.55616639956959D-04  -.11686601539015D-02  0.15393463627947D-03
  -.39108837987886D-04  0.10782053740127D-02  -.19117018301091D-03
  0.65196113157076D-04  0.63467579241722D-04  0.90778004812305D-04
  -.71537881073653D-04  0.32217972625756D-04  -.10409925004946D-03
  0.39226668354995D-04  0.10788113766409D-02  0.19125261271457D-03
  -.65204396569769D-04  0.63424470345475D-04  -.90661610277854D-04
  0.71533326312469D-04  0.32115407023876D-04  0.10392652897919D-03
  -.55654886733029D-04  -.11683792849176D-02  -.15395980645135D-03
  -.26304684930168D-04  -.56833996489434D-05  -.50876586103059D-05
  cycle =      4    SCF energy =     -230.2268952792   |dE/dxyz| =  0.002223
    0.81755856446023      0.00547435769337     -4.75049746909127      h
   -0.36571871039963     -0.12816843423508     -3.37681415494298      o
    0.97291985269067      0.09591103261520     -1.05139363761575      c
    2.08729701163830      1.84036312701625     -0.97967562210009      h
    2.25692202851002     -1.50476245619005     -0.76449368334641      h
   -0.97291927878170      0.09589273340439      1.05138905677978      c
   -2.08726009683721      1.84037087533387      0.97973637158690      h
   -2.25695427675070     -1.50474312839137      0.76442460612538      h
    0.36571162148961     -0.12830275647926      3.37680226020708      o
   -0.81757703513538      0.00522560152980      4.75048701908429      h
  0.63346011107731D-05  0.73035456297342D-06  -.33094088562783D-05
  0.65752322334604D-04  -.11054681287333D-02  0.68872669540640D-04
  -.97289921245028D-04  0.10981735896561D-02  -.14057191888861D-03
  0.16093492314656D-04  0.81188963719013D-05  0.39862836418067D-04
  -.21953193139684D-04  -.16812394892271D-05  -.31244558532624D-04
  0.97341366239733D-04  0.10985075273633D-02  0.14073112800724D-03
  -.16107743992975D-04  0.81172671867412D-05  -.39815528809287D-04
  0.21973198184074D-04  -.17267214182248D-05  0.31115257962100D-04
  -.65758282317972D-04  -.11053016922408D-02  -.68939414380298D-04
  -.63866688132140D-05  0.60546156094693D-06  0.32986352758567D-05
  cycle =      6    SCF energy =     -230.2268953428   |dE/dxyz| =  0.002150
    0.81157769927829      0.02390403546949     -4.75148622859782      h
   -0.36987045492246     -0.11035809859045     -3.37631221175792      o
    0.97162588574115      0.11378308035991     -1.05251718515343      c
    2.08564955331314      1.85844833514745     -0.98280356918328      h
    2.25642471586451     -1.48653506675381     -0.76666470715972      h
   -0.97162463735216      0.11378627556706      1.05251697409029      c
   -2.08564514126994      1.85845360650101      0.98280135051550      h
   -2.25642600423638     -1.48652973327474      0.76666352666153      h
    0.36986980863430     -0.11035547364945      3.37631267737921      o
   -0.81158544051211      0.02386478167202      4.75148475207277      h
  -.12875301134821D-05  0.12597915143231D-05  0.45701988111547D-06
  0.67597632934531D-04  -.10623923220937D-02  0.59463212702090D-04
  -.10688738015756D-03  0.10730344833120D-02  -.10629181648701D-03
  -.67265892533790D-05  -.55508993427517D-05  0.74919589722895D-05
  0.37163644149489D-05  -.63754360796286D-05  -.52912016854986D-06
  0.10690606822445D-03  0.10731687684150D-02  0.10642610967167D-03
  0.67084664492070D-05  -.55359960179745D-05  -.74890784210374D-05
  -.37004605101278D-05  -.63879608358314D-05  0.44751416216541D-06
  -.67583404142477D-04  -.10622952276474D-02  -.59497869562583D-04
  0.12563641214850D-05  0.11980476065949D-05  -.47822884602850D-06
  cycle =      7    SCF energy =     -230.2268953445   |dE/dxyz| =  0.002137
    0.81159802646883      0.02367955869825     -4.75147010870385      h
   -0.36987924168926     -0.11030537635533     -3.37629224665143      o
    0.97163117494288      0.11383425687283     -1.05251264060047      c
    2.08568362632282      1.85850623367581     -0.98286603571043      h
    2.25641750651036     -1.48647063222542     -0.76665396709500      h
   -0.97163055334973      0.11383571423563      1.05251223382124      c
   -2.08567968702234      1.85850991967099      0.98286653281031      h
   -2.25641963543526     -1.48646650451753      0.76665076047543      h
    0.36987839105428     -0.11030826729332      3.37629204678777      o
   -0.81160362326425      0.02364683968657      4.75146880373356      h
  -.67411541782079D-06  0.75708753770282D-06  0.60636252529762D-06
  0.68052843268613D-04  -.10601978233727D-02  0.63285564806859D-04
  -.10449067281771D-03  0.10622293940188D-02  -.10320325732795D-03
  -.27197388066025D-05  -.11146532014513D-05  0.40218358447267D-05
  0.98625656179552D-06  -.16727450040326D-05  -.15186983767122D-05
  0.10448508345649D-03  0.10623348936718D-02  0.10326621571586D-03
  0.27142356197846D-05  -.11098286877267D-05  -.40144712436286D-05
  -.96704924103185D-06  -.16774734649677D-05  0.14635418715013D-05
  -.68039302609168D-04  -.10601440493515D-02  -.63306372643201D-04
  0.65214175334448D-06  0.71718820015628D-06  -.60091416897690D-06
  cycle =      9    SCF energy =     -230.2268953454   |dE/dxyz| =  0.002127
    0.81163761677932      0.02331017144399     -4.75146665361704      h
   -0.36988182193192     -0.11033862617477     -3.37628942984845      o
    0.97163151889015      0.11380347608294     -1.05250912331106      c
    2.08572121620954      1.85846957511756     -0.98293799317416      h
    2.25640165859950     -1.48649654499410     -0.76662458314552      h
   -0.97163112208900      0.11380441441356      1.05250905795613      c
   -2.08571982188311      1.85847115553400      0.98293727176034      h
   -2.25640207926525     -1.48649494108235      0.76662426612170      h
    0.36988160499608     -0.11033786617016      3.37628957126810      o
   -0.81163987539379      0.02329879274343      4.75146622609682      h
  -.92830176363905D-08  0.20676002453746D-06  -.64846564006339D-06
  0.68068497790976D-04  -.10579574612699D-02  0.64319126515646D-04
  -.10549482581840D-03  0.10548145152823D-02  -.98820366491278D-04
  0.55479268930814D-06  0.16786252911282D-05  0.44257679225398D-06
  -.46327965263372D-06  0.12925816712205D-05  -.12675388298631D-05
  0.10550014365055D-03  0.10548087258180D-02  0.98853197478433D-04
  -.56331080850003D-06  0.16753869523876D-05  -.46197604141883D-06
  0.47220278785355D-06  0.12786026431000D-05  0.12648061101347D-05
  -.68071455320407D-04  -.10578877814375D-02  -.64321661101350D-04
  0.63794966060431D-08  0.21049146006543D-06  0.64021741000370D-06
  cycle =     10    SCF energy =     -230.2268953455   |dE/dxyz| =  0.002129
    0.81163897610684      0.02328519750409     -4.75146588655019      h
   -0.36988528001613     -0.11032785108269     -3.37629075918695      o
    0.97162951091420      0.11381363587495     -1.05250860989531      c
    2.08572449173408      1.85847158198317     -0.98294133397366      h
    2.25639402105022     -1.48649393826582     -0.76661710217697      h
   -0.97162933178638      0.11381399821561      1.05250849788303      c
   -2.08572334824705      1.85847260271431      0.98294170768287      h
   -2.25639465381718     -1.48649275302686      0.76661591657154      h
    0.36988498080208     -0.11032919988298      3.37629066570880      o
   -0.81164047182915      0.02327633288032      4.75146551404370      h
  -.38743912472793D-06  0.89413622993685D-07  -.24560028075842D-06
  0.68029701593169D-04  -.10578386927042D-02  0.63211756893236D-04
  -.10596921708212D-03  0.10568845270487D-02  -.98242101487476D-04
  -.24425898681833D-07  0.49938369802902D-06  0.40438728291870D-06
  -.14633248862084D-08  0.40392633045421D-06  -.71825493123535D-06
  0.10597685331176D-03  0.10569337051042D-02  0.98275478174716D-04
  0.15095199715428D-07  0.50073376107057D-06  -.40024251491067D-06
  0.93075329952929D-08  0.39893149255693D-06  0.69701543697799D-06
  -.68032666511721D-04  -.10578533526900D-02  -.63228181050458D-04
  0.38417088424614D-06  0.10173079098961D-06  0.24569475615629D-06
$end
