$hessapprox internal
  0.136140227787D-01  0.593697170140D-03  0.621469704284D+00  0.965171147249D-03
 -0.229542844141D-02  0.371502926517D+00  0.204108044024D-02  0.165160480838D-02
 -0.590954579529D-02  0.423438427572D+00 -0.156303602598D-02 -0.151598032309D-02
  0.470366047237D-02 -0.657698050173D-03  0.423453497555D+00 -0.139270266380D-03
  0.268242765490D-02 -0.157959149699D-02  0.544788212908D-02 -0.451125590766D-02
  0.349484954981D+00  0.292896152136D-02 -0.386011592509D-02 -0.406062887525D-02
 -0.118636708802D-01  0.921157494139D-02 -0.598202763270D-03  0.333085601045D+00
  0.415065840922D-03 -0.587841194547D-03 -0.546477898093D-03 -0.176099085188D-02
  0.137191958669D-02 -0.139913772237D-03 -0.194734379883D-02  0.320529766242D+00
 -0.536438986486D-02  0.913186545729D-02  0.597423554429D-02  0.257583700293D-01
 -0.202322206382D-01  0.388112073409D-02  0.243950264717D-01  0.337469276540D-02
  0.304622727755D+00  0.205851949741D-02  0.160404799314D-02 -0.591629059640D-02
  0.990951201312D-04 -0.562796474904D-03  0.541112546406D-02 -0.119339766067D-01
 -0.177029889134D-02  0.258540448108D-01  0.423201056197D+00 -0.155070697092D-02
 -0.153512415228D-02  0.468862164275D-02 -0.713294867000D-03  0.956615677137D-03
 -0.451768490958D-02  0.915457877182D-02  0.136399189966D-02 -0.201353737926D-01
 -0.618642774333D-03  0.423540233835D+00 -0.211388564363D-03  0.281259944737D-02
 -0.150452675319D-02  0.580864511619D-02 -0.479532442370D-02  0.346620015993D-02
 -0.273967409967D-03 -0.952336555838D-04  0.335131601455D-02  0.577305588154D-02
 -0.480047850510D-02  0.349602422244D+00  0.278269147427D-02 -0.317958176188D-02
 -0.420385652715D-02 -0.103179326569D-01  0.795648789985D-02  0.905584158885D-04
 -0.134388949770D-01 -0.189547893922D-02  0.241607407597D-01 -0.103925545237D-01
  0.790055418387D-02  0.413747883314D-03  0.334097524123D+00  0.400465401685D-03
 -0.568066929076D-03 -0.526613771300D-03 -0.170081216669D-02  0.132513381457D-02
 -0.136212960343D-03 -0.187838848644D-02 -0.262504023893D-03  0.325416071831D-02
 -0.170977828211D-02  0.131748829874D-02 -0.931325840993D-04 -0.182860483677D-02
  0.320548734445D+00 -0.523163130242D-02  0.869196632323D-02  0.597812400097D-02
  0.247028510978D-01 -0.193828435601D-01  0.349612309402D-02  0.238990229255D-01
  0.331107806126D-02 -0.399483084486D-01  0.247995906129D-01 -0.192876111879D-01
  0.297278787139D-02  0.236097550349D-01  0.319293150705D-02  0.305786102333D+00
 -0.649312220401D-03  0.100746803253D-02  0.792552021749D-03  0.292656046995D-02
 -0.228941119546D-02  0.337577432749D-03  0.300209053267D-02  0.417582648893D-03
 -0.510196331131D-02  0.293971148829D-02 -0.227733081953D-02  0.270410326517D-03
  0.294592431485D-02  0.402719961920D-03 -0.501681481412D-02  0.135748972689D-01
  0.602558064312D-03  0.122979125382D-02 -0.227110311902D-02  0.151485272105D-02
 -0.140399068372D-02  0.261090437931D-02 -0.387613589132D-02 -0.588930583320D-03
  0.910155669674D-02  0.146791136373D-02 -0.142311819715D-02  0.274045453042D-02
 -0.320891119772D-02 -0.569091854440D-03  0.866859519765D-02  0.100663032969D-02
  0.621344572351D+00  0.940116791879D-03 -0.225497339119D-02 -0.582628072191D-03
 -0.579353187950D-02  0.461274436226D-02 -0.156443020470D-02 -0.394558642301D-02
 -0.530512152682D-03  0.578056044042D-02 -0.579979460428D-02  0.459816588412D-02
 -0.149190807968D-02 -0.409053209283D-02 -0.511217101807D-03  0.578747594983D-02
  0.768301360274D-03 -0.223072612294D-02  0.371560937197D+00 -0.138715870441D-02
 -0.708670818650D-03  0.372270573673D-02  0.660716608346D-03 -0.227509513324D-03
 -0.314352312824D-02  0.785438800830D-02  0.115830289545D-02 -0.166711391897D-01
  0.734721999316D-03 -0.191238174272D-03 -0.337585558230D-02  0.692145259524D-02
  0.111856002724D-02 -0.160214452005D-01 -0.190941094463D-02 -0.627701145343D-03
  0.364727677176D-02  0.491464323297D+00  0.113852624792D-03 -0.153630265313D-02
  0.825547843978D-03 -0.317042971931D-02  0.261770276359D-02 -0.189585468612D-02
  0.158361716081D-03  0.532884061189D-04 -0.184827745488D-02 -0.315091730694D-02
  0.262055718215D-02 -0.192629765968D-02 -0.218133598083D-03  0.520968605649D-04
 -0.164089670103D-02 -0.149765062361D-03 -0.149682525099D-02  0.818574376746D-03
  0.184199710216D-02  0.383083116592D+00 -0.144779803174D-02 -0.574088362338D-03
  0.376799570568D-02  0.101317095651D-02 -0.507325766151D-03 -0.305729477248D-02
  0.811435911298D-02  0.119353312184D-02 -0.170659200559D-01  0.108775469852D-02
 -0.470074341361D-03 -0.329464250721D-02  0.718768494118D-02  0.115251533179D-02
 -0.164148952067D-01 -0.196105678092D-02 -0.494368316722D-03  0.369063630703D-02
 -0.113094138601D-02  0.179740981294D-02  0.491014786698D+00  0.136999324159D-03
 -0.150593928230D-02  0.750278508166D-03 -0.314522396435D-02  0.259128126506D-02
 -0.181835851860D-02  0.179638072413D-04  0.322355997633D-04 -0.153269817236D-02
 -0.312724391955D-02  0.259346264561D-02 -0.184434904335D-02 -0.337696545379D-03
  0.317589988164D-04 -0.133918958695D-02 -0.114340510030D-03 -0.146834922684D-02
  0.744716736319D-03  0.183659398844D-02  0.100895900483D-02  0.179646266050D-02
  0.382994256557D+00  0.162976383530D-02  0.909287336913D-03 -0.442817487482D-02
 -0.626420237337D-03  0.142317660895D-03  0.379687977574D-02 -0.926668542624D-02
 -0.136801681101D-02  0.197414926424D-01 -0.714599094720D-03  0.994222770070D-04
  0.407222660390D-02 -0.814879858341D-02 -0.132110901221D-02  0.189656346010D-01
  0.225809270474D-02  0.811938628088D-03 -0.433892082203D-02  0.981493492119D-03
 -0.222209104257D-02  0.124676582081D-02 -0.221356993988D-02  0.392221314486D+00
  0.000000000000D+00  0.000000000000D+00  0.000000000000D+00  0.000000000000D+00
  0.000000000000D+00  0.000000000000D+00  0.000000000000D+00  0.000000000000D+00
  0.000000000000D+00  0.000000000000D+00  0.000000000000D+00  0.000000000000D+00
  0.000000000000D+00  0.000000000000D+00  0.000000000000D+00  0.000000000000D+00
  0.000000000000D+00  0.000000000000D+00  0.000000000000D+00  0.000000000000D+00
  0.000000000000D+00  0.000000000000D+00  0.000000000000D+00  0.000000000000D+00
$end
