$coord
    0.20847045494076     -1.05376371980660     -4.22784989455768  h
   -0.24601850607771     -1.13134651147981     -2.46520570321641  o
    0.38880903359305      1.23052168575402     -1.37702189519784  c
   -0.55678188835112      2.81451828892998     -2.31997518649367  h
    2.43556915083868      1.53381877152389     -1.50165165003040  h
   -0.38880832893337      1.23052214393229      1.37702155937244  c
    0.55678018398278      2.81452078309938      2.31997400319394  h
   -2.43556888549743      1.53381642804748      1.50165042154138  h
    0.24602250505604     -1.13134419421994      2.46520725344280  o
   -0.20849983548424     -1.05377328095534      4.22784333414763  h
$intdef
# definitions of internal coordinates
   1 f  1.0000000000000 tors    2    3    6    9 val=  42.00000
$user-defined bonds
$redundant
     number_of_atoms            10
     degrees_of_freedom         24
     internal_coordinates       25
     frozen_coordinates          1
# definitions of redundant internals
   1 k  1.0000000000000 tors   1    2    3    6 val= 177.80580
   2 k  1.0000000000000 stre   2    1           val=   1.82195
   3 k  1.0000000000000 bend   3    1    2      val= 107.25070
   4 k  1.0000000000000 stre   3    4           val=   2.07180
   5 k  1.0000000000000 stre   3    5           val=   2.07286
   6 k  0.0871527542216 bend   5    4    3      val=   1.08725
       -0.5281042929211 bend   2    4    3
       -0.4887491139095 bend   2    5    3
        0.4795858863479 bend   6    4    3
        0.4946028047823 bend   6    5    3
   7 k  0.0107527103657 bend   5    4    3      val=   0.32646
       -0.5287851735745 bend   2    4    3
        0.5603144631262 bend   2    5    3
       -0.4639814848178 bend   6    4    3
        0.4370806602739 bend   6    5    3
   8 k -0.8900186613237 bend   5    4    3      val=   0.99367
        0.1671895465469 bend   2    4    3
        0.1929170705910 bend   2    5    3
        0.2703456716880 bend   6    4    3
        0.2638383211270 bend   6    5    3
   9 k -0.0102074673190 bend   5    4    3      val=   1.48032
        0.4508134313758 bend   2    4    3
       -0.4500977177784 bend   2    5    3
       -0.5338141149931 bend   6    4    3
        0.5559834465044 bend   6    5    3
  10 k  1.0000000000000 stre   6    7           val=   2.07180
  11 k  1.0000000000000 stre   6    8           val=   2.07286
  12 k  0.0871529380570 bend   8    7    6      val=   1.08725
       -0.5281041994924 bend   9    7    6
       -0.4887492201178 bend   9    8    6
        0.4795860696361 bend   3    7    6
        0.4946025894714 bend   3    8    6
  13 k  0.0107529353793 bend   8    7    6      val=   0.32647
       -0.5287853857089 bend   9    7    6
        0.5603144013323 bend   9    8    6
       -0.4639812710678 bend   3    7    6
        0.4370807042176 bend   3    8    6
  14 k -0.8900186704663 bend   8    7    6      val=   0.99366
        0.1671894022394 bend   9    7    6
        0.1929169911829 bend   9    8    6
        0.2703455678422 bend   3    7    6
        0.2638385462004 bend   3    8    6
  15 k -0.0102073424035 bend   8    7    6      val=   1.48030
        0.4508132298153 bend   9    7    6
       -0.4500977439478 bend   9    8    6
       -0.5338141905407 bend   3    7    6
        0.5559835185103 bend   3    8    6
  16 k  1.0000000000000 tors  10    9    6    3 val= 177.80700
  17 k  1.0000000000000 stre   9   10           val=   1.82195
  18 k  1.0000000000000 bend   6   10    9      val= 107.25070
  19 k  1.0000000000000 tors   2    3    6    9 val=  42.00000
  20 k  1.0000000000000 stre   3    2           val=   2.67686
  21 k  1.0000000000000 bend   6    2    3      val= 109.07330
  22 k  1.0000000000000 stre   6    9           val=   2.67686
  23 k  1.0000000000000 bend   3    9    6      val= 109.07331
  24 k  1.0000000000000 stre   3    6           val=   2.86172
  25 f  1.0000000000000 tors   2    3    6    9 val=  42.00000
        24 non zero eigenvalues  of BmBt
           1           4.529321756    1    0
         1
           2           3.789023588    2    0
         2
           3           3.769757080    3    0
         3
           4           3.080859083    4    0
         4
           5           2.698471791    5    0
         5
           6           2.458181089    6    0
         6
           7           2.104598295    7    0
         7
           8           1.727965623    8    0
         8
           9           1.231745236    9    0
         9
          10           1.225017800   10    0
        10
          11           1.041393301   11    0
        11
          12           0.839531643   12    0
        12
          13           0.771626487   13    0
        13
          14           0.730600195   14    0
        14
          15           0.654710591   15    0
        15
          16           0.406114908   16    0
        16
          17           0.345076512   17    0
        17
          18           0.316363503   18    0
        18
          19           0.275307325   20    0
        20
          20           0.247126673   21    0
        21
          21           0.155211593   22    0
        22
          22           0.067989243   23    0
        23
          23           0.058441469   24    0
        24
          24           0.000000000    0    1
         0.000000000         0.000000000         0.000000000         0.000000000
         0.000000000         0.000000000         0.000000000         0.000000000
         0.000000000         0.000000000         0.000000000         0.000000000
         0.000000000         0.000000000         0.000000000         0.000000000
         0.000000000         0.000000000         0.000000000         0.000000000
         0.000000000         0.000000000         0.000000000         0.000000000
         1.000000000
$end
