$energy      SCF               SCFKIN            SCFPOT            MP2
     1 -229.0219357604      228.764085     -457.786020     -.8136104867814
     2 -229.0231612450      228.775249     -457.798410     -.8130865618394
     3 -229.0232380106      228.790542     -457.813780     -.8131073761224
     4 -229.0231377696      228.788075     -457.811213     -.8132187527245
     5 -229.0230978378      228.785878     -457.808976     -.8132596889327
     6 -229.0230984238      228.785870     -457.808969     -.8132591778041
     7 -229.0230986429      228.785848     -457.808946     -.8132589600311
     8 -229.0230986429      228.785848     -457.808946     -.8132589604133
     9 -229.0230985827      228.785854     -457.808953     -.8132590324717
    10 -229.0230985513      228.785856     -457.808954     -.8132590609708
    11 -229.0230985511      228.785855     -457.808954     -.8132590561437
    12 -229.0230985209      228.785853     -457.808952     -.8132590812003
    13 -229.0230985080      228.785852     -457.808951     -.8132590921773
$end
