$grad          cartesian gradients
  cycle =      1 MP2 energy =     -229.8355462472 |dE/dxyz| =  0.013893
    0.23225514842598     -1.19352617955594     -4.14544670067413      h
   -0.25901019495990     -1.14471597395180     -2.39587991324104      o
    0.40227518393096      1.25659521510729     -1.37411532597263      c
   -0.56410744527060      2.79611215032404     -2.36816399863883      h
    2.44330708419721      1.59327183973766     -1.48795400642394      h
   -0.40227909424667      1.25660397068432      1.37410046935080      c
    0.56406382081187      2.79613226516783      2.36813975143750      h
   -2.44333184795066      1.59325706930580      1.48790615200736      h
    0.25908215497145     -1.14466441312016      2.39591348897372      o
   -0.23328237776216     -1.19388612778818      4.14516289242945      h
  -.13652738414136D-02  -.27046988009709D-02  0.18271574561002D-02
  0.28459028592498D-02  -.49398850261726D-02  -.96320547368034D-03
  -.27737400328414D-02  0.56000414454846D-02  0.72485379733589D-03
  -.64514599055254D-03  -.72431025083652D-03  -.10533944679978D-02
  -.59809014312684D-04  0.27693365872998D-02  0.11097090450509D-02
  0.27794580418588D-02  0.56018146028380D-02  -.72298206173826D-03
  0.64338032762756D-03  -.72938923715249D-03  0.10510196937188D-02
  0.54554200816792D-04  0.27719922625000D-02  -.11098306102126D-02
  -.28436865639527D-02  -.49410141825765D-02  0.96162034318947D-03
  0.13643600133706D-02  -.27038874279121D-02  -.18249477212589D-02
  cycle =      2 MP2 energy =     -229.8362478068 |dE/dxyz| =  0.014798
    0.22505047674319     -1.10478442591028     -4.21793873055866      h
   -0.24143920429676     -1.14334368215878     -2.45792037241574      o
    0.39523405334914      1.22548180161617     -1.37897885961463      c
   -0.55019377288212      2.79070200687352     -2.35148307838724      h
    2.43894786214895      1.53968813219008     -1.49471903853373      h
   -0.39528991567643      1.22548012066437      1.37895333859392      c
    0.55014653372100      2.79067438469150      2.35148889098576      h
   -2.43900331846678      1.53971175873919      1.49466193022332      h
    0.24136379641150     -1.14335329077936      2.45788282106626      o
   -0.22584407890421     -1.10507699001554      4.21771590788900      h
  -.48190924743108D-03  -.13437141547900D-02  -.35709145738139D-05
  0.52373942882080D-02  -.15945508625252D-02  0.17110293542899D-04
  -.77354651856703D-02  0.30481906123097D-02  -.22050693612119D-02
  0.12517619451025D-03  -.83847687180771D-03  -.13345282719022D-02
  -.62963188198895D-03  0.72815601225795D-03  0.25177210229599D-03
  0.77358132723959D-02  0.30490677689787D-02  0.22053631080778D-02
  -.12534097920391D-03  -.83973559397155D-03  0.13348514745635D-02
  0.62890531617388D-03  0.72899217751810D-03  -.25240231994828D-03
  -.52359235203689D-02  -.15940279037929D-02  -.16865787589637D-04
  0.48098174348610D-03  -.13439011669605D-02  0.33396778649220D-05
  cycle =      3 MP2 energy =     -229.8363453867 |dE/dxyz| =  0.017137
    0.22314856921488     -1.07646204609757     -4.22497831560668      h
   -0.23898404944375     -1.14466470745619     -2.46407988082589      o
    0.39289187613504      1.21593605402944     -1.37634469619837      c
   -0.54640527641635      2.79491477932606     -2.33268618374275      h
    2.43986847818269      1.51802386515622     -1.49285038997265      h
   -0.39299217598313      1.21592418537495      1.37631190746403      c
    0.54636097481888      2.79484029534351      2.33270782970882      h
   -2.43995646699858      1.51809091100757      1.49279483897606      h
    0.23878289075899     -1.14472566107527      2.46399348751639      o
   -0.22374238812118     -1.07669785969785      4.22479421192929      h
  -.94740208393063D-04  -.30505570833006D-03  -.75356032033902D-04
  0.60269910225585D-02  -.11901321497847D-02  0.15946246316121D-02
  -.97802302392762D-02  0.19613719757210D-02  -.25289962129187D-02
  0.14685635029688D-03  -.42423853189355D-03  -.55666403200316D-03
  -.21866083570998D-03  -.42420048770753D-04  0.32694030576819D-04
  0.97793701926321D-02  0.19614206070733D-02  0.25291500920162D-02
  -.14661656922876D-03  -.42409856410774D-03  0.55756972932475D-03
  0.21919179961261D-03  -.42396657621846D-04  -.33461445246075D-04
  -.60264232159106D-02  -.11891285234995D-02  -.15943371871003D-02
  0.94261703655896D-04  -.30532239185288D-03  0.74776426354006D-04
  cycle =      4 MP2 energy =     -229.8363565223 |dE/dxyz| =  0.017323
    0.22366055441783     -1.07152996676220     -4.22625174493152      h
   -0.23833277946818     -1.14730264141422     -2.46555959972604      o
    0.39292840542842      1.21373254958330     -1.37555061322548      c
   -0.54713996199563      2.79744202237591     -2.32413802517957      h
    2.44070282378194      1.51541061673184     -1.49240471803765      h
   -0.39305724346103      1.21371264439108      1.37551242974288      c
    0.54709941813021      2.79733369886619      2.32416305758750      h
   -2.44081416099054      1.51550778484472      1.49235642356096      h
    0.23805683224887     -1.14739576709893      2.46544527345703      o
   -0.22413145594439     -1.07173112560682      4.22609032600015      h
  -.15468825668496D-04  -.40289235896163D-04  0.79762410045703D-05
  0.59334463709328D-02  -.19843944524762D-02  0.16963877491634D-02
  -.98434922213062D-02  0.21512065380911D-02  -.25439782981658D-02
  0.71237792227397D-04  -.85174407459032D-04  -.13028424719042D-03
  0.61318924152065D-04  -.41478404098849D-04  0.20067023416281D-04
  0.98433198049799D-02  0.21508064646065D-02  0.25440298322352D-02
  -.71143010627939D-04  -.85030501729033D-04  0.13078210717143D-03
  -.61076345431399D-04  -.41549602986524D-04  -.20553493151332D-04
  -.59333772843786D-02  -.19835829236898D-02  -.16962318193325D-02
  0.15234795130215D-04  -.40513468246128D-04  -.81950962238508D-05
  cycle =      5 MP2 energy =     -229.8363575267 |dE/dxyz| =  0.016963
    0.22422551115941     -1.07136847075036     -4.22669435010567      h
   -0.23775092932483     -1.14838122302357     -2.46599267761035      o
    0.39342475671278      1.21342410354621     -1.37560232843593      c
   -0.54815423221546      2.79769487081780     -2.32206044990455      h
    2.44083857251829      1.51638497789111     -1.49285926522429      h
   -0.39357076076405      1.21339985137477      1.37556134652475      c
    0.54811635975224      2.79756673353149      2.32208612250974      h
   -2.44096397047705      1.51650044963050      1.49281823465389      h
    0.23743486419723     -1.14849156935090      2.46586209322156      o
   -0.22462773941106     -1.07154990775618      4.22654408361910      h
  -.37825589616070D-06  -.28939913227499D-05  0.88552695176602D-05
  0.58067422230210D-02  -.23182682587608D-02  0.16535168008378D-02
  -.94753806870527D-02  0.23069646420320D-02  -.26335710872667D-02
  0.24546601331110D-04  0.47792750312858D-05  -.72259932821783D-05
  0.44539922898768D-04  0.94432094375207D-05  0.64979700421519D-05
  0.94755847855277D-02  0.23063900611389D-02  0.26337198104978D-02
  -.24562521207860D-04  0.47070925925929D-05  0.74340939717477D-05
  -.44584487836286D-04  0.94776304433442D-05  -.68232664737211D-05
  -.58068238250675D-02  -.23175691763404D-02  -.16535298692428D-02
  0.31624415408604D-06  -.30304780302415D-05  -.88737309509312D-05
  cycle =      6 MP2 energy =     -229.8363576016 |dE/dxyz| =  0.016817
    0.22410452330279     -1.07107635973902     -4.22698310799319      h
   -0.23734567817569     -1.14848716985591     -2.46613596648559      o
    0.39366556341293      1.21332167953000     -1.37564418222161      c
   -0.54838226368237      2.79741867547417     -2.32196847762445      h
    2.44086271564754      1.51657802343707     -1.49293909635649      h
   -0.39381782266707      1.21329574268691      1.37560207009908      c
    0.54834576786114      2.79728412357191      2.32199296077751      h
   -2.44099277846014      1.51669926021641      1.49290327443019      h
    0.23701627570836     -1.14860346650585      2.46599943952612      o
   -0.22448387079999     -1.07125069290481      4.22683589509669      h
  0.27115818108658D-05  0.25640586712172D-05  -.14169890549809D-05
  0.57914674942152D-02  -.23142049515670D-02  0.16646088665340D-02
  -.93407597882376D-02  0.23061063899785D-02  -.26771432427166D-02
  0.64182860786133D-05  0.17934147602539D-05  -.33738387261728D-06
  -.27295430951035D-05  0.38693590579397D-05  -.26794987421086D-05
  0.93409561344393D-02  0.23053273955673D-02  0.26772898351055D-02
  -.64348445627527D-05  0.17278950319444D-05  0.40072544260639D-06
  0.27281057803918D-05  0.38789911712689D-05  0.25252943073317D-05
  -.57915898991214D-02  -.23135597847626D-02  -.16646271989833D-02
  -.27675272379346D-05  0.24972372365539D-05  0.13795904560965D-05
  cycle =      7 MP2 energy =     -229.8363576029 |dE/dxyz| =  0.016807
    0.22382848568967     -1.07093388624383     -4.22712049610202      h
   -0.23718147953577     -1.14851345957526     -2.46617150720683      o
    0.39375597542185      1.21329992184599     -1.37561503481053      c
   -0.54834079778059      2.79735434701989     -2.32197717572014      h
    2.44096425058189      1.51654767592991     -1.49276476365729      h
   -0.39391403973806      1.21327302350479      1.37557209477299      c
    0.54830531373354      2.79721429225717      2.32200193317878      h
   -2.44109886336572      1.51667497022806      1.49273230651564      h
    0.23683918587354     -1.14863516190256      2.46602918140808      o
   -0.22418559873284     -1.07110190715327      4.22697627086960      h
  -.55042036295472D-06  0.12636237095576D-06  0.36365110567260D-06
  0.57930532548003D-02  -.23129361364873D-02  0.16577025559297D-02
  -.93327059098043D-02  0.23105337392142D-02  -.26717035447392D-02
  -.11663851631205D-05  0.12972744398709D-05  -.92126158168782D-06
  -.31738975359019D-06  0.10897485579475D-05  0.25930828062570D-06
  0.93328818255332D-02  0.23097264060539D-02  0.26718602282876D-02
  0.11817777814116D-05  0.13077380756066D-05  0.97585904712538D-06
  0.31214390983081D-06  0.10937397942890D-05  -.31897776975320D-06
  -.57932725286705D-02  -.23123756189927D-02  -.16578462083672D-02
  0.58363163857322D-06  0.13675235321919D-06  -.37161040644662D-06
  cycle =      8 MP2 energy =     -229.8363576033 |dE/dxyz| =  0.016806
    0.20853646714744     -1.05378124923775     -4.22784179685191      h
   -0.24602717019174     -1.13134187107744     -2.46521694474207      o
    0.38880153327370      1.23051923919074     -1.37702461189209      c
   -0.55681233817004      2.81451674485581     -2.31996806826607      h
    2.43555573877982      1.53384493473241     -1.50166700386511      h
   -0.38880149472425      1.23051930125909      1.37702480784241      c
    0.55681053285414      2.81451749278384      2.31996929957220      h
   -2.43555608414872      1.53384330678285      1.50166491745948      h
    0.24602851090692     -1.13134115980753      2.46521715853547      o
   -0.20855605685335     -1.05378895433649      4.22783692345278      h
  -.13871699566792D-06  -.29170777904319D-07  0.49731579387924D-06
  0.57987120388905D-02  -.23124753034409D-02  0.16364661739665D-02
  -.93425871970843D-02  0.23100676704511D-02  -.26376418072545D-02
  -.11520065499315D-05  0.12862503147026D-05  -.92082876701483D-06
  -.27810767244674D-06  0.10954446238998D-05  0.23930526560356D-06
  0.93425643394340D-02  0.23100975724706D-02  0.26376782262960D-02
  0.11726669557621D-05  0.13139509804638D-05  0.99748334769778D-06
  0.27533325708262D-06  0.10985410555664D-05  -.30431404618447D-06
  -.57986815380779D-02  -.23124139257362D-02  -.16364908025563D-02
  0.11318777715097D-06  -.41024670827117D-07  -.52075243139882D-06
  cycle =      9 MP2 energy =     -229.8363576152 |dE/dxyz| =  0.016809
    0.20852758469165     -1.05378289626937     -4.22783610558337      h
   -0.24602977059399     -1.13133948284507     -2.46520860180007      o
    0.38880232262543      1.23052482430319     -1.37702399116667      c
   -0.55679801490756      2.81452318098219     -2.31996960930314      h
    2.43555964004549      1.53383254518735     -1.50166357431613      h
   -0.38880319541767      1.23052451446108      1.37702392021409      c
    0.55679635683614      2.81452272466245      2.31997057030720      h
   -2.43556066770970      1.53383178444356      1.50166199031468      h
    0.24602894244954     -1.13133982581927      2.46520811853577      o
   -0.20854355914542     -1.05378958396059      4.22783196404273      h
  0.11718640469116D-06  -.11299668178921D-06  0.92558482656102D-07
  0.57989080590803D-02  -.23126801783819D-02  0.16375543039810D-02
  -.93440174907036D-02  0.23119587024993D-02  -.26385842460996D-02
  -.23249532432601D-06  0.42468261529649D-06  -.16510729627939D-06
  -.15557232790897D-06  0.40119253907900D-06  0.35590193347979D-07
  0.93440317677476D-02  0.23119758196160D-02  0.26386159645551D-02
  0.23466393606064D-06  0.40271886225796D-06  0.17834900933877D-06
  0.15515474061090D-06  0.41384563587155D-06  -.73986016313476D-07
  -.57989723055054D-02  -.23126791712649D-02  -.16375698951077D-02
  -.68968182720397D-07  -.10461011529239D-06  -.83531968009254D-07
  cycle =     10 MP2 energy =     -229.8363576123 |dE/dxyz| =  0.016812
    0.20849626386100     -1.05376675873259     -4.22784645453937      h
   -0.24601771105093     -1.13134220625256     -2.46520817868240      o
    0.38880892717726      1.23052421358458     -1.37702212297546      c
   -0.55677977060674      2.81452219427711     -2.31997321409015      h
    2.43556888605508      1.53382087216145     -1.50165153874169      h
   -0.38880811001236      1.23052412976701      1.37702214647035      c
    0.55677810047516      2.81452378128600      2.31997289945956      h
   -2.43556852443841      1.53381801315420      1.50165063859442      h
    0.24602160954759     -1.13134081951103      2.46520946201698      o
   -0.20852003213374     -1.05377563458866      4.22784104373285      h
  -.30308686882474D-06  0.14123218006201D-06  -.19596827183221D-06
  0.57998212592829D-02  -.23131420359714D-02  0.16377528721776D-02
  -.93451859634426D-02  0.23132493290721D-02  -.26389896866661D-02
  0.32141494310522D-06  -.17545520814011D-06  0.20798003963485D-06
  -.45809724458223D-07  -.49810447322329D-07  -.15540167264128D-07
  0.93451728779705D-02  0.23132245579065D-02  0.26389530332707D-02
  -.34151881367350D-06  -.18845594995653D-06  -.24313957203148D-06
  0.37532714269872D-07  -.55989349045937D-07  0.19665938877367D-07
  -.57996090942751D-02  -.23130809714411D-02  -.16376545838526D-02
  0.13238810936400D-06  0.77603973303031D-07  0.16536683755675D-06
  cycle =     11 MP2 energy =     -229.8363576072 |dE/dxyz| =  0.016811
    0.20848427894593     -1.05376865380237     -4.22784719714798      h
   -0.24602515174851     -1.13134393860876     -2.46520774236399      o
    0.38880493212027      1.23052233847421     -1.37702338694126      c
   -0.55678578685506      2.81452054794028     -2.31997206690493      h
    2.43556464880854      1.53381845030822     -1.50165811056273      h
   -0.38880497272834      1.23052252681168      1.37702289634379      c
    0.55678410060947      2.81452194955958      2.31997116277086      h
   -2.43556498381089      1.53381695693864      1.50165668188374      h
    0.24602693749506     -1.13134256521966      2.46520862405171      o
   -0.20851011876903     -1.05377721757647      4.22784138107297      h
  0.78943074632853D-07  -.28810275054525D-07  -.89110328005404D-07
  0.57993727689603D-02  -.23129159798971D-02  0.16376668510816D-02
  -.93451792807586D-02  0.23131400183791D-02  -.26390399594884D-02
  0.22891956463766D-06  -.15032062483655D-06  0.23698656237414D-06
  -.87651952807022D-07  -.20200344841292D-07  -.81695942788507D-07
  0.93452034674588D-02  0.23131227194435D-02  0.26390144695654D-02
  -.23546587035739D-06  -.17411300978765D-06  -.26651999385230D-06
  0.84185756143995D-07  -.80712654337844D-08  0.84416536094700D-07
  -.57993108996501D-02  -.23129055039233D-02  -.16376092518948D-02
  -.15498668159974D-06  -.59731827206644D-07  0.83814284401740D-07
  cycle =     12 MP2 energy =     -229.8363576021 |dE/dxyz| =  0.016811
    0.20847463777505     -1.05376347339942     -4.22785072581881      h
   -0.24602123857171     -1.13134525857380     -2.46520825232589      o
    0.38880790814078      1.23052110776266     -1.37702204328380      c
   -0.55678043385847      2.81451971416445     -2.31997417832349      h
    2.43556830278482      1.53381633467089     -1.50165063713684      h
   -0.38881010344160      1.23052108246523      1.37702140734793      c
    0.55677892455347      2.81451888795302      2.31997436018617      h
   -2.43557036076774      1.53381734354893      1.50164928819397      h
    0.24601763189896     -1.13134587662568      2.46520686616488      o
   -0.20849138444613     -1.05376946714094      4.22784615719807      h
  -.12384161474088D-07  -.58914872980154D-09  0.11029367641413D-07
  0.57993829606731D-02  -.23130910208309D-02  0.16374678765478D-02
  -.93448695977683D-02  0.23130024894842D-02  -.26386902263442D-02
  0.64533959953650D-07  0.38629004439628D-07  0.58334126640247D-07
  -.31576532055766D-07  0.34674375593013D-07  0.27460523410738D-07
  0.93448883172245D-02  0.23130211994342D-02  0.26387331266933D-02
  -.41960696028909D-07  0.32433392860298D-07  -.37512154271724D-07
  0.40359912301113D-07  0.53575002878503D-07  -.41425172736531D-07
  -.57995684997301D-02  -.23131366588816D-02  -.16375472418728D-02
  0.14784736546147D-06  0.45273815363345D-07  0.18576398197467D-07
  cycle =     13 MP2 energy =     -229.8363576002 |dE/dxyz| =  0.016811
    0.20847045494076     -1.05376371980660     -4.22784989455768      h
   -0.24601850607771     -1.13134651147981     -2.46520570321641      o
    0.38880903359305      1.23052168575402     -1.37702189519784      c
   -0.55678188835112      2.81451828892998     -2.31997518649367      h
    2.43556915083868      1.53381877152389     -1.50165165003040      h
   -0.38880832893337      1.23052214393229      1.37702155937244      c
    0.55678018398278      2.81452078309938      2.31997400319394      h
   -2.43556888549743      1.53381642804748      1.50165042154138      h
    0.24602250505604     -1.13134419421994      2.46520725344280      o
   -0.20849983548424     -1.05377328095534      4.22784333414763      h
  0.52593288280001D-07  -.55546811483786D-07  0.45298539141925D-07
  0.57993043035878D-02  -.23131066644124D-02  0.16375154264807D-02
  -.93448153212283D-02  0.23130678707686D-02  -.26386522146340D-02
  -.28296690990359D-07  0.56414632521040D-07  0.22030385515848D-07
  -.54026827456255D-08  0.44581082159212D-07  0.17298776855412D-08
  0.93447755518974D-02  0.23130447123147D-02  0.26386153444435D-02
  0.10905495173574D-07  0.64007639632990D-07  -.47683860193715D-07
  -.19030443887402D-08  0.29860694694683D-07  0.53709031666571D-08
  -.57989887787793D-02  -.23130058660410D-02  -.16374019122791D-02
  -.30365189140902D-06  -.13936541154447D-06  -.10338933620346D-06
$end
