$hessapprox internal
  0.133628404178D-01 -0.797644955219D-03  0.615157085117D+00  0.136823384779D-03
  0.108842698463D-03  0.373581458443D+00  0.281938726585D-02  0.107977296542D-02
 -0.290380319319D-03  0.418491462697D+00  0.776110808083D-03  0.382619975885D-03
 -0.516822935902D-04 -0.129582977633D-02  0.421522752713D+00  0.212498323689D-02
  0.150970491516D-02  0.113964460166D-04 -0.423943610443D-02 -0.838541478221D-03
  0.346565210071D+00  0.196733617998D-02  0.973345461208D-03 -0.129864273163D-03
 -0.328992428451D-02 -0.860566849766D-03 -0.211229626541D-02  0.346041728836D+00
 -0.144429227284D-02 -0.797344650780D-03  0.679481761586D-04  0.253911676277D-02
  0.615342006481D-03  0.123226748933D-02  0.155642502170D-02  0.319538334281D+00
 -0.148513662426D-02 -0.469909509181D-03  0.185675359616D-03  0.208721559315D-02
  0.702215163809D-03  0.261351717169D-02  0.178518678736D-02 -0.143432584904D-02
  0.344937698023D+00  0.301191655323D-02  0.109758928617D-02 -0.328712593815D-03
 -0.444932354934D-02 -0.139541874499D-02 -0.474405898453D-02 -0.354410334892D-02
  0.276726863126D-02  0.214614473490D-02  0.418093297309D+00  0.725122517725D-03
  0.364957188103D-03 -0.458137650758D-04 -0.122188171513D-02 -0.315957672216D-03
 -0.754697888788D-03 -0.800084588882D-03  0.567596186288D-03  0.667256067738D-03
 -0.131867968536D-02  0.421569110529D+00  0.220492529507D-02  0.150418841217D-02
 -0.879304949117D-05 -0.430568238017D-02 -0.882456287457D-03 -0.777430187312D-03
 -0.222465358933D-02  0.133964770740D-02  0.261867826785D-02 -0.479801177138D-02
 -0.797975464753D-03  0.346055780201D+00  0.234929357624D-02  0.141683076568D-02
 -0.708627086154D-04 -0.430950489871D-02 -0.977125425486D-03 -0.154328516377D-02
 -0.246841571219D-02  0.160936052439D-02  0.251228825202D-02 -0.474078466336D-02
 -0.894620060457D-03 -0.175399937158D-02  0.345897193450D+00 -0.138351279851D-02
 -0.748097602078D-03  0.702812997784D-04  0.240878204687D-02  0.592561852854D-03
  0.124078122473D-02  0.149921047254D-02 -0.103225864124D-02 -0.135050419098D-02
  0.261945570475D-02  0.547459178623D-03  0.133892309436D-02  0.158007980867D-02
  0.319598119998D+00 -0.135517758570D-02 -0.278638971609D-03  0.219110601136D-03
  0.167988950882D-02  0.670571482991D-03  0.296245190305D-02  0.170823145873D-02
 -0.145585616775D-02 -0.643883733633D-03  0.165829379546D-02  0.644736588525D-03
  0.292200442248D-02  0.266029590704D-02 -0.135633633314D-02  0.345667818944D+00
 -0.506447276509D-04  0.130257748972D-02  0.442641802814D-03 -0.190194588316D-02
  0.285687162987D-03  0.516183501717D-02  0.756928296569D-03 -0.134022569306D-02
  0.193893416136D-02 -0.256181005455D-02  0.337757562640D-03  0.476544845170D-02
  0.331607555718D-02 -0.113509342383D-02  0.319235356722D-02  0.276708963358D-01
 -0.828696364381D-03 -0.202014479907D-03  0.123522418987D-03  0.107458280414D-02
  0.403779413616D-03  0.168988573255D-02  0.102789591334D-02 -0.859290531393D-03
 -0.441019607174D-03  0.107725147982D-02  0.386703813561D-03  0.167466319276D-02
  0.154930251061D-02 -0.803285150412D-03 -0.212555104203D-03  0.165239637337D-02
  0.615211949558D+00 -0.906296489445D-04 -0.563189816693D-04  0.218398525172D-05
  0.168735482887D-03  0.373651913582D-04  0.531447450973D-04  0.943481051744D-04
 -0.604580051798D-04 -0.994013418698D-04  0.186207042305D-03  0.341152421661D-04
  0.617731879570D-04  0.855892169599D-04 -0.595832792764D-04 -0.106677073805D-03
 -0.143671244448D-03 -0.618688990177D-04  0.373573757635D+00  0.343342359881D-02
  0.173657901116D-02 -0.214106159501D-03 -0.579830979037D-02 -0.149435411858D-02
 -0.354067496573D-02 -0.378386691941D-02  0.267919705002D-02  0.317217024048D-02
 -0.626092189558D-02 -0.138726940914D-02 -0.374815553082D-02 -0.421510785120D-02
  0.258515656171D-02  0.307357494662D-02  0.168004239005D-02  0.184180297309D-02
  0.160627499243D-03  0.501070270994D+00 -0.357059566265D-02 -0.250602030080D-02
 -0.898211534973D-05  0.707751788350D-02  0.141509515475D-02  0.988968808749D-03
  0.356549779687D-02 -0.210066239790D-02 -0.434553721373D-02  0.791000893187D-02
  0.127545447876D-02  0.141527844225D-02  0.266844968503D-02 -0.211025441930D-02
 -0.490288633924D-02 -0.838217377050D-02 -0.280064815653D-02 -0.925677305064D-04
  0.598600234096D-02  0.382613312591D+00  0.341596690810D-02  0.185706097258D-02
 -0.170229955494D-03 -0.596232736344D-02 -0.146108817465D-02 -0.302520744595D-02
 -0.369636877689D-02  0.253893985954D-02  0.334936975624D-02 -0.648749535447D-02
 -0.134932462310D-02 -0.327052280618D-02 -0.387688083041D-02  0.246521389366D-02
  0.337316561983D-02  0.289708125031D-02  0.199595901163D-02  0.146053824906D-03
 -0.637100679570D-02  0.514808522150D-02  0.501563118377D+00 -0.335716216810D-02
 -0.179634076360D-02  0.176813047287D-03  0.581666483378D-02  0.144164316694D-02
  0.308373767984D-02  0.364791410096D-02 -0.252338936120D-02 -0.324872627935D-02
  0.631836037417D-02  0.133296495362D-02  0.331618314972D-02  0.388057910707D-02
 -0.244652207323D-02 -0.324501109730D-02 -0.257470915473D-02 -0.192524155744D-02
 -0.146598332553D-03  0.629560589432D-02 -0.523900099125D-02  0.602196727366D-02
  0.378494926951D+00 -0.204525743081D-02 -0.936975672056D-03  0.159798546955D-03
  0.330811922553D-02  0.909523583234D-03  0.248418509743D-02  0.230547409222D-02
 -0.169144218500D-02 -0.174388148723D-02  0.353475872258D-02  0.849672092841D-03
  0.257846034888D-02  0.274973158741D-02 -0.162046852481D-02 -0.159325649846D-02
 -0.768202595035D-04 -0.973866369553D-03 -0.106055646001D-03  0.402304827005D-02
 -0.417456459019D-02  0.400089206326D-02 -0.393239638407D-02  0.393273812485D+00
  0.000000000000D+00  0.000000000000D+00  0.000000000000D+00  0.000000000000D+00
  0.000000000000D+00  0.000000000000D+00  0.000000000000D+00  0.000000000000D+00
  0.000000000000D+00  0.000000000000D+00  0.000000000000D+00  0.000000000000D+00
  0.000000000000D+00  0.000000000000D+00  0.000000000000D+00  0.000000000000D+00
  0.000000000000D+00  0.000000000000D+00  0.000000000000D+00  0.000000000000D+00
  0.000000000000D+00  0.000000000000D+00  0.000000000000D+00  0.000000000000D+00
$end
