$coord
    0.70035732159369     -1.25198724576339     -4.15631649611400  h
   -0.35479806124219     -0.99120756202868     -2.69922375653018  o
    0.58861289727214      1.09930975123154     -1.29967658296946  c
    0.11992512438904      2.89466339508564     -2.23125944237473  h
    2.64853303438819      0.99147321140607     -1.09707306521137  h
   -0.58861258464433      1.09930990997021      1.29967675048692  c
   -0.11992428622514      2.89466344318250      2.23125956086795  h
   -2.64853278174811      0.99147390558510      1.09707332253925  h
    0.35479786698325     -0.99120774266170      2.69922374500674  o
   -0.70035443124146     -1.25198384640909      4.15631937861093  h
$user-defined bonds
$intdef
# definitions of internal coordinates
   1 f  1.0000000000000 tors    2    3    6    9 val=  69.00000
$redundant
     number_of_atoms            10
     degrees_of_freedom         24
     internal_coordinates       25
     frozen_coordinates          1
# definitions of redundant internals
   1 k  1.0000000000000 tors   1    2    3    6 val= 194.98409
   2 k  1.0000000000000 stre   2    1           val=   1.81782
   3 k  1.0000000000000 bend   3    1    2      val= 108.98586
   4 k  1.0000000000000 stre   3    5           val=   2.07267
   5 k  1.0000000000000 stre   3    4           val=   2.07625
   6 k  0.0866052224909 bend   4    5    3      val=   1.13694
       -0.5088723973185 bend   2    5    3
       -0.5076667888774 bend   2    4    3
        0.4902012343639 bend   6    5    3
        0.4853097979473 bend   6    4    3
   7 k  0.0070604574118 bend   4    5    3      val=   0.09050
       -0.5448681710817 bend   2    5    3
        0.5419203222347 bend   2    4    3
       -0.4529983227152 bend   6    5    3
        0.4518669163032 bend   6    4    3
   8 k -0.8904710511453 bend   4    5    3      val=   0.83385
        0.1765453125804 bend   2    5    3
        0.1834719602293 bend   2    4    3
        0.2629408512025 bend   6    5    3
        0.2703575563149 bend   6    4    3
   9 k -0.0009076307298 bend   4    5    3      val=   0.13758
       -0.4504867129886 bend   2    5    3
        0.4544100898520 bend   2    4    3
        0.5422420428557 bend   6    5    3
       -0.5445603133058 bend   6    4    3
  10 k  1.0000000000000 stre   6    8           val=   2.07267
  11 k  1.0000000000000 stre   6    7           val=   2.07625
  12 k  0.0866052542042 bend   7    8    6      val=   1.13694
       -0.5088723533422 bend   9    8    6
       -0.5076668386604 bend   9    7    6
        0.4902012659841 bend   3    8    6
        0.4853097543840 bend   3    7    6
  13 k  0.0070604549427 bend   7    8    6      val=   0.09050
       -0.5448682141839 bend   9    8    6
        0.5419202848742 bend   9    7    6
       -0.4529982740858 bend   3    8    6
        0.4518669579259 bend   3    7    6
  14 k -0.8904710348878 bend   7    8    6      val=   0.83386
        0.1765453371941 bend   9    8    6
        0.1834719293603 bend   9    7    6
        0.2629408603328 bend   3    8    6
        0.2703576058577 bend   3    7    6
  15 k -0.0009076657930 bend   7    8    6      val=   0.13759
       -0.4504866951115 bend   9    8    6
        0.4544101013521 bend   9    7    6
        0.5422420655137 bend   3    8    6
       -0.5445602958781 bend   3    7    6
  16 k  1.0000000000000 tors  10    9    6    3 val= 194.98391
  17 k  1.0000000000000 stre   9   10           val=   1.81782
  18 k  1.0000000000000 bend   6   10    9      val= 108.98585
  19 k  1.0000000000000 tors   2    3    6    9 val=  69.00000
  20 k  1.0000000000000 stre   3    2           val=   2.68682
  21 k  1.0000000000000 bend   6    2    3      val= 109.24696
  22 k  1.0000000000000 stre   6    9           val=   2.68682
  23 k  1.0000000000000 bend   3    9    6      val= 109.24696
  24 k  1.0000000000000 stre   3    6           val=   2.85351
  25 f  1.0000000000000 tors   2    3    6    9 val=  69.00000
        24 non zero eigenvalues  of BmBt
           1           4.425878455    1    0
         1
           2           3.796034684    2    0
         2
           3           3.749456496    3    0
         3
           4           3.049944848    4    0
         4
           5           2.810683566    5    0
         5
           6           2.443131476    6    0
         6
           7           2.080545728    7    0
         7
           8           1.725425368    8    0
         8
           9           1.249666167    9    0
         9
          10           1.242573418   10    0
        10
          11           1.050724569   11    0
        11
          12           0.840818083   12    0
        12
          13           0.770083874   13    0
        13
          14           0.728561910   14    0
        14
          15           0.616660974   15    0
        15
          16           0.439513116   16    0
        16
          17           0.351922071   17    0
        17
          18           0.344863303   18    0
        18
          19           0.284491779   20    0
        20
          20           0.250439908   21    0
        21
          21           0.123976611   22    0
        22
          22           0.067534251   23    0
        23
          23           0.064394508   24    0
        24
          24           0.000000000    0    1
         0.000000000         0.000000000         0.000000000         0.000000000
         0.000000000         0.000000000         0.000000000         0.000000000
         0.000000000         0.000000000         0.000000000         0.000000000
         0.000000000         0.000000000         0.000000000         0.000000000
         0.000000000         0.000000000         0.000000000         0.000000000
         0.000000000         0.000000000         0.000000000         0.000000000
         1.000000000
$end
