$energy      SCF               SCFKIN            SCFPOT
     1 -230.2254614249      229.2912353690     -459.5166967939
     2 -230.2258820081      229.2833202093     -459.5092022174
     3 -230.2260072039      229.2913042576     -459.5173114615
     4 -230.2260341837      229.2935766445     -459.5196108282
     5 -230.2260439483      229.2920034752     -459.5180474235
     6 -230.2260457703      229.2927500251     -459.5187957954
     7 -230.2260458463      229.2924211496     -459.5184669959
     8 -230.2260458805      229.2923890860     -459.5184349665
     9 -230.2260458811      229.2923629631     -459.5184088442
    10 -230.2260459668      229.2923591180     -459.5184050849
    11 -230.2260459674      229.2923814844     -459.5184274518
    12 -230.2260459677      229.2923512756     -459.5183972433
    13 -230.2260459677      229.2923470596     -459.5183930273
    14 -230.2260459680      229.2923428624     -459.5183888304
    15 -230.2260459680      229.2923384040     -459.5183843720
$end
