$grad          cartesian gradients
  cycle =      1    SCF energy =     -230.2254614249   |dE/dxyz| =  0.010306
    0.41302457419324     -1.05402001783843     -4.28863578132663      h
   -0.34772137506433     -1.01049507654964     -2.63814606571795      o
    0.62060488715644      1.10928797499096     -1.29030657977878      c
    0.18278274289407      2.88797841519192     -2.25813324701684      h
    2.67579470403353      0.98694342329783     -1.05933512257210      h
   -0.62061304300536      1.10928780676894      1.29030180762347      c
   -0.18283451942577      2.88799382152744      2.25812404281393      h
   -2.67579629993802      0.98690018692408      1.05931338743562      h
    0.34775319387263     -1.01046354107521      2.63816230877547      o
   -0.41337907175004     -1.05427990527412      4.28846576220371      h
  -.58408941654062D-03  0.53565739267039D-03  0.48073618246963D-03
  -.97072725662935D-03  -.25856452662197D-02  0.25499906157533D-02
  0.48348434107378D-02  0.20836635939656D-02  -.27390473807297D-02
  0.11316062922219D-02  -.75251305533588D-03  0.50939332220382D-03
  -.60689474279193D-04  0.72130284660700D-03  -.51254406065312D-03
  -.48352515101815D-02  0.20837810752215D-02  0.27387251908166D-02
  -.11316859892410D-02  -.75240249390240D-03  -.50917743723189D-03
  0.60956707205853D-04  0.72146080770165D-03  0.51229916713209D-03
  0.97156981119306D-03  -.25857354466567D-02  -.25493422691332D-02
  0.58346972041076D-03  0.53554672748514D-03  -.48103617495745D-03
  cycle =      2    SCF energy =     -230.2258820081   |dE/dxyz| =  0.004452
    0.47729140256790     -1.07276904226190     -4.29364092284115      h
   -0.36081993713073     -0.99665783657358     -2.68100677672062      o
    0.59547435916412      1.10535693893761     -1.29982337091942      c
    0.13807589379448      2.89281024167525     -2.24794418644394      h
    2.65420165526678      0.99095351650826     -1.09429526985187      h
   -0.59550502613156      1.10535121869905      1.29981617941350      c
   -0.13812472919545      2.89280338100671      2.24795145788341      h
   -2.65422857639020      0.99093238688767      1.09427370070883      h
    0.36080508689052     -0.99665996509396      2.68099244272706      o
   -0.47755433586948     -1.07298775182135      4.29348725848411      h
  -.25432385027300D-03  0.11820538653806D-03  -.33742562968445D-03
  0.30319454518460D-03  -.17063521126624D-02  0.73280636420771D-03
  0.65651164613139D-03  0.16638125720986D-02  -.14026784876061D-02
  0.69299095962928D-03  -.40046938805901D-03  -.37910229376365D-03
  -.28691509320156D-03  0.32552320802221D-03  -.19163076357667D-03
  -.65692633896919D-03  0.16644828187445D-02  0.14030991998731D-02
  -.69300194795277D-03  -.40029127327078D-03  0.37952538474642D-03
  0.28710580484806D-03  0.32561582704842D-03  0.19127524794270D-03
  -.30242677506483D-03  -.17060303644388D-02  -.73315613907354D-03
  0.25379207160305D-03  0.11809695362745D-03  0.33729007291059D-03
  cycle =      3    SCF energy =     -230.2260072039   |dE/dxyz| =  0.003514
    0.53858520337582     -1.11845989854987     -4.25782901978112      h
   -0.38311448272426     -0.97970834027644     -2.69610166035828      o
    0.57437283867709      1.11083685636589     -1.30493138681442      c
    0.09477614169503      2.90456179299715     -2.23342270631776      h
    2.63705032924771      1.00247303543703     -1.12499583909149      h
   -0.57442242540589      1.11081936122599      1.30491733865969      c
   -0.09482049641285      2.90452562072698      2.23344265939423      h
   -2.63709886002132      1.00246808086281      1.12497102500484      h
    0.38305321755553     -0.97975138151939      2.69605741458349      o
   -0.53876567302049     -1.11863203930640      4.25770268716074      h
  -.20530830220927D-04  0.10177084157990D-03  -.27978595503489D-03
  0.97153034441691D-03  -.75985302761272D-03  0.37326932126124D-03
  -.18824606378424D-02  0.86510027449720D-03  -.18065192442895D-04
  0.58690861191918D-04  -.16407757640782D-03  -.31341683130810D-03
  -.40412426699979D-06  -.42907668425164D-04  0.46778031018320D-04
  0.18823183053378D-02  0.86539753811889D-03  0.18037475623302D-04
  -.58690914894542D-04  -.16410904638288D-03  0.31361656518696D-03
  0.48417433682944D-06  -.42853935357406D-04  -.47013901058881D-04
  -.97131013616905D-03  -.75960059222349D-03  -.37319382528753D-03
  0.20370759197337D-04  0.10156964879181D-03  0.27977323003679D-03
  cycle =      4    SCF energy =     -230.2260341837   |dE/dxyz| =  0.003443
    0.57262057403758     -1.16249684126930     -4.21922939892255      h
   -0.40034585321779     -0.96852679344514     -2.69554307140526      o
    0.56474846133773      1.12020134074700     -1.30875834206710      c
    0.07459058698579      2.91649382284463     -2.22782565682789      h
    2.62899449366678      1.01403867778434     -1.14421662882967      h
   -0.56480900677503      1.12017596905487      1.30873979115666      c
   -0.07463153449971      2.91643897530338      2.22785381785506      h
   -2.62905554608008      1.01404175681374      1.14419102654085      h
    0.40025888543282     -0.96859644814047      2.69547629612427      o
   -0.57275526792172     -1.16263737172930      4.21912267881555      h
  0.35881339899781D-04  0.12740460104630D-03  -.63893944944398D-04
  0.10199461697028D-02  -.66909775304016D-03  0.40880705989074D-03
  -.19393990413073D-02  0.64101788564272D-03  -.12023703940957D-03
  -.16409994514704D-03  0.77449791637633D-05  -.13708804132863D-05
  0.15565775815116D-03  -.10678013131682D-03  0.33931953146877D-04
  0.19393855615298D-02  0.64109509058747D-03  0.12009705981047D-03
  0.16410105499169D-03  0.76370208773434D-05  0.14577818920372D-05
  -.15560299395846D-03  -.10676741378693D-03  -.34036368785982D-04
  -.10200502025601D-02  -.66890333460768D-03  -.40858731318874D-03
  -.35820985737086D-04  0.12727466314100D-03  0.63829928175778D-04
  cycle =      5    SCF energy =     -230.2260439483   |dE/dxyz| =  0.003138
    0.59124355007569     -1.19829282107376     -4.18850706339495      h
   -0.41302324526499     -0.96058730838466     -2.69188609141271      o
    0.56004819391605      1.12951982167808     -1.31225814710796      c
    0.06785141871028      2.92620784440727     -2.22944509506431      h
    2.62415932186685      1.02286648892809     -1.15628554418494      h
   -0.56011502582295      1.12948982556888      1.31223729381080      c
   -0.06789010623364      2.92614261986049      2.22947799021647      h
   -2.62422775793613      1.02287366563310      1.15626075944132      h
    0.41292300804279     -0.96067321545984      2.69180385262919      o
   -0.59135356438757     -1.19841383319389      4.18841255750700      h
  0.24462179726087D-04  0.65542666222195D-04  0.47620556024643D-05
  0.96449222865082D-03  -.84019598986400D-03  0.45518060076701D-03
  -.13834806426179D-02  0.72680445331893D-03  -.77329280408133D-03
  -.89903633863109D-04  0.83215823294387D-04  0.13540002287207D-03
  0.18297377247808D-04  -.33997909901410D-04  -.37969309215595D-04
  0.13835188359292D-02  0.72676967247008D-03  0.77329287443042D-03
  0.89909112885199D-04  0.83184042473620D-04  -.13537558029803D-03
  -.18298812288971D-04  -.34006470142068D-04  0.37950816150554D-04
  -.96456984926061D-03  -.84009293448321D-03  -.45516520354013D-03
  -.24428678142849D-04  0.65517298887828D-04  -.47841189379299D-05
  cycle =      6    SCF energy =     -230.2260457703   |dE/dxyz| =  0.003338
    0.59933290842100     -1.21536752375044     -4.17328483856497      h
   -0.41946793527639     -0.95598582793554     -2.69025954855351      o
    0.55713020970668      1.13425697407023     -1.31358753547956      c
    0.06561687983422      2.93011976103858     -2.23244728478967      h
    2.62122394997276      1.02669272291079     -1.16074382574907      h
   -0.55719941016813      1.13422483371636      1.31356560126911      c
   -0.06565470910329      2.93005015165052      2.23248181578170      h
   -2.62129514560229      1.02670126650568      1.16071922103109      h
    0.41936270469984     -0.95607878234828      2.69017097699192      o
   -0.59943365951801     -1.21548048789413      4.17319593050287      h
  0.12457360914023D-04  -.34235299771362D-05  -.10127852685183D-04
  0.10336170396213D-02  -.74624781981745D-03  0.47238811274706D-03
  -.15966140937456D-02  0.72743178424630D-03  -.80015392845007D-03
  -.14515863925179D-04  0.27101413749271D-04  0.47084026657641D-04
  -.39363743181672D-04  -.29343424856971D-05  -.42473720481371D-05
  0.15966259840345D-02  0.72735362575166D-03  0.80014135166576D-03
  0.14517747955976D-04  0.27109495221410D-04  -.47106607246433D-04
  0.39358574023829D-04  -.29341492842815D-05  0.42688312379484D-05
  -.10336302962901D-02  -.74625886421718D-03  -.47240246809878D-03
  -.12454994444064D-04  -.34206678095272D-05  0.10155395030922D-04
  cycle =      7    SCF energy =     -230.2260458463   |dE/dxyz| =  0.003384
    0.59799013379517     -1.21394442306919     -4.17455590714574      h
   -0.41905592321382     -0.95631817489916     -2.69004987656902      o
    0.55742698766949      1.13409453016955     -1.31337545996291      c
    0.06659350454167      2.92955354706399     -2.23327884393980      h
    2.62158404036673      1.02632976448934     -1.15987019458798      h
   -0.55749555247778      1.13406309314075      1.31335403099421      c
   -0.06663159306280      2.92948534652215      2.23331298278264      h
   -2.62165450145175      1.02633798239611      1.15984581495648      h
    0.41895224916406     -0.95640909313119      2.68996295384798      o
   -0.59809355236458     -1.21405948471857      4.17446501206405      h
  -.73990238290092D-05  -.21920208900670D-05  -.31455205150908D-05
  0.10427167681248D-02  -.75121804467766D-03  0.44204801933340D-03
  -.16664586967901D-02  0.75135121019186D-03  -.73338360044799D-03
  0.93464345499038D-06  0.79585367009712D-06  0.40780565309602D-05
  -.81555105962427D-05  0.31310284319378D-05  0.48396031366185D-05
  0.16664718146487D-02  0.75128934453817D-03  0.73343640035165D-03
  -.93606607259111D-06  0.81010103999135D-06  -.40875343669878D-05
  0.81505447087205D-05  0.31316391235416D-05  -.48320987296464D-05
  -.10427176857440D-02  -.75119956908665D-03  -.44210101494669D-03
  0.73910204353954D-05  -.21770671949226D-05  0.31472225823621D-05
  cycle =      8    SCF energy =     -230.2260458805   |dE/dxyz| =  0.003394
    0.59943965779701     -1.21647129015641     -4.17213938214904      h
   -0.42001232666913     -0.95569507964363     -2.68985303272867      o
    0.55698205611116      1.13476108653535     -1.31354864764277      c
    0.06594093778869      2.93017324010086     -2.23344796675036      h
    2.62120501422418      1.02694754233927     -1.16072892158299      h
   -0.55705074216041      1.13472944299521      1.31352707500308      c
   -0.06597896228535      2.93010460302034      2.23348224791167      h
   -2.62127561337047      1.02695578110152      1.16070441262350      h
    0.41990825533138     -0.95578650271202      2.68976576465589      o
   -0.59954248380066     -1.21658573561671      4.17204896309961      h
  -.36950817101776D-05  -.32168016162794D-05  -.23133060685548D-06
  0.10372761183391D-02  -.75675005238707D-03  0.44407018219087D-03
  -.16796353268678D-02  0.75622408480135D-03  -.72232748355608D-03
  0.56367167284139D-06  0.28321371599742D-05  0.25313935656937D-05
  0.32634660719685D-05  0.28623325114840D-05  0.39890214570407D-05
  0.16796522705916D-02  0.75615215287331D-03  0.72235659589439D-03
  -.56493267994981D-06  0.28375921610150D-05  -.25438776572151D-05
  -.32673851766299D-05  0.28635157917080D-05  -.39782894471560D-05
  -.10372885175697D-02  -.75673274215047D-03  -.44410279325204D-03
  0.36934965685162D-05  -.32067505769750D-05  0.23613329220236D-06
  cycle =     10    SCF energy =     -230.2260459668   |dE/dxyz| =  0.003389
    0.70018692725584     -1.25183964238603     -4.15648480511356      h
   -0.35476250730715     -0.99121734896853     -2.69921845977788      o
    0.58862628436178      1.09927797534587     -1.29967661586942      c
    0.11995102801234      2.89465819340305     -2.23122751139148      h
    2.64854742320903      0.99147771518117     -1.09700561731781      h
   -0.58862603721730      1.09927806954927      1.29967675834014      c
   -0.11994989160238      2.89465806854862      2.23122765371720      h
   -2.64854729394009      0.99147871508446      1.09700606691981      h
    0.35476199492642     -0.99121793822975      2.69921807704967      o
   -0.70018300498801     -1.25183508029055      4.15648859048342      h
  -.30250663857327D-05  -.13948141973585D-05  0.14588149638353D-06
  0.10238287784034D-02  -.76417580845758D-03  0.46346758919984D-03
  -.16567076501162D-02  0.76101225581590D-03  -.75569026000101D-03
  0.11932364737838D-08  0.21877292897680D-05  0.64955095297656D-06
  0.40003248117437D-06  0.19256549115568D-05  0.25520195637689D-05
  0.16567101494156D-02  0.76099996768587D-03  0.75569706963800D-03
  -.18884238545677D-08  0.21932155433002D-05  -.65692161213348D-06
  -.40420491416370D-06  0.19259423188090D-05  -.25450100506150D-05
  -.10238253495973D-02  -.76418766144643D-03  -.46347780445288D-03
  0.30239651066071D-05  -.13862676763177D-05  -.14220263448393D-06
  cycle =     11    SCF energy =     -230.2260459674   |dE/dxyz| =  0.003387
    0.70023464253150     -1.25188837957489     -4.15642198295818      h
   -0.35478697133512     -0.99120549147979     -2.69921571466102      o
    0.58861711644209      1.09929856767788     -1.29967926243157      c
    0.11993205593715      2.89466782047300     -2.23123773566773      h
    2.64853974800587      0.99148426765940     -1.09704735688010      h
   -0.58861674911023      1.09929876879045      1.29967946951729      c
   -0.11993095808785      2.89466791795166      2.23123779315840      h
   -2.64853947454144      0.99148518962133      1.09704780793789      h
    0.35478670709756     -0.99120573097789      2.69921567053054      o
   -0.70023119422904     -1.25188420290355      4.15642544849458      h
  -.13942088936735D-05  -.11384986774730D-05  -.58197309560916D-06
  0.10215446081954D-02  -.76568596196234D-03  0.46397012179820D-03
  -.16551829807145D-02  0.76428997276833D-03  -.75368186470414D-03
  0.65258815868052D-08  0.98510315084437D-06  0.87385995981414D-06
  0.63337195513306D-06  0.11037157444032D-05  0.10117278934040D-05
  0.16551852156651D-02  0.76428087830884D-03  0.75368752106784D-03
  -.76418158107864D-08  0.98958634288525D-06  -.87981125124210D-06
  -.63627265421950D-06  0.11030524841785D-05  -.10066928238306D-05
  -.10215389717711D-02  -.76568969986171D-03  -.46397548145977D-03
  0.13903250279568D-05  -.11349978723638D-05  0.58252524625807D-06
  cycle =     13    SCF energy =     -230.2260459677   |dE/dxyz| =  0.003385
    0.70032065908722     -1.25192905103724     -4.15637404497933      h
   -0.35477407479780     -0.99122177105855     -2.69922466316865      o
    0.58862474392728      1.09929361587038     -1.29967240029613      c
    0.11994429171718      2.89464937524850     -2.23125271147355      h
    2.64854326200408      0.99145946583450     -1.09705209817759      h
   -0.58862454058887      1.09929369424938      1.29967250237695      c
   -0.11994342501850      2.89464922193887      2.23125293163149      h
   -2.64854312657930      0.99146023588448      1.09705231623554      h
    0.35477364991722     -0.99122224269477      2.69922435867883      o
   -0.70031734014343     -1.25192532463732      4.15637722348448      h
  -.97898338811591D-06  0.10063393140174D-06  -.22917688746205D-06
  0.10203892240163D-02  -.76903364061044D-03  0.46241457495615D-03
  -.16525889552343D-02  0.76853727782107D-03  -.74985389130521D-03
  -.45541456401586D-07  -.14519046219411D-06  0.44858617788180D-06
  -.27868235511633D-06  0.93589907281352D-07  -.32677386428757D-06
  0.16525863075366D-02  0.76853650005013D-03  0.74985222968116D-03
  0.45499273628432D-07  -.14514571134734D-06  -.44743035481652D-06
  0.28062440871187D-06  0.93210992258291D-07  0.32829600835350D-06
  -.10203927388821D-02  -.76903789529353D-03  -.46241825948212D-03
  0.98321079573818D-06  0.10272833285979D-06  0.23177021084974D-06
  cycle =     14    SCF energy =     -230.2260459680   |dE/dxyz| =  0.003385
    0.70035017036401     -1.25198009224857     -4.15632285644277      h
   -0.35479426593339     -0.99120991189771     -2.69922029898125      o
    0.58861576255788      1.09930754144787     -1.29967546806525      c
    0.11992825376933      2.89466204841859     -2.23125624032522      h
    2.64853599290100      0.99147196304441     -1.09706921895660      h
   -0.58861545010145      1.09930770145357      1.29967563743049      c
   -0.11992741066218      2.89466210410620      2.23125634526840      h
   -2.64853574421304      0.99147265400905      1.09706949734045      h
    0.35479407946669     -0.99121008865614      2.69922028844808      o
   -0.70034728862377     -1.25197670007906      4.15632572859571      h
  -.53421282788858D-06  -.13302902844128D-06  -.21468669701825D-06
  0.10195812523862D-02  -.76912076622300D-03  0.46254847678297D-03
  -.16526487360963D-02  0.76877535354070D-03  -.74932924853985D-03
  -.27679263207718D-06  0.34315853280629D-07  0.38681765966242D-06
  -.17398146385119D-08  -.28789457012903D-08  -.36882178873712D-06
  0.16526495875014D-02  0.76877414258647D-03  0.74932984938121D-03
  0.27616717528624D-06  0.35007522832772D-07  -.38846418648284D-06
  0.56415663178484D-09  -.41034528012671D-08  0.37021023871204D-06
  -.10195795485806D-02  -.76912084676571D-03  -.46254949960439D-03
  0.53343601493915D-06  -.13262175038817D-06  0.21531282576611D-06
$end
