$hessapprox internal
  0.139385916546D-01  0.789233064901D-03  0.620898293291D+00  0.114026144016D-02
  0.362740146641D-04  0.372152896631D+00  0.100561861760D-02  0.601208634014D-03
 -0.630987265552D-04  0.422650446767D+00 -0.502403735424D-03  0.158450740820D-03
  0.474061152213D-03  0.237791871774D-03  0.418828887186D+00 -0.374204068565D-02
 -0.834342651065D-03  0.158787101360D-02 -0.654036760521D-03 -0.132918352050D-02
  0.344036286912D+00 -0.159218829427D-02 -0.631101740001D-03  0.409311830567D-03
 -0.610665247097D-03 -0.478098966229D-03 -0.122248359545D-03  0.348054905470D+00
  0.330023614568D-03 -0.154899632056D-03 -0.360418169653D-03 -0.217376292675D-03
  0.189594203028D-03  0.105652710916D-02  0.400798490021D-03  0.320110649649D+00
  0.407120745440D-02  0.116432138153D-02 -0.148006293740D-02  0.102045843975D-02
  0.136483439709D-02  0.193454910527D-02 -0.304986397999D-03 -0.110416909380D-02
  0.344705337889D+00  0.101311949274D-02  0.606659017278D-03 -0.626376556246D-04
  0.635460421082D-03  0.239259589896D-03 -0.662401626702D-03 -0.616869104383D-03
 -0.218827170088D-03  0.103201691524D-02  0.422662201321D+00 -0.503713392127D-03
  0.157082263436D-03  0.473578597741D-03  0.236267067038D-03 -0.264246759322D-03
 -0.132621856765D-02 -0.476304234755D-03  0.189773943051D-03  0.136111313373D-02
  0.237721546249D-03  0.418828639890D+00 -0.374203195654D-02 -0.836772378231D-03
  0.158552189428D-02 -0.656962589502D-03 -0.132841022124D-02 -0.262054534454D-02
 -0.118097249035D-03  0.105609538371D-02  0.192460907250D-02 -0.665350728781D-03
 -0.132544057944D-02  0.344053854384D+00 -0.159965850598D-02 -0.633622011496D-03
  0.411657326414D-03 -0.612999795925D-03 -0.480481699184D-03 -0.124412579005D-03
  0.420498014055D-03  0.402756752717D-03 -0.304616582366D-03 -0.619228538769D-03
 -0.478679398302D-03 -0.120242653654D-03  0.348057336600D+00  0.331475170988D-03
 -0.155122363843D-03 -0.361561108797D-03 -0.217780341615D-03  0.190282857463D-03
  0.105951901451D-02  0.401778567906D-03 -0.134019006772D-03 -0.110715194673D-02
 -0.219233207916D-03  0.190462502489D-03  0.105908470211D-02  0.403741896523D-03
  0.320109634123D+00  0.410016294677D-02  0.117471976234D-02 -0.148854722041D-02
  0.103026525285D-02  0.137387079226D-02  0.194066596112D-02 -0.310769945472D-03
 -0.111164844674D-02 -0.105520245121D-02  0.104192621769D-02  0.137011897329D-02
  0.193065205510D-02 -0.310413878571D-03 -0.111465026795D-02  0.344707686295D+00
 -0.584638288460D-03  0.804192656246D-03  0.114947663486D-02  0.102286411277D-02
 -0.503669699714D-03 -0.378374112523D-02 -0.161435418708D-02  0.330041194628D-03
  0.412068636791D-02  0.103050909587D-02 -0.505011195164D-03 -0.378377125240D-02
 -0.162192133641D-02  0.331500174307D-03  0.415002768675D-02  0.139552018092D-01
  0.798382666731D-03  0.565030752590D-03  0.345109744752D-04  0.605453115602D-03
  0.161004714646D-03 -0.835844484770D-03 -0.634553730239D-03 -0.157095026985D-03
  0.116856949060D-02  0.610945000054D-03  0.159624744283D-03 -0.838298982959D-03
 -0.637085707524D-03 -0.157322742840D-03  0.117901965792D-02  0.813479419553D-03
  0.620906773816D+00  0.112766296830D-02  0.290374130925D-04 -0.693007191234D-03
 -0.706308211464D-04  0.470988515911D-03  0.159499872628D-02  0.416458070263D-03
 -0.357642717027D-03 -0.149164040000D-02 -0.702403236887D-04  0.470524493884D-03
  0.159268581876D-02  0.418830528595D-03 -0.358780280810D-03 -0.150023857151D-02
  0.113666684194D-02  0.272242071945D-04  0.372155135867D+00 -0.428502132242D-02
 -0.708465133755D-03  0.205645880254D-02 -0.451658589377D-03 -0.160026753823D-02
 -0.390211287212D-02 -0.561514427717D-03  0.125342476433D-02  0.322423643002D-02
 -0.458871793931D-03 -0.159734924003D-02 -0.389242655418D-02 -0.565902866487D-03
  0.125711280618D-02  0.323874143677D-02 -0.432881677470D-02 -0.707668967957D-03
  0.206094167206D-02  0.492440983887D+00 -0.473642444893D-02 -0.229592234187D-02
  0.813934984583D-03 -0.232044231040D-02 -0.128968078723D-02  0.114687968463D-02
  0.196169867197D-02  0.111840871363D-02 -0.261732332884D-02 -0.234290648780D-02
 -0.128353361034D-02  0.115985635206D-02  0.196855012815D-02  0.112088018734D-02
 -0.264724040881D-02 -0.480906780166D-02 -0.231045535516D-02  0.841429000549D-03
 -0.479204212797D-05  0.392309147645D+00 -0.428478377055D-02 -0.709825470059D-03
  0.205499483322D-02 -0.453318464487D-03 -0.159973551543D-02 -0.389684509337D-02
 -0.559094184668D-03  0.125310820520D-02  0.321833904234D-02 -0.460544675817D-03
 -0.159681467619D-02 -0.388715721235D-02 -0.563471553696D-03  0.125679455762D-02
  0.323280073353D-02 -0.432859921562D-02 -0.709043608013D-03  0.205949830642D-02
 -0.544519554640D-02  0.267881707883D-05  0.492452733070D+00 -0.473901446019D-02
 -0.229075435624D-02  0.820575670533D-03 -0.231397835117D-02 -0.129242056302D-02
  0.112432339083D-02  0.195180664528D-02  0.112015421839D-02 -0.259250907976D-02
 -0.233639328331D-02 -0.128628242918D-02  0.113729751604D-02  0.195861216045D-02
  0.112263385877D-02 -0.262224741481D-02 -0.481159463741D-02 -0.230522987269D-02
  0.847989020701D-03 -0.303578058932D-04  0.803970758978D-02 -0.228870228982D-04
  0.392249392133D+00  0.410196616179D-03 -0.701745504105D-03 -0.939127592591D-03
 -0.883200128113D-03  0.396939579710D-03  0.315104338397D-02  0.136738787332D-02
 -0.255838495102D-03 -0.345300007752D-02 -0.889881166560D-03  0.398146343559D-03
  0.315127084298D-02  0.137376081119D-02 -0.257008040886D-03 -0.347776318182D-02
  0.402061215702D-03 -0.709662254043D-03 -0.928091313158D-03  0.358442311293D-02
  0.410810485843D-02  0.358435955126D-02  0.410973101854D-02  0.401770669010D+00
  0.000000000000D+00  0.000000000000D+00  0.000000000000D+00  0.000000000000D+00
  0.000000000000D+00  0.000000000000D+00  0.000000000000D+00  0.000000000000D+00
  0.000000000000D+00  0.000000000000D+00  0.000000000000D+00  0.000000000000D+00
  0.000000000000D+00  0.000000000000D+00  0.000000000000D+00  0.000000000000D+00
  0.000000000000D+00  0.000000000000D+00  0.000000000000D+00  0.000000000000D+00
  0.000000000000D+00  0.000000000000D+00  0.000000000000D+00  0.000000000000D+00
$end
