$coord
    0.57430436013964     -1.15162497041013     -4.18259041893962  h
   -0.33857502012982     -1.03122172579941     -2.61132852774000  o
    0.55294763459854      1.13490234861552     -1.31000553221973  c
   -0.01666485817306      2.88548914034735     -2.26320409847236  h
    2.61856215721456      1.11096744414322     -1.15995274311062  h
   -0.55294797077583      1.13490227501853      1.31000532533197  c
    0.01666339526559      2.88548949242233      2.26320379939086  h
   -2.61856241798735      1.11096622646184      1.15995213971571  h
    0.33857574309235     -1.03122098525998      2.61132892873276  o
   -0.57431242633404     -1.15163148945078      4.18258512727507  h
$intdef
# definitions of internal coordinates
   1 f  1.0000000000000 tors    2    3    6    9 val=  63.00000
$user-defined bonds
$redundant
     number_of_atoms            10
     degrees_of_freedom         24
     internal_coordinates       25
     frozen_coordinates          1
# definitions of redundant internals
   1 k  1.0000000000000 tors   1    2    3    6 val= 188.59084
   2 k  1.0000000000000 stre   2    1           val=   1.82118
   3 k  1.0000000000000 bend   3    1    2      val= 107.79826
   4 k  1.0000000000000 stre   3    5           val=   2.07120
   5 k  1.0000000000000 stre   3    4           val=   2.07307
   6 k  0.0926162736074 bend   4    5    3      val=   1.21958
       -0.5042836606367 bend   2    5    3
       -0.5131746547306 bend   2    4    3
        0.4894948003971 bend   6    5    3
        0.4839078730546 bend   6    4    3
   7 k -0.0006497101481 bend   4    5    3      val=   0.05176
        0.5482511419703 bend   2    5    3
       -0.5392320999045 bend   2    4    3
        0.4492286621301 bend   6    5    3
       -0.4547995324958 bend   6    4    3
   8 k -0.8879083153536 bend   4    5    3      val=   1.39477
        0.1802778974853 bend   2    5    3
        0.1777293456455 bend   2    4    3
        0.2693052170348 bend   6    5    3
        0.2738716542077 bend   6    4    3
   9 k -0.0025082732839 bend   4    5    3      val=   0.39148
       -0.4512322792231 bend   2    5    3
        0.4528111826247 bend   2    4    3
        0.5458255416455 bend   6    5    3
       -0.5416822405523 bend   6    4    3
  10 k  1.0000000000000 stre   6    8           val=   2.07120
  11 k  1.0000000000000 stre   6    7           val=   2.07307
  12 k  0.0926162876790 bend   7    8    6      val=   1.21958
       -0.5042837747338 bend   9    8    6
       -0.5131745395185 bend   9    7    6
        0.4894946338682 bend   3    8    6
        0.4839080420916 bend   3    7    6
  13 k -0.0006495813808 bend   7    8    6      val=   0.05177
        0.5482510292174 bend   9    8    6
       -0.5392322422424 bend   9    7    6
        0.4492287848657 bend   3    8    6
       -0.4547993786060 bend   3    7    6
  14 k -0.8879083311652 bend   7    8    6      val=   1.39476
        0.1802778572035 bend   9    8    6
        0.1777293422336 bend   9    7    6
        0.2693053227249 bend   3    8    6
        0.2738715277475 bend   3    7    6
  15 k -0.0025081601244 bend   7    8    6      val=   0.39146
       -0.4512323494201 bend   9    8    6
        0.4528110791660 bend   9    7    6
        0.5458255351745 bend   3    8    6
       -0.5416822756059 bend   3    7    6
  16 k  1.0000000000000 tors  10    9    6    3 val= 188.59126
  17 k  1.0000000000000 stre   9   10           val=   1.82118
  18 k  1.0000000000000 bend   6   10    9      val= 107.79827
  19 k  1.0000000000000 tors   2    3    6    9 val=  63.00000
  20 k  1.0000000000000 stre   3    2           val=   2.67962
  21 k  1.0000000000000 bend   6    2    3      val= 108.54405
  22 k  1.0000000000000 stre   6    9           val=   2.67962
  23 k  1.0000000000000 bend   3    9    6      val= 108.54405
  24 k  1.0000000000000 stre   3    6           val=   2.84385
  25 f  1.0000000000000 tors   2    3    6    9 val=  63.00000
        24 non zero eigenvalues  of BmBt
           1           4.432993758    1    0
         1
           2           3.810088542    2    0
         2
           3           3.749567730    3    0
         3
           4           3.062526152    4    0
         4
           5           2.779175046    5    0
         5
           6           2.448035363    6    0
         6
           7           2.091142435    7    0
         7
           8           1.719187602    8    0
         8
           9           1.240614750    9    0
         9
          10           1.236718213   10    0
        10
          11           1.047675459   11    0
        11
          12           0.839657085   12    0
        12
          13           0.774310395   13    0
        13
          14           0.731810998   14    0
        14
          15           0.624226254   15    0
        15
          16           0.432250250   16    0
        16
          17           0.346986650   17    0
        17
          18           0.336819052   18    0
        18
          19           0.282597409   20    0
        20
          20           0.249152828   21    0
        21
          21           0.130279909   22    0
        22
          22           0.068443139   23    0
        23
          23           0.063329203   24    0
        24
          24           0.000000000    0    1
         0.000000000         0.000000000         0.000000000         0.000000000
         0.000000000         0.000000000         0.000000000         0.000000000
         0.000000000         0.000000000         0.000000000         0.000000000
         0.000000000         0.000000000         0.000000000         0.000000000
         0.000000000         0.000000000         0.000000000         0.000000000
         0.000000000         0.000000000         0.000000000         0.000000000
         1.000000000
$end
