$energy      SCF               SCFKIN            SCFPOT            MP2
     1 -229.0269764824      228.751994     -457.778971     -.8131543675719
     2 -229.0274699313      228.784404     -457.811874     -.8130070911709
     3 -229.0276062197      228.797061     -457.824667     -.8129633670248
     4 -229.0275743117      228.790167     -457.817741     -.8130056273872
     5 -229.0275832354      228.791499     -457.819082     -.8129974697580
     6 -229.0275938083      228.791143     -457.818737     -.8129871228159
     7 -229.0275970095      228.791475     -457.819072     -.8129838887207
     8 -229.0275968516      228.791470     -457.819067     -.8129840330280
     9 -229.0275968516      228.791472     -457.819069     -.8129841002795
    10 -229.0275967577      228.791470     -457.819066     -.8129841722593
    11 -229.0275966594      228.791469     -457.819066     -.8129842677907
    12 -229.0275966592      228.791469     -457.819066     -.8129842627558
    13 -229.0275966104      228.791468     -457.819064     -.8129843101006
    14 -229.0275966074      228.791467     -457.819063     -.8129843099409
$end
