$grad          cartesian gradients
  cycle =      1 MP2 energy =     -229.8401308500 |dE/dxyz| =  0.010813
    0.37149941364783     -1.08981555983984     -4.25411807588797      h
   -0.33380747182167     -1.04548718179457     -2.57921950874178      o
    0.57639212340207      1.14764838969492     -1.31064167638963      c
    0.02180928967574      2.88129445796001     -2.30011110042272      h
    2.64165800398786      1.12756266255167     -1.14817617481516      h
   -0.57640716887788      1.14765033539538      1.31062737453551      c
   -0.02188376057037      2.88130715516441      2.30008071923769      h
   -2.64168502891245      1.12751097285854      1.14813068823938      h
    0.33388103197789     -1.04541598833349      2.57925887942013      o
   -0.37238624575188     -1.09036561815858      4.25373944052276      h
  -.20076380970901D-02  -.14088706382807D-02  0.12432442873176D-02
  0.13568612227139D-02  -.33814218380375D-02  -.24653443209273D-02
  0.27500553130051D-02  0.36679756414335D-02  -.26243702983590D-02
  0.96091192883641D-03  -.17060010503256D-03  -.60782834046114D-03
  0.64550876779679D-03  0.12937327789529D-02  -.48053787030525D-03
  -.27446301403229D-02  0.36702040209127D-02  0.26265146913373D-02
  -.96158744310149D-03  -.17600190791223D-03  0.60544752237757D-03
  -.65132032468629D-03  0.12951955676432D-02  0.47944141178011D-03
  -.13547385754769D-02  -.33819699888618D-02  0.24646767373833D-02
  0.20065773488938D-02  -.14082434999118D-02  -.12412438217440D-02
  cycle =      2 MP2 energy =     -229.8404770225 |dE/dxyz| =  0.004934
    0.41971075981087     -1.08863070787050     -4.24036398169257      h
   -0.34993539459170     -1.03391394499498     -2.59098593052634      o
    0.55604397874402      1.14266538057809     -1.31112177353046      c
   -0.01053382614522      2.88326481385223     -2.28195542315134      h
    2.62116425555221      1.11780503806149     -1.16630722775816      h
   -0.55610256215823      1.14266303078590      1.31110488488055      c
    0.01045764045258      2.88325361102473      2.28196289111754      h
   -2.62122174319631      1.11779227701439      1.16626089448589      h
    0.34990231013775     -1.03390517764022      2.59096390623612      o
   -0.42041523184884     -1.08910469531269      4.24001232563697      h
  -.74721132923683D-03  -.61018528737045D-03  -.84084573370280D-04
  0.18858330699318D-02  -.12634039837724D-02  0.38793911494306D-03
  -.90117454972560D-03  0.18267513894914D-02  -.97814779719774D-03
  0.44655312173802D-03  -.36526970195894D-03  -.48384886075170D-03
  -.18354535358966D-03  0.41109740523931D-03  -.24089351993131D-03
  0.90127871377899D-03  0.18282730577193D-02  0.97971829664467D-03
  -.44647389091446D-03  -.36635002905738D-03  0.48424750431453D-03
  0.18254825495800D-03  0.41172790245531D-03  0.24005378504921D-03
  -.18838272784389D-02  -.12625805432060D-02  -.38895384958426D-03
  0.74601924149853D-03  -.61006034656963D-03  0.83969898655667D-04
  cycle =      3 MP2 energy =     -229.8405695867 |dE/dxyz| =  0.006131
    0.47121315434911     -1.10442776079944     -4.21818234720580      h
   -0.36951311113106     -1.02353705740294     -2.60402302438126      o
    0.53732911851114      1.14210176315838     -1.31486186306039      c
   -0.04281436362961      2.89056408171171     -2.26506285402890      h
    2.60440673284707      1.11650896840574     -1.18972612431703      h
   -0.53743204338619      1.14207580345472      1.31482952903643      c
    0.04274293188080      2.89049313923677      2.26510055881991      h
   -2.60450465821849      1.11653371345244      1.18966873737184      h
    0.36935409878387     -1.02362294852542      2.60393053703553      o
   -0.47171167324951     -1.10480007719353      4.21789741642788      h
  0.78923090887084D-05  -.66551830086858D-05  -.29160836797848D-03
  0.20515328318469D-02  -.69450504208302D-03  0.12190357159163D-02
  -.33622347983147D-02  0.97871830887808D-03  -.41358899852550D-03
  0.22435554879019D-04  -.18059931174497D-03  -.20732775416787D-03
  -.13480875308458D-03  -.97429279372896D-04  -.16935504245946D-04
  0.33609565606794D-02  0.97901064149752D-03  0.41302085931738D-03
  -.22295646432968D-04  -.17995820976457D-03  0.20814618780474D-03
  0.13583843750187D-03  -.97369470300146D-04  0.16514986193289D-04
  -.20510756508889D-02  -.69410188826868D-03  -.12185294195639D-02
  -.82408454236127D-05  -.71106254633246D-05  0.29127229457204D-03
  cycle =      4 MP2 energy =     -229.8405799391 |dE/dxyz| =  0.006003
    0.49255858839691     -1.12529583310642     -4.20191962699638      h
   -0.37972785458215     -1.01983086501368     -2.60671298949315      o
    0.53200239716917      1.14632761073354     -1.31857375616899      c
   -0.05392517646285      2.89719840513691     -2.26143436786966      h
    2.60012767772088      1.12282451694691     -1.20222110273544      h
   -0.53213380603201      1.14628488572258      1.31853196443339      c
    0.05386204479264      2.89708019139618      2.26148928080208      h
   -2.60025880095247      1.12287392560221      1.20216372486010      h
    0.37950038183008     -1.01997530473418      2.60656688992204      o
   -0.49293526512307     -1.12559790718561      4.20168054894422      h
  -.17901124212738D-04  0.60541599827046D-04  0.36389544737947D-04
  0.18579751527534D-02  -.14031427497887D-02  0.65551481883119D-03
  -.30062980344883D-02  0.13285084551944D-02  -.11584616787539D-02
  -.26494120295539D-04  0.27198240236004D-04  0.19265667918544D-04
  0.11145877780860D-03  -.13322353160927D-04  -.11468505682732D-04
  0.30064476863472D-02  0.13288695746052D-02  0.11585096319870D-02
  0.26442328714182D-04  0.26903607870388D-04  -.18994213482726D-04
  -.11142816599996D-03  -.13341415243173D-04  0.11145496653070D-04
  -.18581156073063D-02  -.14025226292755D-02  -.65528533448145D-03
  0.17913106395095D-04  0.60307609997534D-04  -.36615427644549D-04
  cycle =      5 MP2 energy =     -229.8405807052 |dE/dxyz| =  0.005923
    0.49848690969264     -1.13308668812192     -4.19494477710419      h
   -0.38326646132995     -1.01774010367962     -2.60553942966636      o
    0.53031751107892      1.14828531300928     -1.31926471089534      c
   -0.05652140579345      2.89916646614752     -2.26142934091738      h
    2.59817690971787      1.12460551010497     -1.20522325751550      h
   -0.53046103447621      1.14823488939567      1.31921844427570      c
    0.05646194780244      2.89903054156246      2.26148932898831      h
   -2.59832097213362      1.12466447952801      1.20516783529350      h
    0.38301223749085     -1.01791038048369      2.60537010853814      o
   -0.49881545529236     -1.13336040196424      4.19472636470133      h
  0.35262719473073D-04  0.49780514746134D-04  -.94519640678747D-05
  0.18461111770902D-02  -.13156746478762D-02  0.80858651643645D-03
  -.29340442281569D-02  0.12669117137243D-02  -.12348349454727D-02
  -.27994877922488D-04  0.12023201597877D-04  0.49145499386727D-04
  -.13008018072469D-04  -.13038282116795D-04  -.13626288713320D-04
  0.29341470686788D-02  0.12668564206955D-02  0.12347563567177D-02
  0.27977659240452D-04  0.11936618032227D-04  -.49036724046880D-04
  0.13017027647777D-04  -.13033229348147D-04  0.13449502086343D-04
  -.18462158557586D-02  -.13153756154578D-02  -.80841032741130D-03
  -.35252671981345D-04  0.49613245236446D-04  0.94223738185129D-05
  cycle =      6 MP2 energy =     -229.8405809311 |dE/dxyz| =  0.005991
    0.49969131857910     -1.13624954319628     -4.19297462708752      h
   -0.38437481912301     -1.01692017122658     -2.60522756155802      o
    0.52988000955761      1.14920611501366     -1.31959166063945      c
   -0.05653796049155      2.89988492838695     -2.26241109754551      h
    2.59775487434395      1.12531139122978     -1.20589593829720      h
   -0.53003056557552      1.14915217912587      1.31954350977872      c
    0.05648075471941      2.89973981840461      2.26247415685888      h
   -2.59790649044119      1.12537593869572      1.20584354975482      h
    0.38410706012598     -1.01710350276289      2.60504419317168      o
   -0.49999399493765     -1.13650752817238      4.19276604126182      h
  0.35507894491360D-06  0.21675309915814D-05  -.30060077564897D-05
  0.18965476388999D-02  -.12877741083601D-02  0.75404097433296D-03
  -.29852915130228D-02  0.12763990237108D-02  -.12570638129610D-02
  -.48369115090985D-05  0.82617493535331D-05  0.58473551567406D-05
  -.15834020695493D-04  0.92402376405953D-06  -.56825349186163D-05
  0.29853577992371D-02  0.12762255065262D-02  0.12572110655620D-02
  0.48358371094182D-05  0.82343774621130D-05  -.57897873604329D-05
  0.15833476928240D-04  0.93247899313198D-06  0.56102341335074D-05
  -.18965972540226D-02  -.12875151388991D-02  -.75413018850856D-03
  -.37013164555511D-06  0.21444950915050D-05  0.29627023079293D-05
  cycle =      7 MP2 energy =     -229.8405808982 |dE/dxyz| =  0.006031
    0.50021425295852     -1.13707489845577     -4.19215961178185      h
   -0.38479306262557     -1.01662433730673     -2.60503291047947      o
    0.52964524787112      1.14943164181950     -1.31960493526690      c
   -0.05672132528288      2.90006721654328     -2.26250718883871      h
    2.59756644762089      1.12543462891211     -1.20607669433481      h
   -0.52979809803006      1.14937613460383      1.31955575076971      c
    0.05666483684015      2.89991854176701      2.26257109769549      h
   -2.59772047709295      1.12550086975831      1.20602475215034      h
    0.38452010041173     -1.01681281187667      2.60484498514069      o
   -0.50050773591382     -1.13732736026641      4.19195532064373      h
  0.57953414289713D-07  -.14122770877201D-05  -.15474731491771D-05
  0.19108909691532D-02  -.12587243317386D-02  0.76830138656980D-03
  -.30422308029108D-02  0.12606297554330D-02  -.12311356759795D-02
  -.27230815999868D-05  0.93519999833092D-06  0.91952593850309D-06
  -.66113112104915D-05  -.13920346432217D-05  -.92121630324016D-07
  0.30422852796947D-02  0.12603786531029D-02  0.12312186855641D-02
  0.27231337167422D-05  0.93299427206261D-06  -.90227352700367D-06
  0.66227176716005D-05  -.13817990366927D-05  0.63437012504108D-07
  -.19109512488535D-02  -.12585387416628D-02  -.76836175621331D-03
  -.63609075118265D-07  -.14274792909941D-05  0.15362667893370D-05
  cycle =      8 MP2 energy =     -229.8405808846 |dE/dxyz| =  0.006042
    0.50017626800437     -1.13702314075325     -4.19218779771254      h
   -0.38478803030217     -1.01663435376638     -2.60503614523714      o
    0.52964295715949      1.14941933712515     -1.31959491204702      c
   -0.05668823028861      2.90005303960928     -2.26251550446243      h
    2.59758458188639      1.12541961454860     -1.20605275857325      h
   -0.52979628527767      1.14936357264481      1.31954552460925      c
    0.05663189771255      2.89990364372904      2.26257964340640      h
   -2.59773913995535      1.12548620964322      1.20600094150740      h
    0.38451398043638     -1.01682384162679      2.60484721036732      o
   -0.50046781261826     -1.13727445565522      4.19198436384022      h
  -.13733999977283D-05  0.12813199168349D-07  -.26114740858674D-06
  0.19120635612788D-02  -.12604217480980D-02  0.76641656249787D-03
  -.30539872632049D-02  0.12613542950746D-02  -.12263896333342D-02
  -.10944780340916D-05  -.34717418717634D-07  0.39103688709297D-06
  0.16084535259253D-06  -.87055290848292D-06  0.58678481110186D-06
  0.30540586424634D-02  0.12611112397289D-02  0.12264837550617D-02
  0.10973330443198D-05  -.41225963975933D-07  -.37641962591373D-06
  -.15587451995813D-06  -.86139801430685D-06  -.60371170088058D-06
  -.19121725910223D-02  -.12602779210402D-02  -.76651521511639D-03
  0.14032247925844D-05  0.29155116543222D-07  0.26798964558594D-06
  cycle =      9 MP2 energy =     -229.8405809519 |dE/dxyz| =  0.006041
    0.57430286017995     -1.15163718645660     -4.18259544125358      h
   -0.33856765126663     -1.03122188178941     -2.61133059375080      o
    0.55295031131933      1.13489922036847     -1.31000554603475      c
   -0.01667858992970      2.88548584896308     -2.26319557740111      h
    2.61856382013717      1.11096141440267     -1.15994494423624      h
   -0.55295061326831      1.13489915531065      1.31000531289617      c
    0.01667668401338      2.88548630344799      2.26319536868790      h
   -2.61856398824699      1.11095987567325      1.15994383540178      h
    0.33856861520863     -1.03122085165375      2.61133124433523      o
   -0.57431248862434     -1.15164494873728      4.18258921026520      h
  -.33771097562862D-06  -.10580146041494D-05  0.25124419478217D-06
  0.18970774377784D-02  -.12594138586550D-02  0.79983105115122D-03
  -.30314115653924D-02  0.12611403444343D-02  -.12806591191417D-02
  -.12703936802527D-05  0.10312746878682D-06  0.32432393903825D-06
  -.15432599420606D-06  -.77892759514642D-06  0.47818737639038D-06
  0.30314072363611D-02  0.12611452788232D-02  0.12806575218269D-02
  0.12692376297752D-05  0.98019075966960D-07  -.31205510286902D-06
  0.16086178922237D-06  -.77360366385060D-06  -.49653589637155D-06
  -.18970741819020D-02  -.12593915595636D-02  -.79981392470607D-03
  0.33340467098242D-06  -.10708688574779D-05  -.26069371950044D-06
  cycle =     10 MP2 energy =     -229.8405809300 |dE/dxyz| =  0.006042
    0.57427381409253     -1.15159423374206     -4.18262941269466      h
   -0.33855352738353     -1.03123324935345     -2.61133467056918      o
    0.55295708077481      1.13488810849701     -1.31000243718118      c
   -0.01665610863136      2.88547557757791     -2.26319877444005      h
    2.61857015984440      1.11095136184562     -1.15993132979972      h
   -0.55295770905933      1.13488787392088      1.31000207439388      c
    0.01665430121946      2.88547556304338      2.26319872719242      h
   -2.61857068541140      1.11095007881418      1.15993028269668      h
    0.33855379566104     -1.03123288624762      2.61133464059862      o
   -0.57428216158414     -1.15160124482678      4.18262376871299      h
  -.10850838367826D-05  0.19645274718094D-06  -.46473925197077D-06
  0.18977280730104D-02  -.12608376762575D-02  0.80012559711928D-03
  -.30320587856427D-02  0.12611481596405D-02  -.12805162593588D-02
  -.45481993282692D-06  -.84013635159863D-07  0.19382633764664D-06
  -.10219829338354D-06  -.42793141824538D-06  0.44282501082682D-06
  0.30320600265163D-02  0.12611577525536D-02  0.12805192158409D-02
  0.45654273239659D-06  -.89173053385849D-07  -.18251283950832D-06
  0.10607142453267D-06  -.42201844718814D-06  -.45548320881661D-06
  -.18977532178583D-02  -.12608436979722D-02  -.80013424138592D-03
  0.11033919551373D-05  0.20208417816914D-06  0.47177239315133D-06
  cycle =     11 MP2 energy =     -229.8405809272 |dE/dxyz| =  0.006042
    0.57429389771396     -1.15161889027235     -4.18260224941550      h
   -0.33856766535528     -1.03122873856095     -2.61132920909594      o
    0.55295128556481      1.13489465923440     -1.31000438480556      c
   -0.01666113250233      2.88548162748190     -2.26320149403185      h
    2.61856542545152      1.11095887961061     -1.15994488290512      h
   -0.55295186173558      1.13489445769461      1.31000404864514      c
    0.01665935146160      2.88548174672029      2.26320130091003      h
   -2.61856591566974      1.11095752235387      1.15994400948447      h
    0.33856812535540     -1.03122823465841      2.61132930465534      o
   -0.57430255076187     -1.15162608007490      4.18259642546878      h
  -.96121505199775D-07  -.27457780860107D-06  0.49191128503878D-07
  0.18963408157857D-02  -.12606228725947D-02  0.80031387132706D-03
  -.30322183710401D-02  0.12612125855718D-02  -.12805978358141D-02
  -.17268720153840D-06  -.11758148410479D-06  0.27352447617979D-06
  0.25716260232400D-07  -.20195621336372D-06  0.16004028619010D-06
  0.30322198302373D-02  0.12612177817175D-02  0.12805983260837D-02
  0.17198781288030D-06  -.11972933267046D-06  -.27041229966329D-06
  -.26109774342586D-07  -.20045687321169D-06  -.16741482941618D-06
  -.18963327359938D-02  -.12606095802923D-02  -.80030419094790D-03
  0.87674844273522D-07  -.28367569626653D-06  -.55097942208704D-07
  cycle =     12 MP2 energy =     -229.8405809220 |dE/dxyz| =  0.006042
    0.57429306162032     -1.15161408133891     -4.18260216046288      h
   -0.33856811986426     -1.03122383535107     -2.61132890567779      o
    0.55295112395239      1.13489965896603     -1.31000444271224      c
   -0.01666154601239      2.88548655744673     -2.26320152953896      h
    2.61856530067771      1.11096391244362     -1.15994544262727      h
   -0.55295138483022      1.13489961928614      1.31000426025614      c
    0.01666004113973      2.88548697804176      2.26320125731030      h
   -2.61856547506816      1.11096265092469      1.15994472609422      h
    0.33856894356939     -1.03122297659970      2.61132944301503      o
   -0.57430134827391     -1.15162072773078      4.18259679430748      h
  -.35732356540308D-06  -.68992143886781D-07  -.96627805756810D-07
  0.18966745941773D-02  -.12607892453902D-02  0.80040591255859D-03
  -.30321761037801D-02  0.12611625724057D-02  -.12805652060319D-02
  -.17809269070579D-06  -.12435795060384D-06  0.28668101514917D-06
  0.16074024777879D-07  -.18550270314277D-06  0.18817953278960D-06
  0.30321773633410D-02  0.12611673640359D-02  0.12805629834500D-02
  0.17687788922416D-06  -.12618395750508D-06  -.28422874565059D-06
  -.16153119730689D-07  -.18406266794058D-06  -.19632866102293D-06
  -.18966665071227D-02  -.12607748740132D-02  -.80039208010607D-03
  0.34927089842540D-06  -.76781636493273D-07  0.90713866196523D-07
  cycle =     13 MP2 energy =     -229.8405809205 |dE/dxyz| =  0.006041
    0.57431333607735     -1.15163755498337     -4.18257932291043      h
   -0.33858015952416     -1.03121849317456     -2.61132686544972      o
    0.55294548797626      1.13490561699530     -1.31000649730211      c
   -0.01666980470403      2.88549241606463     -2.26320315439170      h
    2.61856032331150      1.11097036479605     -1.15995733784182      h
   -0.55294607568800      1.13490541027979      1.31000618668175      c
    0.01666836950951      2.88549234561945      2.26320311702410      h
   -2.61856083481791      1.11096938296295      1.15995657751628      h
    0.33858025782191     -1.03121830112849      2.61132672160298      o
   -0.57432030305184     -1.15164343134325      4.18257457503470      h
  0.15723118429456D-06  -.29029735237884D-06  0.93891109997912D-07
  0.18959916442354D-02  -.12607486771943D-02  0.80034932953854D-03
  -.30321476749560D-02  0.12611409559247D-02  -.12803184519761D-02
  -.17204119107106D-06  -.16135341951440D-08  0.21298172225848D-06
  0.48016791431849D-07  -.10494233571023D-06  0.52396213562345D-07
  0.30321491186198D-02  0.12611508316693D-02  0.12803230943146D-02
  0.17407290897609D-06  -.46793586783167D-08  -.20524307275949D-06
  -.45310336371784D-07  -.10059524047090D-06  -.59548447756130D-07
  -.18960159128962D-02  -.12607598696377D-02  -.80036307723486D-03
  -.13914465712972D-06  -.28117567352215D-06  -.85372480640444D-07
  cycle =     14 MP2 energy =     -229.8405809173 |dE/dxyz| =  0.006042
    0.57430436013964     -1.15162497041013     -4.18259041893962      h
   -0.33857502012982     -1.03122172579941     -2.61132852774000      o
    0.55294763459854      1.13490234861552     -1.31000553221973      c
   -0.01666485817306      2.88548914034735     -2.26320409847236      h
    2.61856215721456      1.11096744414322     -1.15995274311062      h
   -0.55294797077583      1.13490227501853      1.31000532533197      c
    0.01666339526559      2.88548949242233      2.26320379939086      h
   -2.61856241798735      1.11096622646184      1.15995213971571      h
    0.33857574309235     -1.03122098525998      2.61132892873276      o
   -0.57431242633404     -1.15163148945078      4.18258512727507      h
  -.34131287196537D-06  0.19704106934970D-06  -.21178270470656D-06
  0.18965715558990D-02  -.12612362819366D-02  0.80044747303099D-03
  -.30322114644847D-02  0.12610760220726D-02  -.12801321260283D-02
  -.74461354970801D-07  0.91070395669135D-08  0.98057839181820D-07
  -.11270985034173D-07  -.53928863652519D-07  0.10986072901398D-06
  0.30322095504367D-02  0.12610816880869D-02  0.12801364808419D-02
  0.72593981825797D-07  0.94387240245908D-08  -.98982260610114D-07
  0.10666980632124D-07  -.54693408191309D-07  -.11379990638716D-06
  -.18965431651621D-02  -.12612076413427D-02  -.80043226085458D-03
  0.31730758376369D-06  0.17918587813526D-06  0.19707820753112D-06
$end
