$hessapprox internal
  0.236200598300D-01  0.140307353080D-03  0.616156649143D+00  0.405193762417D-02
  0.119204756246D-02  0.366340820764D+00  0.537323973385D-03  0.958604836446D-04
 -0.436088019864D-03  0.423209375231D+00 -0.389102837980D-03 -0.332472470606D-03
  0.238918951329D-02  0.174838333258D-03  0.420967437285D+00 -0.225990043553D-02
 -0.680888179650D-03  0.402305532289D-02  0.253005944620D-03 -0.136914539308D-02
  0.345536611020D+00  0.376033158782D-02  0.344526932262D-03 -0.479732875579D-03
  0.598841823984D-04  0.478810148783D-03  0.299410169985D-03  0.349910690911D+00
 -0.423548010879D-02 -0.119623629353D-02  0.691037826311D-02  0.425463306151D-03
 -0.238374123043D-02 -0.398074017592D-02  0.402592647352D-03  0.314164601210D+00
  0.449323209881D-02  0.712259985024D-03 -0.294243006271D-02 -0.111773175341D-03
  0.125812797172D-02  0.171288717321D-02  0.678126139462D-03  0.285282092345D-02
  0.346461353072D+00  0.520102728399D-03  0.948015635267D-04 -0.437981059058D-03
 -0.204738913908D-04  0.173829794185D-03  0.253974154837D-03  0.539681909714D-04
  0.427714055333D-03 -0.117200974323D-03  0.423208251184D+00 -0.379839152660D-03
 -0.333043985870D-03  0.239920220210D-02  0.175852094855D-03 -0.729018999480D-03
 -0.137481077704D-02  0.484257683219D-03 -0.239395608068D-02  0.126615433574D-02
  0.174821226666D-03  0.420963315372D+00 -0.222778699660D-02 -0.683366356390D-03
  0.406168232473D-02  0.256823348827D-03 -0.137742696731D-02 -0.233800117177D-02
  0.319281058111D-03 -0.402007223184D-02  0.174293526987D-02  0.257711439543D-03
 -0.138307318683D-02  0.345492909350D+00  0.352838619845D-02  0.315595281968D-03
 -0.389604462499D-03  0.608747999620D-04  0.431747596463D-03  0.246315986858D-03
  0.101630189652D-02  0.317156845239D-03  0.670668473074D-03  0.552817829429D-04
  0.436820350710D-03  0.264800108521D-03  0.349811338836D+00 -0.424977833546D-02
 -0.120160001119D-02  0.694415354278D-02  0.427707991714D-03 -0.239481324694D-02
 -0.400015391185D-02  0.406582774947D-03 -0.686390638004D-02  0.286838294809D-02
  0.429959101914D-03 -0.240506927037D-02 -0.403964654491D-02  0.320625040597D-03
  0.314097409007D+00  0.423927517800D-02  0.662451938893D-03 -0.270084187084D-02
 -0.996303971413D-04  0.116522085332D-02  0.157301533730D-02  0.658758056981D-03
  0.261621589422D-02 -0.461863745997D-03 -0.104803568774D-03  0.117274536199D-02
  0.160116479658D-02  0.650039161468D-03  0.263055536364D-02  0.346600118717D+00
  0.792993428509D-02  0.104776706513D-03  0.388914261399D-02  0.505512974675D-03
 -0.409290335291D-03 -0.217174041394D-02  0.348408981817D-02 -0.405712679088D-02
  0.421253977440D-02  0.489642102637D-03 -0.400940548086D-03 -0.214287674692D-02
  0.326792161471D-02 -0.407104071519D-02  0.397287816148D-02  0.221905407435D-01
  0.805923222013D-04 -0.148074120011D-03  0.121503658363D-02  0.960988992608D-04
 -0.344526667803D-03 -0.694434570847D-03  0.331455935776D-03 -0.121801695539D-02
  0.710218028200D-03  0.951232786711D-04 -0.345194533794D-03 -0.697269203150D-03
  0.302983624447D-03 -0.122351406738D-02  0.660093989208D-03  0.491280371184D-04
  0.616141962817D+00  0.421296864298D-02  0.121416316150D-02 -0.706506245297D-02
 -0.438013541320D-03  0.242649489010D-02  0.406906593073D-02 -0.448659263482D-03
  0.698570644875D-02 -0.294633432634D-02 -0.440119728518D-03  0.243677801764D-02
  0.410869827720D-02 -0.359399035748D-03  0.701991696517D-02 -0.270322158255D-02
  0.403955358484D-02  0.123692494534D-02  0.366184014755D+00 -0.220637034957D-02
 -0.734786100853D-03  0.447970588319D-02  0.289722608690D-03 -0.149652901366D-02
 -0.257695777670D-02  0.431322669886D-03 -0.443899083651D-02  0.198568496482D-02
  0.290285530768D-03 -0.150241363348D-02 -0.259978825686D-02  0.367148895012D-03
 -0.446045941489D-02  0.182673488278D-02 -0.213180476891D-02 -0.751174523380D-03
  0.453418625959D-02  0.502055375455D+00 -0.776148367528D-02 -0.506144525781D-03
 -0.625410165211D-03 -0.248618965324D-03 -0.520490706368D-03  0.306087239831D-03
 -0.260892983926D-02  0.786380642344D-03 -0.231695038769D-02 -0.235288917452D-03
 -0.530700117406D-03  0.269371912394D-03 -0.246845888228D-02  0.785505623863D-03
 -0.221143192444D-02 -0.715762910134D-02 -0.469907284031D-03 -0.717529423977D-03
  0.112354339439D-03  0.392369398534D+00 -0.223831640079D-02 -0.740216108784D-03
  0.450351059456D-02  0.290740504615D-03 -0.150630929517D-02 -0.259078599447D-02
  0.427227785248D-03 -0.446216156758D-02  0.199112528240D-02  0.291340019079D-03
 -0.151225282806D-02 -0.261383778676D-02  0.363042556068D-03 -0.448375393139D-02
  0.183153936811D-02 -0.216181528330D-02 -0.756606543370D-03  0.455806869011D-02
 -0.287435600981D-02  0.127852832015D-03  0.502023523783D+00 -0.809455096125D-02
 -0.515599658438D-03 -0.748920551835D-03 -0.266768434979D-03 -0.514835165966D-03
  0.374516440424D-03 -0.274523287795D-02  0.916903429989D-03 -0.247126375129D-02
 -0.252799388139D-03 -0.525420788800D-03  0.336482794098D-03 -0.259657306561D-02
  0.916431307043D-03 -0.235729537343D-02 -0.746276797960D-02 -0.477253395797D-03
 -0.846667262772D-03  0.177169498066D-03  0.621796541552D-02  0.193754713492D-03
  0.392956411862D+00  0.189357370950D-03  0.400811754821D-03 -0.304660360801D-02
 -0.230862078964D-03  0.899254816378D-03  0.174384112977D-02 -0.707465353941D-03
  0.304599255877D-02 -0.168186969747D-02 -0.229066217218D-03  0.901464524810D-03
  0.175288433459D-02 -0.642452758912D-03  0.305996394638D-02 -0.156022987054D-02
  0.238454714528D-03  0.417473596716D-03 -0.309738729301D-02  0.189741575968D-02
  0.889801702772D-03  0.191039203099D-02  0.893852515783D-03  0.408558978535D+00
  0.000000000000D+00  0.000000000000D+00  0.000000000000D+00  0.000000000000D+00
  0.000000000000D+00  0.000000000000D+00  0.000000000000D+00  0.000000000000D+00
  0.000000000000D+00  0.000000000000D+00  0.000000000000D+00  0.000000000000D+00
  0.000000000000D+00  0.000000000000D+00  0.000000000000D+00  0.000000000000D+00
  0.000000000000D+00  0.000000000000D+00  0.000000000000D+00  0.000000000000D+00
  0.000000000000D+00  0.000000000000D+00  0.000000000000D+00  0.000000000000D+00
$end
