$coord
    0.31296714852239     -1.07920759446403     -4.25899744252475  h
   -0.27255197301158     -1.10385453086412     -2.53744849921928  o
    0.43318535918233      1.20250427616967     -1.36595025066568  c
   -0.41299102331519      2.84804197782734     -2.30613342080062  h
    2.49645350204432      1.42335204919501     -1.41998923116430  h
   -0.43318566633284      1.20250525756865      1.36594910511667  c
    0.41299041451891      2.84804384112556      2.30613109508597  h
   -2.49645383155353      1.42335262767440      1.41998790072296  h
    0.27255216578509     -1.10385250662143      2.53744896964526  o
   -0.31297034027114     -1.07920596495813      4.25899675950467  h
$user-defined bonds
$intdef
# definitions of internal coordinates
   1 f  1.0000000000000 tors    2    3    6    9 val=  48.00000
$redundant
     number_of_atoms            10
     degrees_of_freedom         24
     internal_coordinates       25
     frozen_coordinates          1
# definitions of redundant internals
   1 k  1.0000000000000 tors   1    2    3    6 val= 180.81149
   2 k  1.0000000000000 stre   2    1           val=   1.81856
   3 k  1.0000000000000 bend   3    1    2      val= 108.49341
   4 k  1.0000000000000 stre   3    4           val=   2.07551
   5 k  1.0000000000000 stre   3    5           val=   2.07576
   6 k  0.0887507777921 bend   5    4    3      val=   1.14330
       -0.5240229668139 bend   2    4    3
       -0.4925067355652 bend   2    5    3
        0.4789712116576 bend   6    4    3
        0.4955269150299 bend   6    5    3
   7 k  0.0042970930027 bend   5    4    3      val=   0.15356
       -0.5325325354123 bend   2    4    3
        0.5598840141346 bend   2    5    3
       -0.4601116901563 bend   6    4    3
        0.4372845263865 bend   6    5    3
   8 k  0.8915188174140 bend   5    4    3      val=  -0.51948
       -0.1685234646606 bend   2    4    3
       -0.1867904057973 bend   2    5    3
       -0.2718009679031 bend   6    4    3
       -0.2608210463222 bend   6    5    3
   9 k -0.0100339542614 bend   5    4    3      val=   1.36939
        0.4508644277198 bend   2    4    3
       -0.4465200517740 bend   2    5    3
       -0.5379887084213 bend   6    4    3
        0.5548049932668 bend   6    5    3
  10 k  1.0000000000000 stre   6    7           val=   2.07551
  11 k  1.0000000000000 stre   6    8           val=   2.07576
  12 k  0.0887507927556 bend   8    7    6      val=   1.14331
       -0.5240228291926 bend   9    7    6
       -0.4925068050303 bend   9    8    6
        0.4789711305810 bend   3    7    6
        0.4955270672113 bend   3    8    6
  13 k  0.0042970351189 bend   8    7    6      val=   0.15353
       -0.5325327724545 bend   9    7    6
        0.5598839536303 bend   9    8    6
       -0.4601117263783 bend   3    7    6
        0.4372842776359 bend   3    8    6
  14 k  0.8915189932822 bend   8    7    6      val=  -0.51942
       -0.1685231926647 bend   9    7    6
       -0.1867903304729 bend   9    8    6
       -0.2718008206219 bend   3    7    6
       -0.2608208283519 bend   3    8    6
  15 k -0.0100340926394 bend   8    7    6      val=   1.36939
        0.4508644550804 bend   9    7    6
       -0.4465198129395 bend   9    8    6
       -0.5379888748772 bend   3    7    6
        0.5548049993383 bend   3    8    6
  16 k  1.0000000000000 tors  10    9    6    3 val= 180.81162
  17 k  1.0000000000000 stre   9   10           val=   1.81856
  18 k  1.0000000000000 bend   6   10    9      val= 108.49341
  19 k  1.0000000000000 tors   2    3    6    9 val=  48.00000
  20 k  1.0000000000000 stre   3    2           val=   2.68137
  21 k  1.0000000000000 bend   6    2    3      val= 109.68800
  22 k  1.0000000000000 stre   6    9           val=   2.68137
  23 k  1.0000000000000 bend   3    9    6      val= 109.68800
  24 k  1.0000000000000 stre   3    6           val=   2.86599
  25 f  1.0000000000000 tors   2    3    6    9 val=  48.00000
        24 non zero eigenvalues  of BmBt
           1           4.501113696    1    0
         1
           2           3.791628998    2    0
         2
           3           3.770375188    3    0
         3
           4           3.077887500    4    0
         4
           5           2.706441613    5    0
         5
           6           2.465204140    6    0
         6
           7           2.097388057    7    0
         7
           8           1.720517378    8    0
         8
           9           1.240064223    9    0
         9
          10           1.236056457   10    0
        10
          11           1.055248517   11    0
        11
          12           0.848831128   12    0
        12
          13           0.769687523   13    0
        13
          14           0.726881455   14    0
        14
          15           0.646752586   15    0
        15
          16           0.412035483   16    0
        16
          17           0.347490036   17    0
        17
          18           0.323075703   18    0
        18
          19           0.279492276   20    0
        20
          20           0.246865167   21    0
        21
          21           0.146335599   22    0
        22
          22           0.067184434   23    0
        23
          23           0.059402079   24    0
        24
          24           0.000000000    0    1
         0.000000000         0.000000000         0.000000000         0.000000000
         0.000000000         0.000000000         0.000000000         0.000000000
         0.000000000         0.000000000         0.000000000         0.000000000
         0.000000000         0.000000000         0.000000000         0.000000000
         0.000000000         0.000000000         0.000000000         0.000000000
         0.000000000         0.000000000         0.000000000         0.000000000
         1.000000000
$end
