$energy      SCF               SCFKIN            SCFPOT
     1 -230.2221026338      229.2954352369     -459.5175378708
     2 -230.2227605904      229.2785736601     -459.5013342505
     3 -230.2228371956      229.2876706591     -459.5105078547
     4 -230.2228528247      229.2908489027     -459.5137017274
     5 -230.2228538148      229.2899651306     -459.5128189454
     6 -230.2228538965      229.2898133839     -459.5126672803
     7 -230.2228538962      229.2898210995     -459.5126749957
     8 -230.2228539112      229.2898673766     -459.5127212879
     9 -230.2228539251      229.2899452695     -459.5127991946
    10 -230.2228539264      229.2899387968     -459.5127927232
    11 -230.2228539268      229.2899305310     -459.5127844578
    12 -230.2228539269      229.2899230618     -459.5127769887
$end
