$grad          cartesian gradients
  cycle =      1    SCF energy =     -230.2221026338   |dE/dxyz| =  0.011497
    0.27198401914737     -1.16836606952660     -4.17354177949147      h
   -0.28482254412081     -1.12013104953196     -2.44369064168558      o
    0.45472127701299      1.22964483757812     -1.35767245387581      c
   -0.39489468514971      2.83020253668570     -2.36190558701515      h
    2.51281305352839      1.46510488189641     -1.38830221384968      h
   -0.45472427708364      1.22964829143419      1.35766737623625      c
    0.39486002555039      2.83022497048272      2.36190134097601      h
   -2.51281778533049      1.46507759947770      1.38827685251697      h
    0.28485368638702     -1.12010782262082      2.44370493915907      o
   -0.27240319623041     -1.16854674094011      4.17340495065300      h
  -.34405422524712D-03  -.48179946612929D-03  0.55769799568720D-03
  0.87938292138246D-03  -.45814848882780D-02  0.37990981430468D-02
  -.39277909217499D-03  0.43932269098739D-02  -.13057835471957D-02
  0.15551957376740D-05  -.13804159472352D-02  -.37250000701876D-03
  -.92045982667729D-03  0.20531565550344D-02  0.98407109911637D-03
  0.39218588511683D-03  0.43934757458471D-02  0.13056464218416D-02
  -.15726540372416D-05  -.13802819592961D-02  0.37277405406651D-03
  0.92078559823885D-03  0.20533830827141D-02  -.98432328466414D-03
  -.87846708700611D-03  -.45819309202815D-02  -.37988520804266D-02
  0.34342267701605D-03  -.48171652452573D-03  -.55783060456745D-03
  cycle =      2    SCF energy =     -230.2227605904   |dE/dxyz| =  0.012504
    0.28588610927837     -1.09821845585472     -4.25714076018328      h
   -0.26879014862203     -1.11785398563960     -2.52498930359359      o
    0.44170137635141      1.20042609634837     -1.36692149514585      c
   -0.39690352357343      2.82680978896067     -2.34284727809227      h
    2.50245559309134      1.42529682932258     -1.40776163050292      h
   -0.44172537616149      1.20042359722371      1.36691166128369      c
    0.39686965630399      2.82680613253665      2.34285120062434      h
   -2.50247928987054      1.42528779255923      1.40773642782530      h
    0.26877060267487     -1.11785627351283      2.52497529834043      o
   -0.28621542576138     -1.09837008700872      4.25702866306775      h
  -.17892510315495D-03  -.41404233990468D-03  -.26126508938822D-03
  0.36007493395036D-02  -.27890752258240D-02  0.84054628364108D-03
  -.58416450476000D-02  0.34005584802310D-02  -.26729278764181D-02
  0.38888255561903D-03  -.86378677306159D-03  -.12906584986792D-02
  -.72803236542609D-03  0.66645573332549D-03  0.29294961085917D-03
  0.58413384688234D-02  0.34009615013431D-02  0.26729330645182D-02
  -.38888277495967D-03  -.86374278058100D-03  0.12910119374841D-02
  0.72825558389003D-03  0.66654519309626D-03  -.29325071024509D-03
  -.36002744842032D-02  -.27889449646319D-02  -.84038342486671D-03
  0.17853326747554D-03  -.41417164748192D-03  0.26104594916506D-03
  cycle =      3    SCF energy =     -230.2228371956   |dE/dxyz| =  0.014053
    0.29771578290885     -1.08518790384240     -4.26311376990859      h
   -0.26949139239321     -1.11558655769570     -2.53546986316720      o
    0.43621056088427      1.19351860727573     -1.36585597130154      c
   -0.40362432492418      2.83144964469626     -2.32289610283358      h
    2.49940669117912      1.41226914856136     -1.41360554044084      h
   -0.43625048891826      1.19351135479518      1.36584299344824      c
    0.40359288915278      2.83142669681863      2.32290461848294      h
   -2.49944470052648      1.41227587755096      1.41358251042286      h
    0.26943259607421     -1.11560834307663      2.53543764656611      o
   -0.29797803972599     -1.08531709014806      4.26301626235520      h
  -.66623379820172D-04  -.89979674261194D-04  -.77773292026320D-04
  0.45186731666736D-02  -.21137331733660D-02  0.11698572151204D-02
  -.77284638675911D-02  0.25972095025447D-02  -.22775431836799D-02
  0.21243737383183D-03  -.46512713021313D-03  -.71262762838959D-03
  -.18767258120294D-03  0.71149513849906D-04  0.77777832768044D-04
  0.77283305874063D-02  0.25974207604575D-02  0.22775874259011D-02
  -.21241675291243D-03  -.46514654047330D-03  0.71289173002655D-03
  0.18774770385816D-03  0.71184032459691D-04  -.78036914194308D-04
  -.45183947324900D-02  -.21134278746370D-02  -.11697951240373D-02
  0.66381662162969D-04  -.90128256804978D-04  0.77662589728658D-04
  cycle =      4    SCF energy =     -230.2228528247   |dE/dxyz| =  0.014414
    0.30789412951552     -1.08560589254695     -4.26085015058424      h
   -0.27166100283131     -1.11508229771166     -2.53740182998979      o
    0.43351482491396      1.19133182645944     -1.36515907981106      c
   -0.41055063230771      2.83591453470884     -2.30835391297719      h
    2.49750416184762      1.40990782039713     -1.41799830800864      h
   -0.43357032202231      1.19131939079275      1.36514278234478      c
    0.41052187663812      2.83587229920635      2.30836654900862      h
   -2.49755577736791      1.40993017128705      1.41797810490093      h
    0.27156357886931     -1.11512420204732      2.53735149902634      o
   -0.30809126354419     -1.08571221561030      4.26076712971385      h
  -.34648878007873D-06  0.52077784766767D-04  0.26830727816567D-04
  0.47349463823327D-02  -.21736071758322D-02  0.14523720851631D-02
  -.80547049970445D-02  0.23021093354316D-02  -.20974219498239D-02
  0.31769899695092D-04  -.10217027068945D-03  -.11324650513458D-03
  0.11856420713553D-03  -.78964110145153D-04  -.55750076729295D-05
  0.80546912407368D-02  0.23020569440107D-02  0.20974568541409D-02
  -.31749442732605D-04  -.10220446831436D-03  0.11338831636545D-03
  -.11854247206730D-03  -.78958607621518D-04  0.54030343011307D-05
  -.47348832871062D-02  -.21732870929190D-02  -.14523123505462D-02
  0.25359269460514D-06  0.51960385861072D-04  -.26895439398916D-04
  cycle =      5    SCF energy =     -230.2228538148   |dE/dxyz| =  0.014011
    0.31093523473650     -1.08879523011710     -4.25957917760718      h
   -0.27238720837861     -1.11515709926245     -2.53728809888235      o
    0.43335722642842      1.19157659976358     -1.36569656361217      c
   -0.41261882480836      2.83688178577821     -2.30634244234944      h
    2.49674692759017      1.41196131469626     -1.41972630987367      h
   -0.43342007958987      1.19156169189737      1.36567869301201      c
    0.41259136644418      2.83683054331023      2.30635673751470      h
   -2.49680484212300      1.41199106920007      1.41970826973072      h
    0.27227201918627     -1.11520867385068      2.53722881792397      o
   -0.31110224577460     -1.08889056648016      4.25950285776702      h
  0.89501251482529D-05  0.20015375057091D-04  -.13544090380699D-05
  0.46532244484664D-02  -.22808427512306D-02  0.14722632384485D-02
  -.76515650182863D-02  0.22835823768935D-02  -.23163168497227D-02
  -.50679738141427D-06  -.11012351430687D-04  -.11075375487210D-05
  0.27307164367579D-04  -.12232809846012D-04  -.12412990784974D-04
  0.76515992673085D-02  0.22834112100284D-02  0.23163790582681D-02
  0.51887659666575D-06  -.11035315980411D-04  0.11825158034941D-05
  -.27290593017607D-04  -.12223192609441D-04  0.12310406144951D-04
  -.46532817230349D-02  -.22806078322100D-02  -.14722670610790D-02
  -.89573467501909D-05  0.19969482383502D-04  0.13229764954227D-05
  cycle =      7    SCF energy =     -230.2228538962   |dE/dxyz| =  0.013967
    0.31117285753728     -1.07796634000646     -4.25965800938058      h
   -0.27238726542871     -1.10396759425236     -2.53744940549994      o
    0.43330639873388      1.20255609750744     -1.36586798027480      c
   -0.41289199347362      2.84798365807708     -2.30618286522167      h
    2.49655960999715      1.42325917217170     -1.41998611497019      h
   -0.43330663408654      1.20255633043216      1.36586750281670      c
    0.41288827440362      2.84798564053217      2.30618274427432      h
   -2.49656018287320      1.42325588779371      1.41998291821432      h
    0.27239022003052     -1.10396523106199      2.53745078466839      o
   -0.31121265916559     -1.07798438513881      4.25964512516633      h
  0.21706661229568D-05  0.14346960601297D-04  -.16271913919911D-05
  0.46712887064482D-02  -.22325248182663D-02  0.14813112687337D-02
  -.76056638069143D-02  0.22293243459707D-02  -.23927813637302D-02
  -.20634181444128D-05  -.34285857114137D-05  0.50816603946629D-06
  -.53052510397161D-05  -.83061905538725D-05  -.10726577020828D-04
  0.76054540908177D-02  0.22292890073263D-02  0.23926393643013D-02
  0.19333358860324D-05  -.33551236596300D-05  -.59931847370733D-06
  0.52921065091937D-05  -.84466477948192D-05  0.10680728074203D-04
  -.46709121531769D-02  -.22322892529456D-02  -.14809934163478D-02
  -.21942639061505D-05  0.14383495181022D-04  0.15885808742265D-05
  cycle =      8    SCF energy =     -230.2228539112   |dE/dxyz| =  0.013978
    0.31150947505392     -1.07828456615302     -4.25947320744126      h
   -0.27257256399176     -1.10385707378358     -2.53743957347907      o
    0.43319401789960      1.20260117036270     -1.36591470198175      c
   -0.41305166363103      2.84805478975475     -2.30615271913556      h
    2.49645399303989      1.42335083074449     -1.42010075141155      h
   -0.43319983755041      1.20260014047630      1.36591336410259      c
    0.41304840436945      2.84805004266095      2.30615596827914      h
   -2.49645945298560      1.42335385949250      1.42009712096118      h
    0.27256058798146     -1.10386217272575      2.53743324281383      o
   -0.31152433451073     -1.07829378477469      4.25946595708533      h
  0.13153876666647D-05  0.94229971787365D-05  -.13329399058877D-05
  0.46762927722729D-02  -.22151095739215D-02  0.14827420406304D-02
  -.76188426367481D-02  0.22145075550477D-02  -.24009176269950D-02
  -.21432091738288D-05  -.35262953300868D-05  -.45836478835132D-06
  -.24558324240803D-05  -.59124598759632D-05  -.64430264144492D-05
  0.76188695157499D-02  0.22146245747937D-02  0.24010275034398D-02
  0.21353528709028D-05  -.34840294035167D-05  0.55999088460685D-06
  0.24621556044445D-05  -.59340744839414D-05  0.63547936751377D-05
  -.46763247900818D-02  -.22150207934878D-02  -.14828659395763D-02
  -.13088879809938D-05  0.94177721185076D-05  0.13334794983380D-05
  cycle =     10    SCF energy =     -230.2228539264   |dE/dxyz| =  0.013999
    0.31290375634857     -1.07916725725231     -4.25902529684908      h
   -0.27252207955689     -1.10385649833164     -2.53744495549831      o
    0.43320078959298      1.20249862367307     -1.36594297335715      c
   -0.41297714002321      2.84801843785721     -2.30615291637245      h
    2.49647519117288      1.42334452204029     -1.41994608080082      h
   -0.43320090163823      1.20249861860234      1.36594119673910      c
    0.41297658073135      2.84801918827810      2.30614944241293      h
   -2.49647538168971      1.42334465604955      1.41994442440882      h
    0.27252244717448     -1.10385503912617      2.53744659661668      o
   -0.31290750654347     -1.07916581913752      4.25902554840120      h
  -.10603416186281D-05  -.32705472900073D-06  -.40723230540591D-06
  0.46859164697202D-02  -.21860011217794D-02  0.14863053140163D-02
  -.76410008807837D-02  0.21881953980712D-02  -.24215598682926D-02
  -.12668960879367D-05  -.16341780764375D-05  -.11146584322237D-05
  0.13254194288939D-05  -.58398083032854D-06  0.88337702689879D-06
  0.76410592507250D-02  0.21880199401891D-02  0.24213877239490D-02
  0.12389635971631D-05  -.17301514833684D-05  0.10050970849106D-05
  -.13616927750694D-05  -.53990344797621D-06  -.85890022937999D-06
  -.46859165002413D-02  -.21860558489952D-02  -.14860764052872D-02
  0.10662437187949D-05  -.37836487918103D-06  0.43564173000000D-06
  cycle =     11    SCF energy =     -230.2228539268   |dE/dxyz| =  0.013998
    0.31295932962409     -1.07920732943152     -4.25899644363620      h
   -0.27254963463179     -1.10385228070540     -2.53744398531688      o
    0.43318730737524      1.20250669041068     -1.36594881808309      c
   -0.41299284999538      2.84803672602658     -2.30614026594640      h
    2.49645766112926      1.42335257472289     -1.41998059496829      h
   -0.43318784745017      1.20250748252163      1.36594757488342      c
    0.41299230232916      2.84803814307577      2.30613787985895      h
   -2.49645820068214      1.42335335977983      1.41997929998401      h
    0.27254935831615     -1.10385056452305      2.53744430850027      o
   -0.31296167044566     -1.07920536922449      4.25899603042512      h
  -.57032941290561D-06  -.43664709609030D-06  -.91799812099591D-07
  0.46852060506458D-02  -.21876827805902D-02  0.14858336929781D-02
  -.76396617416205D-02  0.21889379021617D-02  -.24222969436513D-02
  -.72016982316406D-06  -.90196064124578D-06  -.37565494647672D-06
  0.41624788461471D-06  -.42271520946292D-06  0.22949454470050D-06
  0.76396596312027D-02  0.21889170541099D-02  0.24223039451033D-02
  0.72314955364821D-06  -.91448327237726D-06  0.36635643635573D-06
  -.41970957825629D-06  -.41535399527586D-06  -.22624974323934D-06
  -.46852106620199D-02  -.21876830846727D-02  -.14858236317946D-02
  0.57755266220952D-06  -.43284304018325D-06  0.80828180401637D-07
$end
