$hessapprox internal
  0.157326570654D-01 -0.116912851335D-03  0.619459776463D+00  0.238655347713D-02
 -0.358727809904D-03  0.370404334441D+00 -0.929523202681D-03  0.138561523202D-03
  0.937886652138D-03  0.419416629649D+00  0.113819086061D-02 -0.182896047710D-03
 -0.392538849636D-02  0.134922235292D-02  0.415782439766D+00  0.204563407784D-02
 -0.315763318504D-03 -0.433660411485D-02  0.143611824798D-02 -0.465023914023D-02
  0.340667847662D+00  0.755829735073D-03 -0.116035386040D-03 -0.146917707915D-02
  0.482197649022D-03 -0.161971744874D-02 -0.190350920316D-02  0.346734626316D+00
  0.317463197252D-02 -0.488035166203D-03 -0.631020526371D-02  0.207602125450D-02
 -0.690622112197D-02 -0.814024509852D-02 -0.279847083049D-02  0.307835951101D+00
 -0.288702657087D-02  0.456407385884D-03  0.838045359005D-02 -0.284893175626D-02
  0.823471493119D-02  0.101538917237D-01  0.352416470491D-02  0.150403911224D-01
  0.326792558713D+00 -0.859972392494D-03  0.130173465066D-03  0.128327626142D-02
 -0.407383316640D-03  0.155565174694D-02  0.176140343217D-02  0.600146139830D-03
  0.257377220620D-02 -0.334602687109D-02  0.419158810539D+00  0.112152211850D-02
 -0.180992242806D-03 -0.403052154783D-02  0.138861545437D-02 -0.377216230197D-02
 -0.475147788236D-02 -0.165627151145D-02 -0.706064733723D-02  0.839205986567D-02
  0.159475701816D-02  0.415650268191D+00  0.207620402836D-02 -0.319525128268D-03
 -0.420053140914D-02  0.138451074668D-02 -0.457114723865D-02 -0.540041909988D-02
 -0.185749999570D-02 -0.794619949751D-02  0.996229970306D-02  0.171127815191D-02
 -0.467261321773D-02  0.340921753072D+00  0.739054844179D-03 -0.115570918255D-03
 -0.187966209909D-02  0.632668563847D-03 -0.191151337141D-02 -0.232266763586D-02
 -0.803689072697D-03 -0.343270745609D-02  0.420325901888D-02  0.755452236619D-03
 -0.195009205074D-02 -0.227514269436D-02  0.346421347551D+00  0.318936580278D-02
 -0.490068117075D-03 -0.629077552526D-02  0.206793602389D-02 -0.690223959619D-02
 -0.812729534774D-02 -0.279340234952D-02 -0.119521677943D-01  0.150269322412D-01
  0.256717767577D-02 -0.705707072598D-02 -0.793262807644D-02 -0.342869586227D-02
  0.307878146104D+00 -0.292468797392D-02  0.460999401042D-03  0.820390691901D-02
 -0.278211217685D-02  0.813068628499D-02  0.998866463327D-02  0.346418059771D-02
  0.147873315376D-01 -0.179419791156D-01 -0.328088350602D-02  0.828825415270D-02
  0.979620999577D-02  0.414106255551D-02  0.147730877868D-01  0.327296070156D+00
  0.817264474174D-03 -0.106622371055D-03  0.236713954152D-02 -0.917489852956D-03
  0.117458603652D-02  0.206099477245D-02  0.759054051579D-03  0.319074094111D-02
 -0.295031971765D-02 -0.856490916023D-03  0.116037848363D-02  0.208809565073D-02
  0.750365897320D-03  0.320465256398D-02 -0.298354328573D-02  0.155913151839D-01
 -0.199452977569D-03  0.268601775708D-04 -0.401572154566D-03  0.159847467014D-03
 -0.156380389375D-03 -0.319578352141D-03 -0.119965723820D-03 -0.501904353226D-03
  0.418996864458D-03  0.141998201031D-03 -0.151785786834D-03 -0.327200699091D-03
 -0.111024337627D-03 -0.504924084057D-03  0.428513641680D-03 -0.185771677843D-03
  0.619487449271D+00  0.226179224837D-02 -0.341808239093D-03 -0.325802495242D-02
  0.102885843990D-02 -0.400487408176D-02 -0.451069620862D-02 -0.153503109954D-02
 -0.658520348199D-02  0.860018163660D-02  0.136266613531D-02 -0.410697449966D-02
 -0.437953331498D-02 -0.193896324835D-02 -0.656760980979D-02  0.842978609227D-02
  0.225047984784D-02 -0.375125187166D-03  0.369967736422D+00  0.990399191984D-04
  0.111919590136D-04  0.534851655493D-02 -0.195234139711D-02  0.388632082951D-02
  0.552061464898D-02  0.196807517096D-02  0.834136800434D-02 -0.900865123573D-02
 -0.203008773714D-02  0.391699493609D-02  0.549491903868D-02  0.216305005325D-02
  0.835384219026D-02 -0.897219664894D-02 -0.256012585735D-05 -0.942392285860D-04
  0.527621871061D-02  0.500470447014D+00 -0.270197731662D-02  0.390963934243D-03
  0.246663518023D-03  0.969174636767D-04  0.208786041137D-02  0.159246130694D-02
  0.482605932566D-03  0.213778494919D-02 -0.404334939053D-02 -0.240537975409D-03
  0.218649973115D-02  0.145664319799D-02  0.823970247886D-03  0.210899743648D-02
 -0.386894630506D-02 -0.262134291762D-02  0.499789073546D-03  0.539596053112D-03
 -0.433959424147D-02  0.385581033405D+00 -0.126763912546D-03  0.414948696491D-04
  0.487165715595D-02 -0.176328831800D-02  0.369283474396D-02  0.513566281312D-02
  0.182401939003D-02  0.773821328049D-02 -0.849629836088D-02 -0.186086812069D-02
  0.372856817333D-02  0.510146511844D-02  0.202825590466D-02  0.774722139438D-02
 -0.844924749346D-02 -0.212465780702D-03 -0.454224549956D-04  0.482955580610D-02
 -0.282129004283D-02 -0.375610893213D-02  0.500336236200D+00 -0.307334114877D-02
  0.439535452216D-03 -0.803254855106D-03  0.504472930702D-03  0.157314462552D-02
  0.682717138003D-03  0.147220889065D-03  0.728316090558D-03 -0.274666448480D-02
  0.138867269228D-03  0.167840436549D-02  0.534437248751D-03  0.493528651337D-03
  0.693261946263D-03 -0.255695906773D-02 -0.296166872364D-02  0.583839187659D-03
 -0.457607696978D-03 -0.435227674679D-02  0.342271103702D-02 -0.367376243881D-02
  0.388077192348D+00 -0.534930949337D-03  0.957553807250D-04  0.390145181932D-02
 -0.138218593178D-02  0.326303396424D-02  0.432711825852D-02  0.152350798700D-02
  0.647785665610D-02 -0.738518630709D-02 -0.151379666748D-02  0.330722004410D-02
  0.427817167633D-02  0.174029462666D-02  0.648036876608D-02 -0.731984695324D-02
 -0.589902314632D-03  0.443532373693D-04  0.391517775001D-02 -0.293420621308D-02
 -0.261539563538D-02 -0.287141874492D-02 -0.236188367837D-02  0.389712351284D+00
  0.000000000000D+00  0.000000000000D+00  0.000000000000D+00  0.000000000000D+00
  0.000000000000D+00  0.000000000000D+00  0.000000000000D+00  0.000000000000D+00
  0.000000000000D+00  0.000000000000D+00  0.000000000000D+00  0.000000000000D+00
  0.000000000000D+00  0.000000000000D+00  0.000000000000D+00  0.000000000000D+00
  0.000000000000D+00  0.000000000000D+00  0.000000000000D+00  0.000000000000D+00
  0.000000000000D+00  0.000000000000D+00  0.000000000000D+00  0.000000000000D+00
$end
