$coord
    0.75363619331627     -0.86433020271470     -4.50583925198557  h
   -0.38448241034868     -0.68547349202738     -3.09748067841425  o
    0.83379675745708      0.76297717812654     -1.17348580141825  c
    1.14122836154953      2.70176692741595     -1.83721480646975  h
    2.66516321021284     -0.04946490327364     -0.65750867201783  h
   -0.83379575575953      0.76297823944604      1.17348590524299  c
   -1.14122486302602      2.70176837100936      1.83721494874008  h
   -2.66516325307701     -0.04946152233075      0.65750881870344  h
    0.38448161021603     -0.68547397091041      3.09748077141730  o
   -0.75363697605510     -0.86432879508849      4.50583959492345  h
$user-defined bonds
$intdef
# definitions of internal coordinates
   1 f  1.0000000000000 tors    2    3    6    9 val= 111.00000
$redundant
     number_of_atoms            10
     degrees_of_freedom         24
     internal_coordinates       25
     frozen_coordinates          1
# definitions of redundant internals
   1 k  1.0000000000000 tors   1    2    3    6 val= 187.03134
   2 k  1.0000000000000 stre   2    1           val=   1.81955
   3 k  1.0000000000000 bend   3    1    2      val= 108.79535
   4 k  1.0000000000000 stre   3    5           val=   2.06886
   5 k  1.0000000000000 stre   3    4           val=   2.07219
   6 k  0.0649891218491 bend   4    5    3      val=   0.69899
       -0.5217574942837 bend   2    5    3
       -0.4940515923428 bend   2    4    3
        0.4739649645480 bend   6    5    3
        0.5047927967837 bend   6    4    3
   7 k  0.0075479786106 bend   4    5    3      val=   0.32508
        0.5231104053439 bend   2    5    3
       -0.5514117215445 bend   2    4    3
        0.4737373866350 bend   6    5    3
       -0.4447657065101 bend   6    4    3
   8 k -0.8906812261732 bend   4    5    3      val=   1.18391
        0.1867438651681 bend   2    5    3
        0.1960983110839 bend   2    4    3
        0.2685592588384 bend   6    5    3
        0.2474571862906 bend   6    4    3
   9 k -0.0118329789139 bend   4    5    3      val=   1.62691
        0.4667879027668 bend   2    5    3
       -0.4521663353477 bend   2    4    3
       -0.5328878528716 bend   6    5    3
        0.5417980951246 bend   6    4    3
  10 k  1.0000000000000 stre   6    8           val=   2.06886
  11 k  1.0000000000000 stre   6    7           val=   2.07219
  12 k  0.0649889802786 bend   7    8    6      val=   0.69899
       -0.5217575313958 bend   9    8    6
       -0.4940515444227 bend   9    7    6
        0.4739649633149 bend   3    8    6
        0.5047928247089 bend   3    7    6
  13 k  0.0075479016987 bend   7    8    6      val=   0.32508
        0.5231103304822 bend   9    8    6
       -0.5514116778584 bend   9    7    6
        0.4737375051332 bend   3    8    6
       -0.4447657238078 bend   3    7    6
  14 k -0.8906812201547 bend   7    8    6      val=   1.18391
        0.1867438937492 bend   9    8    6
        0.1960984527329 bend   9    7    6
        0.2685591779052 bend   3    8    6
        0.2474571619691 bend   3    7    6
  15 k -0.0118329915167 bend   7    8    6      val=   1.62691
        0.4667879650829 bend   9    8    6
       -0.4521664078920 bend   9    7    6
       -0.5328877737091 bend   3    8    6
        0.5417980584785 bend   3    7    6
  16 k  1.0000000000000 tors  10    9    6    3 val= 187.03132
  17 k  1.0000000000000 stre   9   10           val=   1.81955
  18 k  1.0000000000000 bend   6   10    9      val= 108.79535
  19 k  1.0000000000000 tors   2    3    6    9 val= 111.00000
  20 k  1.0000000000000 stre   3    2           val=   2.69888
  21 k  1.0000000000000 bend   6    2    3      val= 108.64322
  22 k  1.0000000000000 stre   6    9           val=   2.69888
  23 k  1.0000000000000 bend   3    9    6      val= 108.64322
  24 k  1.0000000000000 stre   3    6           val=   2.87909
  25 f  1.0000000000000 tors   2    3    6    9 val= 111.00000
        24 non zero eigenvalues  of BmBt
           1           4.007897791    1    0
         1
           2           3.857401735    2    0
         2
           3           3.775948346    3    0
         3
           4           3.001802541    4    0
         4
           5           2.938259668    5    0
         5
           6           2.460067945    6    0
         6
           7           2.103091877    7    0
         7
           8           1.716346081    8    0
         8
           9           1.254780455    9    0
         9
          10           1.218209672   10    0
        10
          11           1.050133136   11    0
        11
          12           0.846510697   12    0
        12
          13           0.769585026   13    0
        13
          14           0.732841595   14    0
        14
          15           0.522696974   15    0
        15
          16           0.507968982   16    0
        16
          17           0.353222231   17    0
        17
          18           0.344996119   18    0
        18
          19           0.281140488   20    0
        20
          20           0.254836126   21    0
        21
          21           0.093822857   22    0
        22
          22           0.085504022   23    0
        23
          23           0.066437038   24    0
        24
          24           0.000000000    0    1
         0.000000000         0.000000000         0.000000000         0.000000000
         0.000000000         0.000000000         0.000000000         0.000000000
         0.000000000         0.000000000         0.000000000         0.000000000
         0.000000000         0.000000000         0.000000000         0.000000000
         0.000000000         0.000000000         0.000000000         0.000000000
         0.000000000         0.000000000         0.000000000         0.000000000
         1.000000000
$end
