$energy      SCF               SCFKIN            SCFPOT
     1 -230.2224979305      229.3286253054     -459.5511232359
     2 -230.2230862099      229.2834672468     -459.5065534567
     3 -230.2231500732      229.2881670286     -459.5113171017
     4 -230.2231715219      229.2919698288     -459.5151413508
     5 -230.2231719423      229.2906545669     -459.5138265092
     6 -230.2231719758      229.2905993166     -459.5137712924
     7 -230.2231719837      229.2905907853     -459.5137627690
     8 -230.2231719868      229.2906399819     -459.5138119687
     9 -230.2231719879      229.2906041387     -459.5137761266
    10 -230.2231719878      229.2906083944     -459.5137803823
    11 -230.2231719884      229.2906131612     -459.5137851496
    12 -230.2231719884      229.2906030944     -459.5137750828
$end
