$grad          cartesian gradients
  cycle =      1    SCF energy =     -230.2224979305   |dE/dxyz| =  0.010929
    0.66362552423966     -0.72438822540249     -4.53782720018847      h
   -0.38136902339785     -0.69453176276935     -3.05060155893016      o
    0.85086463981744      0.76246507991615     -1.15150503215274      c
    1.15769922099708      2.71477360560236     -1.77316438041409      h
    2.68714301454026     -0.05121320934077     -0.64343951436973      h
   -0.85099307859460      0.76232446109264      1.15150210749637      c
   -1.15818924383556      2.71458168115992      1.77315094679626      h
   -2.68711707469229     -0.05169197370856      0.64342876079981      h
    0.38150104097893     -0.69442995116333      3.05061550758113      o
   -0.66372644285472     -0.72488482898681      4.53766483265739      h
  -.55657598274557D-03  0.71686370962951D-03  0.12159243836085D-02
  -.17783862051505D-02  -.66143610270872D-04  0.39751861706780D-02
  0.31651083153989D-02  -.99315694886225D-03  0.32415838324763D-02
  -.14835572126670D-03  0.60237376377036D-03  0.36210836122458D-02
  0.15473528450225D-02  -.26217182100743D-03  -.98982550115266D-03
  -.31655379887969D-02  -.99236470511824D-03  -.32419193313009D-02
  0.14817423396866D-03  0.60258236820993D-03  -.36205487644990D-02
  -.15469667030670D-02  -.26224041834922D-03  0.98945718163803D-03
  0.17792919966260D-02  -.64722299472145D-04  -.39744889173427D-02
  0.55589598939655D-03  0.71608331228762D-03  -.12164452966649D-02
  cycle =      2    SCF energy =     -230.2230862099   |dE/dxyz| =  0.003691
    0.70909453263112     -0.75892883808532     -4.55799743921092      h
   -0.37954962434759     -0.67935618600241     -3.10161493935752      o
    0.83463037050943      0.76785531494494     -1.17512379556653      c
    1.14011283411907      2.71583393957173     -1.81502685329452      h
    2.67372938979292     -0.03827616816732     -0.67719937775202      h
   -0.83478465771688      0.76769082099913      1.17511268640179      c
   -1.14060606247342      2.71560263117968      1.81506122640168      h
   -2.67374089413868     -0.03874492416753      0.67715922630842      h
    0.37963816304823     -0.67935321993918      3.10157611140207      o
   -0.70908547422586     -0.75931849393395      4.55787762394332      h
  -.19904639244058D-03  -.35031884411334D-04  -.48304245182141D-03
  -.13187006579940D-03  0.41011650350065D-03  -.29020675666234D-03
  0.13254118181840D-02  -.11319085944281D-02  0.47569713739346D-03
  0.42439005759396D-03  0.49604484538336D-03  0.11838108678494D-02
  0.28742334547890D-03  0.25887909269566D-03  -.10141184030859D-02
  -.13255560220783D-02  -.11312380759754D-02  -.47564258095417D-03
  -.42468362532034D-03  0.49620642799622D-03  -.11833515101767D-02
  -.28706358193759D-03  0.25895821636346D-03  0.10137622124955D-02
  0.13224791243739D-03  0.41057147237001D-03  0.29025174775019D-03
  0.19874942678336D-03  -.35357887014591D-04  0.48284527206287D-03
  cycle =      3    SCF energy =     -230.2231500732   |dE/dxyz| =  0.003300
    0.72077504607070     -0.79423913284674     -4.53649243217611      h
   -0.38927013063389     -0.66866756420477     -3.10002637199882      o
    0.83016429718170      0.77793800097047     -1.17731951112660      c
    1.13315805787924      2.72158092832840     -1.83040986120923      h
    2.66775496530722     -0.02947408861492     -0.67584927514048      h
   -0.83032966177590      0.77776156763724      1.17730405386753      c
   -1.13365103002601      2.72133106345899      1.83046162598649      h
   -2.66778304550000     -0.02993975503119      0.67579838841909      h
    0.38934096414974     -0.66870469739193      3.09996572388108      o
   -0.72072088545447     -0.79458144590579      4.53639212877282      h
  -.11148076768031D-03  -.12694628775308D-04  -.23109779054001D-03
  -.19150767726575D-03  0.11021879073798D-02  -.37534902050314D-03
  0.99444452085899D-03  -.14734666801721D-02  0.46783830038593D-03
  0.18062164527737D-03  0.22612190115031D-03  0.47087145981890D-03
  0.11252403345847D-03  0.15617952536435D-03  -.51456980090681D-03
  -.99425867211854D-03  -.14731845061521D-02  -.46790007535403D-03
  -.18076926685723D-03  0.22610581687107D-03  -.47063743465888D-03
  -.11238366748399D-03  0.15621632448453D-03  0.51430888868563D-03
  0.19142907285707D-03  0.11024276560905D-02  0.37550379879168D-03
  0.11138424633401D-03  -.12837593861176D-04  0.23103946192900D-03
  cycle =      4    SCF energy =     -230.2231715219   |dE/dxyz| =  0.003647
    0.72903977979478     -0.83325011507698     -4.51114734449411      h
   -0.40046945686085     -0.65789955196794     -3.09551255027119      o
    0.82698623166313      0.78982361779375     -1.17813793616556      c
    1.12922599696986      2.72919785259089     -1.84305483199681      h
    2.66211051841693     -0.02072588846246     -0.67190286916948      h
   -0.82716200390205      0.78963741201718      1.17811880067455      c
   -1.12971856703337      2.72893290531766      1.84312043636703      h
   -2.66215370957336     -0.02118903631141      0.67184592100794      h
    0.40052792415174     -0.65796907693848      3.09543131821717      o
   -0.72894813642847     -0.83355324256244      4.51106352510623      h
  -.91163367957377D-05  0.14877816699846D-04  0.25009306237930D-04
  -.61759108143239D-03  0.14903947890709D-02  -.40291408590820D-03
  0.98186963518449D-03  -.15542321030722D-02  0.70633428818457D-03
  -.31686353918083D-04  0.26630016858603D-04  -.22701715579912D-04
  0.38404743589917D-04  0.21188231904984D-04  0.36272021018730D-04
  -.98154304640686D-03  -.15543456930289D-02  -.70640484310623D-03
  0.31683422857221D-04  0.26545440949011D-04  0.22721519835121D-04
  -.38415827735952D-04  0.21180862621484D-04  -.36368367083265D-04
  0.61722127843188D-03  0.14904910167224D-02  0.40306915248500D-03
  0.91755982860631D-05  0.14896219836284D-04  -.25008542929100D-04
  cycle =      5    SCF energy =     -230.2231719423   |dE/dxyz| =  0.003557
    0.72885211105045     -0.83546245920261     -4.51036354692558      h
   -0.40119755792896     -0.65743388524757     -3.09542107672465      o
    0.82723085130881      0.79090124874137     -1.17811158900631      c
    1.13059150313445      2.72996341097854     -1.84311857592555      h
    2.66170225622314     -0.02082397136923     -0.67186964222498      h
   -0.82740716778009      0.79071630441782      1.17809295764868      c
   -1.13108407800863      2.72970061565669      1.84318253272501      h
   -2.66174602235454     -0.02128668653459      0.67181585709560      h
    0.40125775752651     -0.65749995891066      3.09534040280058      o
   -0.72876107597279     -0.83576974212999      4.51027714981297      h
  -.43074516667644D-05  -.23368695962714D-05  -.30165091527367D-05
  -.71909881407555D-03  0.13434438804681D-02  -.49535754358540D-03
  0.11332425576724D-02  -.13762071820012D-02  0.76095860342186D-03
  0.71302368980630D-06  0.18378729678349D-04  0.94614608844457D-05
  0.16095394921249D-04  0.15545829138532D-04  0.25277175866454D-04
  -.11330270999504D-02  -.13763335510033D-02  -.76092850984039D-03
  -.71173751228329D-06  0.18377426697476D-04  -.94449415640749D-05
  -.16097342649928D-04  0.15539171341787D-04  -.25318645866156D-04
  0.71888546951020D-03  0.13435576407354D-02  0.49535711088651D-03
  0.43079784106276D-05  -.23263513473454D-05  0.30206722451064D-05
  cycle =      7    SCF energy =     -230.2231719837   |dE/dxyz| =  0.003548
    0.75366656354738     -0.86468691029680     -4.50569772882108      h
   -0.38450844448771     -0.68543345263560     -3.09743414283503      o
    0.83380754941669      0.76300514945188     -1.17351621274389      c
    1.14129583681520      2.70179594090043     -1.83720866879725      h
    2.66514840325154     -0.04940190257488     -0.65738837016995      h
   -0.83380761388691      0.76300504551178      1.17351621020889      c
   -1.14129597667606      2.70179583764376      1.83720856926216      h
   -2.66514844133190     -0.04940210776265      0.65738832688081      h
    0.38450848768795     -0.68543342943219      3.09743413958524      o
   -0.75366630308028     -0.86468666927560      4.50569795343630      h
  -.11209072271538D-05  -.28364771734399D-05  0.25722211281185D-06
  -.73113246772554D-03  0.13160504780466D-02  -.51528294255618D-03
  0.11750136108207D-02  -.13169622516206D-02  0.80467576690427D-03
  0.27403049333225D-05  -.15777549392289D-05  0.38711695493646D-05
  -.10480616155488D-05  0.46386679707711D-05  0.87781651421050D-05
  -.11749909207643D-02  -.13169755224433D-02  -.80464679134160D-03
  -.27284150146525D-05  -.15793638203039D-05  -.38875699363175D-05
  0.10348790414366D-05  0.46502504631938D-05  -.87853985111797D-05
  0.73110977416595D-03  0.13160366306991D-02  0.51528003287676D-03
  0.11222031288961D-05  -.28231359209430D-05  -.25965102724137D-06
  cycle =      8    SCF energy =     -230.2231719868   |dE/dxyz| =  0.003547
    0.75365899024207     -0.86444326699865     -4.50581975811293      h
   -0.38445400109557     -0.68549077635293     -3.09746534582716      o
    0.83381188013931      0.76294660499273     -1.17349642024350      c
    1.14128374819729      2.70174115270304     -1.83720145012016      h
    2.66516174674445     -0.04947518153419     -0.65741516032075      h
   -0.83381187668656      0.76294676956737      1.17349648081737      c
   -1.14128388704662      2.70174146296332      1.83720104904607      h
   -2.66516165965416     -0.04947536370535      0.65741548134597      h
    0.38445433800458     -0.68548993184268      3.09746569946989      o
   -0.75365921758889     -0.86444396826254      4.50581949995141      h
  -.39897968005427D-06  -.76340918399229D-06  -.20394804773108D-05
  -.72988352229073D-03  0.13132132532550D-02  -.51566924968002D-03
  0.11699588549435D-02  -.13156933530243D-02  0.81644573409371D-03
  0.18691710760925D-05  0.29896117065377D-06  0.13257611175562D-05
  0.65912064989663D-07  0.22576379314007D-05  0.52402416743303D-05
  -.11699418006721D-02  -.13157299943032D-02  -.81640691847316D-03
  -.18675959616522D-05  0.30806206796696D-06  -.13358871843979D-05
  -.79582673393854D-07  0.22602617006226D-05  -.52461318919095D-05
  0.72989221407215D-03  0.13132390450870D-02  0.51565130838209D-03
  0.38532461406964D-06  -.77051446912597D-06  0.20346598092979D-05
  cycle =     10    SCF energy =     -230.2231719878   |dE/dxyz| =  0.003551
    0.75365416464148     -0.86443181159392     -4.50578537391222      h
   -0.38449901455887     -0.68544380205398     -3.09746984055977      o
    0.83378871223897      0.76300071576349     -1.17349193693452      c
    1.14122171860854      2.70179424785438     -1.83722210881553      h
    2.66515919268474     -0.04944390795496     -0.65751904334456      h
   -0.83378785371765      0.76300182780838      1.17349196155171      c
   -1.14121823518826      2.70179570827758      1.83722234982376      h
   -2.66515935032542     -0.04944044239447      0.65751918761191      h
    0.38449819116447     -0.68544438079008      3.09746976677134      o
   -0.75365465106259     -0.86443032526393      4.50578586652948      h
  0.62576881440378D-06  -.13561803796618D-05  -.48149476589354D-06
  -.73132710487493D-03  0.13125110114692D-02  -.51779871396417D-03
  0.11696948716896D-02  -.13122372637805D-02  0.83032399711380D-03
  0.50738423447877D-06  0.96472164371330D-06  -.53642670940179D-07
  0.10387078358609D-05  -.58658250429528D-06  0.96240730941821D-06
  -.11697205024957D-02  -.13122032086779D-02  -.83035776716436D-03
  -.49840406794033D-06  0.96707674376977D-06  0.66265075891554D-07
  -.10219021693364D-05  -.57528778257894D-06  -.95856702613205D-06
  0.73132581605878D-03  0.13124917203588D-02  0.51779989664053D-03
  -.62462701783046D-06  -.13565556483917D-05  0.49752668500357D-06
  cycle =     11    SCF energy =     -230.2231719884   |dE/dxyz| =  0.003550
    0.75363017930499     -0.86430946251949     -4.50585525464450      h
   -0.38447594850016     -0.68547731193360     -3.09748319181225      o
    0.83379681146449      0.76297054641847     -1.17348658296150      c
    1.14123137985473      2.70176189716133     -1.83721400342111      h
    2.66516312700452     -0.04947031905433     -0.65750417395471      h
   -0.83379576363193      0.76297177177154      1.17348671912920      c
   -1.14122785758008      2.70176359469223      1.83721390577019      h
   -2.66516308803756     -0.04946693527333      0.65750454439630      h
    0.38447532361791     -0.68547725293854      3.09748354657640      o
   -0.75363128901150     -0.86430869867177      4.50585531964359      h
  0.71400231879342D-07  -.31587217254433D-06  -.42157834089264D-06
  -.73130787026192D-03  0.13100227868427D-02  -.52025867808819D-03
  0.11710477078391D-02  -.13108170008901D-02  0.83165666472671D-03
  0.55818630459393D-06  0.37045812068676D-06  0.45694855195566D-07
  0.25533445394257D-06  0.43471048413205D-07  0.89678734034571D-06
  -.11710636683888D-02  -.13108048589173D-02  -.83167671536358D-03
  -.55267214965397D-06  0.36922980970016D-06  -.40398135275008D-07
  -.25008899632068D-06  0.42926978329752D-07  -.89233125732603D-06
  0.73131689390204D-03  0.13100337568198D-02  0.52026358700412D-03
  -.75218614418235D-07  -.32712679780105D-06  0.42690033090379D-06
$end
