$hessapprox internal
  0.164766639762D-01 -0.203311559246D-04  0.617912879271D+00 -0.460603120046D-02
 -0.215955929528D-02  0.365007142763D+00 -0.229824940125D-03 -0.701731327954D-03
 -0.416251982029D-02  0.423705804573D+00 -0.169500196869D-02 -0.109338635094D-02
 -0.419285878783D-02 -0.215327897519D-02  0.419891298173D+00  0.259611666086D-02
  0.106056566023D-02  0.243427134234D-02  0.202021023215D-02  0.185057390308D-02
  0.344251081553D+00  0.881957424146D-03  0.521274340150D-03  0.187227760655D-02
  0.102127104258D-02  0.115555382551D-02 -0.810598979847D-03  0.345421056803D+00
 -0.100357264350D-02 -0.269671659160D-03 -0.299212129845D-04 -0.488993251402D-03
 -0.256146712874D-03 -0.111692574014D-03  0.941758451791D-04  0.320712252852D+00
 -0.248189292155D-02 -0.842734054630D-03 -0.121568521481D-02 -0.157515634905D-02
 -0.120892130624D-02  0.285818198206D-03  0.507551426365D-03  0.247263438612D-03
  0.344277968759D+00 -0.215664384552D-03 -0.688210787950D-03 -0.409901057965D-02
 -0.141652845717D-02 -0.211786635910D-02  0.199072918428D-02  0.100476573360D-02
 -0.483253510177D-03 -0.155387325537D-02  0.423759608327D+00 -0.169283984481D-02
 -0.109414095521D-02 -0.420146697567D-02 -0.215500457934D-02 -0.252433639799D-02
  0.185508398536D-02  0.115743725834D-02 -0.257584002779D-03 -0.121285945560D-02
 -0.211955048335D-02  0.419883654553D+00  0.256157946733D-02  0.104234880368D-02
  0.237521380671D-02  0.198478719639D-02  0.181251050853D-02 -0.846602816341D-03
 -0.793398583534D-03 -0.113578051667D-03  0.271542142911D-03  0.195586395383D-02
  0.181695162811D-02  0.344299971795D+00  0.823076948081D-03  0.511118244562D-03
  0.190731273704D-02  0.100437074591D-02  0.115906939987D-02 -0.835263696433D-03
 -0.530165460420D-03  0.108115496643D-03  0.536504946292D-03  0.987973771063D-03
  0.116088086864D-02 -0.817864140924D-03  0.345415398379D+00 -0.980167203669D-03
 -0.259824196278D-03 -0.611859360566D-05 -0.470185086193D-03 -0.238527106092D-03
 -0.120461897259D-03  0.864212829267D-04  0.157560522086D-03  0.250569153511D-03
 -0.464722658275D-03 -0.239923111303D-03 -0.122108856290D-03  0.100147543412D-03
  0.320710625417D+00 -0.247981667914D-02 -0.848340152351D-03 -0.125564922286D-02
 -0.158697078264D-02 -0.122856600707D-02  0.305753580462D-03  0.516985384683D-03
  0.241876826007D-03  0.146968449473D-03 -0.156545105537D-02 -0.123251463304D-02
  0.291144402698D-03  0.545716541056D-03  0.245366995890D-03  0.344245421814D+00
  0.253327703456D-02 -0.335903669804D-04 -0.456284337109D-02 -0.251995952852D-03
 -0.169134112364D-02  0.256535960654D-02  0.878101293460D-03 -0.985936768216D-03
 -0.244547900177D-02 -0.237686352756D-03 -0.168927169327D-02  0.253106335754D-02
  0.820487567573D-03 -0.962796912687D-03 -0.244369168831D-02  0.163275051779D-01
 -0.476233907669D-04 -0.350634697855D-03 -0.219516501274D-02 -0.726178448679D-03
 -0.111788881816D-02  0.107465588742D-02  0.532205164870D-03 -0.269763294921D-03
 -0.849671277677D-03 -0.712285803357D-03 -0.111869420102D-02  0.105609480205D-02
  0.522259940497D-03 -0.259777889811D-03 -0.855512449653D-03 -0.606224256343D-04
  0.617887259413D+00 -0.463766691752D-02 -0.218115511007D-02 -0.620942164668D-02
 -0.420518237155D-02 -0.424379266988D-02  0.247261062792D-02  0.189570190287D-02
 -0.356775972795D-04 -0.124127962163D-02 -0.414096426109D-02 -0.425247473930D-02
  0.241277767801D-02  0.193076532745D-02 -0.115108596683D-04 -0.128162993415D-02
 -0.459445944507D-02 -0.221726351487D-02  0.364834152670D+00  0.311840437752D-02
  0.307399315097D-02  0.146126823131D-01  0.617221261444D-02  0.811442832850D-02
 -0.680082676747D-02 -0.378555229018D-02  0.134321959142D-02  0.493304512234D-02
  0.606422920560D-02  0.812377357223D-02 -0.667271023432D-02 -0.375866450957D-02
  0.127928666922D-02  0.498675199901D-02  0.315517999796D-02  0.315962166374D-02
  0.147750241911D-01  0.461698620220D+00 -0.591191990730D-02 -0.111024380330D-02
  0.292994921568D-02 -0.188522887633D-02  0.567244521106D-04 -0.218711986630D-02
 -0.192464662693D-03  0.132532624302D-02  0.267629529766D-02 -0.187070227197D-02
  0.493013581290D-04 -0.217207228437D-02 -0.953294629375D-04  0.130658582998D-02
  0.265247225431D-02 -0.578843835090D-02 -0.109252596495D-02  0.292694245102D-02
  0.352915616457D-02  0.388834729830D+00  0.309517509444D-02  0.305397964737D-02
  0.145225645156D-01  0.613223825678D-02  0.806342558268D-02 -0.675938903478D-02
 -0.376185994901D-02  0.133558162191D-02  0.490365435572D-02  0.602494291641D-02
  0.807270750794D-02 -0.663206911573D-02 -0.373508188222D-02  0.127203935891D-02
  0.495700886259D-02  0.313179492138D-02  0.313908041654D-02  0.146838834708D-01
 -0.245071590793D-01  0.351273381217D-02  0.462012128242D+00 -0.589371198700D-02
 -0.109267393536D-02  0.301281123918D-02 -0.184997828996D-02  0.102863836138D-03
 -0.222561821593D-02 -0.213976332983D-03  0.133285826331D-02  0.270413294790D-02
 -0.183606691604D-02  0.954944812751D-04 -0.220984328782D-02 -0.116696030219D-03
  0.131375579049D-02  0.268061722955D-02 -0.577003121409D-02 -0.107447057984D-02
  0.301072789785D-02  0.338861466087D-02  0.946264291685D-02  0.337308808389D-02
  0.388872540960D+00 -0.266588332664D-02 -0.630678334911D-03  0.476850730122D-03
 -0.112068424859D-02 -0.400012542058D-03 -0.570575980486D-03  0.116334293483D-03
  0.490911644232D-03  0.875280930219D-03 -0.110889133805D-02 -0.403643600737D-03
 -0.570900153754D-03  0.156053346018D-03  0.486318402790D-03  0.862388466051D-03
 -0.261552672407D-02 -0.627651746449D-03  0.467094412044D-03  0.278300450235D-02
  0.381360100298D-02  0.276783239153D-02  0.382912081005D-02  0.384005737793D+00
  0.000000000000D+00  0.000000000000D+00  0.000000000000D+00  0.000000000000D+00
  0.000000000000D+00  0.000000000000D+00  0.000000000000D+00  0.000000000000D+00
  0.000000000000D+00  0.000000000000D+00  0.000000000000D+00  0.000000000000D+00
  0.000000000000D+00  0.000000000000D+00  0.000000000000D+00  0.000000000000D+00
  0.000000000000D+00  0.000000000000D+00  0.000000000000D+00  0.000000000000D+00
  0.000000000000D+00  0.000000000000D+00  0.000000000000D+00  0.000000000000D+00
$end
