$coord
    0.76154653371516     -0.08337395660194     -4.71938074190402  h
   -0.37127589761424     -0.32271032009770     -3.31311768658925  o
    0.95319238673732      0.34267236041567     -1.06786149883164  c
    1.86944243560852      2.18732083543001     -1.24644139605341  h
    2.39967096914337     -1.06493765113456     -0.61322596766293  h
   -0.95319240984804      0.34267219420875      1.06786141362760  c
   -1.86944284590711      2.18732045676564      1.24644117742093  h
   -2.39967072233027     -1.06493813968228      0.61322589081511  h
    0.37127593313221     -0.32271015577184      3.31311768506876  o
   -0.76154651816720     -0.08337373130506      4.71938071799457  h
$intdef
# definitions of internal coordinates
   1 f  1.0000000000000 tors    2    3    6    9 val= 150.00000
$user-defined bonds
$redundant
     number_of_atoms            10
     degrees_of_freedom         24
     internal_coordinates       25
     frozen_coordinates          1
# definitions of redundant internals
   1 k  1.0000000000000 tors   1    2    3    6 val= 171.55151
   2 k  1.0000000000000 stre   2    1           val=   1.82158
   3 k  1.0000000000000 bend   3    1    2      val= 107.79574
   4 k  1.0000000000000 stre   3    4           val=   2.06740
   5 k  1.0000000000000 stre   3    5           val=   2.06890
   6 k  0.0778129334371 bend   5    4    3      val=   0.88657
       -0.5094430940566 bend   2    4    3
       -0.5081799322465 bend   2    5    3
        0.5094177348146 bend   6    4    3
        0.4654670871569 bend   6    5    3
   7 k  0.0378564391355 bend   5    4    3      val=   0.99602
       -0.5474482080607 bend   2    4    3
        0.5300540117386 bend   2    5    3
       -0.4492422646134 bend   6    4    3
        0.4648564099074 bend   6    5    3
   8 k -0.8853040761911 bend   5    4    3      val=   2.53029
        0.1752893354631 bend   2    4    3
        0.2017436146776 bend   2    5    3
        0.2482555869030 bend   6    4    3
        0.2884077305841 bend   6    5    3
   9 k -0.0089420514024 bend   5    4    3      val=   1.22010
       -0.4421271903466 bend   2    4    3
        0.4732276755820 bend   2    5    3
        0.5307567163755 bend   6    4    3
       -0.5466227788508 bend   6    5    3
  10 k  1.0000000000000 stre   6    7           val=   2.06740
  11 k  1.0000000000000 stre   6    8           val=   2.06890
  12 k  0.0778128696048 bend   8    7    6      val=   0.88656
       -0.5094433027846 bend   9    7    6
       -0.5081797110266 bend   9    8    6
        0.5094177917713 bend   3    7    6
        0.4654670485647 bend   3    8    6
  13 k  0.0378567079226 bend   8    7    6      val=   0.99604
       -0.5474480564475 bend   9    7    6
        0.5300541589210 bend   9    8    6
       -0.4492423159741 bend   3    7    6
        0.4648563491079 bend   3    8    6
  14 k -0.8853040934899 bend   8    7    6      val=   2.53028
        0.1752892038095 bend   9    7    6
        0.2017437749414 bend   9    8    6
        0.2482554748111 bend   3    7    6
        0.2884077418803 bend   3    8    6
  15 k -0.0089420277422 bend   8    7    6      val=   1.22009
       -0.4421270898469 bend   9    7    6
        0.4732277680600 bend   9    8    6
        0.5307565585143 bend   3    7    6
       -0.5466229337436 bend   3    8    6
  16 k  1.0000000000000 tors  10    9    6    3 val= 171.55150
  17 k  1.0000000000000 stre   9   10           val=   1.82158
  18 k  1.0000000000000 bend   6   10    9      val= 107.79574
  19 k  1.0000000000000 tors   2    3    6    9 val= 150.00000
  20 k  1.0000000000000 stre   3    2           val=   2.69038
  21 k  1.0000000000000 bend   6    2    3      val= 107.14358
  22 k  1.0000000000000 stre   6    9           val=   2.69038
  23 k  1.0000000000000 bend   3    9    6      val= 107.14358
  24 k  1.0000000000000 stre   3    6           val=   2.86280
  25 f  1.0000000000000 tors   2    3    6    9 val= 150.00000
        24 non zero eigenvalues  of BmBt
           1           3.977516080    1    0
         1
           2           3.784042501    2    0
         2
           3           3.726473227    3    0
         3
           4           3.043125959    4    0
         4
           5           3.003091392    5    0
         5
           6           2.439337030    6    0
         6
           7           2.141053534    7    0
         7
           8           1.691031194    8    0
         8
           9           1.245409070    9    0
         9
          10           1.176699590   10    0
        10
          11           1.043762409   11    0
        11
          12           0.863358308   12    0
        12
          13           0.770196642   13    0
        13
          14           0.754454648   14    0
        14
          15           0.575199737   15    0
        15
          16           0.410323628   16    0
        16
          17           0.354572321   17    0
        17
          18           0.339574463   18    0
        18
          19           0.282898052   20    0
        20
          20           0.253242651   21    0
        21
          21           0.130856871   22    0
        22
          22           0.067474013   23    0
        23
          23           0.067253454   24    0
        24
          24           0.000000000    0    1
         0.000000000         0.000000000         0.000000000         0.000000000
         0.000000000         0.000000000         0.000000000         0.000000000
         0.000000000         0.000000000         0.000000000         0.000000000
         0.000000000         0.000000000         0.000000000         0.000000000
         0.000000000         0.000000000         0.000000000         0.000000000
         0.000000000         0.000000000         0.000000000         0.000000000
         1.000000000
$end
