$energy      SCF               SCFKIN            SCFPOT            MP2
     1 -229.0270539232      228.775191     -457.802245     -.8123551883041
     2 -229.0274029059      228.788594     -457.815997     -.8124829012208
     3 -229.0272991954      228.791492     -457.818791     -.8127061733438
     4 -229.0272656324      228.787940     -457.815205     -.8127447509133
     5 -229.0272520835      228.788318     -457.815570     -.8127592203539
     6 -229.0272518302      228.788270     -457.815522     -.8127595089478
     7 -229.0272515385      228.788171     -457.815423     -.8127598269560
     8 -229.0272515384      228.788169     -457.815421     -.8127598144062
     9 -229.0272514208      228.788163     -457.815414     -.8127599378887
    10 -229.0272510595      228.788149     -457.815400     -.8127602705979
    11 -229.0272510595      228.788151     -457.815402     -.8127602878227
    12 -229.0272510470      228.788154     -457.815405     -.8127603104849
    13 -229.0272510215      228.788155     -457.815406     -.8127603390334
$end
