$grad          cartesian gradients
  cycle =      1 MP2 energy =     -229.8394091115 |dE/dxyz| =  0.009324
    0.79664086865692     -0.32989636935168     -4.70607326347974      h
   -0.37385214491007     -0.31739454880615     -3.31521100317283      o
    0.95247508820862      0.34829700105577     -1.06903481196227      c
    1.80692591311076      2.22943467711678     -1.22192488684936      h
    2.45554496561117     -1.01273007349240     -0.64417264768332      h
   -0.95243291422095      0.34840314378448      1.06903046657561      c
   -1.80670767018904      2.22960588963365      1.22190611426295      h
   -2.45563213464811     -1.01250004967450      0.64415638245266      h
    0.37382945957426     -0.31733752409138      3.31522900612827      o
   -0.79691441337942     -0.33088275145558      4.70587432271196      h
  -.23553367277445D-02  -.12109557103319D-02  0.32939095487672D-03
  0.27990217643961D-02  -.13704895928823D-02  -.22517402976243D-02
  -.21800028660657D-02  0.76806403601748D-03  0.16214735875678D-02
  -.96236719388743D-03  0.16125528983886D-02  0.17085954359174D-02
  0.25338688575296D-02  0.19927847973378D-03  -.83655419351736D-03
  0.21798485112838D-02  0.77587033063309D-03  -.16199704687660D-02
  0.96572002135709D-03  0.16081621741244D-02  -.17071771424649D-02
  -.25379916802515D-02  0.19709657569456D-03  0.83433886793371D-03
  -.27967212929729D-02  -.13674551457425D-02  0.22500416328297D-02
  0.23539606064773D-02  -.12121240589688D-02  -.32839837742893D-03
  cycle =      2 MP2 energy =     -229.8398858071 |dE/dxyz| =  0.005351
    0.78228185189976     -0.19424840271423     -4.71654564203129      h
   -0.36638231848295     -0.33995442360560     -3.31142117226922      o
    0.95546973615655      0.32490410257207     -1.06727963202421      c
    1.84290326934606      2.18744287057983     -1.22955199907848      h
    2.42738678021935     -1.06037044483518     -0.62960712097914      h
   -0.95542792485769      0.32494991482572      1.06725976487556      c
   -1.84270311254172      2.18755430132358      1.22961382110809      h
   -2.42746175993082     -1.06017539851434      0.62949404719221      h
    0.36633371081505     -0.34010929337496      3.31139498451775      o
   -0.78252321480945     -0.19499383153791      4.71642262767265      h
  -.76484405966726D-03  -.55642437392631D-03  -.20502632581110D-03
  0.18000258956041D-02  -.20347751704946D-02  0.58428569539259D-03
  -.90527397141704D-03  0.13597255815150D-02  -.35036668812122D-03
  -.38484457304944D-03  0.72658784463631D-03  0.81243646626333D-03
  0.70430192588944D-03  0.50342654531876D-03  -.88490518582024D-03
  0.90561787502441D-03  0.13630719426585D-02  0.34913506565337D-03
  0.38541003225667D-03  0.72539382299874D-03  -.81114627335011D-03
  -.70478956891185D-03  0.50327142261608D-03  0.88375070517072D-03
  -.18003350123363D-02  -.20325187542518D-02  -.58285294117777D-03
  0.76473145655465D-03  -.55775878851044D-03  0.20468948353747D-03
  cycle =      3 MP2 energy =     -229.8400053687 |dE/dxyz| =  0.006223
    0.76683646386503     -0.09663699939814     -4.71976050735015      h
   -0.36089368216409     -0.35547827695380     -3.31247349830624      o
    0.95666707335547      0.30932428215783     -1.06527431743551      c
    1.87032164484050      2.15643477393260     -1.23499881224596      h
    2.40447105533943     -1.09581350314380     -0.61121206771925      h
   -0.95666354692001      0.30931091005461      1.06524972129565      c
   -1.87015382905296      2.15648943498634      1.23515491671097      h
   -2.40458948431817     -1.09564798449276      0.61102573323697      h
    0.36081835798286     -0.35584329381808      3.31238809645804      o
   -0.76693703511391     -0.09713994860584      4.71968041433941      h
  0.48978857243753D-04  0.46227299095036D-04  -.20161833723353D-03
  0.79279845748292D-03  -.29046792178327D-02  0.12382653094063D-02
  -.75313914996444D-03  0.25505375146961D-02  -.11921640358932D-02
  -.17729667034727D-04  0.99735121064093D-04  0.26216596275963D-03
  -.11967491304032D-03  0.20731623316683D-03  -.29545349574561D-03
  0.75367353326339D-03  0.25512359174968D-02  0.11932608203705D-02
  0.16978825780223D-04  0.10051717821469D-03  -.26186909103521D-03
  0.12042991919170D-03  0.20737647445168D-03  0.29476229449665D-03
  -.79306846181737D-03  -.29043491249872D-02  -.12387735540189D-02
  -.49247401114894D-04  0.46082681461335D-04  0.20142412748925D-03
  cycle =      4 MP2 energy =     -229.8400103833 |dE/dxyz| =  0.006228
    0.76871451071425     -0.10184434288741     -4.71971908501943      h
   -0.36264427773509     -0.35334753557602     -3.31449789721845      o
    0.95568957867555      0.31168424202412     -1.06588915621423      c
    1.87193541507191      2.15685303716041     -1.23923872791289      h
    2.40191544663155     -1.09550265271697     -0.60897665185210      h
   -0.95569671242493      0.31165884712200      1.06586204524047      c
   -1.87176986250330      2.15689461328885      1.23940880169906      h
   -2.40205282698393     -1.09534225667738      0.60878722887138      h
    0.36256768225033     -0.35374287066693      3.31440078626266      o
   -0.76878193588219     -0.10231168635172      4.71964233512746      h
  -.62212961417618D-04  0.55901304457651D-05  -.27611674887851D-04
  0.69718697724497D-03  -.29007382764203D-02  0.50261487950110D-03
  -.97888325612994D-03  0.28794808529684D-02  -.98228553371549D-03
  0.36896749402437D-05  0.88923158658716D-05  0.13473841692102D-03
  0.24393227966879D-04  0.66443586619336D-05  -.43314136232875D-04
  0.97918527117491D-03  0.28797584098157D-02  0.98319044973649D-03
  -.36850510238828D-05  0.88264929130055D-05  -.13481192997200D-03
  -.24358863762508D-04  0.65426758459886D-05  0.42950914800666D-04
  -.69741710929261D-03  -.29005726561744D-02  -.50300936096370D-03
  0.62102090403915D-04  0.55757783809507D-05  0.27537975041181D-04
  cycle =      5 MP2 energy =     -229.8400113039 |dE/dxyz| =  0.006082
    0.77027566476515     -0.10894256807718     -4.71804003786431      h
   -0.36428138280538     -0.35139342040900     -3.31381553267791      o
    0.95544715096185      0.31378906505103     -1.06580150562824      c
    1.87225214651026      2.15836816290633     -1.24184338257544      h
    2.40102150795730     -1.09397463333159     -0.60803836112715      h
   -0.95545929598546      0.31375943614296      1.06577266942843      c
   -1.87208882311625      2.15840569721403      1.24201991688520      h
   -2.40116707880657     -1.09381570207284      0.60785003366905      h
    0.36420542918925     -0.35180012205871      3.31371217125041      o
   -0.77032830085600     -0.10939652064608      4.71796370762389      h
  -.29752965120089D-04  0.12451969052529D-05  0.28938801014622D-04
  0.58625977116389D-03  -.28416769211561D-02  0.49578626587543D-03
  -.92519689346604D-03  0.28803615672721D-02  -.82041347669776D-03
  0.12656168024705D-06  -.10656667884135D-04  0.27321771648547D-04
  0.37616367925875D-04  -.29172562661550D-04  0.21383380916062D-04
  0.92542747416635D-03  0.28801449369182D-02  0.82095400709919D-03
  -.17651845096722D-07  -.10744751025804D-04  -.27431013735701D-04
  -.37686632752276D-04  -.29205537927179D-04  -.21458757196335D-04
  -.58651264418597D-03  -.28415578131216D-02  -.49614792678643D-03
  0.29736612621178D-04  0.12626466562304D-05  -.28933051497759D-04
  cycle =      6 MP2 energy =     -229.8400113391 |dE/dxyz| =  0.006004
    0.77094925902684     -0.11123015696082     -4.71784132749652      h
   -0.36457648078988     -0.35085320236529     -3.31381781860583      o
    0.95536587799827      0.31433349523122     -1.06590926278042      c
    1.87210448428692      2.15893059696632     -1.24248226191880      h
    2.40090740834272     -1.09333456344451     -0.60833489505953      h
   -0.95537833781335      0.31430416638671      1.06588001686571      c
   -1.87194181154383      2.15896853563309      1.24265935844334      h
   -2.40105331339689     -1.09317539337069      0.60814766418816      h
    0.36450104181453     -0.35125964450306      3.31371373150818      o
   -0.77100111011117     -0.11168443885402      4.71776447383963      h
  -.23418708532397D-05  0.18377949828619D-06  0.22134862307510D-05
  0.56827731706388D-03  -.28259416723415D-02  0.52247478254319D-03
  -.89010773936060D-03  0.28313959910933D-02  -.79621669131830D-03
  0.23265986692778D-05  -.31371689845905D-05  0.21998879085050D-05
  0.95841876235347D-05  -.24290347040434D-05  0.53788044822034D-05
  0.89035418695538D-03  0.28311044851381D-02  0.79660754855948D-03
  -.22994047017555D-05  -.31267416300551D-05  -.22439653033501D-05
  -.95809062443664D-05  -.24127826017128D-05  -.53706393658981D-05
  -.56855818085300D-03  -.28258245729735D-02  -.52282974891771D-03
  0.23458117728303D-05  0.18781134891732D-06  -.22134636941118D-05
  cycle =      7 MP2 energy =     -229.8400113655 |dE/dxyz| =  0.005996
    0.77106202573441     -0.11143539711946     -4.71787887119314      h
   -0.36459055713707     -0.35080054785321     -3.31390509050515      o
    0.95534400614920      0.31438744537567     -1.06594661568822      c
    1.87208009445269      2.15898739779053     -1.24256489780240      h
    2.40084944405830     -1.09329295994195     -0.60842208080994      h
   -0.95535634303508      0.31435835889344      1.06591725859718      c
   -1.87191754225208      2.15902546518613      1.24274207540790      h
   -2.40099519043255     -1.09313369446392      0.60823489978708      h
    0.36451519308159     -0.35120668245358      3.31380106711778      o
   -0.77111411280524     -0.11188999069471      4.71780193407284      h
  -.33078054295643D-06  -.77342020171622D-06  -.13503767624101D-05
  0.56703312399264D-03  -.28272469584110D-02  0.51011904881548D-03
  -.88443008787742D-03  0.28270591452977D-02  -.79158413181823D-03
  0.24514081533589D-05  -.71270637347354D-06  -.13872410709048D-06
  0.18086807900275D-05  0.17224500306057D-05  0.18407331109915D-05
  0.88469635106270D-03  0.28268325132639D-02  0.79192441743758D-03
  -.24471046293773D-05  -.70010704344980D-06  0.11930671695026D-06
  -.18082374566575D-05  0.17289966480760D-05  -.18369046312361D-05
  -.56730773335012D-03  -.28271359567733D-02  -.51044678114209D-03
  0.33437987756457D-06  -.77386245794786D-06  0.13534133747051D-05
  cycle =      8 MP2 energy =     -229.8400113528 |dE/dxyz| =  0.005996
    0.76151698659941     -0.08336792423589     -4.71939468655966      h
   -0.37127403784276     -0.32270817949451     -3.31310681475538      o
    0.95318602995915      0.34266835367387     -1.06786758026347      c
    1.86947437365491      2.18730183304200     -1.24644825006101      h
    2.39968339737263     -1.06491791816566     -0.61319731738024      h
   -0.95318606234945      0.34266824390985      1.06786762087198      c
   -1.86947430348921      2.18730183317653      1.24644802653456      h
   -2.39968346518336     -1.06491795050868      0.61319733614700      h
    0.37127402507500     -0.32270826108848      3.31310678321953      o
   -0.76151640032456     -0.08336667252277      4.71939490798626      h
  -.10699725541130D-05  0.63644748860003D-07  -.14009548525706D-05
  0.56853550869551D-03  -.28277863637309D-02  0.50940056869386D-03
  -.88592878783134D-03  0.28267848338934D-02  -.78997489814481D-03
  0.24204102155867D-05  -.67480281540355D-06  -.15077207116132D-06
  0.19385084888413D-05  0.16297404776822D-05  0.18546627448268D-05
  0.88590043272330D-03  0.28266828649222D-02  0.78998382742901D-03
  -.24104861948704D-05  -.68330355462720D-06  0.13136126320035D-06
  -.19411336360520D-05  0.16222069874061D-05  -.18570860137457D-05
  -.56852578418454D-03  -.28277336401628D-02  -.50940146180878D-03
  0.10813044557523D-05  0.94913227444149D-07  0.14147498643702D-05
  cycle =      9 MP2 energy =     -229.8400113587 |dE/dxyz| =  0.005996
    0.76154077875787     -0.08343944830110     -4.71938515903202      h
   -0.37128616515589     -0.32269077429215     -3.31311222499684      o
    0.95318391477698      0.34268802738331     -1.06786944700487      c
    1.86945863060430      2.18732692457590     -1.24645043787872      h
    2.39967459418732     -1.06490876451503     -0.61321799227470      h
   -0.95318368648802      0.34268821614523      1.06786949780089      c
   -1.86945855158899      2.18732716403576      1.24644988536000      h
   -2.39967426093535     -1.06490870576393      0.61321827198354      h
    0.37128614672845     -0.32269040123746      3.31311239560146      o
   -0.76154085741492     -0.08343888024427      4.71938523618083      h
  -.38313399075562D-06  -.13828982692865D-05  -.52440342823701D-06
  0.56714160110527D-03  -.28275436658847D-02  0.50663658006300D-03
  -.88366105451598D-03  0.28284104229435D-02  -.78786369105949D-03
  0.14605826028635D-05  -.43372515534656D-06  0.18351119590587D-06
  0.11501332037867D-05  0.94903659730861D-06  0.96887282835523D-06
  0.88367363249420D-03  0.28283973845775D-02  0.78787536432962D-03
  -.14735518922837D-05  -.42451746251615D-06  -.20103840880914D-06
  -.11375728470320D-05  0.94652665261208D-06  -.95723293480621D-06
  -.56715266175456D-03  -.28275314480366D-02  -.50664014982882D-03
  0.38202535179721D-06  -.13870220492707D-05  0.52218794621695D-06
  cycle =     10 MP2 energy =     -229.8400113301 |dE/dxyz| =  0.005998
    0.76154036064228     -0.08336726429446     -4.71938430548768      h
   -0.37127914165709     -0.32270950628823     -3.31312228610904      o
    0.95318998952943      0.34267296569025     -1.06786378014979      c
    1.86944185318716      2.18732155936807     -1.24643919325863      h
    2.39966506331311     -1.06494188080014     -0.61323140942709      h
   -0.95318965035967      0.34267331152112      1.06786381961687      c
   -1.86944189981511      2.18732183753639      1.24643874628027      h
   -2.39966450449983     -1.06494179113695      0.61323167156517      h
    0.37127905051816     -0.32270929171180      3.31312247148597      o
   -0.76154057738669     -0.08336658209799      4.71938429122352      h
  -.60823243641650D-06  0.27383706729944D-06  0.56381012880635D-06
  0.56609103851901D-03  -.28306536510159D-02  0.50356136508167D-03
  -.87906373918356D-03  0.28304203906213D-02  -.78456329781434D-03
  -.12274333061058D-06  0.23656203484990D-06  0.30474454448814D-06
  -.24202471804458D-06  -.29826325098625D-06  -.11957871731694D-06
  0.87909858533664D-03  0.28304893692874D-02  0.78457827181211D-03
  0.86876539517888D-07  0.24895734407337D-06  -.31174258330324D-06
  0.26633478400484D-06  -.30560864239249D-06  0.13619307337454D-06
  -.56611440068810D-03  -.28306881996381D-02  -.50357593323458D-03
  0.60830564718728D-06  0.27669997609836D-06  -.57383078866380D-06
  cycle =     11 MP2 energy =     -229.8400113473 |dE/dxyz| =  0.005998
    0.76154621022411     -0.08336813487513     -4.71938341105855      h
   -0.37127502294729     -0.32271054876172     -3.31312281524771      o
    0.95319124102497      0.34267195886686     -1.06786262849746      c
    1.86944314491603      2.18732065081933     -1.24643682001134      h
    2.39966588688888     -1.06494276378610     -0.61322851287248      h
   -0.95319106356174      0.34267202523683      1.06786259272075      c
   -1.86944371838149      2.18732045298123      1.24643645461316      h
   -2.39966521115770     -1.06494320124928      0.61322858009740      h
    0.37127490180813     -0.32271054236285      3.31312286881222      o
   -0.76154650434419     -0.08336800464249      4.71938328532973      h
  -.55037138269043D-06  0.34586798203229D-07  0.55981104818414D-06
  0.56609541830976D-03  -.28304153714256D-02  0.50364338869624D-03
  -.87916571270075D-03  0.28304129577366D-02  -.78468064751103D-03
  -.94866737576638D-07  0.24921410135548D-06  0.29709726845351D-06
  -.22956695922005D-06  -.29947331237068D-06  -.73791758592456D-07
  0.87919779119883D-03  0.28304769573331D-02  0.78469657406760D-03
  0.56814571935959D-07  0.26122013796481D-06  -.30325734112768D-06
  0.25589636498680D-06  -.30782904980597D-06  0.90250499684696D-07
  -.56611537638673D-03  -.28304450530059D-02  -.50365989343426D-03
  0.54997358489572D-06  0.32884319156601D-07  -.56953053739761D-06
  cycle =     12 MP2 energy =     -229.8400113575 |dE/dxyz| =  0.005997
    0.76155048506557     -0.08339221882588     -4.71937952200041      h
   -0.37127861901496     -0.32270528174202     -3.31311867915842      o
    0.95319122312705      0.34267734833955     -1.06786253933328      c
    1.86944160107222      2.18732596794878     -1.24644106245185      h
    2.39966864193413     -1.06493456665103     -0.61322890533206      h
   -0.95319118836544      0.34267724960871      1.06786247193395      c
   -1.86944208571467      2.18732563071921      1.24644082599251      h
   -2.39966825902728     -1.06493504557886      0.61322885074195      h
    0.37127858521604     -0.32270525663043      3.31311867967883      o
   -0.76155051982295     -0.08339193496134      4.71937947381450      h
  0.29082527497337D-08  -.33319681552735D-06  0.10715624565449D-06
  0.56555056465157D-03  -.28297692880868D-02  0.50489354351857D-03
  -.87890287794323D-03  0.28301798446726D-02  -.78479108003060D-03
  -.12663199111529D-06  0.65902335144585D-07  0.10535707828385D-06
  -.90084803172630D-07  -.14827064465095D-06  -.10569722902476D-06
  0.87891348940117D-03  0.28302109294944D-02  0.78479695973915D-03
  0.11530811061533D-06  0.63827219065615D-07  -.11035173597129D-06
  0.93545462931388D-07  -.15514347673218D-06  0.10985681725417D-06
  -.56555446177597D-03  -.28297840569880D-02  -.50489730763914D-03
  -.17594059542603D-08  -.33045376501839D-06  -.10843773834424D-06
  cycle =     13 MP2 energy =     -229.8400113605 |dE/dxyz| =  0.005997
    0.76154653371516     -0.08337395660194     -4.71938074190402      h
   -0.37127589761424     -0.32271032009770     -3.31311768658925      o
    0.95319238673732      0.34267236041567     -1.06786149883164      c
    1.86944243560852      2.18732083543001     -1.24644139605341      h
    2.39967096914337     -1.06493765113456     -0.61322596766293      h
   -0.95319240984804      0.34267219420875      1.06786141362760      c
   -1.86944284590711      2.18732045676564      1.24644117742093      h
   -2.39967072233027     -1.06493813968228      0.61322589081511      h
    0.37127593313221     -0.32271015577184      3.31311768506876      o
   -0.76154651816720     -0.08337373130506      4.71938071799457      h
  0.70173620247971D-07  0.30160238922994D-06  -.15963245836303D-06
  0.56556579167388D-03  -.28301962966970D-02  0.50543839042927D-03
  -.87880977564359D-03  0.28299481553515D-02  -.78476298374774D-03
  -.10223003710230D-06  -.19714919474723D-07  -.35186638824847D-07
  -.36597689767603D-07  -.30955328522708D-07  -.60175813387797D-07
  0.87880977928467D-03  0.28299565560244D-02  0.78476146181800D-03
  0.10562472452236D-06  -.28711994559671D-07  0.30984831589365D-07
  0.28790119621647D-07  -.36345527920645D-07  0.58049089535217D-07
  -.56556074063518D-03  -.28301948145502D-02  -.50543258415736D-03
  -.70815438402150D-07  0.30061899614076D-06  0.16167696470504D-06
$end
