$hessapprox internal
  0.290077615176D-01  0.484244734727D-02  0.599772590732D+00 -0.537663939864D-03
  0.870244061000D-04  0.371950961316D+00 -0.148225701349D-02  0.294126973729D-02
  0.291847098142D-05  0.425848582066D+00  0.218086675310D-03  0.103121958882D-02
 -0.223589715962D-04 -0.208432852815D-03  0.425070970592D+00  0.162253659928D-02
 -0.643759705326D-02  0.450088553384D-04  0.119113334600D-02  0.403024181408D-03
  0.344158984783D+00  0.210485971820D-02 -0.116387399480D-01  0.107633062136D-03
  0.218404683038D-02  0.701471367965D-03 -0.463899567828D-02  0.339227625192D+00
 -0.738666325917D-03 -0.135677473726D-01  0.226648540312D-03  0.266376805276D-02
  0.713054838631D-03 -0.534472595819D-02 -0.941484621268D-02  0.311500980811D+00
 -0.149498709003D-02 -0.137667658008D-01  0.253599823873D-03  0.273033540530D-02
  0.699069754467D-03 -0.540838107971D-02 -0.948801268611D-02 -0.994332866521D-02
  0.335972995628D+00 -0.167672923151D-02  0.352474934087D-02  0.341654176608D-06
 -0.623101325237D-03 -0.246516079553D-03  0.142545721333D-02  0.260863772781D-02
  0.316238786551D-02  0.323712323096D-02  0.425614918719D+00  0.398898783851D-03
  0.719224358643D-03 -0.234159229018D-04 -0.154473438439D-03 -0.260029646680D-04
  0.276208304052D-03  0.467744498942D-03  0.423435794777D-03  0.401196581239D-03
 -0.181317316037D-03  0.425111162398D+00  0.154449544755D-02 -0.616302954203D-02
  0.433693329908D-04  0.114065675448D-02  0.385545119795D-03 -0.246497717029D-02
 -0.444036971943D-02 -0.511412389759D-02 -0.517461692591D-02  0.136499668909D-02
  0.264090522357D-03  0.344374290027D+00  0.227226261644D-02 -0.140220993927D-01
  0.138029074562D-03  0.264101453638D-02  0.836473039579D-03 -0.558374664293D-02
 -0.999454738357D-02 -0.112638772064D-01 -0.113386897215D-01  0.315285436954D-02
  0.553467426984D-03 -0.534452440354D-02  0.335533203813D+00 -0.702337356385D-03
 -0.134285495594D-01  0.223412052941D-03  0.263537888241D-02  0.706682014064D-03
 -0.529046055618D-02 -0.932075924925D-02 -0.992535050380D-02 -0.985137722001D-02
  0.312885018715D-02  0.420188797420D-03 -0.506221584552D-02 -0.111518027100D-01
  0.311688526042D+00 -0.150399240539D-02 -0.141502959532D-01  0.259630316668D-03
  0.280519626398D-02  0.719615621451D-03 -0.555969950133D-02 -0.975518390388D-02
 -0.102301139545D-01 -0.101135188050D-01  0.332606536293D-02  0.413619370526D-03
 -0.531941322599D-02 -0.116585347729D-01 -0.101354423967D-01  0.335394334255D+00
  0.145553210569D-01  0.483273041758D-02 -0.533693919282D-03 -0.147591833943D-02
  0.214657847158D-03  0.162108497200D-02  0.210858201677D-02 -0.709874012983D-03
 -0.146006215657D-02 -0.166989582342D-02  0.394616949539D-03  0.154317343784D-02
  0.227876648889D-02 -0.674060661741D-03 -0.146834453844D-02  0.287673612457D-01
  0.488001743671D-02 -0.162122524561D-01  0.881888332382D-04  0.297043638823D-02
  0.104099512072D-02 -0.650044447330D-02 -0.117518579969D-01 -0.136976647249D-01
 -0.138981337363D-01  0.355964118990D-02  0.725891641332D-03 -0.622319108452D-02
 -0.141582206042D-01 -0.135571515812D-01 -0.142853436140D-01  0.487028080875D-02
  0.599456626396D+00 -0.462659124482D-03 -0.162017431138D-03  0.170900034290D-04
  0.485468180063D-04 -0.636654499838D-05 -0.548474638332D-04 -0.728947542962D-04
  0.162217825283D-04  0.400915084742D-04  0.550209261673D-04 -0.122636847662D-04
 -0.522279918659D-04 -0.794650925824D-04  0.151439647124D-04  0.401736221088D-04
 -0.458838987345D-03 -0.163291759581D-03  0.371949814006D+00 -0.667015489181D-02
  0.153429264498D-01 -0.184319099610D-04 -0.273548516210D-02 -0.105245439541D-02
  0.619246063673D-02  0.113004272247D-01  0.135774398001D-01  0.138709604625D-01
 -0.329074538535D-02 -0.765272624295D-03  0.592946713957D-02  0.136478762025D-01
  0.134345034260D-01  0.142532614984D-01 -0.664522386419D-02  0.154944239340D-01
  0.219577903855D-03  0.480055623751D+00 -0.114524622514D-01  0.112120652218D-01
  0.195012054765D-03 -0.175638982523D-02 -0.984794252529D-03  0.465533051820D-02
  0.883093691347D-02  0.118912566483D-01  0.124385396153D-01 -0.215461848235D-02
 -0.810279597798D-03  0.446119860395D-02  0.107711729373D-01  0.117548790364D-01
  0.127687397126D-01 -0.113838561421D-01  0.113267900683D-01  0.368986045581D-03
 -0.969321246185D-02  0.378781753353D+00 -0.650232862520D-02  0.148271701792D-01
 -0.160250636883D-04 -0.264145136226D-02 -0.101892499895D-02  0.598541485405D-02
  0.109254726185D-01  0.131379134553D-01  0.134244202506D-01 -0.317798177356D-02
 -0.741699939024D-03  0.573124526919D-02  0.131959386975D-01  0.129995082405D-01
  0.137943058776D-01 -0.647780370316D-02  0.149736094649D-01  0.213984376062D-03
 -0.139125524448D-01 -0.933916783323D-02  0.481021775989D+00 -0.115847942771D-01
  0.115266510997D-01  0.194493719291D-03 -0.181264063192D-02 -0.100622812653D-02
  0.478221089305D-02  0.906225092098D-02  0.121683172462D-01  0.127213943197D-01
 -0.222225922153D-02 -0.825801392533D-03  0.458268796457D-02  0.110504667919D-01
  0.120290304195D-01  0.130593987475D-01 -0.115157109274D-01  0.116444794916D-01
  0.373347747998D-03 -0.998910525939D-02 -0.399434217904D-02 -0.962498325102D-02
  0.378373759516D+00 -0.123549767016D-02 -0.779226590306D-04  0.403238932071D-04
  0.607079420682D-04 -0.362777107524D-04 -0.634462654806D-05  0.531762658012D-04
  0.311064938836D-03  0.373791814199D-03  0.649821263865D-04 -0.445571877659D-04
 -0.538439415444D-05  0.846341652381D-04  0.305630406223D-03  0.381658412296D-03
 -0.122590112363D-02 -0.779171394075D-04  0.391237648088D-04  0.233824826100D-03
  0.684109012107D-03  0.230364593698D-03  0.688557602086D-03  0.394941581741D+00
  0.000000000000D+00  0.000000000000D+00  0.000000000000D+00  0.000000000000D+00
  0.000000000000D+00  0.000000000000D+00  0.000000000000D+00  0.000000000000D+00
  0.000000000000D+00  0.000000000000D+00  0.000000000000D+00  0.000000000000D+00
  0.000000000000D+00  0.000000000000D+00  0.000000000000D+00  0.000000000000D+00
  0.000000000000D+00  0.000000000000D+00  0.000000000000D+00  0.000000000000D+00
  0.000000000000D+00  0.000000000000D+00  0.000000000000D+00  0.000000000000D+00
$end
