$coord
    0.79226552175582     -1.31854076703319     -4.12539833118178  h
   -0.37268662776288     -0.93208885987607     -2.78459840745629  o
    0.64990841708585      1.04350203950804     -1.27067947580310  c
    0.34466815430189      2.88611910197648     -2.17636757866747  h
    2.68405540811314      0.79332827878083     -0.97329249929461  h
   -0.64990780813708      1.04350247420592      1.27067976208534  c
   -0.34466631462736      2.88611938170486      2.17636779435252  h
   -2.68405500580041      0.79332993962807      0.97329289773122  h
    0.37268612887951     -0.93208926404893      2.78459831294494  o
   -0.79226217240264     -1.31853438305567      4.12540357855434  h
$user-defined bonds
$intdef
# definitions of internal coordinates
   1 f  1.0000000000000 tors    2    3    6    9 val=  78.00000
$redundant
     number_of_atoms            10
     degrees_of_freedom         24
     internal_coordinates       25
     frozen_coordinates          1
# definitions of redundant internals
   1 k  1.0000000000000 tors   1    2    3    6 val= 199.55096
   2 k  1.0000000000000 stre   2    1           val=   1.81775
   3 k  1.0000000000000 bend   3    1    2      val= 109.11922
   4 k  1.0000000000000 stre   3    5           val=   2.07094
   5 k  1.0000000000000 stre   3    4           val=   2.07574
   6 k  0.0806508821474 bend   4    5    3      val=   1.03456
       -0.5160461998024 bend   2    5    3
       -0.5000678705456 bend   2    4    3
        0.4871768221343 bend   6    5    3
        0.4896760395420 bend   6    4    3
   7 k  0.0104868418973 bend   4    5    3      val=   0.15470
       -0.5366006112469 bend   2    5    3
        0.5454389040478 bend   2    4    3
       -0.4614573064663 bend   6    5    3
        0.4488912634665 bend   6    4    3
   8 k -0.8907021414175 bend   4    5    3      val=   0.87240
        0.1748393505123 bend   2    5    3
        0.1915903149991 bend   2    4    3
        0.2618036410449 bend   6    5    3
        0.2661445124757 bend   6    4    3
   9 k -0.0034375463331 bend   4    5    3      val=   0.46991
        0.4539106672772 bend   2    5    3
       -0.4563920386369 bend   2    4    3
       -0.5360601653253 bend   6    5    3
        0.5461676442517 bend   6    4    3
  10 k  1.0000000000000 stre   6    8           val=   2.07094
  11 k  1.0000000000000 stre   6    7           val=   2.07574
  12 k  0.0806510054392 bend   7    8    6      val=   1.03456
       -0.5160461140750 bend   9    8    6
       -0.5000679762481 bend   9    7    6
        0.4871768549932 bend   3    8    6
        0.4896759689425 bend   3    7    6
  13 k  0.0104867900923 bend   7    8    6      val=   0.15470
       -0.5366007106683 bend   9    8    6
        0.5454388555375 bend   9    7    6
       -0.4614571988792 bend   3    8    6
        0.4488913153719 bend   3    7    6
  14 k -0.8907021008010 bend   7    8    6      val=   0.87241
        0.1748393913323 bend   9    8    6
        0.1915902103444 bend   9    7    6
        0.2618037137840 bend   3    8    6
        0.2661446253757 bend   3    7    6
  15 k -0.0034374820333 bend   7    8    6      val=   0.46990
        0.4539106263530 bend   9    8    6
       -0.4563920250708 bend   9    7    6
       -0.5360602402190 bend   3    8    6
        0.5461676164963 bend   3    7    6
  16 k  1.0000000000000 tors  10    9    6    3 val= 199.55066
  17 k  1.0000000000000 stre   9   10           val=   1.81775
  18 k  1.0000000000000 bend   6   10    9      val= 109.11922
  19 k  1.0000000000000 tors   2    3    6    9 val=  78.00000
  20 k  1.0000000000000 stre   3    2           val=   2.69084
  21 k  1.0000000000000 bend   6    2    3      val= 109.13860
  22 k  1.0000000000000 stre   6    9           val=   2.69084
  23 k  1.0000000000000 bend   3    9    6      val= 109.13859
  24 k  1.0000000000000 stre   3    6           val=   2.85448
  25 f  1.0000000000000 tors   2    3    6    9 val=  78.00000
        24 non zero eigenvalues  of BmBt
           1           4.384506833    1    0
         1
           2           3.795724389    2    0
         2
           3           3.744560757    3    0
         3
           4           3.037491201    4    0
         4
           5           2.861330579    5    0
         5
           6           2.432425259    6    0
         6
           7           2.075154580    7    0
         7
           8           1.733531807    8    0
         8
           9           1.253128087    9    0
         9
          10           1.240642251   10    0
        10
          11           1.043468479   11    0
        11
          12           0.835504860   12    0
        12
          13           0.769593227   13    0
        13
          14           0.728429410   14    0
        14
          15           0.600699691   15    0
        15
          16           0.455434114   16    0
        16
          17           0.354748257   17    0
        17
          18           0.350692657   18    0
        18
          19           0.281589932   20    0
        20
          20           0.252416664   21    0
        21
          21           0.115943436   22    0
        22
          22           0.069417040   23    0
        23
          23           0.065652128   24    0
        24
          24           0.000000000    0    1
         0.000000000         0.000000000         0.000000000         0.000000000
         0.000000000         0.000000000         0.000000000         0.000000000
         0.000000000         0.000000000         0.000000000         0.000000000
         0.000000000         0.000000000         0.000000000         0.000000000
         0.000000000         0.000000000         0.000000000         0.000000000
         0.000000000         0.000000000         0.000000000         0.000000000
         1.000000000
$end
