$energy      SCF               SCFKIN            SCFPOT
     1 -230.2254702821      229.2972631735     -459.5227334556
     2 -230.2259860124      229.2832812715     -459.5092672838
     3 -230.2261502938      229.2907238373     -459.5168741311
     4 -230.2261923990      229.2940670740     -459.5202594730
     5 -230.2262072469      229.2921225596     -459.5183298065
     6 -230.2262088144      229.2927813324     -459.5189901468
     7 -230.2262088749      229.2926021741     -459.5188110490
     8 -230.2262088767      229.2925372456     -459.5187461223
     9 -230.2262088768      229.2925282009     -459.5187370777
    10 -230.2262085718      229.2925271477     -459.5187357194
    11 -230.2262085722      229.2925497443     -459.5187583164
    12 -230.2262085723      229.2925487000     -459.5187572723
    13 -230.2262085722      229.2925464400     -459.5187550122
    14 -230.2262085725      229.2925570027     -459.5187655751
    15 -230.2262085725      229.2925419531     -459.5187505256
$end
