$grad          cartesian gradients
  cycle =      1    SCF energy =     -230.2254702821   |dE/dxyz| =  0.010846
    0.47297568849398     -0.99394091470534     -4.34253449122940      h
   -0.36311722715564     -0.95289299842802     -2.72884033620622      o
    0.68176157716149      1.04605405415085     -1.25906274084439      c
    0.41577313051614      2.88313128502101     -2.17912456578257      h
    2.70977931892946      0.77092257602197     -0.93724308706372      h
   -0.68177353314926      1.04605037477108      1.25905830505520      c
   -0.41583741707548      2.88314065935714      2.17911388368847      h
   -2.70977973237783      0.77086715389949      0.93722349627391      h
    0.36315057511297     -0.95285761273154      2.72885670634688      o
   -0.47329784736692     -0.99423404000861      4.34235778027520      h
  -.65648946322709D-03  0.85232770328258D-03  0.58541910664812D-03
  -.15377296125210D-02  -.16012264623072D-02  0.26819090749963D-02
  0.60597642616164D-02  0.96600701124584D-03  -.17593324294578D-02
  0.12957140404449D-02  -.39959957993435D-03  0.12908771689946D-02
  0.35877937702582D-03  0.18259066032043D-03  -.88435809675513D-03
  -.60601220231463D-02  0.96619037414050D-03  0.17589514736530D-02
  -.12957988499574D-02  -.39950539783886D-03  -.12906360428601D-02
  -.35851457034446D-03  0.18272170470861D-03  0.88408881492505D-03
  0.15385672342754D-02  -.16010705633108D-02  -.26811247575819D-02
  0.65583220513213D-03  0.85208314788156D-03  -.58579113573415D-03
  cycle =      2    SCF energy =     -230.2259860124   |dE/dxyz| =  0.004247
    0.54863060480876     -1.04506634247262     -4.32934964933615      h
   -0.38210395481919     -0.93364532862540     -2.77018590341047      o
    0.65403092327428      1.04998591496934     -1.27233491132203      c
    0.36076583818194      2.89142864620737     -2.18114219282146      h
    2.68796228495036      0.79057070687667     -0.97893019859956      h
   -0.65406849885081      1.04997447064074      1.27232769337590      c
   -0.36082721255476      2.89141319777273      2.18115438829640      h
   -2.68799368726497      0.79053922881411      0.97890838952976      h
    0.38208778550379     -0.93365442001237      2.77016555931766      o
   -0.54884955014049     -1.04530553682253      4.32919177548331      h
  -.25726403568629D-03  0.24218460764532D-03  -.40503202260956D-03
  -.63128009301986D-03  -.80858525863782D-03  0.31809311709264D-03
  0.24421435474568D-02  0.57068988868965D-03  -.64489434574950D-03
  0.78970131261587D-03  -.17545564389235D-03  0.38998222661490D-04
  -.11865296784902D-03  0.17032444234985D-03  -.41332643876798D-03
  -.24426400515438D-02  0.57151138711134D-03  0.64540692423532D-03
  -.78973583885602D-03  -.17521548780376D-03  -.38515307080476D-04
  0.11889162537187D-03  0.17041430836480D-03  0.41293295906688D-03
  0.63214420013879D-03  -.80816595188418D-03  -.31855219763538D-03
  0.25668889699971D-03  0.24202187682675D-03  0.40488804265239D-03
  cycle =      3    SCF energy =     -230.2261502938   |dE/dxyz| =  0.001577
    0.61472136246014     -1.12452652900813     -4.26817970525563      h
   -0.41031663165945     -0.91010822604755     -2.78091969544787      o
    0.63145261282566      1.06436159871482     -1.27916320798958      c
    0.31070861680485      2.90800023303588     -2.17742181324953      h
    2.67094419742643      0.81555981715426     -1.01179975385841      h
   -0.63150823593894      1.06433508900510      1.27914784682991      c
   -0.31076530394270      2.90795236209945      2.17745058962664      h
   -2.67099839265475      0.81554185080008      1.01177094175693      h
    0.41025624631753     -0.91016702781997      2.78086580895775      o
   -0.61485993854987     -1.12470863058589      4.26805393914315      h
  0.33212328552783D-04  0.14501433712065D-03  -.34884267483346D-03
  -.35987709049137D-03  0.27584673759733D-03  -.15750527758300D-03
  0.32890948634423D-03  -.35574145295270D-03  0.76764030864238D-03
  0.28459982105719D-04  -.69076105155941D-04  -.19418665140408D-03
  0.16205243492720D-04  0.41278323382406D-05  0.27434535217535D-04
  -.32904280624927D-03  -.35543113352414D-03  -.76775660968067D-03
  -.28484234049095D-04  -.69146184619217D-04  0.19435954227487D-03
  -.16102518785562D-04  0.41985779891092D-05  -.27661684613880D-04
  0.36004181784080D-03  0.27606030319950D-03  0.15766793948058D-03
  -.33320646191606D-04  0.14480321454224D-03  0.34884958760204D-03
  cycle =      4    SCF energy =     -230.2261923990   |dE/dxyz| =  0.001853
    0.65140001448406     -1.19349775568728     -4.20766641907400      h
   -0.43202199498555     -0.89270155782312     -2.77871333993399      o
    0.62030702785010      1.08047686540429     -1.28383347573467      c
    0.28760340429842      2.92502764692741     -2.17685972173840      h
    2.66216110328620      0.83399028605204     -1.03292310310946      h
   -0.62037247252266      1.08044099720859      1.28381309124180      c
   -0.28765651230112      2.92496030384274      2.17689877011058      h
   -2.66222782679957      0.83397758663428      1.03289195526141      h
    0.43194006594258     -0.89279079908468      2.77863436369989      o
   -0.65149827616356     -1.19364303612624      4.20756282979021      h
  0.95543204447612D-04  0.14662211980254D-03  -.86053523282651D-04
  -.41621400772221D-03  0.49905148155481D-03  -.15112701813238D-03
  0.25778086662825D-03  -.63687951779679D-03  0.81171237221272D-03
  -.24815709528417D-03  0.57583228731570D-04  -.54916407994909D-05
  0.14876083131393D-03  -.64811944247552D-04  0.10854697872217D-03
  -.25774646894884D-03  -.63684570126951D-03  -.81196346660962D-03
  0.24815526459520D-03  0.57417013273264D-04  0.55355079574158D-05
  -.14871789675927D-03  -.64787039510956D-04  -.10861435610900D-03
  0.41599928157849D-03  0.49916523401007D-03  0.15144523600510D-03
  -.95403705083091D-04  0.14652270846429D-03  0.86008990014439D-04
  cycle =      5    SCF energy =     -230.2262072469   |dE/dxyz| =  0.001560
    0.66902087172558     -1.24459457911856     -4.16276043857855      h
   -0.44674353405162     -0.88062962668676     -2.77453298045509      o
    0.61548794287188      1.09450110325596     -1.28786542664256      c
    0.28288894211795      2.93863107749893     -2.18123817790429      h
    2.65721615769650      0.84538995352049     -1.04622176853099      h
   -0.61555788178938      1.09446181341793      1.28784381849126      c
   -0.28294022907539      2.93855693301384      2.18128176092838      h
   -2.65728877716106      0.84537910077001      1.04619194415714      h
    0.44665472515617     -0.88073221475401      2.77444032421787      o
   -0.66910368440173     -1.24472302356981      4.16266589483021      h
  0.27758149087118D-04  0.59646434800580D-04  0.14494290698033D-04
  -.42882423163061D-03  0.27150338126954D-03  -.16671813356642D-03
  0.84804531750983D-03  -.38986406460830D-03  0.14490907897347D-03
  -.98588518397088D-04  0.90478039748558D-04  0.12373248041680D-03
  0.80761415929560D-05  -.30541374287379D-04  -.10678370823643D-04
  -.84802313763535D-03  -.38983957563448D-03  -.14489158937666D-03
  0.98605850152118D-04  0.90487362386211D-04  -.12370389001392D-03
  -.81067694734944D-05  -.30559479117880D-04  0.10680019096153D-04
  0.42880352305463D-03  0.27153885520148D-03  0.16665664824347D-03
  -.27745595666773D-04  0.59652185830069D-04  -.14482547201846D-04
  cycle =      6    SCF energy =     -230.2262088144   |dE/dxyz| =  0.001326
    0.67490074695803     -1.26338650783325     -4.14539376717803      h
   -0.45226898607281     -0.87556585067377     -2.77303769253308      o
    0.61312986003923      1.09978813709880     -1.28889403387034      c
    0.28154028726883      2.94278733232926     -2.18451368209021      h
    2.65488561533083      0.84967659116883     -1.05003070964409      h
   -0.61320017707809      1.09974740581220      1.28887185032065      c
   -0.28159138297419      2.94271096715680      2.18455768079817      h
   -2.65495872784315      0.84966544110480      1.05000047023987      h
    0.45217870287970     -0.87567195181887      2.77294296210979      o
   -0.67498140541949     -1.26351102699676      4.14530187236065      h
  0.14244521710550D-04  -.13557562068514D-05  -.81765447292934D-05
  -.36929305948151D-03  0.35652683987296D-03  -.13390271724431D-03
  0.64931627344669D-03  -.35823426138901D-03  0.20984735698264D-03
  -.20444134129209D-04  0.16612400372866D-04  0.44864254962060D-04
  -.28150172040973D-04  -.12248735391911D-04  -.91057122259611D-06
  -.64929979165082D-03  -.35829608261790D-03  -.20990789499661D-03
  0.20441413583759D-04  0.16607395711671D-04  -.44918603610771D-04
  0.28143581253396D-04  -.12247193684339D-04  0.94614469415262D-06
  0.36927471346932D-03  0.35645627810080D-03  0.13395588703479D-03
  -.14232497994987D-04  -.13496054491440D-05  0.82007276788253D-05
  cycle =      7    SCF energy =     -230.2262088749   |dE/dxyz| =  0.001276
    0.67453244802088     -1.26338045211416     -4.14551152837548      h
   -0.45232314260170     -0.87555917421837     -2.77293615079461      o
    0.61316673970228      1.09991615579959     -1.28883914168909      c
    0.28210931273475      2.94259029594537     -2.18526739925823      h
    2.65496670015390      0.84973164141159     -1.04980367485320      h
   -0.61323666990768      1.09987632907390      1.28881756044845      c
   -0.28216065052665      2.94251544159395      2.18531109087773      h
   -2.65503926818816      0.84972048973725      1.04977387769433      h
    0.45223406616626     -0.87566303346812      2.77284296558967      o
   -0.67461500246497     -1.26350715641297      4.14541735087380      h
  -.42376040279040D-05  -.67464525138175D-05  -.31228621102469D-05
  -.35644062793337D-03  0.35077632425332D-03  -.17055487256358D-03
  0.59219973957736D-03  -.33998817176435D-03  0.26068979745048D-03
  -.21989644057621D-06  -.16315438572594D-05  0.51278637749093D-05
  -.74496705432706D-05  -.11669477213844D-05  0.23370112331337D-05
  -.59220809509402D-03  -.33998525597330D-03  -.26067522709274D-03
  0.21784007310563D-06  -.16166735005398D-05  -.51455075483759D-05
  0.74515256514878D-05  -.11698223332324D-05  -.23223547840009D-05
  0.35645420843125D-03  0.35074018295131D-03  0.17053522897120D-03
  0.42333922358516D-05  -.67303081026467D-05  0.31289184204870D-05
  cycle =      8    SCF energy =     -230.2262088767   |dE/dxyz| =  0.001287
    0.67408093109344     -1.26224796858886     -4.14651974009062      h
   -0.45203450712280     -0.87588491612452     -2.77292177268011      o
    0.61333054237781      1.09964389934902     -1.28873827292411      c
    0.28234477134911      2.94229608207735     -2.18526238562288      h
    2.65513997605568      0.84949094136893     -1.04950801891904      h
   -0.61340009383832      1.09960446702432      1.28871690522092      c
   -0.28239624811841      2.94222198414832      2.18530569787493      h
   -2.65521208317556      0.84947965241865      1.04947827245782      h
    0.45194611916469     -0.87598740086637      2.77282990226130      o
   -0.67416487469674     -1.26237620345882      4.14642436293516      h
  -.41716398767111D-05  -.24100709832915D-05  -.73592550252105D-06
  -.36550126096680D-03  0.34074117312223D-03  -.17682335344711D-03
  0.59649672171629D-03  -.33797344227914D-03  0.27834621824530D-03
  -.52045381589609D-06  0.24872858031730D-07  0.59076072470807D-06
  0.66487809666330D-06  0.85849547461668D-06  0.13733846982481D-05
  -.59649699030983D-03  -.33796432814518D-03  -.27834041520468D-03
  0.51937111978722D-06  0.33612565561437D-07  -.60000389854313D-06
  -.67033724083838D-06  0.85587463778048D-06  -.13656558318813D-05
  0.36551176472242D-03  0.34071272786464D-03  0.17680762395020D-03
  0.41687422024230D-05  -.23988079835998D-05  0.74535038147145D-06
  cycle =     10    SCF energy =     -230.2262085718   |dE/dxyz| =  0.001295
    0.79217395117818     -1.31835095983160     -4.12557896299016      h
   -0.37265636015984     -0.93211169177909     -2.78461472895181      o
    0.64991758553866      1.04347574984509     -1.27067401080713      c
    0.34466938261731      2.88610002841228     -2.17634615384613      h
    2.68406363959067      0.79331853547605     -0.97325837369070      h
   -0.64991700252759      1.04347610686401      1.27067428078948      c
   -0.34466709607156      2.88610005915930      2.17634658559850      h
   -2.68406336781812      0.79332061166702      0.97325885063475      h
    0.37265547792234     -0.93211276619720      2.78461404532550      o
   -0.79216945309864     -1.31834277528048      4.12558568826323      h
  -.23497615241338D-05  0.18046266282399D-06  0.53337985197281D-06
  -.36669144804448D-03  0.33249773818558D-03  -.19041254391495D-03
  0.59426882192912D-03  -.33454838664779D-03  0.30394034982531D-03
  -.81595920982187D-06  0.15077367510077D-06  0.24548008004026D-06
  -.53879870700920D-06  0.32054946869725D-06  0.67190388349586D-06
  -.59426486336898D-03  -.33455383170228D-03  -.30392932035743D-03
  0.81529782944882D-06  0.15731861890938D-06  -.25035771749939D-06
  0.53288568520702D-06  0.31843009949011D-06  -.66781426763591D-06
  0.36669554009614D-03  0.33248668337786D-03  0.19039526548787D-03
  0.23482586040941D-05  0.18910238951893D-06  -.52617555765323D-06
  cycle =     11    SCF energy =     -230.2262085722   |dE/dxyz| =  0.001296
    0.79219921941279     -1.31842750065820     -4.12549266672170      h
   -0.37268070380324     -0.93209077022539     -2.78459603265596      o
    0.64991131976450      1.04349899161119     -1.27067741702954      c
    0.34466292542291      2.88611953148921     -2.17635539631961      h
    2.68405990704087      0.79333123954105     -0.97328356120414      h
   -0.64991059920724      1.04349950126506      1.27067778588979      c
   -0.34466068122043      2.88611987567847      2.17635564109982      h
   -2.68405945692953      0.79333325531000      0.97328412688635      h
    0.37268008968223     -0.93209131179203      2.78459586744855      o
   -0.79219526299146     -1.31841991388397      4.12549887293197      h
  -.88998625195298D-06  -.22342424224381D-06  -.20076442001952D-06
  -.36808048956863D-03  0.33406043251403D-03  -.18744308488166D-03
  0.59466691621307D-03  -.33483769993501D-03  0.30312709025121D-03
  -.77953059194181D-06  -.19123549236387D-06  0.52085169500024D-06
  0.12651406121995D-06  -.20627951854460D-06  -.16358155088802D-06
  -.59466370565138D-03  -.33484341639985D-03  -.30311670923163D-03
  0.77806277404565D-06  -.18595551303752D-06  -.52682873516759D-06
  -.13051904687850D-06  -.20853294101792D-06  0.16675144250254D-06
  0.36808713352925D-03  0.33405804061283D-03  0.18743420444100D-03
  0.88557904295223D-06  -.22064477986054D-06  0.20223311828456D-06
  cycle =     13    SCF energy =     -230.2262085722   |dE/dxyz| =  0.001296
    0.79223736889357     -1.31846334607378     -4.12547343951625      h
   -0.37266407219584     -0.93210824420217     -2.78460052646084      o
    0.64991844850925      1.04348125907361     -1.27067436798398      c
    0.34468102180869      2.88610068205237     -2.17635900630432      h
    2.68406425582884      0.79330960243192     -0.97327121886783      h
   -0.64991796139965      1.04348155180337      1.27067456725659      c
   -0.34467914615551      2.88610067808848      2.17635938035014      h
   -2.68406400726830      0.79331131703764      0.97327153673895      h
    0.37266333133252     -0.93210912847488      2.78459997320194      o
   -0.79223353794773     -1.31845642994621      4.12547915485070      h
  -.92345296301078D-06  0.16237153542000D-06  -.55321333623225D-06
  -.36764551695421D-03  0.33370822492052D-03  -.18729948204927D-03
  0.59455773863095D-03  -.33485385217385D-03  0.30342435421184D-03
  -.56663372529423D-06  -.16062445594796D-06  0.19021360076523D-06
  -.10998139002581D-06  -.25228462687031D-06  -.37360987884860D-06
  -.59455844212681D-03  -.33485838527980D-03  -.30341967322939D-03
  0.56575097011730D-06  -.15889243392576D-06  -.19160508012785D-06
  0.10944621697671D-06  -.25304278085125D-06  0.37565509975349D-06
  0.36764506548013D-03  0.33370024918664D-03  0.18728973197551D-03
  0.92600181539963D-06  0.16675930921849D-06  0.55777362202368D-06
  cycle =     14    SCF energy =     -230.2262085725   |dE/dxyz| =  0.001296
    0.79226105441367     -1.31853231456250     -4.12540466703574      h
   -0.37268434199965     -0.93209156603009     -2.78459487556305      o
    0.64991051458551      1.04349971729179     -1.27067818602310      c
    0.34466907047238      2.88611778955924     -2.17636413222283      h
    2.68405791098703      0.79332617439637     -0.97328901485108      h
   -0.64990991124473      1.04350014411160      1.27067847822920      c
   -0.34466722445121      2.88611806862134      2.17636433922962      h
   -2.68405752391471      0.79332783224392      0.97328943726971      h
    0.37268383739379     -0.93209200177423      2.78459474796151      o
   -0.79225768483624     -1.31852590206709      4.12540992627087      h
  -.57914856173203D-06  -.23832488842861D-06  -.38931230481464D-06
  -.36823248722326D-03  0.33406012234263D-03  -.18705645239412D-03
  0.59462604455032D-03  -.33481086715488D-03  0.30340270906387D-03
  -.59473270121359D-06  -.78297631556099D-07  0.28368683775745D-06
  0.58862187181055D-07  -.33026230673143D-06  -.51468988959465D-06
  -.59462361579877D-03  -.33481379798255D-03  -.30339639929171D-03
  0.59343429401609D-06  -.75626027722208D-07  -.28763869848583D-06
  -.61576734355746D-07  -.33205387383424D-06  0.51626746293772D-06
  0.36823629805744D-03  0.33405836169557D-03  0.18705176011159D-03
  0.57689795430036D-06  -.23673494538403D-06  0.39020040317082D-06
$end
