$hessapprox internal
  0.137347318308D-01  0.215151860853D-02  0.620633234528D+00 -0.127713986341D-02
  0.975225871793D-04  0.372172700539D+00  0.174307700314D-02  0.172499825657D-03
  0.756466750655D-04  0.423586187432D+00  0.325098240416D-03  0.355093955193D-04
  0.122162602645D-04  0.296673004682D-04  0.419516163821D+00 -0.307794274798D-02
  0.439997633543D-03 -0.555883548314D-03  0.348512011692D-03  0.605218217978D-04
  0.344914658016D+00 -0.139512499308D-02  0.157989376336D-03 -0.228456150076D-03
  0.124360639218D-03  0.211476623742D-04 -0.676302754612D-03  0.347110636210D+00
 -0.116518780464D-02  0.174466889103D-03 -0.214916791931D-03  0.138339739097D-03
  0.241092773782D-04 -0.621903090655D-03 -0.260867779610D-03  0.320173423900D+00
 -0.366604286273D-02 -0.326169672963D-03 -0.179876540854D-03 -0.274334385572D-03
 -0.568415224992D-04 -0.782158441578D-03 -0.284024210369D-03 -0.309534355615D-03
  0.346195775528D+00  0.175925064087D-02  0.175550278528D-03  0.755262817907D-04
  0.147076871025D-03  0.301624296134D-04  0.349799793854D-03  0.124625270400D-03
  0.138888069753D-03 -0.279346127253D-03  0.423591218479D+00  0.329258330734D-03
  0.339112241039D-04  0.135367135851D-04  0.283825620854D-04  0.580520647106D-05
  0.640512052372D-04  0.226772315717D-04  0.254587412755D-04 -0.540774313398D-04
  0.288682253743D-04  0.419515675502D+00 -0.309792841431D-02  0.438528156360D-03
 -0.557039214484D-03  0.347266743067D-03  0.602587504394D-04 -0.161947478049D-02
 -0.678040448049D-03 -0.623747071679D-03 -0.779877728444D-03  0.348529579610D-03
  0.638037251268D-04  0.344905308627D+00 -0.138994608149D-02  0.158236542620D-03
 -0.228080896395D-03  0.124574977144D-03  0.211955705084D-04 -0.674911126000D-03
 -0.280590992435D-03 -0.260322180814D-03 -0.284387921732D-03  0.124845043829D-03
  0.227208732739D-04 -0.676650068473D-03  0.347111699475D+00 -0.116014309683D-02
  0.172275860445D-03 -0.213172052239D-03  0.136576644674D-03  0.237871953731D-04
 -0.617283611338D-03 -0.258857767809D-03 -0.237670295001D-03 -0.305752111613D-03
  0.137111548766D-03  0.251283858125D-04 -0.619106348859D-03 -0.258317944160D-03
  0.320176939136D+00 -0.371706530761D-02 -0.324886306839D-03 -0.185682470266D-03
 -0.273430844899D-03 -0.567496597199D-04 -0.800859549316D-03 -0.291548632365D-03
 -0.316795369873D-03  0.511926363061D-03 -0.278467510431D-03 -0.539372396514D-04
 -0.798600874477D-03 -0.291903563246D-03 -0.312948707602D-03  0.346190117107D+00
 -0.570940683482D-03  0.218135210832D-02 -0.129399561339D-02  0.176726999047D-02
  0.329623401059D-03 -0.311776893925D-02 -0.141333791715D-02 -0.118023372164D-02
 -0.371678322130D-02  0.178367374491D-02  0.333833419508D-03 -0.313803002023D-02
 -0.140808815635D-02 -0.117512945218D-02 -0.376848921754D-02  0.137361555365D-01
  0.216574134451D-02  0.206358312839D-03  0.985096211874D-04  0.173150674731D-03
  0.356525994983D-04  0.443716449906D-03  0.159404016597D-03  0.175926342914D-03
 -0.327299042977D-03  0.176216645707D-03  0.340428411898D-04  0.442242833853D-03
  0.159651381793D-03  0.173719609298D-03 -0.325993325880D-03  0.219576971421D-02
  0.620634702805D+00 -0.131000197581D-02  0.936354210770D-04 -0.183485313500D-03
  0.724063605811D-04  0.115606494891D-04 -0.561601682162D-03 -0.230411207262D-03
 -0.217202843741D-03 -0.173624318144D-03  0.722336256347D-04  0.129042486276D-04
 -0.562728006109D-03 -0.230041504133D-03 -0.215426149117D-03 -0.179432693254D-03
 -0.132731630274D-02  0.946060328743D-04  0.372170638098D+00 -0.304830350105D-02
  0.737872055716D-04 -0.345234349320D-03  0.516407198742D-04  0.505055556007D-05
 -0.111341131275D-02 -0.447771233778D-03 -0.432340701793D-03 -0.158901502889D-03
  0.501294370255D-04  0.793304764741D-05 -0.111470131504D-02 -0.447253511873D-03
 -0.428497912563D-03 -0.169106939771D-03 -0.308915306169D-02  0.751036774448D-04
 -0.345336115454D-03  0.493413945097D+00 -0.423341692727D-02 -0.234866773444D-02
  0.910731802031D-03 -0.191585248882D-02 -0.364669012832D-03  0.174360520373D-02
  0.881570630006D-03  0.642663851775D-03  0.394876924723D-02 -0.193682151937D-02
 -0.364816222263D-03  0.176445258242D-02  0.876462623100D-03  0.643042418495D-03
  0.399090604755D-02 -0.429967472556D-02 -0.236286468407D-02  0.948249438732D-03
  0.252379210023D-02  0.392494713800D+00 -0.306182096848D-02  0.729989772529D-04
 -0.346132637844D-03  0.509652405681D-04  0.490381140347D-05 -0.111685153319D-02
 -0.449072682614D-03 -0.433692195425D-03 -0.157708764060D-03  0.494386688626D-04
  0.779719699538D-05 -0.111813695368D-02 -0.448555316586D-03 -0.429834621958D-03
 -0.167933831436D-03 -0.310285600868D-02  0.743139943743D-04 -0.346217717925D-03
 -0.606909193799D-03  0.253743957086D-02  0.493411662094D+00 -0.425076139988D-02
 -0.233377020992D-02  0.900556320502D-03 -0.190381906484D-02 -0.362444927142D-03
  0.171783829552D-02  0.870142874602D-03  0.632861572564D-03  0.392323824537D-02
 -0.192468523748D-02 -0.362551221472D-03  0.173854461742D-02  0.865072230727D-03
  0.633291290008D-03  0.396498438331D-02 -0.431719535689D-02 -0.234786501583D-02
  0.937850945238D-03  0.250046974089D-02  0.888428591471D-02  0.251402055866D-02
  0.392459464096D+00 -0.989745094711D-03 -0.572448063863D-03  0.226163409567D-03
 -0.466843587826D-03 -0.887971754478D-04  0.438976716697D-03  0.220424228039D-03
  0.162089917188D-03  0.962906647574D-03 -0.471925731492D-03 -0.888711204765D-04
  0.444066312604D-03  0.219174512443D-03  0.162131200987D-03  0.973294256911D-03
 -0.100532646772D-02 -0.575919843749D-03  0.235293455221D-03  0.622095164151D-03
  0.213258282630D-02  0.625431108394D-03  0.212862929600D-02  0.401795133961D+00
  0.000000000000D+00  0.000000000000D+00  0.000000000000D+00  0.000000000000D+00
  0.000000000000D+00  0.000000000000D+00  0.000000000000D+00  0.000000000000D+00
  0.000000000000D+00  0.000000000000D+00  0.000000000000D+00  0.000000000000D+00
  0.000000000000D+00  0.000000000000D+00  0.000000000000D+00  0.000000000000D+00
  0.000000000000D+00  0.000000000000D+00  0.000000000000D+00  0.000000000000D+00
  0.000000000000D+00  0.000000000000D+00  0.000000000000D+00  0.000000000000D+00
$end
