$coord
    0.78472249801037     -0.97572943745371     -4.39785088035265  h
   -0.38735654634716     -0.73551755080242     -3.02331496689545  o
    0.81013625644589      0.82196054954534     -1.18087982119156  c
    1.01243126738147      2.74827921427642     -1.91053437946077  h
    2.68184429077612      0.10739262877026     -0.67259519035439  h
   -0.81013605739119      0.82196074964787      1.18087985152233  c
   -1.01243061076761      2.74827947453730      1.91053437776827  h
   -2.68184426913887      0.10739325996173      0.67259526027980  h
    0.38735639074496     -0.73551762595140      3.02331499480036  o
   -0.78472247550416     -0.97572873755233      4.39785119517444  h
$intdef
# definitions of internal coordinates
   1 f  1.0000000000000 tors    2    3    6    9 val= 105.00000
$user-defined bonds
$redundant
     number_of_atoms            10
     degrees_of_freedom         24
     internal_coordinates       25
     frozen_coordinates          1
# definitions of redundant internals
   1 k  1.0000000000000 tors   1    2    3    6 val= 190.14535
   2 k  1.0000000000000 stre   2    1           val=   1.82231
   3 k  1.0000000000000 bend   3    1    2      val= 107.83255
   4 k  1.0000000000000 stre   3    5           val=   2.06694
   5 k  1.0000000000000 stre   3    4           val=   2.06979
   6 k  0.0692095962880 bend   4    5    3      val=   0.77776
       -0.5244037793867 bend   2    5    3
       -0.4916817046864 bend   2    4    3
        0.4728187003551 bend   6    5    3
        0.5048784861902 bend   6    4    3
   7 k  0.0055258212317 bend   4    5    3      val=   0.24327
        0.5207592509825 bend   2    5    3
       -0.5529766066697 bend   2    4    3
        0.4755211043730 bend   6    5    3
       -0.4437069073024 bend   6    4    3
   8 k -0.8890751820130 bend   4    5    3      val=   1.48754
        0.1847231711436 bend   2    5    3
        0.1967167024288 bend   2    4    3
        0.2712626401387 bend   6    5    3
        0.2512803013005 bend   6    4    3
   9 k -0.0120449422186 bend   4    5    3      val=   1.73104
        0.4666056341353 bend   2    5    3
       -0.4530817945798 bend   2    4    3
       -0.5313619942642 bend   6    5    3
        0.5426835358033 bend   6    4    3
  10 k  1.0000000000000 stre   6    8           val=   2.06694
  11 k  1.0000000000000 stre   6    7           val=   2.06979
  12 k  0.0692096017537 bend   7    8    6      val=   0.77776
       -0.5244037691289 bend   9    8    6
       -0.4916817172178 bend   9    7    6
        0.4728187208270 bend   3    8    6
        0.5048784647197 bend   3    7    6
  13 k  0.0055257941825 bend   7    8    6      val=   0.24327
        0.5207592691554 bend   9    8    6
       -0.5529765888921 bend   9    7    6
        0.4755210936889 bend   3    8    6
       -0.4437069199162 bend   3    7    6
  14 k -0.8890751786345 bend   7    8    6      val=   1.48754
        0.1847231671634 bend   9    8    6
        0.1967167088399 bend   9    7    6
        0.2712626245701 bend   3    8    6
        0.2512803279681 bend   3    7    6
  15 k -0.0120449281107 bend   7    8    6      val=   1.73104
        0.4666056220081 bend   9    8    6
       -0.4530818070162 bend   9    7    6
       -0.5313619958149 bend   3    8    6
        0.5426835346422 bend   3    7    6
  16 k  1.0000000000000 tors  10    9    6    3 val= 190.14533
  17 k  1.0000000000000 stre   9   10           val=   1.82231
  18 k  1.0000000000000 bend   6   10    9      val= 107.83255
  19 k  1.0000000000000 tors   2    3    6    9 val= 105.00000
  20 k  1.0000000000000 stre   3    2           val=   2.69338
  21 k  1.0000000000000 bend   6    2    3      val= 108.21346
  22 k  1.0000000000000 stre   6    9           val=   2.69338
  23 k  1.0000000000000 bend   3    9    6      val= 108.21346
  24 k  1.0000000000000 stre   3    6           val=   2.86412
  25 f  1.0000000000000 tors   2    3    6    9 val= 105.00000
        24 non zero eigenvalues  of BmBt
           1           4.080718603    1    0
         1
           2           3.855134498    2    0
         2
           3           3.766509644    3    0
         3
           4           3.008418259    4    0
         4
           5           2.933156888    5    0
         5
           6           2.450793044    6    0
         6
           7           2.096952749    7    0
         7
           8           1.723348907    8    0
         8
           9           1.249854207    9    0
         9
          10           1.217417721   10    0
        10
          11           1.039352797   11    0
        11
          12           0.834874514   12    0
        12
          13           0.772525999   13    0
        13
          14           0.731902781   14    0
        14
          15           0.526550615   15    0
        15
          16           0.514358647   16    0
        16
          17           0.351709740   17    0
        17
          18           0.344376359   18    0
        18
          19           0.279525584   20    0
        20
          20           0.255047708   21    0
        21
          21           0.091030400   22    0
        22
          22           0.088759502   23    0
        23
          23           0.066939414   24    0
        24
          24           0.000000000    0    1
         0.000000000         0.000000000         0.000000000         0.000000000
         0.000000000         0.000000000         0.000000000         0.000000000
         0.000000000         0.000000000         0.000000000         0.000000000
         0.000000000         0.000000000         0.000000000         0.000000000
         0.000000000         0.000000000         0.000000000         0.000000000
         0.000000000         0.000000000         0.000000000         0.000000000
         1.000000000
$end
