$energy      SCF               SCFKIN            SCFPOT            MP2
     1 -229.0244998381      228.789659     -457.814159     -.8131523472222
     2 -229.0250664345      228.781198     -457.806264     -.8130946668458
     3 -229.0250877716      228.790634     -457.815722     -.8132026056717
     4 -229.0250016615      228.788481     -457.813483     -.8132978580357
     5 -229.0249694957      228.786667     -457.811637     -.8133309677940
     6 -229.0249645471      228.786646     -457.811610     -.8133360683103
     7 -229.0249641041      228.786635     -457.811599     -.8133364794926
     8 -229.0249641039      228.786638     -457.811602     -.8133365325236
     9 -229.0249640740      228.786633     -457.811597     -.8133365597809
    10 -229.0249638839      228.786633     -457.811597     -.8133367373516
    11 -229.0249638838      228.786633     -457.811597     -.8133367426360
    12 -229.0249638716      228.786630     -457.811593     -.8133367643130
    13 -229.0249638099      228.786630     -457.811593     -.8133368121889
$end
