$grad          cartesian gradients
  cycle =      1 MP2 energy =     -229.8376521853 |dE/dxyz| =  0.009879
    0.63308390640133     -0.77754098471293     -4.50452262457268      h
   -0.38099552338463     -0.74651124816535     -2.99608366887997      o
    0.82638595781111      0.81945173588494     -1.16917738702851      c
    1.03681637570093      2.76264817361462     -1.85608878465801      h
    2.70573771911215      0.09991924583394     -0.67680389404261      h
   -0.82653198788040      0.81930804555210      1.16916815810409      c
   -1.03734771496040      2.76245402041671      1.85606016129386      h
   -2.70575001407925      0.09939917935863      0.67677166051425      h
    0.38116719726704     -0.74635545796104      2.99611941428342      o
   -0.63352511304056     -0.77851943610122      4.50412607200601      h
  -.26478712152525D-02  -.22892859261164D-03  0.11987471699406D-02
  0.75377744691441D-03  -.14180099712036D-03  -.25913236348973D-03
  0.34248404996098D-02  -.69649709560782D-03  0.28544834064921D-02
  0.67788376931643D-03  0.14924993277123D-02  0.30937691420325D-02
  0.22670741798514D-02  -.42562356982656D-03  -.13130566177473D-02
  -.34215556709793D-02  -.69092557502426D-03  -.28525081119062D-02
  -.67640315678708D-03  0.14868604740617D-02  -.30944092977003D-02
  -.22725173203582D-02  -.42675953193705D-03  0.13106746882057D-02
  -.75088800507750D-03  -.13942610615825D-03  0.25925612049083D-03
  0.26456594724298D-02  -.22939836806052D-03  -.11978241379769D-02
  cycle =      2 MP2 energy =     -229.8381611013 |dE/dxyz| =  0.005742
    0.68957488954697     -0.84646116282781     -4.47671203003644      h
   -0.39899414016659     -0.72267268422035     -3.02107325750020      o
    0.80631802748855      0.83394694619442     -1.18611220971073      c
    1.00481577004053      2.77015378109222     -1.89286673136178      h
    2.68728518027564      0.12302743888017     -0.70636977433082      h
   -0.80653592396234      0.83375521435980      1.18608652990418      c
   -1.00536629013022      2.76988417590313      1.89295654126946      h
   -2.68737811779296      0.12254603719240      0.70627896026352      h
    0.39904108698558     -0.72274873370442      3.02096980713307      o
   -0.68971967933784     -0.84717773914917      4.47641127138958      h
  -.94200757818630D-03  -.32210274008515D-03  -.49452846317166D-03
  0.45512519600610D-03  0.13617933709025D-02  -.50786656117197D-03
  0.22330916950724D-02  -.17345194704026D-02  0.11721422426223D-02
  0.49453270903332D-03  0.57152133438132D-03  0.12270749833032D-02
  0.41142601472011D-03  0.12184013468275D-03  -.11435059494142D-02
  -.22334563883786D-02  -.17320814616419D-02  -.11708189792509D-02
  -.49452190962829D-03  0.57071587592761D-03  -.12260152100920D-02
  -.41181350994712D-03  0.12203694834267D-03  0.11421042497357D-02
  -.45334393908281D-03  0.13633424724979D-02  0.50727971777675D-03
  0.94096771046415D-03  -.32254654540032D-03  0.49413397078490D-03
  cycle =      3 MP2 energy =     -229.8382903773 |dE/dxyz| =  0.005966
    0.72127891228966     -0.91759602355230     -4.42409412777177      h
   -0.42151385329804     -0.70193846746827     -3.02051113186070      o
    0.79410258178468      0.85240055457907     -1.19191107332260      c
    0.98349413016672      2.78190539476994     -1.91716287146949      h
    2.67494171464055      0.14326589376317     -0.71279837723667      h
   -0.79435202527980      0.85216403878052      1.19186587508833      c
   -0.98404680055758      2.78156744160412      1.91731343056062      h
   -2.67507573129625      0.14279124936073      0.71266456265891      h
    0.42148783306183     -0.70217206974555      3.02032188637678      o
   -0.72127595856443     -0.91813473837104      4.42388093399643      h
  0.35440011402876D-04  -.95765670746983D-04  -.35809706374090D-03
  -.65411199433818D-03  0.25270928858623D-02  -.20124025899015D-03
  0.16126861512671D-02  -.26284928619100D-02  0.10414163694519D-02
  0.25562102303978D-04  0.37698421299304D-04  0.20654225819894D-03
  -.14451010357774D-03  0.15926442224301D-03  -.33892723379653D-03
  -.16129167072885D-02  -.26286980931385D-02  -.10427983243630D-02
  -.25969343850796D-04  0.38177118563354D-04  -.20588994989157D-03
  0.14559810777648D-03  0.15963854561929D-03  0.33851209112806D-03
  0.65335212033268D-03  0.25269643700216D-02  0.20241825819145D-03
  -.35130344095524D-04  -.95879179377700D-04  0.35806385249515D-03
  cycle =      4 MP2 energy =     -229.8382995195 |dE/dxyz| =  0.005878
    0.72516927070099     -0.93761965009680     -4.40876734880874      h
   -0.42840383125572     -0.69724400063909     -3.01863192295576      o
    0.79269697250610      0.85888810383106     -1.19246758189680      c
    0.98241958910299      2.78649345105866     -1.92273411831095      h
    2.67273418967101      0.14752102945599     -0.71107078825610      h
   -0.79295465422929      0.85864809745021      1.19242196225047      c
   -0.98296880517231      2.78614936075321      1.92288861962719      h
   -2.67288288959809      0.14704835270191      0.71094497058924      h
    0.42837551129179     -0.69749030739193      3.01842690314163      o
   -0.72514455007014     -0.93814116340283      4.40855841163966      h
  0.23270102225581D-04  -.15750762090594D-04  -.37643698769685D-04
  -.11383493178645D-02  0.22789266828074D-02  -.68203402388356D-03
  0.17786159866615D-02  -.23916705884073D-02  0.11941348865426D-02
  -.23751743449152D-04  0.54187852938092D-04  0.43244090247141D-04
  0.30035678055818D-05  0.74168655440965D-04  0.98960434269380D-06
  -.17783233283648D-02  -.23916474920407D-02  -.11943918858875D-02
  0.23616531684256D-04  0.54273140388972D-04  -.42985923832672D-04
  -.27156619251123D-05  0.74184267394695D-04  -.12309373249031D-05
  0.11377188452064D-02  0.22789919892592D-02  0.68231639580141D-03
  -.23084982226695D-04  -.15663770056684D-04  0.37601491704731D-04
  cycle =      5 MP2 energy =     -229.8383004635 |dE/dxyz| =  0.005770
    0.72413943928669     -0.93894243295086     -4.40767965725776      h
   -0.42937720364902     -0.69703337060176     -3.01790011845098      o
    0.79331419245493      0.86020161412038     -1.19223216479342      c
    0.98467414020836      2.78701190135535     -1.92383139747390      h
    2.67243561585968      0.14679857757850     -0.70993427098623      h
   -0.79357178040031      0.85996417148715      1.19218791971620      c
   -0.98522157848140      2.78667281361522      1.92397850985818      h
   -2.67258582977014      0.14632610758573      0.70981748850627      h
    0.42935415602318     -0.69726868765163      3.01770015217113      o
   -0.72412034858464     -0.93947742081769      4.40746264573034      h
  -.19249586360903D-04  -.58309333951234D-05  0.19858092350944D-04
  -.12673004761927D-02  0.20562712995185D-02  -.86310703140313D-03
  0.19919314844583D-02  -.21158877164575D-02  0.12716508085908D-02
  0.14328100250705D-05  0.36572557425618D-04  0.27602496131429D-04
  0.33790267575995D-04  0.28851694236720D-04  0.32708427836370D-04
  -.19915554382193D-02  -.21158994734840D-02  -.12716291936951D-02
  -.14372618158953D-05  0.36539868917274D-04  -.27603195990045D-04
  -.33877669633586D-04  0.28797170143369D-04  -.32827868287622D-04
  0.12670453138677D-02  0.20563911668541D-02  0.86316450479451D-03
  0.19220555962374D-04  -.58056578128296D-05  -.19817040304737D-04
  cycle =      6 MP2 energy =     -229.8383006154 |dE/dxyz| =  0.005744
    0.72364192914408     -0.93749559774432     -4.40836045790297      h
   -0.42925496605716     -0.69721339163250     -3.01769998743111      o
    0.79358322509755      0.86025976664548     -1.19204509601727      c
    0.98565739526103      2.78663346021167     -1.92429088209220      h
    2.67218799753260      0.14585177741378     -0.70968508768193      h
   -0.79383995988990      0.86002285764507      1.19200078273392      c
   -0.98620448884464      2.78629573602684      1.92443535437850      h
   -2.67233703275331      0.14537900222407      0.70957076890751      h
    0.42923315218200     -0.69744500593396      3.01750279240010      o
   -0.72362644872491     -0.93803533113573      4.40814091972529      h
  -.19651540217325D-06  -.28697844541847D-05  -.44537471963757D-05
  -.12849527818455D-02  0.20198753289185D-02  -.84418960078736D-03
  0.20491108863872D-02  -.20209517613852D-02  0.13311771490427D-02
  0.32969686132311D-05  -.21228170266063D-05  0.45814555231782D-05
  -.33235813328147D-05  0.61351956501809D-05  0.42623058862934D-05
  -.20488108045020D-02  -.20211805631503D-02  -.13313654938623D-02
  -.32842398011157D-05  -.21385971828991D-05  -.46140530731709D-05
  0.33207348217879D-05  0.61415233586493D-05  -.42547095818191D-05
  0.12846408725622D-02  0.20199806944419D-02  0.84439681546566D-03
  0.19846064525098D-06  -.28692429242527D-05  0.44598768016435D-05
  cycle =      7 MP2 energy =     -229.8383005836 |dE/dxyz| =  0.005742
    0.72368288525932     -0.93740286205207     -4.40837499288667      h
   -0.42924958377564     -0.69722271974266     -3.01773296702357      o
    0.79356594121254      0.86025525281358     -1.19202790897341      c
    0.98562782296024      2.78661454950049     -1.92432980943387      h
    2.67217161549725      0.14579147462964     -0.70971749841507      h
   -0.79382265143249      0.86001859405819      1.19198364778787      c
   -0.98617499746159      2.78627715982994      1.92447429499571      h
   -2.67232057450630      0.14531875191500      0.70960338486069      h
    0.42922795125071     -0.69745388400714      3.01753587029991      o
   -0.72366760605670     -0.93794304322455      4.40815508580825      h
  -.48054954771004D-06  -.10811310491299D-05  -.12453491247122D-05
  -.12840718982465D-02  0.20161295993857D-02  -.85226316745146D-03
  0.20409668713510D-02  -.20152040038046D-02  0.13494283525994D-02
  0.14223384146028D-05  -.94184822296839D-06  -.32253436366148D-07
  -.14217019010943D-05  0.11398055849154D-05  0.26085472580872D-05
  -.20406692077053D-02  -.20154106380166D-02  -.13496162300960D-02
  -.14181453500406D-05  -.93574357373782D-06  0.23224639988939D-07
  0.14254443256867D-05  0.11421219103802D-05  -.25996440700671D-05
  0.12837651086306D-02  0.20162434301367D-02  0.85245637752607D-03
  0.48174030808923D-06  -.10816159761173D-05  0.12401421281005D-05
  cycle =      8 MP2 energy =     -229.8383006364 |dE/dxyz| =  0.005743
    0.78471325918299     -0.97583970966620     -4.39780956882381      h
   -0.38736718898114     -0.73550419842116     -3.02329464053914      o
    0.81014175879603      0.82197076906649     -1.18088902619062      c
    1.01248335770609      2.74827963543524     -1.91055059737977      h
    2.68182661758112      0.10738854339654     -0.67254944079939      h
   -0.81014150762250      0.82197103352655      1.18088908349756      c
   -1.01248216934920      2.74828004519420      1.91055056915986      h
   -2.68182671550585      0.10738963306547      0.67254969478216      h
    0.38736691467271     -0.73550446218839      3.02329454173765      o
   -0.78471298857531     -0.97583825443137      4.39781022844680      h
  -.13832025835825D-06  -.20262451861930D-05  -.12011814058965D-05
  -.12723273013879D-02  0.20170328802758D-02  -.87005124562811D-03
  0.20221548143886D-02  -.20154662397101D-02  0.13773709488770D-02
  0.14116188332691D-05  -.80181004769031D-06  -.47153342563888D-07
  -.15298314255396D-05  0.12704834091437D-05  0.25908702800392D-05
  -.20221611641733D-02  -.20154934805374D-02  -.13773599053464D-02
  -.14077617146446D-05  -.79711137868088D-06  0.37867155411320D-07
  0.15326809226224D-05  0.12717859301237D-05  -.25825286081860D-05
  0.12723216781634D-02  0.20170236925470D-02  0.87003896326809D-03
  0.14358704980566D-06  -.20139786889306D-05  0.12033667955436D-05
  cycle =      9 MP2 energy =     -229.8383006338 |dE/dxyz| =  0.005741
    0.78469893038051     -0.97568885611817     -4.39789797999802      h
   -0.38733445197949     -0.73554542883272     -3.02331155121677      o
    0.81014731235608      0.82192952539154     -1.18087824746289      c
    1.01247250345453      2.74824419832890     -1.91053296053775      h
    2.68184097122901      0.10735537905191     -0.67254805603481      h
   -0.81014687564126      0.82193003140192      1.18087840567314      c
   -1.01247134064173      2.74824499193022      1.91053259653682      h
   -2.68184081387916      0.10735642697375      0.67254850558967      h
    0.38733442680030     -0.73554489264253      3.02331200976984      o
   -0.78469932417385     -0.97568834050745      4.39789812157206      h
  -.15097590004842D-05  0.12765954174876D-05  -.14741149194641D-05
  -.12707479735266D-02  0.20129153488417D-02  -.87204116100548D-03
  0.20205793762722D-02  -.20146122982605D-02  0.13825920616282D-02
  0.77707025936125D-06  -.29716732763418D-06  -.14641613521604D-06
  -.40496962716574D-06  0.71989937844297D-06  0.18210786185135D-05
  -.20205808397469D-02  -.20146300434876D-02  -.13825878235357D-02
  -.77585567193061D-06  -.29139694657232D-06  0.13673067078557D-06
  0.40387256561303D-06  0.71823180969321D-06  -.18149759723474D-05
  0.12707607605620D-02  0.20129423602704D-02  0.87205265706114D-03
  0.14983177867300D-05  0.12584469174515D-05  0.14619632033863D-05
  cycle =     10 MP2 energy =     -229.8383006213 |dE/dxyz| =  0.005745
    0.78473543106329     -0.97577767426370     -4.39783097387983      h
   -0.38735296476053     -0.73552668750875     -3.02331136106013      o
    0.81013855321610      0.82195055501898     -1.18087864047314      c
    1.01244156612813      2.74826882158194     -1.91053261368126      h
    2.68184441530848      0.10737992396902     -0.67258141034806      h
   -0.81013820738288      0.82195093359943      1.18087871427325      c
   -1.01244043926774      2.74826933937463      1.91053256123713      h
   -2.68184437000351      0.10738101402657      0.67258158479708      h
    0.38735274671734     -0.73552669820185      3.02331147041541      o
   -0.78473539311373     -0.97577649261891      4.39783151261084      h
  -.14091900535362D-06  -.14039165815438D-05  0.85853826758964D-06
  -.12732043610733D-02  0.20151111481397D-02  -.87416225529591D-03
  0.20207204375873D-02  -.20138113259702D-02  0.13857518605414D-02
  0.24464432435423D-06  0.11380653530679D-06  0.12525860126900D-06
  0.61738965850822D-06  -.73936957667442D-08  0.81881733937639D-06
  -.20207198084501D-02  -.20138128084706D-02  -.13857494901575D-02
  -.24448475799410D-06  0.11625599505294D-06  -.12496107903992D-06
  -.61808149798281D-06  -.64713499003943D-08  -.81820939301647D-06
  0.12731983828846D-02  0.20150939655013D-02  0.87415129530477D-03
  0.14680035231862D-06  -.13932835720709D-05  -.85085137557783D-06
  cycle =     11 MP2 energy =     -229.8383006264 |dE/dxyz| =  0.005745
    0.78472101267665     -0.97575952269620     -4.39783363935365      h
   -0.38736288146968     -0.73550866759293     -3.02331016483874      o
    0.81013457953180      0.82196860260962     -1.18088133033665      c
    1.01243505132046      2.74828690809792     -1.91053590532441      h
    2.68184216557195      0.10739809284628     -0.67259027784876      h
   -0.81013441565918      0.82196878400702      1.18088135182656      c
   -1.01243439050487      2.74828715085807      1.91053592732982      h
   -2.68184219684601      0.10739874313905      0.67259035296593      h
    0.38736271115497     -0.73550882011008      3.02331011939513      o
   -0.78472089156627     -0.97575874617969      4.39783400747513      h
  -.54325100862229D-06  -.75700188861827D-06  0.39575554078297D-06
  -.12728273197959D-02  0.20145630165409D-02  -.87350180024970D-03
  0.20209112054927D-02  -.20138310808786D-02  0.13854875098397D-02
  0.31122474275502D-06  0.76001755111577D-07  0.10773405234588D-06
  0.57798060293379D-06  -.47525446578156D-07  0.90857836898550D-06
  -.20209129878124D-02  -.20138372190415D-02  -.13854859518617D-02
  -.31313638393371D-06  0.78726011487618D-07  -.10826459728719D-06
  -.57803243080912D-06  -.48989472922756D-07  -.90724860468683D-06
  0.12728287296744D-02  0.20145603474839D-02  0.87349661561209D-03
  0.54558681572558D-06  -.75629887208439D-06  -.39292970521743D-06
  cycle =     12 MP2 energy =     -229.8383006359 |dE/dxyz| =  0.005744
    0.78470826402290     -0.97567581855026     -4.39788710709767      h
   -0.38734504038870     -0.73553033754387     -3.02331788788047      o
    0.81013984382557      0.82194688246176     -1.18087769801337      c
    1.01243916695554      2.74826560852127     -1.91053104683799      h
    2.68184584645390      0.10737903689093     -0.67258419540155      h
   -0.81013961715998      0.82194711836607      1.18087774725870      c
   -1.01243850725935      2.74826593812199      1.91053097248571      h
   -2.68184579019105      0.10737965886408      0.67258432075303      h
    0.38734493027903     -0.73553027629622      3.02331800785711      o
   -0.78470835232803     -0.97567528585669      4.39788732816686      h
  -.74940847838434D-06  0.83659777672107D-06  -.68218176174639D-06
  -.12723375217432D-02  0.20126809928529D-02  -.87339451973723D-03
  0.20215746892132D-02  -.20136781204316D-02  0.13865310470994D-02
  0.26415436304994D-06  -.18346985264373D-07  -.74153042817215D-07
  0.13154281219840D-07  0.18018086511695D-06  0.56870537157305D-06
  -.20215731267936D-02  -.20136808865399D-02  -.13865318745286D-02
  -.26508894757082D-06  -.17543143382426D-07  0.71658185829548D-07
  -.13996797942895D-07  0.17882183867002D-06  -.56700411388277D-06
  0.12723398666123D-02  0.20126867733552D-02  0.87339914608009D-03
  0.74727827881205D-06  0.83150686991385D-06  0.67917818613594D-06
  cycle =     13 MP2 energy =     -229.8383006221 |dE/dxyz| =  0.005746
    0.78472249801037     -0.97572943745371     -4.39785088035265      h
   -0.38735654634716     -0.73551755080242     -3.02331496689545      o
    0.81013625644589      0.82196054954534     -1.18087982119156      c
    1.01243126738147      2.74827921427642     -1.91053437946077      h
    2.68184429077612      0.10739262877026     -0.67259519035439      h
   -0.81013605739119      0.82196074964787      1.18087985152233      c
   -1.01243061076761      2.74827947453730      1.91053437776827      h
   -2.68184426913887      0.10739325996173      0.67259526027980      h
    0.38735639074496     -0.73551762595140      3.02331499480036      o
   -0.78472247550416     -0.97572873755233      4.39785119517444      h
  0.94886815293904D-07  -.90464017976633D-06  0.27781924671899D-06
  -.12736044948269D-02  0.20143930090324D-02  -.87383261563012D-03
  0.20220384576866D-02  -.20135500602989D-02  0.13865443336825D-02
  0.19963499464648D-06  -.21751717316221D-07  0.23428500250944D-07
  0.48822558440520D-07  0.84911432773893D-07  0.34312426988592D-06
  -.20220373244308D-02  -.20135503138157D-02  -.13865442304172D-02
  -.19995184297183D-06  -.21743624234460D-07  -.24096061590484D-07
  -.49231013488082D-07  0.84662461041773D-07  -.34211804245121D-06
  0.12736017013300D-02  0.20143874829595D-02  0.87383033455435D-03
  -.92501287518587D-07  -.90158012766572D-06  -.27597856799844D-06
$end
