$hessapprox internal
  0.300822183685D-01  0.517935835747D-04  0.613521267647D+00 -0.348965575217D-02
  0.343290718795D-02  0.363923992813D+00  0.188172061223D-03  0.181381468309D-02
 -0.441702387696D-02  0.424440177793D+00 -0.177275938500D-03  0.186819263398D-03
 -0.413371446193D-03 -0.240173462579D-03  0.424366368359D+00  0.282125600132D-02
 -0.280664489750D-02  0.617681248148D-02  0.361072284115D-02  0.338300892532D-03
  0.341423039193D+00  0.248244073053D-02 -0.214002632673D-02  0.463969971423D-02
  0.275841028921D-02  0.254401348781D-03 -0.379808510262D-02  0.344404334569D+00
 -0.971287789338D-03  0.434190855378D-03 -0.842495401949D-03 -0.567116885293D-03
 -0.466069599682D-04  0.690707675433D-03  0.506768972267D-03  0.321205619950D+00
 -0.495117919297D-02  0.277012275676D-02 -0.563841093829D-02 -0.359831027025D-02
 -0.310692236285D-03  0.461948616449D-02  0.342134417543D-02 -0.551660937729D-03
  0.341688066917D+00  0.185254505860D-03  0.181351903483D-02 -0.441569362673D-02
 -0.230103063780D-02 -0.240103393892D-03  0.360964111447D-02  0.275752454711D-02
 -0.566851152566D-03 -0.359684404570D-02  0.424440835193D+00 -0.176413884616D-03
  0.194439930048D-03 -0.431944493457D-03 -0.249841388981D-03 -0.236408675659D-04
  0.353483401225D-03  0.266001489533D-03 -0.489939672885D-04 -0.325832161341D-03
 -0.249769950944D-03  0.424364300862D+00  0.282963477958D-02 -0.281089804863D-02
  0.618530526605D-02  0.361625995994D-02  0.338769597376D-03 -0.506237182065D-02
 -0.380322074782D-02  0.691508040426D-03  0.462523603378D-02  0.361517583915D-02
  0.353975406963D-03  0.341409110516D+00  0.246170648653D-02 -0.213247342647D-02
  0.462585563926D-02  0.274848384628D-02  0.253631716508D-03 -0.378672573592D-02
 -0.283770356183D-02  0.505699113143D-03  0.341291748743D-02  0.274760343280D-02
  0.265190059878D-03 -0.379184944167D-02  0.344420791510D+00 -0.974992196974D-03
  0.437042826504D-03 -0.848594902100D-03 -0.570799285257D-03 -0.469417530225D-04
  0.695701639244D-03  0.510501858863D-03 -0.753996154570D-04 -0.556099791971D-03
 -0.570532299252D-03 -0.493442479570D-04  0.696508643752D-03  0.509421533510D-03
  0.321204311158D+00 -0.492053319940D-02  0.275625197934D-02 -0.561141538306D-02
 -0.358019911418D-02 -0.309199215327D-03  0.459735519700D-02  0.340509693357D-02
 -0.549250024770D-03 -0.388140475724D-02 -0.357874130834D-02 -0.324262911806D-03
  0.460307929972D-02  0.339670491589D-02 -0.553667976703D-03  0.341723469119D+00
  0.158320365068D-01  0.510100230742D-04 -0.346997613862D-02  0.187824803281D-03
 -0.176271768045D-03  0.280533460325D-02  0.246854909574D-02 -0.965996479794D-03
 -0.492400765758D-02  0.184922570561D-03 -0.175411551020D-03  0.281366755492D-02
  0.244792719340D-02 -0.969680279676D-03 -0.489352867613D-02  0.299143683678D-01
  0.511948547627D-04 -0.142410810630D-02  0.342595050338D-02  0.181007621110D-02
  0.186440289124D-03 -0.280095633207D-02 -0.213569912077D-02  0.433327366075D-03
  0.276457520946D-02  0.180978126147D-02  0.194045246529D-03 -0.280520098971D-02
 -0.212816112252D-02  0.436173582667D-03  0.275073202915D-02  0.504155086657D-04
  0.613527129439D+00 -0.347857334474D-02  0.343729011174D-02 -0.755978045276D-02
 -0.442241532497D-02 -0.414065635670D-03  0.618735307901D-02  0.464797071659D-02
 -0.844503749743D-03 -0.565034447162D-02 -0.442108623469D-02 -0.432661284415D-03
  0.619586473458D-02  0.463408899502D-02 -0.850614552232D-03 -0.562328502767D-02
 -0.345895077037D-02  0.343032406487D-02  0.363898147129D+00  0.148737446600D-02
 -0.282445310055D-02  0.650176972815D-02  0.361206264718D-02  0.354926110244D-03
 -0.531842276381D-02 -0.402640016158D-02  0.776234987896D-03  0.506071941215D-02
  0.361122273071D-02  0.370108257327D-03 -0.532612522762D-02 -0.401323122013D-02
  0.781566431306D-03  0.503588827813D-02  0.147850036559D-02 -0.281868664276D-02
  0.651142256475D-02  0.486116160321D+00 -0.118875097000D-01 -0.714663349281D-03
  0.423768959514D-02  0.718256599208D-03  0.221161854214D-03 -0.344082301311D-02
 -0.287151088777D-02  0.932582960125D-03  0.501760869035D-02  0.720300135463D-03
  0.224126099377D-03 -0.344910833285D-02 -0.285241556921D-02  0.936706222455D-03
  0.498810281105D-02 -0.118249029697D-01 -0.712825069422D-03  0.423147117740D-02
 -0.245094976245D-02  0.390575830337D+00  0.148732982650D-02 -0.282557108050D-02
  0.650447716467D-02  0.361348227340D-02  0.355073381675D-03 -0.532063611486D-02
 -0.402808958333D-02  0.776580258779D-03  0.506291556032D-02  0.361264214099D-02
  0.370261492876D-03 -0.532834195472D-02 -0.401491461522D-02  0.781913955769D-03
  0.503807339823D-02  0.147845556285D-02 -0.281980232063D-02  0.651413337478D-02
 -0.547199272462D-02 -0.245144586938D-02  0.486111720351D+00 -0.119486625347D-01
 -0.725818114960D-03  0.427753681937D-02  0.731452369467D-03  0.223281497060D-03
 -0.347327802552D-02 -0.289753845547D-02  0.939672082268D-03  0.505802009879D-02
  0.733504918876D-03  0.226300907365D-03 -0.348162839598D-02 -0.287830497564D-02
  0.943831562839D-03  0.502828922972D-02 -0.118857364080D-01 -0.723954988782D-03
  0.427130918901D-02 -0.247838314421D-02  0.859888207660D-02 -0.247888766051D-02
  0.390656951151D+00 -0.400645363578D-02  0.650133363213D-03 -0.721994725036D-03
 -0.889893115947D-03 -0.424515974351D-04  0.598234741102D-03  0.373257423726D-03
  0.412738888704D-04 -0.483363776539D-04 -0.889025738162D-03 -0.462083254083D-04
  0.598114564985D-03  0.374935792219D-03  0.408755660589D-04 -0.495590873562D-04
 -0.398503503464D-02  0.648919335359D-03 -0.726804231087D-03  0.940259929720D-03
  0.330644971356D-02  0.940790581668D-03  0.332693395433D-02  0.394529606112D+00
  0.000000000000D+00  0.000000000000D+00  0.000000000000D+00  0.000000000000D+00
  0.000000000000D+00  0.000000000000D+00  0.000000000000D+00  0.000000000000D+00
  0.000000000000D+00  0.000000000000D+00  0.000000000000D+00  0.000000000000D+00
  0.000000000000D+00  0.000000000000D+00  0.000000000000D+00  0.000000000000D+00
  0.000000000000D+00  0.000000000000D+00  0.000000000000D+00  0.000000000000D+00
  0.000000000000D+00  0.000000000000D+00  0.000000000000D+00  0.000000000000D+00
$end
