$coord
    0.84928690907836      0.00010937399448     -4.71593563687935  h
   -0.37059772845413      0.00000076082597     -3.36401860572735  o
    0.97707695137040     -0.00000290395138     -1.03868878287854  c
    2.17176876271988      1.67821312444375     -0.84952232556435  h
    2.17176578195685     -1.67822180372555     -0.84952581470453  h
   -0.97707657174079      0.00000165675492      1.03868871273705  c
   -2.17176142017600      1.67822287078054      0.84952309780709  h
   -2.17177231199824     -1.67821206327260      0.84952388478009  h
    0.37059744923237     -0.00000200802040      3.36401896669840  o
   -0.84928761233590      0.00003089637685      4.71593562153533  h
$intdef
# definitions of internal coordinates
   1 f  1.0000000000000 tors    2    3    6    9 val= 180.00000
$user-defined bonds
$redundant
     number_of_atoms            10
     degrees_of_freedom         24
     internal_coordinates       25
     frozen_coordinates          1
# definitions of redundant internals
   1 k  1.0000000000000 tors   1    2    3    6 val= 179.99632
   2 k  1.0000000000000 stre   2    1           val=   1.82093
   3 k  1.0000000000000 bend   3    1    2      val= 107.84391
   4 k  1.0000000000000 stre   3    4           val=   2.06869
   5 k  1.0000000000000 stre   3    5           val=   2.06869
   6 k  0.0903808234304 bend   5    4    3      val=   1.07914
       -0.5094613025387 bend   2    4    3
       -0.5094606436850 bend   2    5    3
        0.4861730375674 bend   6    4    3
        0.4861749870675 bend   6    5    3
   7 k  0.0000010332063 bend   5    4    3      val=   0.00003
        0.5406870149509 bend   2    4    3
       -0.5406880516820 bend   2    5    3
        0.4556946075029 bend   6    4    3
       -0.4556933259589 bend   6    5    3
   8 k -0.8834883828666 bend   5    4    3      val=   3.03284
        0.1842955938298 bend   2    4    3
        0.1842952948761 bend   2    5    3
        0.2752447709452 bend   6    4    3
        0.2752434772862 bend   6    5    3
   9 k -0.0000004780422 bend   5    4    3      val=   0.00007
        0.4556945412826 bend   2    4    3
       -0.4556933921813 bend   2    5    3
       -0.5406876620836 bend   6    4    3
        0.5406874045490 bend   6    5    3
  10 k  1.0000000000000 stre   6    8           val=   2.06869
  11 k  1.0000000000000 stre   6    7           val=   2.06869
  12 k  0.0903809666571 bend   7    8    6      val=   1.07913
       -0.5094610599881 bend   9    8    6
       -0.5094608911757 bend   9    7    6
        0.4861743925774 bend   3    8    6
        0.4861736002565 bend   3    7    6
  13 k  0.0000007717823 bend   7    8    6      val=   0.00002
       -0.5406877158805 bend   9    8    6
        0.5406874798714 bend   9    7    6
       -0.4556938080728 bend   3    8    6
        0.4556939721893 bend   3    7    6
  14 k -0.8834883988297 bend   7    8    6      val=   3.03283
        0.1842950372636 bend   9    8    6
        0.1842956567630 bend   9    7    6
        0.2752437848781 bend   3    8    6
        0.2752445424664 bend   3    7    6
  15 k -0.0000001381637 bend   7    8    6      val=   0.00002
       -0.4556935894616 bend   9    8    6
        0.4556941908010 bend   9    7    6
        0.5406874060943 bend   3    8    6
       -0.5406877896576 bend   3    7    6
  16 k  1.0000000000000 tors  10    9    6    3 val= 179.99901
  17 k  1.0000000000000 stre   9   10           val=   1.82093
  18 k  1.0000000000000 bend   6   10    9      val= 107.84391
  19 k  1.0000000000000 tors   2    3    6    9 val= 180.00000
  20 k  1.0000000000000 stre   3    2           val=   2.68764
  21 k  1.0000000000000 bend   6    2    3      val= 106.65572
  22 k  1.0000000000000 stre   6    9           val=   2.68764
  23 k  1.0000000000000 bend   3    9    6      val= 106.65573
  24 k  1.0000000000000 stre   3    6           val=   2.85205
  25 f  1.0000000000000 tors   2    3    6    9 val= 180.00000
        24 non zero eigenvalues  of BmBt
           1           3.949336652    1    0
         1
           2           3.744160029    2    0
         2
           3           3.727740185    3    0
         3
           4           3.106397876    4    0
         4
           5           3.003088316    5    0
         5
           6           2.443012182    6    0
         6
           7           2.136168435    7    0
         7
           8           1.672865395    8    0
         8
           9           1.245725481    9    0
         9
          10           1.170398740   10    0
        10
          11           1.057063982   11    0
        11
          12           0.870415833   12    0
        12
          13           0.769895381   13    0
        13
          14           0.757584352   14    0
        14
          15           0.589333711   15    0
        15
          16           0.383260901   16    0
        16
          17           0.354258534   17    0
        17
          18           0.338224563   18    0
        18
          19           0.276425936   20    0
        20
          20           0.260937112   21    0
        21
          21           0.140613000   22    0
        22
          22           0.067694790   23    0
        23
          23           0.064683373   24    0
        24
          24           0.000000000    0    1
         0.000000000         0.000000000         0.000000000         0.000000000
         0.000000000         0.000000000         0.000000000         0.000000000
         0.000000000         0.000000000         0.000000000         0.000000000
         0.000000000         0.000000000         0.000000000         0.000000000
         0.000000000         0.000000000         0.000000000         0.000000000
         0.000000000         0.000000000         0.000000000         0.000000000
         1.000000000
$end
