$energy      SCF               SCFKIN            SCFPOT            MP2
     1 -229.0302370416      228.755046     -457.785283     -.8118016829733
     2 -229.0302730588      228.793419     -457.823692     -.8119092199677
     3 -229.0302011831      228.792876     -457.823077     -.8119902664262
     4 -229.0301276388      228.790656     -457.820783     -.8120670066022
     5 -229.0301202534      228.789946     -457.820066     -.8120744603451
     6 -229.0301178708      228.789871     -457.819988     -.8120768908730
     7 -229.0301178708      228.789868     -457.819986     -.8120768827418
     8 -229.0301179569      228.789876     -457.819994     -.8120768146167
     9 -229.0301179575      228.789883     -457.820001     -.8120768285597
    10 -229.0301179575      228.789883     -457.820001     -.8120768286097
    11 -229.0301178527      228.789878     -457.819996     -.8120769333890
    12 -229.0301178218      228.789877     -457.819994     -.8120769623422
$end
