$grad          cartesian gradients
  cycle =      1 MP2 energy =     -229.8420387246 |dE/dxyz| =  0.008645
    0.82728883326896      0.00115171087769     -4.74945598318940      h
   -0.37028934210091     -0.00005745512582     -3.38178896623408      o
    0.97409211724411     -0.00006661835527     -1.04935780057958      c
    2.17490703834441      1.67819026029752     -0.86595137215189      h
    2.17493074737867     -1.67831634250493     -0.86609280006946      h
   -0.97408609613111      0.00001940785899      1.04935592115699      c
   -2.17477921252257      1.67834446807965      0.86594074780406      h
   -2.17504258926849     -1.67816391776006      0.86608668526528      h
    0.37028496890060      0.00001024500160      3.38179173796284      o
   -0.82730715051486      0.00010575094242      4.74945112252160      h
  -.22938340908896D-02  0.43128636357300D-06  -.38504828571995D-03
  0.33008962330294D-02  -.12209324441168D-05  -.39606616549683D-02
  -.16648182291208D-02  -.14831642441988D-05  -.37581419937779D-03
  0.85431275351722D-03  0.69024896104741D-03  -.17654111774827D-03
  0.85523584296210D-03  -.68869687718509D-03  -.18356078383777D-03
  0.16647930680982D-02  0.53335369718194D-05  0.37647004990418D-03
  -.85069264692317D-03  0.68700138469824D-03  0.17816220064752D-03
  -.85859566604318D-03  -.69220086880639D-03  0.18177136964898D-03
  -.32998154909887D-02  0.54015589675922D-06  0.39592514781042D-02
  0.22925182263260D-02  0.46517756734695D-07  0.38597094267923D-03
  cycle =      2 MP2 energy =     -229.8421822788 |dE/dxyz| =  0.002210
    0.82221182108693      0.00093311785580     -4.72379213365351      h
   -0.38094788409806      0.00004710958028     -3.35840652883511      o
    0.97530517425374     -0.00000915919385     -1.04052539175895      c
    2.17136651778986      1.67847299310152     -0.85585862644435      h
    2.17135388943800     -1.67851458326201     -0.85600465330490      h
   -0.97530189470738      0.00004549312684      1.04052286426411      c
   -2.17125415731948      1.67860620649675      0.85589702542966      h
   -2.17145710041019     -1.67838233926450      0.85595157303136      h
    0.38094501669718     -0.00001077546026      3.35840750938010      o
   -0.82222206813178      0.00002944633122      4.72378765437794      h
  -.75441626169503D-03  0.11142318599720D-05  -.69198409312410D-04
  0.11929051744390D-02  -.18571478389514D-05  0.43004033316585D-03
  -.26457891385423D-03  -.12155280117887D-05  0.25649720682216D-03
  0.16827362042493D-03  0.14709749541497D-03  -.10956413844899D-03
  0.16958576717752D-03  -.14638056944705D-03  -.11440959964537D-03
  0.26440033869513D-03  0.14375642550954D-05  -.25623201297167D-03
  -.16763478534854D-03  0.14657786858541D-03  0.11048144188519D-03
  -.17007751755216D-03  -.14704106295316D-03  0.11323223930939D-03
  -.11925446847156D-02  0.21774396166116D-06  -.43011120139091D-03
  0.75408726264792D-03  0.49403911705798D-07  0.69264141876246D-04
  cycle =      3 MP2 energy =     -229.8421914495 |dE/dxyz| =  0.001140
    0.82537703524761      0.00073333119806     -4.72205630044100      h
   -0.38305666384476      0.00014355231524     -3.36024066576642      o
    0.97359764429464      0.00004482682455     -1.04166661086934      c
    2.16927881112681      1.67801235840308     -0.85665506893480      h
    2.16923789224358     -1.67796884181347     -0.85681750479952      h
   -0.97359600806459      0.00006470776987      1.04166351129677      c
   -2.16917106774725      1.67811757847467      0.85674450633462      h
   -2.16934070886340     -1.67786417890675      0.85671601807957      h
    0.38305492616581     -0.00003401764810      3.36023947643607      o
   -0.82538254595964     -0.00003180730536      4.72205193115041      h
  -.29655104607773D-03  0.79848981992506D-06  -.17558044476251D-03
  0.56069866926833D-03  -.13672005559357D-05  0.37044472586079D-03
  -.24759750853898D-03  -.11326969184623D-05  0.12432933220693D-03
  0.15334457541538D-04  -.24825591558031D-04  -.18524004607001D-04
  0.16614437425400D-04  0.25290845302006D-04  -.21920069483759D-04
  0.24746000419995D-03  0.56288498971978D-06  -.12414979231273D-03
  -.15540964071192D-04  -.24764911654263D-04  0.19221820612778D-04
  -.16285178521258D-04  0.25305633742256D-04  0.21056490288499D-04
  -.56060271369240D-03  0.98985760747469D-07  -.37035483506287D-03
  0.29646984273635D-03  0.33561062277514D-07  0.17547677798202D-03
  cycle =      4 MP2 energy =     -229.8421946454 |dE/dxyz| =  0.000297
    0.82859592531874      0.00049800315505     -4.71989366302399      h
   -0.38496837508074      0.00025987161777     -3.36217804352420      o
    0.97244879036688      0.00011094667256     -1.04294568603274      c
    2.16805175525239      1.67804125227966     -0.85819330800493      h
    2.16796887581015     -1.67789691673291     -0.85837101996766      h
   -0.97244903797595      0.00008566552422      1.04294176514269      c
   -2.16794443821664      1.67810928537892      0.85834278722393      h
   -2.16807630764068     -1.67782912794745      0.85821253675504      h
    0.38496814652835     -0.00006325942113      3.36217411119320      o
   -0.82859601976369     -0.00009821121490      4.71988981272502      h
  0.12819129242558D-04  0.21142891324158D-06  -.65663858180631D-04
  0.35821493829857D-04  -.42336903237366D-06  0.10956834860565D-03
  -.94214012899663D-04  -.83335718363713D-06  -.99326405372607D-04
  -.20277921785716D-04  -.47876673274772D-04  0.33956160224016D-04
  -.19785626120594D-04  0.48311438078930D-04  0.32842076743872D-04
  0.94169561517532D-04  0.30299366685842D-06  0.99389384837556D-04
  0.20112817088247D-04  -.47946732518067D-04  -.33867311709912D-04
  0.19953264234207D-04  0.48182082853732D-04  -.33077254653706D-04
  -.35802073620417D-04  0.68939635503073D-07  -.10951880950394D-03
  -.12796631242651D-04  0.32489880711208D-08  0.65697668282905D-04
  cycle =      5 MP2 energy =     -229.8421947137 |dE/dxyz| =  0.000133
    0.82891528608923      0.00044317375976     -4.71955951095415      h
   -0.38507188864412      0.00029041018543     -3.36234707964430      o
    0.97255614151033      0.00012752382520     -1.04298874174462      c
    2.16818569336885      1.67824070841163     -0.85860242703799      h
    2.16808906170408     -1.67807441431097     -0.85878640914174      h
   -0.97255639299985      0.00008796030564      1.04298461939655      c
   -2.16807723951267      1.67829740327578      0.85877110194103      h
   -2.16819795854159     -1.67801770404529      0.85861030770737      h
    0.38507185635909     -0.00007492604011      3.36234252374705      o
   -0.82891524473455     -0.00010262605527      4.71955490821717      h
  0.16401346147887D-06  -.58685964803018D-07  0.67518742730144D-06
  0.98207206749024D-05  -.88910412954365D-07  0.24436860568855D-04
  -.27318635498652D-04  -.40636198637834D-06  -.82257157008020D-04
  0.75303309037267D-05  -.21409854853438D-05  0.16497553290014D-04
  0.77936335509676D-05  0.23101742270271D-05  0.15978025715533D-04
  0.27331611324843D-04  0.16863135904205D-06  0.82320535393060D-04
  -.76362359955340D-05  -.21900825033505D-05  -.16373537046667D-04
  -.76571798159897D-05  0.22874634466596D-05  -.16053989563513D-04
  -.98799973642372D-05  0.79130480515333D-07  -.24496287796438D-04
  -.14826137073598D-06  0.39626913441547D-07  -.72719163579649D-06
  cycle =      6 MP2 energy =     -229.8421947617 |dE/dxyz| =  0.000007
    0.82900068489670      0.00044111143885     -4.71954722433696      h
   -0.38504869388905      0.00029567658732     -3.36238667584532      o
    0.97260565989194      0.00013040441577     -1.04287921759398      c
    2.16816122807261      1.67829791213001     -0.85874758561230      h
    2.16805448945670     -1.67813268932866     -0.85892515686758      h
   -0.97260577750152      0.00008626233462      1.04287496001227      c
   -2.16805092884080      1.67835144766942      0.85891760170488      h
   -2.16816516113961     -1.67807917061257      0.85874638670660      h
    0.38504858497745     -0.00007900985453      3.36238275166725      o
   -0.82900077132562     -0.00009443546844      4.71954345265153      h
  -.63841664399433D-07  0.10105825915273D-06  -.82961366398848D-06
  0.30994329147660D-06  -.16900213545604D-06  0.21361866116010D-05
  -.26529072569836D-05  -.35808645313968D-07  -.20674655994979D-05
  0.15289609804903D-05  0.74172180619669D-06  0.68869709300180D-06
  0.14584219871772D-05  -.70887846037593D-06  0.72705850138934D-06
  0.26375859301098D-05  -.11866767139464D-06  0.19761229739235D-05
  -.14637544452079D-05  0.69049317197312D-06  -.78480426995899D-06
  -.15423367747402D-05  -.76025641204680D-06  -.66617310353744D-06
  -.25763985167515D-06  0.17189251443940D-06  -.20610892246253D-05
  0.45568242956762D-07  0.87447563607934D-07  0.88107937834536D-06
  cycle =      7 MP2 energy =     -229.8421947535 |dE/dxyz| =  0.000008
    0.84927534629169      0.00010553322193     -4.71593898120967      h
   -0.37059522077007     -0.00000507316970     -3.36400834059007      o
    0.97707850561197     -0.00000565471309     -1.03868777177420      c
    2.17178069471635      1.67820825057726     -0.84950921619466      h
    2.17177678667465     -1.67822235727348     -0.84950867973888      h
   -0.97707850574598      0.00000129681635      1.03868759209941      c
   -2.17177309450938      1.67822009090480      0.84950521820947      h
   -2.17178452348032     -1.67821053366153      0.84951207866031      h
    0.37059522790116      0.00000071527331      3.36400849435322      o
   -0.84927532128696      0.00002011812784      4.71593928064408      h
  0.73728342098178D-07  0.13925527310785D-06  -.81678161389931D-06
  0.47352958620905D-06  -.22278647588640D-07  0.26268475679103D-05
  -.29223961055536D-05  -.69482347302283D-07  -.27953367459643D-05
  0.14924609246236D-05  0.72961131936111D-06  0.80072084307492D-06
  0.14194299762238D-05  -.68575395584247D-06  0.83240705393665D-06
  0.29070870519732D-05  -.11970132675581D-06  0.27043596899090D-05
  -.14239762493595D-05  0.67285796312433D-06  -.89549167429058D-06
  -.15176583221255D-05  -.75222665563146D-06  -.75574348434946D-06
  -.41022466135132D-06  0.97548494507750D-07  -.25686923326163D-05
  -.91980812744197D-07  0.10169889113921D-07  0.86770951934767D-06
  cycle =      8 MP2 energy =     -229.8421947715 |dE/dxyz| =  0.000004
    0.84928256931849      0.00008709177604     -4.71593992106045      h
   -0.37059366420500      0.00000280049230     -3.36401576105485      o
    0.97707707750151     -0.00000129991217     -1.03868930118670      c
    2.17177473673234      1.67821172745791     -0.84951329876432      h
    2.17177146738160     -1.67821741876490     -0.84951770839619      h
   -0.97707708854048      0.00000308645487      1.03868921710634      c
   -2.17176768424196      1.67822143862269      0.84951490363475      h
   -2.17177856799035     -1.67820774533123      0.84951587246709      h
    0.37059364328401     -0.00000101394998      3.36401574839168      o
   -0.84928259383706      0.00001371925815      4.71593992332164      h
  -.38904944688056D-06  -.20212018504766D-06  -.26633701999401D-06
  0.93070464401990D-06  0.33627651535736D-06  0.86131919641019D-06
  -.18041495692955D-05  -.11570478836239D-06  -.18043308404048D-05
  0.61384485050553D-06  0.62779585974226D-08  0.50775674968057D-06
  0.65493734879851D-06  -.11980231029440D-07  0.45151498541396D-06
  0.17993511813863D-05  -.85133449368543D-07  0.17813749278450D-05
  -.63694306007278D-06  0.91766141352423D-08  -.48492844981554D-06
  -.64629829354956D-06  -.16001286073930D-07  -.45449105760386D-06
  -.90996027246604D-06  0.14183952771931D-06  -.86578784141977D-06
  0.38756326503631D-06  -.62630685596068D-07  0.27390959900231D-06
  cycle =      9 MP2 energy =     -229.8421947861 |dE/dxyz| =  0.000002
    0.84929074749637      0.00011939962065     -4.71593751180670      h
   -0.37059354587823     -0.00000919626541     -3.36402115464045      o
    0.97707669787660     -0.00000928105867     -1.03868943214169      c
    2.17176855509649      1.67820485400266     -0.84952401123025      h
    2.17176479699877     -1.67822621230618     -0.84952238750631      h
   -0.97707644088930     -0.00000164750436      1.03868946259642      c
   -2.17176111185599      1.67821736649526      0.84952027741091      h
   -2.17177162329423     -1.67821368498449      0.84952568790531      h
    0.37059323417991     -0.00000173229650      3.36402138466023      o
   -0.84929141432729      0.00003252040073      4.71593735921152      h
  -.35398020070687D-06  0.61813090898225D-06  0.15124265173583D-06
  0.72963405006732D-06  -.50181493541562D-06  -.35798581698998D-06
  -.61597662970314D-07  -.17682040579129D-06  -.35492675520832D-06
  -.27046714912160D-06  -.50971661025301D-06  -.36994034254348D-07
  -.32599117405496D-06  0.53826065649076D-06  0.34037019192718D-07
  0.73860984439733D-07  -.25726020621953D-06  0.36976224862539D-06
  0.27727156526325D-06  -.50455122835302D-06  0.27835305607335D-07
  0.34674600657425D-06  0.56671737125313D-06  0.23798055042226D-07
  -.77864618841517D-06  -.18176635997779D-07  0.32098896785016D-06
  0.36316982354734D-06  0.24523102346739D-06  -.17775877658721D-06
  cycle =     10 MP2 energy =     -229.8421947861 |dE/dxyz| =  0.000002
    0.84928751943696      0.00012322863525     -4.71593815444509      h
   -0.37059583953764     -0.00000571977982     -3.36402095416922      o
    0.97707601139905     -0.00000625661360     -1.03869016313026      c
    2.17176792420712      1.67820789026669     -0.84952519814575      h
    2.17176431642182     -1.67822317604259     -0.84952431401856      h
   -0.97707569156025      0.00000083167101      1.03869008224641      c
   -2.17176056842937      1.67821983385252      0.84952209258243      h
   -2.17177092955206     -1.67821121762881      0.84952676348523      h
    0.37059559069096      0.00000029483882      3.36402107285081      o
   -0.84928812342380      0.00003419500712      4.71593789054785      h
  -.43903471524942D-06  0.29166145125355D-06  0.90045348510870D-07
  0.82202803142195D-06  -.13533900713065D-06  -.16274903824609D-06
  -.11308078473604D-06  -.17498995371489D-06  -.53419482862194D-06
  -.24010661192619D-06  -.49518017641859D-06  -.59941279058340D-08
  -.30199888767513D-06  0.50760715986087D-06  0.35264893190508D-07
  0.11958350309982D-06  -.22999082429402D-06  0.54994120682328D-06
  0.24712986768094D-06  -.48272840391661D-06  0.23924126606872D-07
  0.32123631266145D-06  0.54277469585529D-06  -.36451908366764D-08
  -.86602776416811D-06  0.99645423054032D-07  0.12185473075021D-06
  0.45027069450754D-06  0.76539534949111D-07  -.11444617475931D-06
  cycle =     11 MP2 energy =     -229.8421947861 |dE/dxyz| =  0.000001
    0.84928675653603      0.00008333409185     -4.71593605988176      h
   -0.37059733865260      0.00000948248768     -3.36401875708275      o
    0.97707685129819      0.00000350383967     -1.03868897081827      c
    2.17176846416764      1.67821904699305     -0.84952051240834      h
    2.17176579071373     -1.67821511705860     -0.84952748267447      h
   -0.97707647474036      0.00000623551719      1.03868889729279      c
   -2.17176131138145      1.67822722606839      0.84952474784779      h
   -2.17177214364194     -1.67820694103119      0.84952213919652      h
    0.37059706399820      0.00000025687086      3.36401910050220      o
   -0.84928744864465      0.00001287642769      4.71593601583014      h
  -.16649519540834D-06  -.52619806016637D-06  -.21349590983988D-07
  0.28207762348131D-06  0.66374353500282D-06  0.22400370980336D-06
  -.10904986913474D-06  -.13257668156689D-06  -.30653724339413D-06
  -.58176575112867D-07  -.87715327445892D-07  0.90331981159909D-07
  0.18867552853408D-07  0.63495888547038D-07  -.22478063266620D-07
  0.11064189742171D-06  -.49120478229063D-07  0.29445405880235D-06
  0.29601931128553D-07  -.85869329868871D-07  -.85141407656780D-08
  -.20443606807419D-08  0.58655922341444D-07  -.66693221900845D-07
  -.27516526035498D-06  0.34665423546950D-06  -.20128809197217D-06
  0.16974215943932D-06  -.25106979274970D-06  0.18072158436411D-07
  cycle =     12 MP2 energy =     -229.8421947841 |dE/dxyz| =  0.000001
    0.84928690907836      0.00010937399448     -4.71593563687935      h
   -0.37059772845413      0.00000076082597     -3.36401860572735      o
    0.97707695137040     -0.00000290395138     -1.03868878287854      c
    2.17176876271988      1.67821312444375     -0.84952232556435      h
    2.17176578195685     -1.67822180372555     -0.84952581470453      h
   -0.97707657174079      0.00000165675492      1.03868871273705      c
   -2.17176142017600      1.67822287078054      0.84952309780709      h
   -2.17177231199824     -1.67821206327260      0.84952388478009      h
    0.37059744923237     -0.00000200802040      3.36401896669840      o
   -0.84928761233590      0.00003089637685      4.71593562153533      h
  -.90925343698700D-07  0.39660745520363D-06  -.35084462446378D-07
  0.13785312713566D-06  -.27202722525859D-06  0.25426986205446D-06
  -.11837136826287D-06  -.18718607983217D-06  -.22363434382111D-06
  0.29537560841675D-07  0.29711194393656D-07  0.27012840487887D-07
  0.39379249638927D-07  -.95424463886218D-08  0.41634426626788D-07
  0.11693576551508D-06  -.13816547533311D-06  0.21104966679841D-06
  -.26656727936114D-07  0.93864800376764D-08  -.47311679107417D-07
  -.44953431199701D-07  -.28937132245943D-07  -.47815257682091D-07
  -.13411149435427D-06  -.15821105192403D-08  -.21769007574335D-06
  0.91312921224329D-07  0.20173540329960D-06  0.37569874766774D-07
$end
