$hessapprox internal
  0.378294258965D-01 -0.384851478243D-03  0.613047104806D+00  0.300700977997D-02
  0.503703406441D-02  0.365470692182D+00  0.431211349787D-03 -0.534333061802D-02
  0.768628462339D-02  0.417299508640D+00  0.147103176519D-02 -0.543785192233D-02
  0.793087752418D-02 -0.809410819564D-02  0.417150192320D+00 -0.197795646099D-02
 -0.212666183428D-02  0.283294749701D-02 -0.327579388953D-02 -0.341086996334D-02
  0.346214722974D+00 -0.476022061756D-02  0.508343276252D-03 -0.122788073661D-02
  0.556937980873D-03  0.354253092710D-03  0.664279130873D-03  0.349163152872D+00
  0.692868557564D-03  0.144212463453D-02 -0.198930660278D-02  0.219335606924D-02
  0.225583824587D-02  0.823642439267D-03 -0.316944414936D-03  0.321100869738D+00
  0.410522192333D-02 -0.140661342527D-04  0.452139129481D-03  0.156259694785D-03
  0.340286067232D-03 -0.315293567351D-03 -0.843598990920D-03  0.999380727782D-04
  0.347252946379D+00  0.211788828882D-02 -0.586584458031D-02  0.861097617309D-02
 -0.870822013672D-02 -0.874072466753D-02 -0.371901031855D-02  0.272781857325D-03
  0.244557173244D-02  0.460330584115D-03  0.415930547608D+00  0.254676144599D-03
 -0.520606068389D-02  0.747141192077D-02 -0.779893482096D-02 -0.790074864775D-02
 -0.317927539236D-02  0.576699303946D-03  0.213321259248D-02  0.123189594029D-03
 -0.850398888247D-02  0.417692243307D+00 -0.238990397301D-02 -0.165509782718D-02
  0.211526360933D-02 -0.258616887604D-02 -0.272948408698D-02 -0.826116198496D-03
  0.692115188179D-03  0.621494003027D-03 -0.394742677702D-03 -0.299451094481D-02
 -0.250409061386D-02  0.346795345471D+00  0.196854875864D-02  0.891327178523D-04
  0.797070093917D-04  0.218762359795D-03  0.309092919725D-03 -0.929896894149D-04
 -0.416111789585D-03  0.874378008490D-05  0.344351303880D-03  0.377905689564D-03
  0.199282962151D-03 -0.143614828933D-03  0.348406274127D+00  0.839683331329D-03
  0.140720658423D-02 -0.192392369886D-02  0.214731627035D-02  0.221563112796D-02
  0.791475609529D-03 -0.342955022718D-03 -0.555765659505D-03  0.126246344354D-03
  0.240562009241D-02  0.208729004259D-02  0.590982529034D-03  0.222351440482D-04
  0.321136772321D+00 -0.144788616278D-02 -0.627975627652D-03  0.745625921121D-03
 -0.100461976566D-02 -0.108329321387D-02 -0.273010707409D-03  0.374020889795D-03
  0.223391408461D-03 -0.244796821787D-03 -0.119989009381D-02 -0.969048693684D-03
 -0.162289547151D-03 -0.998159216635D-04  0.208330130815D-03  0.346502177551D+00
  0.108928455026D-01  0.537207511909D-03  0.378138671083D-03  0.127651095617D-02
  0.177730672900D-02 -0.487845232641D-03 -0.230784634887D-02  0.304045394620D-04
  0.190478398777D-02  0.216323988326D-02  0.116706102056D-02 -0.773725060842D-03
  0.894067672577D-03  0.105460143041D-03 -0.544262816997D-03  0.194237971005D-01
 -0.377203112848D-03 -0.380526180566D-02  0.540178709587D-02 -0.572480824656D-02
 -0.582452259464D-02 -0.228172972297D-02  0.537525436723D-03  0.154630181270D-02
 -0.888699981710D-05 -0.628214849212D-02 -0.557798745248D-02 -0.177706255718D-02
  0.984729124358D-04  0.150910780075D-02 -0.675066625314D-03  0.592037351717D-03
  0.612519953167D+00  0.308092344438D-02  0.490582944738D-02 -0.669105319287D-02
  0.749264970838D-02  0.773770733448D-02  0.274777904244D-02 -0.122724442134D-02
 -0.193399616395D-02  0.467096555399D-03  0.840460377440D-02  0.728212791541D-02
  0.204577488779D-02  0.903830781401D-04 -0.186933595774D-02  0.717221279726D-03
  0.438821823805D-03  0.526131076570D-02  0.365856995860D+00 -0.527123009097D-02
 -0.250870681973D-02  0.303269066439D-02 -0.399120544073D-02 -0.428246659235D-02
 -0.112898246844D-02  0.138856033472D-02  0.904197862047D-03 -0.887863575341D-03
 -0.473305503082D-02 -0.385330065742D-02 -0.696818064153D-03 -0.355789202790D-03
  0.847332665444D-03 -0.148709263208D-03 -0.193663346651D-02 -0.269605834696D-02
  0.292114979923D-02  0.496400086515D+00 -0.473580804637D-02  0.648165874469D-02
 -0.976708798827D-02  0.951893746645D-02  0.944728838916D-02  0.428844831693D-02
  0.191849704201D-03 -0.275727938574D-02 -0.929342246902D-03  0.100673471780D-01
  0.931287329523D-02  0.353532333833D-02 -0.618242928118D-03 -0.272856052426D-02
  0.146720372927D-02 -0.350021451345D-02  0.693805824345D-02 -0.954807825485D-02
  0.574206340860D-02  0.373755343922D+00 -0.443524499646D-02 -0.307688893233D-02
  0.393316219726D-02 -0.480745329290D-02 -0.507353697234D-02 -0.153635457858D-02
  0.128508751567D-02  0.115555678051D-02 -0.732493447102D-03 -0.556600429033D-02
 -0.465492955465D-02 -0.104650433501D-02 -0.266342369314D-03  0.109888423869D-02
 -0.302155266257D-03 -0.143482755918D-02 -0.330361437438D-02  0.380400898702D-02
 -0.129705188717D-02  0.657051359989D-02  0.495157094195D+00 -0.446603087632D-02
  0.627571447572D-02 -0.944419914767D-02  0.922164296461D-02  0.915762742263D-02
  0.414327497382D-02  0.161188215118D-03 -0.266693395188D-02 -0.878862960033D-03
  0.976152149274D-02  0.902114963839D-02  0.341171699478D-02 -0.588605812683D-03
 -0.263835928972D-02  0.141354640627D-02 -0.333372705476D-02  0.671779236370D-02
 -0.923169847034D-02  0.553411410578D-02 -0.102591487954D-01  0.634082064980D-02
  0.374363082866D+00 -0.662855882119D-03  0.236498703588D-02 -0.345166335321D-02
  0.351922732937D-02  0.354091022335D-02  0.148515336209D-02 -0.149315216010D-03
 -0.981620812117D-03 -0.152048691736D-03  0.379872758640D-02  0.343532190649D-02
  0.118926760364D-02 -0.136362041998D-03 -0.964282926607D-03  0.472499381373D-03
 -0.783668003851D-03  0.253311996698D-02 -0.336773832704D-02  0.186743144838D-02
 -0.410337031129D-02  0.221059136339D-02 -0.397768164315D-02  0.401637911650D+00
  0.000000000000D+00  0.000000000000D+00  0.000000000000D+00  0.000000000000D+00
  0.000000000000D+00  0.000000000000D+00  0.000000000000D+00  0.000000000000D+00
  0.000000000000D+00  0.000000000000D+00  0.000000000000D+00  0.000000000000D+00
  0.000000000000D+00  0.000000000000D+00  0.000000000000D+00  0.000000000000D+00
  0.000000000000D+00  0.000000000000D+00  0.000000000000D+00  0.000000000000D+00
  0.000000000000D+00  0.000000000000D+00  0.000000000000D+00  0.000000000000D+00
$end
