$coord
    0.34241209927557     -1.06856663719681     -4.22689797204570  h
   -0.28913235583212     -1.09417687452561     -2.51839578548558  o
    0.46294550630413      1.19367775608541     -1.34840510380774  c
   -0.32209728495508      2.85622892981977     -2.30502000314292  h
    2.52903634697206      1.35594007478385     -1.35005944160814  h
   -0.46294502201789      1.19367885755029      1.34840433183562  c
    0.32209124310025      2.85623461497315      2.30501714719997  h
   -2.52903628076114      1.35593375299428      1.35005636089498  h
    0.28914066668000     -1.09417044490285      2.51839984072740  o
   -0.34248313079963     -1.06859973338394      4.22687316751277  h
$intdef
# definitions of internal coordinates
   1 f  1.0000000000000 tors    2    3    6    9 val=  51.00000
$user-defined bonds
$redundant
     number_of_atoms            10
     degrees_of_freedom         24
     internal_coordinates       25
     frozen_coordinates          1
# definitions of redundant internals
   1 k  1.0000000000000 tors   1    2    3    6 val= 180.90232
   2 k  1.0000000000000 stre   2    1           val=   1.82167
   3 k  1.0000000000000 bend   3    1    2      val= 107.48389
   4 k  1.0000000000000 stre   3    5           val=   2.07245
   5 k  1.0000000000000 stre   3    4           val=   2.07255
   6 k  0.0914266536382 bend   4    5    3      val=   1.18110
       -0.4941314910477 bend   2    5    3
       -0.5230815222141 bend   2    4    3
        0.4933752408475 bend   6    5    3
        0.4800435703104 bend   6    4    3
   7 k  0.0053383312743 bend   4    5    3      val=   0.18762
        0.5567413453197 bend   2    5    3
       -0.5322840243838 bend   2    4    3
        0.4407308141310 bend   6    5    3
       -0.4609128371959 bend   6    4    3
   8 k -0.8887531495308 bend   4    5    3      val=   1.21653
        0.1870768520444 bend   2    5    3
        0.1706183102413 bend   2    4    3
        0.2666901004018 bend   6    5    3
        0.2736528333241 bend   6    4    3
   9 k -0.0076098437322 bend   4    5    3      val=   1.12534
       -0.4498877497946 bend   2    5    3
        0.4517287808261 bend   2    4    3
        0.5523111321174 bend   6    5    3
       -0.5370629616495 bend   6    4    3
  10 k  1.0000000000000 stre   6    8           val=   2.07245
  11 k  1.0000000000000 stre   6    7           val=   2.07255
  12 k  0.0914269913445 bend   7    8    6      val=   1.18111
       -0.4941318934351 bend   9    8    6
       -0.5230811456839 bend   9    7    6
        0.4933745933680 bend   3    8    6
        0.4800441675438 bend   3    7    6
  13 k  0.0053388516449 bend   7    8    6      val=   0.18764
        0.5567410588675 bend   9    8    6
       -0.5322846262171 bend   9    7    6
        0.4407311384850 bend   3    8    6
       -0.4609121719990 bend   3    7    6
  14 k -0.8887531888667 bend   7    8    6      val=   1.21651
        0.1870765901911 bend   9    8    6
        0.1706181200251 bend   9    7    6
        0.2666906321949 bend   3    8    6
        0.2736524849152 bend   3    7    6
  15 k -0.0076094310089 bend   7    8    6      val=   1.12529
       -0.4498879041249 bend   9    8    6
        0.4517282711318 bend   9    7    6
        0.5523112291283 bend   3    8    6
       -0.5370631671608 bend   3    7    6
  16 k  1.0000000000000 tors  10    9    6    3 val= 180.90541
  17 k  1.0000000000000 stre   9   10           val=   1.82167
  18 k  1.0000000000000 bend   6   10    9      val= 107.48390
  19 k  1.0000000000000 tors   2    3    6    9 val=  51.00000
  20 k  1.0000000000000 stre   3    2           val=   2.67746
  21 k  1.0000000000000 bend   6    2    3      val= 108.78913
  22 k  1.0000000000000 stre   6    9           val=   2.67746
  23 k  1.0000000000000 bend   3    9    6      val= 108.78914
  24 k  1.0000000000000 stre   3    6           val=   2.85133
  25 f  1.0000000000000 tors   2    3    6    9 val=  51.00000
        24 non zero eigenvalues  of BmBt
           1           4.482039053    1    0
         1
           2           3.804660206    2    0
         2
           3           3.761322689    3    0
         3
           4           3.077048671    4    0
         4
           5           2.725085879    5    0
         5
           6           2.455839434    6    0
         6
           7           2.100933719    7    0
         7
           8           1.720402984    8    0
         8
           9           1.234419857    9    0
         9
          10           1.232111289   10    0
        10
          11           1.046355011   11    0
        11
          12           0.842198240   12    0
        12
          13           0.773759224   13    0
        13
          14           0.731183944   14    0
        14
          15           0.641480859   15    0
        15
          16           0.416404518   16    0
        16
          17           0.345071753   17    0
        17
          18           0.325341720   18    0
        18
          19           0.278761077   20    0
        20
          20           0.247496483   21    0
        21
          21           0.143539306   22    0
        22
          22           0.068253176   23    0
        23
          23           0.060439398   24    0
        24
          24           0.000000000    0    1
         0.000000000         0.000000000         0.000000000         0.000000000
         0.000000000         0.000000000         0.000000000         0.000000000
         0.000000000         0.000000000         0.000000000         0.000000000
         0.000000000         0.000000000         0.000000000         0.000000000
         0.000000000         0.000000000         0.000000000         0.000000000
         0.000000000         0.000000000         0.000000000         0.000000000
         1.000000000
$end
