$energy      SCF               SCFKIN            SCFPOT            MP2
     1 -229.0247049907      228.755354     -457.780059     -.8133978635872
     2 -229.0254539554      228.781021     -457.806475     -.8130916760135
     3 -229.0255579850      228.794321     -457.819879     -.8130697396554
     4 -229.0254898276      228.789591     -457.815081     -.8131446799972
     5 -229.0254754894      228.788840     -457.814315     -.8131593884294
     6 -229.0254787339      228.789014     -457.814492     -.8131561628549
     7 -229.0254787340      228.789016     -457.814495     -.8131561859532
     8 -229.0254795288      228.789025     -457.814504     -.8131554201647
     9 -229.0254807199      228.789044     -457.814525     -.8131541951360
    10 -229.0254807200      228.789045     -457.814525     -.8131542003412
    11 -229.0254807439      228.789045     -457.814526     -.8131541743476
    12 -229.0254807589      228.789046     -457.814527     -.8131541588915
$end
