$grad          cartesian gradients
  cycle =      1 MP2 energy =     -229.8381028543 |dE/dxyz| =  0.012000
    0.29072621108034     -1.15380098309884     -4.18886912087905      h
   -0.29629916054086     -1.10671818954705     -2.46901667258007      o
    0.48024345501168      1.21487459443174     -1.34884471984504      c
   -0.31038120091339      2.84432412209799     -2.35480071711322      h
    2.54373418575475      1.39934025337512     -1.33883642941075      h
   -0.48025122085099      1.21488167511455      1.34882976548812      c
    0.31032722426350      2.84434293725379      2.35477302700881      h
   -2.54375984012003      1.39931289221969      1.33878892643111      h
    0.29637126636960     -1.10665807467795      2.46905346805851      o
   -0.29169856904853     -1.15424286949551      4.18853846204926      h
  -.16383601868900D-02  -.21497459549739D-02  0.15362922934932D-02
  0.22176630385471D-02  -.44599878578184D-02  -.19366009939672D-02
  -.45961047048748D-03  0.49649288469551D-02  -.14844433148835D-02
  0.80162666709738D-04  -.57848261878979D-03  -.11132770158753D-02
  0.17019573487698D-03  0.22238711693287D-02  0.37000114985325D-03
  0.46521287594214D-03  0.49668939845366D-02  0.14864717551304D-02
  -.81509092582976D-04  -.58384505572029D-03  0.11108956700185D-02
  -.17571801803573D-03  0.22260708801635D-02  -.37047932020073D-03
  -.22154817030158D-02  -.44607787467443D-02  0.19353896004439D-02
  0.16374451550815D-02  -.21489246801351D-02  -.15342498248128D-02
  cycle =      2 MP2 energy =     -229.8385456314 |dE/dxyz| =  0.010687
    0.30517015242062     -1.09984959599672     -4.22139702608115      h
   -0.29249013598232     -1.10233505354462     -2.50127818922904      o
    0.46813690428012      1.19560740502324     -1.34960105676802      c
   -0.31455686531049      2.84195690503034     -2.33373753389683      h
    2.53225873873512      1.36264018711854     -1.34722903153436      h
   -0.46818819409474      1.19560684798292      1.34957873156688      c
    0.31450056137108      2.84194235249316      2.33374126193772      h
   -2.53231094424388      1.36264620039039      1.34717453556744      h
    0.29244290017199     -1.10233448312600      2.50125020699416      o
   -0.30595076634142     -1.10022440769772      4.22111409065088      h
  -.58950790081647D-03  -.10389471594597D-02  0.24227508571339D-04
  0.38576029578943D-02  -.17608957214224D-02  0.46816091791690D-03
  -.48655804267426D-02  0.28101713749393D-02  -.19460388194279D-02
  0.23390879560969D-03  -.65316566934603D-03  -.10066806784419D-02
  -.45931967200641D-03  0.64226330135742D-03  0.79529853619698D-04
  0.48658019991652D-02  0.28113192554109D-02  0.19468149518520D-02
  -.23395495332612D-03  -.65428652263932D-03  0.10069358479416D-02
  0.45845185857640D-03  0.64305294150691D-03  -.80237361511581D-04
  -.38559333121619D-02  -.17605489058461D-02  -.46836052522536D-03
  0.58853065358466D-03  -.10389629416612D-02  -.24351695352198D-04
  cycle =      3 MP2 energy =     -229.8386277247 |dE/dxyz| =  0.013040
    0.32007562831510     -1.07629157925150     -4.22860080240972      h
   -0.29511104145512     -1.10151142846689     -2.51407875484550      o
    0.46018832566351      1.18598260351556     -1.34881700754970      c
   -0.32228656530127      2.84507563928354     -2.31244665940542      h
    2.52632319493908      1.34477464186416     -1.35298758196732      h
   -0.46028484880182      1.18596670884110      1.34878364115684      c
    0.32223405090962      2.84500838044812      2.31247241804539      h
   -2.52641225129970      1.34482181070080      1.35293043069048      h
    0.29493682285767     -1.10157928787382      2.51399001256940      o
   -0.32065096482099     -1.07659113138754      4.22837029292324      h
  -.73228410690351D-04  -.16370680820998D-03  -.12413995030691D-03
  0.44798646876312D-02  -.13296258405813D-02  0.16266426067570D-02
  -.72857652528080D-02  0.18826771413858D-02  -.18936406654104D-02
  0.13284246750911D-03  -.29502580824348D-03  -.38533204598923D-03
  -.14382005487912D-03  -.94812194736171D-04  0.11389972979781D-04
  0.72848177490774D-02  0.18828803905162D-02  0.18935569934917D-02
  -.13258935073157D-03  -.29466721716265D-03  0.38613882822869D-03
  0.14445784059136D-03  -.94825781394192D-04  -.11936200792761D-04
  -.44793998096644D-02  -.13288450806996D-02  -.16263873281286D-02
  0.72820134020324D-04  -.16404880720711D-03  0.12370778919424D-03
  cycle =      4 MP2 energy =     -229.8386345076 |dE/dxyz| =  0.012907
    0.32698772877936     -1.07648556153580     -4.22859384882630      h
   -0.29673783241561     -1.10295995693172     -2.51727620753400      o
    0.45881621354023      1.18477136158523     -1.34949750189760      c
   -0.32717741166844      2.84702767626188     -2.30560697356087      h
    2.52531400927100      1.34568415050069     -1.35651124478851      h
   -0.45893889433272      1.18474478265795      1.34945750579412      c
    0.32712937334764      2.84692436872101      2.30564078788724      h
   -2.52542799145737      1.34575765625392      1.35645733082581      h
    0.29649609113953     -1.10306705564965      2.51715341559186      o
   -0.32744893519754     -1.07674106418998      4.22839272571595      h
  -.21634769868495D-04  -.23665004772577D-04  0.23278383065595D-05
  0.42664333756663D-02  -.20277551988066D-02  0.13984382099785D-02
  -.70744434487953D-02  0.21217482294658D-02  -.21127481576402D-02
  0.50612979488607D-04  -.44799235099813D-04  -.83285186103677D-04
  0.78205933431441D-04  -.25684050362074D-04  0.12700608809202D-04
  0.70743767976538D-02  0.21216983245713D-02  0.21127025950354D-02
  -.50618323663487D-04  -.44810845345022D-04  0.83682506035743D-04
  -.77988140951391D-04  -.25704746386634D-04  -.13121393908910D-04
  -.42663837938539D-02  -.20270615855855D-02  -.13982238061878D-02
  0.21439391112432D-04  -.23965892172795D-04  -.24732160430752D-05
  cycle =      5 MP2 energy =     -229.8386348778 |dE/dxyz| =  0.012649
    0.32904516067982     -1.07732277701782     -4.22800001310355      h
   -0.29708160212405     -1.10323967083140     -2.51752502052101      o
    0.45870395331233      1.18467900216727     -1.34975908279741      c
   -0.32881545662584      2.84729463645060     -2.30416234714562      h
    2.52493535186417      1.34662923932345     -1.35769598534406      h
   -0.45884127097099      1.18464730115035      1.34971599989947      c
    0.32877053725218      2.84717326746379      2.30419959571999      h
   -2.52506310529244      1.34671717391587      1.35764669638282      h
    0.29680633751603     -1.10336645984839      2.51738325934527      o
   -0.32944755460511     -1.07755535510020      4.22781288677179      h
  -.82403226575600D-06  0.59015687741137D-05  0.10143856208344D-04
  0.41848297016460D-02  -.21513532251616D-02  0.14030493433594D-02
  -.68023642513384D-02  0.21458428068577D-02  -.22382040900295D-02
  0.15714280345414D-04  -.20902031745429D-05  -.45739080531959D-05
  0.39493306882132D-04  0.16424423375794D-05  -.36145215692729D-06
  0.68025294779039D-02  0.21456193931089D-02  0.22383084600275D-02
  -.15750457059038D-04  -.21936796024136D-05  0.47912000884498D-05
  -.39473379612076D-04  0.16451014165364D-05  0.54198620758061D-07
  -.41848937448488D-02  -.21507380694503D-02  -.14029612574351D-02
  0.73909839914954D-06  0.57238592805486D-05  -.10246350324650D-04
  cycle =      6 MP2 energy =     -229.8386348968 |dE/dxyz| =  0.012560
    0.32927811098274     -1.07743012025889     -4.22798419322363      h
   -0.29700543294520     -1.10319921615320     -2.51754218596610      o
    0.45875027868756      1.18464882440399     -1.34982174131736      c
   -0.32909647097184      2.84721549726043     -2.30408609323173      h
    2.52483320942387      1.34680682906287     -1.35784160914904      h
   -0.45889560377888      1.18461439307614      1.34977692325711      c
    0.32905343808470      2.84708503411138      2.30412442301307      h
   -2.52496822027039      1.34690232608551      1.35779608337821      h
    0.29671288441327     -1.10333640100042      2.51739018103723      o
   -0.32964984261972     -1.07765080891429      4.22780420140993      h
  0.34156313528655D-05  0.54001332590037D-05  -.74249758919009D-06
  0.41817371599380D-02  -.21228374064428D-02  0.14257690995718D-02
  -.67214026833375D-02  0.21187739127591D-02  -.22766589597616D-02
  0.39702857137502D-05  -.19619849012109D-05  -.23914758697785D-05
  -.83974919906638D-06  0.63799007377074D-06  -.37822632765749D-05
  0.67215619838796D-02  0.21183835684937D-02  0.22768014257313D-02
  -.39774043132379D-05  -.20252100521034D-05  0.25203818554420D-05
  0.84113871912095D-06  0.65024543927095D-06  0.35883848268359D-05
  -.41819157916132D-02  -.21223615575234D-02  -.14258182755187D-02
  -.33905711713800D-05  0.53403034891986D-05  0.71417895508574D-06
  cycle =      7 MP2 energy =     -229.8386349200 |dE/dxyz| =  0.012560
    0.34238153584249     -1.06845017620456     -4.22687794250970      h
   -0.28913996230570     -1.09419871995881     -2.51836262394784      o
    0.46295710545177      1.19370302664950     -1.34838741577682      c
   -0.32201716311754      2.85622009951275     -2.30510225108495      h
    2.52904948543622      1.35593011269438     -1.35007956189908      h
   -0.46295755693275      1.19370340745373      1.34838638907716      c
    0.32200750799882      2.85622365052029      2.30510356954336      h
   -2.52905047503004      1.35592226016905      1.35006994409690      h
    0.28914570186940     -1.09419368477135      2.51836558836864      o
   -0.34245661468306     -1.06848754390148      4.22685142225538      h
  0.33121291924676D-05  0.55539438128527D-05  -.76027785933519D-06
  0.41773787406507D-02  -.21229391729145D-02  0.14387198190420D-02
  -.67147596019765D-02  0.21187757695538D-02  -.22971982484976D-02
  0.41531561296715D-05  -.20125264144077D-05  -.23655573526682D-05
  -.61202516654646D-06  0.52695479724196D-06  -.37842439119529D-05
  0.67147590914629D-02  0.21189379884810D-02  0.22972215297061D-02
  -.41632449314655D-05  -.20724059806021D-05  0.24984514004345D-05
  0.61796454398078D-06  0.53923825393820D-06  0.35882292735989D-05
  -.41773075674585D-02  -.21227544179938D-02  -.14386185341264D-02
  -.33786423256910D-05  0.54446236117389D-05  0.69883310249708D-06
  cycle =      8 MP2 energy =     -229.8386349490 |dE/dxyz| =  0.012561
    0.34237114043832     -1.06846070569552     -4.22691048297492      h
   -0.28912120801050     -1.09418646598556     -2.51838737634550      o
    0.46295954524965      1.19369432701697     -1.34839068427761      c
   -0.32203966629380      2.85622339592606     -2.30507490665031      h
    2.52905232297994      1.35593440687682     -1.35005048508228      h
   -0.46296337259721      1.19369355581049      1.34838887093947      c
    0.32203077176747      2.85622306621264      2.30507673822520      h
   -2.52905635747216      1.35592974687609      1.35004240636148      h
    0.28911944832114     -1.09418593245187      2.51838592986904      o
   -0.34243305985325     -1.06849296242263      4.22688710805848      h
  0.15134301480924D-05  0.33144522485484D-05  -.35376684470734D-06
  0.41805590557460D-02  -.21179384654406D-02  0.14367216607267D-02
  -.67152660314385D-02  0.21152812274527D-02  -.22993360966668D-02
  0.19774752084700D-05  -.98120879288288D-06  -.21029045729204D-05
  -.12898866286193D-06  0.26205471226337D-06  -.19368134053233D-05
  0.67152817804685D-02  0.21153915429366D-02  0.22993716841300D-02
  -.19758947049642D-05  -.10255305396001D-05  0.22018527916501D-05
  0.13896879913489D-06  0.27614497233319D-06  0.17937644735122D-05
  -.41806395243280D-02  -.21178663263042D-02  -.14367073736050D-02
  -.14602714446532D-05  0.32861033503195D-05  0.34799494796900D-06
  cycle =      9 MP2 energy =     -229.8386349150 |dE/dxyz| =  0.012560
    0.34241725520591     -1.06854603943777     -4.22689617263128      h
   -0.28912750986292     -1.09415553874530     -2.51839503501852      o
    0.46294873094656      1.19370093158849     -1.34840149363312      c
   -0.32210341897280      2.85624511974380     -2.30502526835432      h
    2.52904095585326      1.35596068550594     -1.35004646873602      h
   -0.46295171756444      1.19370013458841      1.34839969745518      c
    0.32209516115272      2.85624671531445      2.30502380365676      h
   -2.52904430089449      1.35595441942341      1.35004229023693      h
    0.28912996791142     -1.09415337617314      2.51839514810934      o
   -0.34248555924561     -1.06858061964480      4.22687061703810      h
  -.44718107439223D-07  -.24189982494871D-06  0.31564674429774D-06
  0.41841922805843D-02  -.21101936936496D-02  0.14359379656055D-02
  -.67149374083382D-02  0.21109550386944D-02  -.23041772910846D-02
  -.89777619627363D-06  -.10100817249281D-06  -.47497156918652D-06
  0.30213940505064D-06  -.37633017924144D-06  0.30833637515437D-06
  0.67149683757399D-02  0.21109034673517D-02  0.23041477335650D-02
  0.89180015327983D-06  -.12843380714500D-06  0.42369499286821D-06
  -.32660168614029D-06  -.36036960671115D-06  -.30209751933352D-06
  -.41840645200675D-02  -.21101612997301D-02  -.14358538483883D-02
  -.83571562781160D-07  -.29547657731666D-06  -.32516821235617D-06
  cycle =     10 MP2 energy =     -229.8386349203 |dE/dxyz| =  0.012560
    0.34241038599047     -1.06856708499041     -4.22689554149436      h
   -0.28913108667555     -1.09417585876597     -2.51839317597851      o
    0.46294733893540      1.19368114430997     -1.34840208074368      c
   -0.32210670440672      2.85622489172302     -2.30502506760622      h
    2.52903955575232      1.35594096011433     -1.35005110713557      h
   -0.46294791387351      1.19368149468366      1.34840089419434      c
    0.32210075755977      2.85622851611957      2.30502276328829      h
   -2.52904049894695      1.35593571769015      1.35004739682454      h
    0.28913609499238     -1.09417148336752      2.51839589303585      o
   -0.34247614136145     -1.06859800131925      4.22687256769597      h
  -.18135758539373D-06  -.11717130243838D-06  0.23661531534103D-06
  0.41842744421121D-02  -.21103699997580D-02  0.14360401925471D-02
  -.67149509603117D-02  0.21110261592643D-02  -.23041355993585D-02
  -.88799670505679D-06  -.11521594922570D-06  -.49906844945546D-06
  0.32348988598940D-06  -.39129080564582D-06  0.29025068065680D-06
  0.67149836488751D-02  0.21109800956411D-02  0.23040886157575D-02
  0.87946899407498D-06  -.14049387919712D-06  0.44143365740545D-06
  -.34778155910686D-06  -.37480324699413D-06  -.28659899536931D-06
  -.41841600666417D-02  -.21103434867582D-02  -.14359332975404D-02
  0.67112861934504D-07  -.15379820617056D-06  -.24254282537939D-06
  cycle =     11 MP2 energy =     -229.8386349182 |dE/dxyz| =  0.012561
    0.34241485585023     -1.06856540227291     -4.22689860294899      h
   -0.28913391181097     -1.09417456076668     -2.51839844672105      o
    0.46294569496715      1.19367904002311     -1.34840361830726      c
   -0.32210002138295      2.85622788413446     -2.30502214068980      h
    2.52903737122568      1.35593691076445     -1.35005312888898      h
   -0.46294953898888      1.19367880961119      1.34840195863302      c
    0.32209441235018      2.85622786857244      2.30502198591621      h
   -2.52904119961159      1.35593523663862      1.35004918951111      h
    0.28913104188004     -1.09417428319567      2.51839654673820      o
   -0.34246691651273     -1.06859120731146      4.22687879883820      h
  0.32472571298570D-08  -.16631089394537D-07  0.47424592697354D-07
  0.41843030218032D-02  -.21103403085379D-02  0.14362247559836D-02
  -.67151942680961D-02  0.21108610582745D-02  -.23051180599274D-02
  -.30564661579469D-06  -.22379402686568D-06  -.18503682364113D-06
  0.23335955390280D-07  -.31248282550411D-06  0.11064125554627D-06
  0.67152132537580D-02  0.21109063850213D-02  0.23051871518542D-02
  0.33669604859732D-06  -.22786138309527D-06  0.22237039876138D-06
  -.82637816589681D-08  -.28261200601953D-06  -.13534153331385D-06
  -.41845345075684D-02  -.21104292318332D-02  -.14363612594348D-02
  0.16313125317247D-06  0.65472898436170D-07  0.73533996669539D-08
  cycle =     12 MP2 energy =     -229.8386349178 |dE/dxyz| =  0.012562
    0.34241209927557     -1.06856663719681     -4.22689797204570      h
   -0.28913235583212     -1.09417687452561     -2.51839578548558      o
    0.46294550630413      1.19367775608541     -1.34840510380774      c
   -0.32209728495508      2.85622892981977     -2.30502000314292      h
    2.52903634697206      1.35594007478385     -1.35005944160814      h
   -0.46294502201789      1.19367885755029      1.34840433183562      c
    0.32209124310025      2.85623461497315      2.30501714719997      h
   -2.52903628076114      1.35593375299428      1.35005636089498      h
    0.28914066668000     -1.09417044490285      2.51839984072740      o
   -0.34248313079963     -1.06859973338394      4.22687316751277      h
  0.44301178281358D-08  0.95414785739045D-07  -.17443298272468D-06
  0.41845459099021D-02  -.21103827012521D-02  0.14368818969475D-02
  -.67154907086848D-02  0.21105884350296D-02  -.23062721383456D-02
  0.24434555268016D-06  -.23901035328677D-06  0.14154653849019D-06
  -.24323829617146D-06  -.82785681643216D-07  -.10789051074767D-06
  0.67154199646053D-02  0.21105683328191D-02  0.23062260974798D-02
  -.26412560782951D-06  -.20684817414462D-06  -.17766124460472D-06
  0.23816596250725D-06  -.10781527570725D-06  0.12111829550410D-06
  -.41840415205994D-02  -.21101556009695D-02  -.14366640901073D-02
  -.41322339061622D-06  -.77426038802564D-07  0.25554755200830D-07
$end
