$hessapprox internal
  0.156110641319D-01  0.691995158392D-03  0.615195309966D+00 -0.775911055643D-03
  0.889045275736D-04  0.373817026093D+00 -0.104788886117D-02 -0.178426309788D-03
  0.609108004984D-03  0.423264900092D+00 -0.142610152506D-02  0.300598492294D-03
  0.410210040199D-03  0.100584194369D-02  0.422657855322D+00  0.677715069500D-03
  0.566332808381D-02 -0.466896654948D-02 -0.528904362686D-02 -0.904863822911D-02
  0.332079618851D+00 -0.121188233337D-02  0.153457954876D-02 -0.637062664381D-03
 -0.205149868457D-03 -0.147205619690D-02 -0.120455063856D-01  0.344570246159D+00
  0.263785223503D-03 -0.720495608385D-02  0.543315029817D-02  0.573796077411D-02
  0.107212065080D-01  0.260208409721D-01  0.159657305003D-01  0.280482186176D+00
  0.385523498570D-03 -0.314857195828D-02  0.225266132578D-02  0.226968383446D-02
  0.449542714226D-02  0.128918740846D-01  0.713095458281D-02 -0.193362738868D-01
  0.337382626980D+00 -0.114504592897D-02 -0.213573531374D-03  0.679918255943D-03
  0.118456964536D-02  0.112726225109D-02 -0.571607150008D-02 -0.183333199381D-03
  0.617026625141D-02  0.243196886816D-02  0.423506006504D+00 -0.114920225768D-02
  0.522288683730D-03  0.114760833057D-03  0.578485913496D-03  0.162777751056D-04
 -0.824543795855D-02 -0.180098091725D-02  0.101403645583D-01  0.434744376473D-02
  0.658516496947D-03  0.421727294953D+00  0.861536960645D-03  0.580992164562D-02
 -0.486465810927D-02 -0.557226912202D-02 -0.939960884493D-02 -0.149376460907D-01
 -0.122625985343D-01  0.256321502700D-01  0.127921397912D-01 -0.602673718610D-02
 -0.851049341526D-02  0.333206980240D+00 -0.201855819306D-02  0.271250748240D-03
  0.699469024793D-03  0.155150116253D-02  0.100668189582D-02 -0.122825633077D-01
 -0.174506104678D-02  0.143486829971D-01  0.596380859900D-02  0.173317437147D-02
  0.241855748144D-03 -0.127891258149D-01  0.350367451686D+00  0.239269195145D-03
 -0.728275185805D-02  0.550413066250D-02  0.582399621807D-02  0.108561823127D-01
  0.261478179430D-01  0.161225361110D-01 -0.405573800264D-01 -0.194737282481D-01
  0.626366625455D-02  0.102583512886D-01  0.257478298984D-01  0.145346561964D-01
  0.279961173252D+00 -0.714454429141D-04 -0.386260278573D-02  0.300853317892D-02
  0.326345225443D-02  0.589713318560D-02  0.127520522801D-01  0.843805289314D-02
 -0.202435985571D-01 -0.981138440880D-02  0.351619011028D-02  0.550237291190D-02
  0.124884407519D-01  0.793385655626D-02 -0.203644764678D-01  0.336444400342D+00
 -0.263502104890D-02 -0.446814203704D-02  0.462891785808D-02  0.602106497393D-02
  0.861371712399D-02  0.388477497655D-03  0.830721365568D-02 -0.711200565910D-02
 -0.469629772479D-02  0.656495894131D-02  0.715741398304D-02 -0.578747152056D-03
  0.120731304293D-01 -0.702796883009D-02 -0.256171212342D-02  0.271097097739D-01
  0.512480779883D-03 -0.694156699332D-03  0.304241063970D-03  0.124218218540D-03
  0.690944844085D-03  0.524777882705D-02  0.181560983825D-02 -0.699389194835D-02
 -0.313256516133D-02  0.117868393636D-03  0.825747199679D-03  0.533671404766D-02
  0.829872476074D-03 -0.706169019056D-02 -0.368940926143D-02 -0.354785575331D-02
  0.614903723194D+00 -0.595991311742D-03  0.410433007711D-03 -0.480288774712D-04
  0.184363830241D-03 -0.202826441020D-03 -0.475148808715D-02 -0.124037434483D-02
  0.600687818533D-02  0.261588474115D-02  0.216990978365D-03 -0.397277635755D-03
 -0.488009410007D-02 -0.158315599305D-03  0.607266174484D-02  0.322749714091D-02
  0.381966323689D-02  0.562280732303D-03  0.373213783840D+00  0.317081042771D-03
  0.397680040713D-02 -0.320708189158D-02 -0.357422815462D-02 -0.624246591207D-02
 -0.117587129087D-01 -0.854882802084D-02  0.192864147126D-01  0.946667101823D-02
 -0.385843721236D-02 -0.574065688365D-02 -0.114241186232D-01 -0.844468016851D-02
  0.193895073308D-01  0.952154868481D-02  0.120618040381D-02  0.372979649038D-02
 -0.333114153982D-02  0.498167648012D+00  0.337504381254D-02  0.358303501558D-02
 -0.427994652972D-02 -0.593885293633D-02 -0.779348688751D-02  0.679000540361D-02
 -0.594285806819D-02 -0.235879698926D-02  0.476365410740D-03 -0.649937461143D-02
 -0.613139482738D-02  0.789309221311D-02 -0.111131791992D-01 -0.253687486523D-02
 -0.245167499015D-02 -0.170704523979D-01  0.248908163442D-02 -0.310563227966D-02
  0.388227222458D-02  0.406470583610D+00 -0.105758616523D-03  0.344210506660D-02
 -0.260475972805D-02 -0.275909110682D-02 -0.513618994219D-02 -0.123172094204D-01
 -0.761594858207D-02  0.191221378673D-01  0.918491885640D-02 -0.296761813691D-02
 -0.485076180759D-02 -0.121262581398D-01 -0.687794474791D-02  0.192447166502D-01
  0.959885660480D-02  0.327860939883D-02  0.333555563255D-02 -0.287041802896D-02
 -0.913605378545D-02  0.123989724897D-02  0.497961757671D+00  0.142727276666D-02
  0.103600168808D-02 -0.144067154836D-02 -0.211438990677D-02 -0.257036229709D-02
  0.450343854354D-02 -0.146122852045D-02 -0.356573735860D-02 -0.103894246175D-02
 -0.232094567032D-02 -0.191298567067D-02  0.493951717480D-02 -0.372536560432D-02
 -0.365681937566D-02 -0.232062146678D-02 -0.758885224598D-02  0.592367211753D-03
 -0.913208910924D-03  0.285716425783D-02  0.851051007831D-02  0.174243465137D-02
  0.389071713821D+00  0.268643264074D-02 -0.122714971508D-02 -0.263476540662D-03
 -0.134714233652D-02 -0.286338955133D-04  0.192961355107D-01  0.422371991797D-02
 -0.237379650306D-01 -0.101789052434D-01 -0.153383007911D-02  0.907001620040D-03
  0.199153476506D-01 -0.552725393315D-03 -0.240139815033D-01 -0.128792893013D-01
 -0.167363312562D-01 -0.193628300366D-02  0.933890775522D-03  0.134354252677D-01
  0.143297478467D-01  0.113551971703D-01  0.446837417325D-02  0.401612186481D+00
  0.000000000000D+00  0.000000000000D+00  0.000000000000D+00  0.000000000000D+00
  0.000000000000D+00  0.000000000000D+00  0.000000000000D+00  0.000000000000D+00
  0.000000000000D+00  0.000000000000D+00  0.000000000000D+00  0.000000000000D+00
  0.000000000000D+00  0.000000000000D+00  0.000000000000D+00  0.000000000000D+00
  0.000000000000D+00  0.000000000000D+00  0.000000000000D+00  0.000000000000D+00
  0.000000000000D+00  0.000000000000D+00  0.000000000000D+00  0.000000000000D+00
$end
