$coord
    0.75570398326780     -0.88467874416659     -4.49400710088387  h
   -0.38463198478353     -0.69381197101568     -3.08905445037079  o
    0.82936315093342      0.77276254318452     -1.17618031514626  c
    1.11816710841396      2.71098398918382     -1.85020337961837  h
    2.66929589283668     -0.02201685671213     -0.66323001165239  h
   -0.82936316809374      0.77276254740662      1.17618032622881  c
   -1.11816721840371      2.71098400344356      1.85020331488808  h
   -2.66929586948794     -0.02201697143740      0.66323006395426  h
    0.38463205871903     -0.69381182666517      3.08905451530659  o
   -0.75570401065263     -0.88467888524693      4.49400704845501  h
$user-defined bonds
$intdef
# definitions of internal coordinates
   1 f  1.0000000000000 tors    2    3    6    9 val= 110.00000
$redundant
     number_of_atoms            10
     degrees_of_freedom         24
     internal_coordinates       25
     frozen_coordinates          1
# definitions of redundant internals
   1 k  1.0000000000000 tors   1    2    3    6 val= 187.55656
   2 k  1.0000000000000 stre   2    1           val=   1.81953
   3 k  1.0000000000000 bend   3    1    2      val= 108.80658
   4 k  1.0000000000000 stre   3    5           val=   2.06885
   5 k  1.0000000000000 stre   3    4           val=   2.07230
   6 k  0.0652829795349 bend   4    5    3      val=   0.70628
       -0.5220370725563 bend   2    5    3
       -0.4937526090323 bend   2    4    3
        0.4744511238154 bend   6    5    3
        0.5043014174520 bend   6    4    3
   7 k  0.0062296948567 bend   4    5    3      val=   0.29181
        0.5231884714993 bend   2    5    3
       -0.5513790544582 bend   2    4    3
        0.4737249236166 bend   6    5    3
       -0.4447480739041 bend   6    4    3
   8 k -0.8907212078722 bend   4    5    3      val=   1.16528
        0.1859747139591 bend   2    5    3
        0.1965572205176 bend   2    4    3
        0.2680266107894 bend   6    5    3
        0.2481050797258 bend   6    4    3
   9 k -0.0117261918223 bend   4    5    3      val=   1.61407
        0.4663265187415 bend   2    5    3
       -0.4525489244254 bend   2    4    3
       -0.5325607788753 bend   6    5    3
        0.5421997437743 bend   6    4    3
  10 k  1.0000000000000 stre   6    8           val=   2.06885
  11 k  1.0000000000000 stre   6    7           val=   2.07230
  12 k  0.0652829786017 bend   7    8    6      val=   0.70628
       -0.5220370698524 bend   9    8    6
       -0.4937526117144 bend   9    7    6
        0.4744511245244 bend   3    8    6
        0.5043014170787 bend   3    7    6
  13 k  0.0062296934700 bend   7    8    6      val=   0.29181
        0.5231884765230 bend   9    8    6
       -0.5513790518360 bend   9    7    6
        0.4737249229119 bend   3    8    6
       -0.4447480720154 bend   3    7    6
  14 k -0.8907212090957 bend   7    8    6      val=   1.16528
        0.1859747121496 bend   9    8    6
        0.1965572210524 bend   9    7    6
        0.2680266073790 bend   3    8    6
        0.2481050799500 bend   3    7    6
  15 k -0.0117261915575 bend   7    8    6      val=   1.61407
        0.4663265178638 bend   9    8    6
       -0.4525489226092 bend   9    7    6
       -0.5325607815897 bend   3    8    6
        0.5421997433847 bend   3    7    6
  16 k  1.0000000000000 tors  10    9    6    3 val= 187.55657
  17 k  1.0000000000000 stre   9   10           val=   1.81953
  18 k  1.0000000000000 bend   6   10    9      val= 108.80658
  19 k  1.0000000000000 tors   2    3    6    9 val= 110.00000
  20 k  1.0000000000000 stre   3    2           val=   2.69884
  21 k  1.0000000000000 bend   6    2    3      val= 108.66488
  22 k  1.0000000000000 stre   6    9           val=   2.69884
  23 k  1.0000000000000 bend   3    9    6      val= 108.66488
  24 k  1.0000000000000 stre   3    6           val=   2.87836
  25 f  1.0000000000000 tors   2    3    6    9 val= 110.00000
        24 non zero eigenvalues  of BmBt
           1           4.019040811    1    0
         1
           2           3.854338552    2    0
         2
           3           3.775601924    3    0
         3
           4           3.002470984    4    0
         4
           5           2.936151150    5    0
         5
           6           2.459717586    6    0
         6
           7           2.101617885    7    0
         7
           8           1.717015155    8    0
         8
           9           1.254958715    9    0
         9
          10           1.219177825   10    0
        10
          11           1.049977226   11    0
        11
          12           0.845925732   12    0
        12
          13           0.769647133   13    0
        13
          14           0.732357245   14    0
        14
          15           0.520823498   15    0
        15
          16           0.511058678   16    0
        16
          17           0.353258641   17    0
        17
          18           0.345230099   18    0
        18
          19           0.281096868   20    0
        20
          20           0.254788643   21    0
        21
          21           0.092862542   22    0
        22
          22           0.086287894   23    0
        23
          23           0.066424255   24    0
        24
          24           0.000000000    0    1
         0.000000000         0.000000000         0.000000000         0.000000000
         0.000000000         0.000000000         0.000000000         0.000000000
         0.000000000         0.000000000         0.000000000         0.000000000
         0.000000000         0.000000000         0.000000000         0.000000000
         0.000000000         0.000000000         0.000000000         0.000000000
         0.000000000         0.000000000         0.000000000         0.000000000
         1.000000000
$end
