$energy      SCF               SCFKIN            SCFPOT
     1 -230.2225640559      229.3280875810     -459.5506516369
     2 -230.2231577935      229.2833822176     -459.5065400111
     3 -230.2232237018      229.2881289556     -459.5113526575
     4 -230.2232454200      229.2920190851     -459.5152645051
     5 -230.2232458748      229.2906694556     -459.5139153304
     6 -230.2232459083      229.2906454205     -459.5138913288
     7 -230.2232459181      229.2906452496     -459.5138911676
     8 -230.2232459213      229.2906322131     -459.5138781345
     9 -230.2232459231      229.2906362227     -459.5138821457
    10 -230.2232459229      229.2906417620     -459.5138876850
    11 -230.2232459230      229.2906423683     -459.5138882913
    12 -230.2232459230      229.2906358810     -459.5138818040
$end
