$grad          cartesian gradients
  cycle =      1    SCF energy =     -230.2225640559   |dE/dxyz| =  0.010975
    0.65878799717251     -0.73356847696613     -4.53232142048700      h
   -0.38138120667817     -0.70331733072262     -3.04172489007241      o
    0.84697574117582      0.77210267641150     -1.15437695424373      c
    1.13800426856341      2.72326148009060     -1.78714714110920      h
    2.69061979565510     -0.02605092990977     -0.64836447887075      h
   -0.84708172280203      0.77198918161225      1.15437398395321      c
   -1.13841076203852      2.72310873402732      1.78713373700857      h
   -2.69059916549412     -0.02644633851814      0.64835345534941      h
    0.38149299353307     -0.70322757070093      3.04173896724709      o
   -0.65891361872048     -0.73404121154960      4.53215779713152      h
  -.56667599843709D-03  0.75152275956228D-03  0.12044018166481D-02
  -.18071829759485D-02  -.46297790196996D-04  0.39651722545550D-02
  0.33512640357184D-02  -.10061081749050D-02  0.31564153425831D-02
  -.76501115939390D-04  0.58402128289719D-03  0.35984649177065D-02
  0.15219545343915D-02  -.28485348855867D-03  -.10020543857875D-02
  -.33517074372649D-02  -.10052736201074D-02  -.31567563844138D-02
  0.76339853209548D-04  0.58421082959435D-03  -.35979391255898D-02
  -.15215741621844D-02  -.28487348220371D-03  0.10016880363636D-02
  0.18080807657784D-02  -.44949149046361D-04  -.39644637751925D-02
  0.56600136875149D-03  0.75073998442573D-03  -.12049256964541D-02
  cycle =      2    SCF energy =     -230.2231577935   |dE/dxyz| =  0.003830
    0.70619735514952     -0.77223122408653     -4.55025084107131      h
   -0.38065882821848     -0.68730164387312     -3.09284028525684      o
    0.83008085432233      0.77812381919881     -1.17803882565226      c
    1.11806150398887      2.72526141015136     -1.82867303983400      h
    2.67720418977581     -0.01140330950879     -0.68310021999596      h
   -0.83021308382947      0.77798652404641      1.17802776330745      c
   -1.11847108597320      2.72506932200299      1.82870708203411      h
   -2.67722141483091     -0.01178822860507      0.68306071220309      h
    0.38072671553419     -0.68730948053065      3.09280128775141      o
   -0.70621188555205     -0.77259697502094      4.55012942242101      h
  -.20020936088166D-03  -.20476471517841D-04  -.48451123180100D-03
  -.20216318486257D-03  0.46593404063039D-03  -.30679302101567D-03
  0.14665555768484D-02  -.11712809779299D-02  0.49547878702727D-03
  0.45305891510799D-03  0.48287172368402D-03  0.11655346558803D-02
  0.27549182127375D-03  0.24126093055761D-03  -.10044658869272D-02
  -.14667462080552D-02  -.11705844476635D-02  -.49540233918004D-03
  -.45332995975092D-03  0.48304784598344D-03  -.11650715389095D-02
  -.27512485572623D-03  0.24134974530821D-03  0.10041047638216D-02
  0.20257222994150D-03  0.46639660016266D-03  0.30681487334639D-03
  0.19989733035676D-03  -.20803002332002D-04  0.48431313732829D-03
  cycle =      3    SCF energy =     -230.2232237018   |dE/dxyz| =  0.003527
    0.71914482603791     -0.81037969524133     -4.52704052224860      h
   -0.39094606499701     -0.67601149330859     -3.09141125030870      o
    0.82518981551746      0.78869674485559     -1.18040831018323      c
    1.10971380094918      2.73162270478177     -1.84410727361779      h
    2.67126885271341     -0.00146880596299     -0.68257248986668      h
   -0.82533292849756      0.78854730613159      1.18039276946122      c
   -1.11012290408681      2.73141165768419      1.84415870426084      h
   -2.67130259876541     -0.00185066920924      0.68252224733084      h
    0.39099594763006     -0.67605995657015      3.09135013588705      o
   -0.71911442613463     -0.81069757938636      4.52693904519177      h
  -.10718146354919D-03  -.51201685676865D-05  -.23492605965951D-03
  -.26958761571292D-03  0.11902756631124D-02  -.41680971057523D-03
  0.11093435984552D-02  -.15515003444081D-02  0.52606773370156D-03
  0.18945535486987D-03  0.21740534531771D-03  0.45493630082684D-03
  0.10678936502892D-03  0.14761282524130D-03  -.50181563861181D-03
  -.11092012744207D-02  -.15512040697379D-02  -.52613902599211D-03
  -.18959164889451D-03  0.21738961532108D-03  -.45470482684268D-03
  -.10664549768155D-03  0.14765556534691D-03  0.50155290756204D-03
  0.26953771411022D-03  0.11905161015196D-02  0.41696889609491D-03
  0.10708373888702D-03  -.52675766250779D-05  0.23487418372441D-03
  cycle =      4    SCF energy =     -230.2232454200   |dE/dxyz| =  0.003961
    0.72824590039472     -0.85187225850581     -4.49992680644162      h
   -0.40256835436147     -0.66476342922766     -3.08686505306244      o
    0.82175837477380      0.80103522906995     -1.18133188513500      c
    1.10479110909409      2.73985671070941     -1.85659218654702      h
    2.66577928271539      0.00821109717077     -0.67937376341050      h
   -0.82191144630796      0.80087606259655      1.18131265651818      c
   -1.10519954600085      2.73963061343526      1.85665722098455      h
   -2.66582775643864      0.00783157671797      0.67931771310107      h
    0.40260606188795     -0.66484415193036      3.08678333710049      o
   -0.72817930539042     -0.85215123626159      4.49984182279901      h
  -.50871461955653D-05  0.17734811723171D-04  0.24338000256513D-04
  -.69974236152469D-03  0.15956156751140D-02  -.45111944551825D-03
  0.10986551066068D-02  -.16629490169898D-02  0.79063146226675D-03
  -.35545572644063D-04  0.27471885141984D-04  -.22549928996809D-04
  0.41323522169272D-04  0.21431919868537D-04  0.38965320893936D-04
  -.10983616166005D-02  -.16630438331009D-02  -.79070771615844D-03
  0.35542534137851D-04  0.27384705959347D-04  0.22572731461154D-04
  -.41330664519926D-04  0.21426093060519D-04  -.39057050435467D-04
  0.69939703363172D-03  0.15957100407403D-02  0.45127370409284D-03
  0.51497313687159D-05  0.17750552354709D-04  -.24341666733161D-04
  cycle =      5    SCF energy =     -230.2232458748   |dE/dxyz| =  0.003871
    0.72805583937556     -0.85432064123904     -4.49901823432258      h
   -0.40333571444493     -0.66423872466540     -3.08674934144071      o
    0.82201704715412      0.80219907035496     -1.18132456420862      c
    1.10625517365226      2.74069933275012     -1.85668791348075      h
    2.66535969616736      0.00812679459553     -0.67938385784332      h
   -0.82217064819238      0.80204111773279      1.18130584370804      c
   -1.10666359827486      2.74047536625495      1.85675133585665      h
   -2.66540876821075      0.00774769240065      0.67933085871796      h
    0.40337511521234     -0.66431620329129      3.08666818135898      o
   -0.72798982207210     -0.85460359111878      4.49893074756107      h
  -.35152710044076D-05  -.14538743783931D-05  -.28256582720079D-05
  -.79715796395551D-03  0.14438964477248D-02  -.54528939910646D-03
  0.12578140282828D-02  -.14784439931751D-02  0.83912863795862D-03
  0.58635867033568D-07  0.19190131306952D-04  0.10461860793319D-04
  0.16093596960617D-04  0.16088744003032D-04  0.24487699150450D-04
  -.12576267367191D-02  -.14785468594865D-02  -.83911429049630D-03
  -.57596885269958D-07  0.19190737222644D-04  -.10445956406568D-04
  -.16097232509297D-04  0.16082326378275D-04  -.24530413469156D-04
  0.79697360561370D-03  0.14439922424596D-02  0.54530402581160D-03
  0.35153997806343D-05  -.14441356776015D-05  0.28290186089248D-05
  cycle =      7    SCF energy =     -230.2232459181   |dE/dxyz| =  0.003863
    0.75584286549082     -0.88527043800545     -4.49375053799073      h
   -0.38465040487237     -0.69378194010349     -3.08901011219347      o
    0.82937615116781      0.77277782651850     -1.17620955966998      c
    1.11823104737111      2.71100163636023     -1.85019914085709      h
    2.66928125280751     -0.02196368308930     -0.66310092214121      h
   -0.82937598582411      0.77277801538878      1.17620959474858      c
   -1.11823025513889      2.71100192368191      1.85019910772247      h
   -2.66928133973113     -0.02196294035276      0.66310091070919      h
    0.38465023052766     -0.69378208160731      3.08901006937764      o
   -0.75584277370952     -0.88526980758690      4.49375084416574      h
  -.35660055368844D-06  -.26032984186269D-05  -.68183484840847D-06
  -.80742521715747D-03  0.14196707115057D-02  -.56183971259201D-03
  0.12954021118625D-02  -.14209950846489D-02  0.88323412216554D-03
  0.21071121000005D-05  -.73648063922736D-06  0.32961379750608D-05
  -.93618192375528D-06  0.44285306671205D-05  0.84399201927695D-05
  -.12953978206738D-02  -.14210037958152D-02  -.88321602061003D-03
  -.21014928668233D-05  -.73949108318423D-06  -.33045841949048D-05
  0.92711689801217D-06  0.44273463290457D-05  -.84458966867833D-05
  0.80742931169626D-03  0.14196752515064D-02  0.56182446781375D-03
  0.35166834878334D-06  -.26042977217039D-05  0.69338263702225D-06
  cycle =      8    SCF energy =     -230.2232459213   |dE/dxyz| =  0.003861
    0.75583470474055     -0.88502798850920     -4.49388117748886      h
   -0.38459465121661     -0.69383800663200     -3.08904882335165      o
    0.82937950784641      0.77272009930738     -1.17619174497458      c
    1.11822380955520      2.71094601667658     -1.85019006410805      h
    2.66929237777444     -0.02203677269721     -0.66312893772459      h
   -0.82937929731165      0.77272034155131      1.17619178380165      c
   -1.11822304267751      2.71094637628275      1.85018999746748      h
   -2.66929238158090     -0.02203603895262      0.66312898691269      h
    0.38459451324150     -0.69383801106290      3.08904886834582      o
   -0.75583475228253     -0.88502750475988      4.49388136499123      h
  -.63868847306475D-06  -.17371744444613D-05  -.72037473040467D-06
  -.80508529726462D-03  0.14170747525630D-02  -.56579294328393D-03
  0.12911279469795D-02  -.14179958870860D-02  0.89463298432365D-03
  0.15217449055105D-05  0.10044194706662D-06  0.12820859070945D-05
  -.42609421708472D-06  0.23186719708032D-05  0.50544178911454D-05
  -.12911315014851D-02  -.14180024305375D-02  -.89462616562272D-03
  -.15191789401048D-05  0.10077522662401D-06  -.12853927317912D-05
  0.42666384461577D-06  0.23197393073882D-05  -.50560737380633D-05
  0.80508472716475D-03  0.14170774582647D-02  0.56578900701200D-03
  0.63968167942728D-06  -.17382441891288D-05  0.72243534443249D-06
  cycle =     10    SCF energy =     -230.2232459229   |dE/dxyz| =  0.003863
    0.75570449799763     -0.88469560722703     -4.49400426769801      h
   -0.38463017074106     -0.69380349298474     -3.08905491766076      o
    0.82935810011437      0.77276371729645     -1.17618304414475      c
    1.11816447565736      2.71098851547844     -1.85020286562976      h
    2.66929326964172     -0.02201413340320     -0.66322848661007      h
   -0.82935812250591      0.77276368013175      1.17618304348488      c
   -1.11816459531177      2.71098846975122      1.85020286379466      h
   -2.66929325460142     -0.02201425119604      0.66322848148934      h
    0.38463019102498     -0.69380348013908      3.08905491739465      o
   -0.75570444852652     -0.88469558973314      4.49400428674089      h
  -.20899354021503D-06  -.53812302495869D-06  -.21657430121504D-06
  -.80562741307679D-03  0.14136360367331D-02  -.56830619320241D-03
  0.12898421195416D-02  -.14135780388791D-02  0.91003905947454D-03
  0.28707104479365D-06  0.45754009465165D-06  -.40021536316913D-07
  0.53913363684534D-06  -.21970731071460D-06  0.70523988227248D-06
  -.12898404284505D-02  -.14135838149301D-02  -.91003781316983D-03
  -.28950241981271D-06  0.45886097403651D-06  0.40306667934103D-07
  -.53860057734274D-06  -.22149041583262D-06  -.70480629620255D-06
  0.80562634909476D-03  0.14136398752406D-02  0.56830549833435D-03
  0.21026185839294D-06  -.53933300833324D-06  0.21530300117452D-06
  cycle =     11    SCF energy =     -230.2232459230   |dE/dxyz| =  0.003864
    0.75570299756581     -0.88468226872389     -4.49401013444060      h
   -0.38462964129775     -0.69380905954730     -3.08905639351640      o
    0.82936068002099      0.77276148434615     -1.17618192851864      c
    1.11816617593777      2.71098485421042     -1.85020234354231      h
    2.66929461990525     -0.02201598792739     -0.66322829924919      h
   -0.82936072318189      0.77276142520546      1.17618191541409      c
   -1.11816629671351      2.71098476470893      1.85020238405783      h
   -2.66929463251087     -0.02201609965470      0.66322825834059      h
    0.38462963454121     -0.69380914176868      3.08905633922890      o
   -0.75570287151765     -0.88468214287439      4.49401021338681      h
  0.68696708460089D-07  -.29432453981498D-06  -.56352068618886D-08
  -.80643918396067D-03  0.14126504823079D-02  -.56935061446193D-03
  0.12914670778218D-02  -.14127971912600D-02  0.91070545093671D-03
  0.34134704514977D-06  0.16495439981076D-06  0.15486353395979D-06
  0.24679972009570D-06  0.32439193038839D-07  0.62926159073933D-06
  -.12914649089856D-02  -.14127979144974D-02  -.91070472371914D-03
  -.34240037700563D-06  0.16512570056180D-06  -.15498039289226D-06
  -.24683568724923D-06  0.32277331655589D-07  -.62948119661523D-06
  0.80643638863494D-03  0.14126484136534D-02  0.56935064259969D-03
  -.66980512485649D-07  -.29282410586939D-06  0.52116382543955D-08
$end
