$hessapprox internal
  0.142619638430D-01  0.952622662949D-03  0.618532497344D+00 -0.179566631060D-02
  0.492292038488D-02  0.337622537121D+00  0.421367569568D-03  0.294738412199D-02
 -0.105699527539D-01  0.423827233592D+00  0.119928237554D-03  0.236839869216D-02
 -0.988129673600D-02 -0.180140363593D-02  0.420273086542D+00  0.184619811387D-02
 -0.809961723783D-03  0.153560202453D-01  0.691515122574D-02  0.588969242524D-02
  0.340269465352D+00 -0.109988502137D-03 -0.126328641325D-02  0.497855797117D-02
  0.807252013119D-03  0.966266107431D-03 -0.307144561008D-02  0.345531613400D+00
 -0.842509965460D-03 -0.662506830186D-03 -0.236981755411D-02 -0.219623523336D-02
 -0.165120792672D-02 -0.415724052341D-03  0.904649581687D-03  0.321435283220D+00
 -0.737889103887D-03  0.122719101745D-02 -0.101972180198D-01 -0.360372430725D-02
 -0.326132272715D-02  0.426994216787D-02  0.166264030418D-02 -0.439957470645D-03
  0.341129348498D+00  0.419012349406D-03  0.294382024398D-02 -0.105688853255D-01
 -0.133804745379D-02 -0.180430038255D-02  0.690960008125D-02  0.808956638079D-03
 -0.219262076064D-02 -0.360245205413D-02  0.423818150150D+00  0.124346966358D-03
  0.238082271453D-02 -0.990908162906D-02 -0.179820445049D-02 -0.204910121437D-02
  0.591481791836D-02  0.965830841447D-03 -0.166183847083D-02 -0.327209618628D-02
 -0.180112952897D-02  0.420272475805D+00  0.184740046937D-02 -0.809988880462D-03
  0.153637727384D-01  0.691918966651D-02  0.589302566932D-02 -0.488970740169D-02
 -0.307320499323D-02 -0.416330463064D-03  0.427199168622D-02  0.691363438266D-02
  0.591816712068D-02  0.340265664220D+00 -0.890752826668D-04 -0.124524058884D-02
  0.503018990857D-02  0.860280036201D-03  0.100564566643D-02 -0.305702218713D-02
 -0.470244941115D-03  0.881678530905D-03  0.167122142622D-02  0.861893263983D-03
  0.100547298165D-02 -0.305876423212D-02  0.345488839570D+00 -0.846176323276D-03
 -0.662670669302D-03 -0.239234901588D-02 -0.220832041407D-02 -0.166112432705D-02
 -0.410561450075D-03  0.909895722888D-03  0.884163336075D-03 -0.445846577111D-03
 -0.220469306073D-02 -0.167180333319D-02 -0.411166617282D-03  0.886867886191D-03
  0.321439309336D+00 -0.740680807378D-03  0.122312242587D-02 -0.101966527005D-01
 -0.360926017214D-02 -0.326491274741D-02  0.426376161711D-02  0.166473584572D-02
 -0.435777641898D-03 -0.302588978704D-02 -0.360797397984D-02 -0.327571991510D-02
  0.426580645136D-02  0.167321110567D-02 -0.441652140218D-03  0.341131925660D+00
  0.418156891591D-03  0.979193690002D-03 -0.174627034392D-02  0.485442288249D-03
  0.166374678633D-03  0.187382434348D-02 -0.135823690538D-03 -0.874153232823D-03
 -0.732267744444D-03  0.482967037464D-03  0.171124424625D-03  0.187505391883D-02
 -0.114095482363D-03 -0.877907141518D-03 -0.735198850490D-03  0.143162619139D-01
  0.959923997015D-03  0.250028752089D-03  0.496842701765D-02  0.297158273456D-02
  0.238828888408D-02 -0.820605948325D-03 -0.127380200703D-02 -0.666423761086D-03
  0.123912588696D-02  0.296799335396D-02  0.240080953039D-02 -0.820635783657D-03
 -0.125564534628D-02 -0.666581528970D-03  0.123502839070D-02  0.986666763691D-03
  0.618532857927D+00 -0.179799476947D-02  0.492066601146D-02 -0.335215473800D-01
 -0.105756289344D-01 -0.988543500430D-02  0.153537857724D-01  0.498085429110D-02
 -0.236709550074D-02 -0.101978150825D-01 -0.105745510731D-01 -0.991324893447D-02
  0.153615359851D-01  0.503241602009D-02 -0.238961960185D-02 -0.101972376538D-01
 -0.174869406463D-02  0.496615821958D-02  0.337613252793D+00 -0.621625575662D-03
 -0.993068814399D-02  0.406785198524D-01  0.715686229465D-02  0.826394277198D-02
 -0.245146183215D-01 -0.387905318699D-02  0.698520951754D-02  0.134761883362D-01
  0.716942003508D-02  0.826374183326D-02 -0.245285467434D-01 -0.404592678326D-02
  0.702667747882D-02  0.134917075015D-01 -0.819113564739D-03 -0.100138458664D-01
  0.406961012831D-01  0.453119643634D+00 -0.216460193806D-02  0.152173085500D-02
 -0.205750273839D-01 -0.863958326766D-02 -0.747998147976D-02  0.719752698718D-02
  0.387663353860D-02  0.103626720951D-03 -0.584254111134D-02 -0.863367403234D-02
 -0.750990329022D-02  0.720057197282D-02  0.386880648028D-02  0.951512871972D-04
 -0.583604807702D-02 -0.218644159356D-02  0.153907422047D-02 -0.205733511073D-01
  0.310715652544D-01  0.369173059971D+00 -0.628411684375D-03 -0.995051193862D-02
  0.407245315851D-01  0.715264025560D-02  0.826519239109D-02 -0.245551112390D-01
 -0.387874272587D-02  0.700203426533D-02  0.134938204923D-01  0.716524228579D-02
  0.826491755392D-02 -0.245690652305D-01 -0.404603138935D-02  0.704357980091D-02
  0.135093924051D-01 -0.826421748751D-03 -0.100338243727D-01  0.407421588361D-01
 -0.332884963219D-01  0.311199586062D-01  0.453114326764D+00 -0.216950163753D-02
  0.152519323510D-02 -0.206216803626D-01 -0.865915605431D-02 -0.749693077503D-02
  0.721386477883D-02  0.388541711696D-02  0.103849306835D-03 -0.585579213427D-02
 -0.865323346181D-02 -0.752692032966D-02  0.721691668246D-02  0.387757262518D-02
  0.953546128453D-04 -0.584928442611D-02 -0.219139039901D-02  0.154257601007D-02
 -0.206200003211D-01  0.311419702023D-01 -0.103402382927D-01  0.311904731238D-01
  0.369126185150D+00 -0.122177274324D-02 -0.267123905412D-02  0.424951361182D-02
 -0.159478379761D-02 -0.676699376468D-03 -0.498839077562D-02  0.488231603346D-03
  0.242679018493D-02  0.186215897123D-02 -0.158775039684D-02 -0.690730815067D-03
 -0.499171239803D-02  0.427759387930D-03  0.243695477803D-02  0.187047315395D-02
 -0.129920800490D-02 -0.269146060293D-02  0.425628224562D-02  0.316589390871D-02
  0.576537996337D-02  0.318755113406D-02  0.577842762752D-02  0.386845186125D+00
  0.000000000000D+00  0.000000000000D+00  0.000000000000D+00  0.000000000000D+00
  0.000000000000D+00  0.000000000000D+00  0.000000000000D+00  0.000000000000D+00
  0.000000000000D+00  0.000000000000D+00  0.000000000000D+00  0.000000000000D+00
  0.000000000000D+00  0.000000000000D+00  0.000000000000D+00  0.000000000000D+00
  0.000000000000D+00  0.000000000000D+00  0.000000000000D+00  0.000000000000D+00
  0.000000000000D+00  0.000000000000D+00  0.000000000000D+00  0.000000000000D+00
$end
