$coord
    0.01568136365461     -1.09203894483495     -4.23893119351813  h
   -0.10898623029188     -1.18951193966421     -2.42674731962648  o
    0.17070260847363      1.28958069400610     -1.44647006446065  c
   -1.20768455415205      2.60022613331437     -2.27030983124655  h
    2.06306619148650      2.00590248506452     -1.90573114292706  h
   -0.17070258906284      1.28958069357272      1.44647007331736  c
    1.20768461193049      2.60022609140375      2.27030983785429  h
   -2.06306615007221      2.00590253055363      1.90573117165070  h
    0.10898618448098     -1.18951195544770      2.42674731309561  o
   -0.01567980121169     -1.09203875156284      4.23893128661442  h
$user-defined bonds
$intdef
# definitions of internal coordinates
   1 f  1.0000000000000 tors    2    3    6    9 val=  18.00000
$redundant
     number_of_atoms            10
     degrees_of_freedom         24
     internal_coordinates       25
     frozen_coordinates          1
# definitions of redundant internals
   1 k  1.0000000000000 tors   1    2    3    6 val= 176.59718
   2 k  1.0000000000000 stre   2    1           val=   1.81908
   3 k  1.0000000000000 bend   3    1    2      val= 107.91539
   4 k  1.0000000000000 stre   3    4           val=   2.07279
   5 k  1.0000000000000 stre   3    5           val=   2.07487
   6 k  0.0731193516442 bend   5    4    3      val=   0.79369
       -0.5238494012487 bend   2    4    3
       -0.4928876905312 bend   2    5    3
        0.4839238743946 bend   6    4    3
        0.4930667029320 bend   6    5    3
   7 k  0.0122074248187 bend   5    4    3      val=   0.34974
       -0.5356974703556 bend   2    4    3
        0.5590524985720 bend   2    5    3
       -0.4575785150552 bend   6    4    3
        0.4369913104792 bend   6    5    3
   8 k  0.8955653742961 bend   5    4    3      val=   0.14237
       -0.1695050322534 bend   2    4    3
       -0.1947894609130 bend   2    5    3
       -0.2583114355219 bend   6    4    3
       -0.2540924489206 bend   6    5    3
   9 k -0.0094947870099 bend   5    4    3      val=   1.24495
        0.4473165362400 bend   2    4    3
       -0.4470621589009 bend   2    5    3
       -0.5377217258531 bend   6    4    3
        0.5575020511625 bend   6    5    3
  10 k  1.0000000000000 stre   6    7           val=   2.07279
  11 k  1.0000000000000 stre   6    8           val=   2.07487
  12 k  0.0731193496909 bend   8    7    6      val=   0.79369
       -0.5238494065416 bend   9    7    6
       -0.4928876845806 bend   9    8    6
        0.4839238638924 bend   3    7    6
        0.4930667138542 bend   3    8    6
  13 k  0.0122074151106 bend   8    7    6      val=   0.34974
       -0.5356974639223 bend   9    7    6
        0.5590525041654 bend   9    8    6
       -0.4575785244269 bend   3    7    6
        0.4369913016677 bend   3    8    6
  14 k  0.8955653748672 bend   8    7    6      val=   0.14237
       -0.1695050310772 bend   9    7    6
       -0.1947894631085 bend   9    8    6
       -0.2583114430543 bend   3    7    6
       -0.2540924383519 bend   3    8    6
  15 k -0.0094947964882 bend   8    7    6      val=   1.24495
        0.4473165433497 bend   9    7    6
       -0.4470621523725 bend   9    8    6
       -0.5377217245823 bend   3    7    6
        0.5575020517573 bend   3    8    6
  16 k  1.0000000000000 tors  10    9    6    3 val= 176.59713
  17 k  1.0000000000000 stre   9   10           val=   1.81908
  18 k  1.0000000000000 bend   6   10    9      val= 107.91539
  19 k  1.0000000000000 tors   2    3    6    9 val=  18.00000
  20 k  1.0000000000000 stre   3    2           val=   2.68050
  21 k  1.0000000000000 bend   6    2    3      val= 110.54592
  22 k  1.0000000000000 stre   6    9           val=   2.68050
  23 k  1.0000000000000 bend   3    9    6      val= 110.54592
  24 k  1.0000000000000 stre   3    6           val=   2.91302
  25 f  1.0000000000000 tors   2    3    6    9 val=  18.00000
        24 non zero eigenvalues  of BmBt
           1           4.632656541    1    0
         1
           2           3.802254891    2    0
         2
           3           3.718629611    3    0
         3
           4           3.069725651    4    0
         4
           5           2.649576044    5    0
         5
           6           2.477287400    6    0
         6
           7           2.099842754    7    0
         7
           8           1.749251806    8    0
         8
           9           1.231347519    9    0
         9
          10           1.214777577   10    0
        10
          11           1.043300503   11    0
        11
          12           0.837921897   12    0
        12
          13           0.757933161   13    0
        13
          14           0.725325680   14    0
        14
          15           0.687498665   15    0
        15
          16           0.389851213   16    0
        16
          17           0.348676082   17    0
        17
          18           0.293417373   18    0
        18
          19           0.256606800   20    0
        20
          20           0.246912409   21    0
        21
          21           0.191955126   22    0
        22
          22           0.066407684   23    0
        23
          23           0.054373559   24    0
        24
          24           0.000000000    0    1
         0.000000000         0.000000000         0.000000000         0.000000000
         0.000000000         0.000000000         0.000000000         0.000000000
         0.000000000         0.000000000         0.000000000         0.000000000
         0.000000000         0.000000000         0.000000000         0.000000000
         0.000000000         0.000000000         0.000000000         0.000000000
         0.000000000         0.000000000         0.000000000         0.000000000
         1.000000000
$end
