$energy      SCF               SCFKIN            SCFPOT
     1 -230.2120835452      229.3368279142     -459.5489114593
     2 -230.2142878078      229.2560759669     -459.4703637747
     3 -230.2145615967      229.2773776989     -459.4919392956
     4 -230.2145884508      229.2852754700     -459.4998639208
     5 -230.2145925956      229.2814564195     -459.4960490151
     6 -230.2145927823      229.2818658244     -459.4964586067
     7 -230.2145928319      229.2815922143     -459.4961850461
     8 -230.2145928525      229.2818044282     -459.4963972807
     9 -230.2145928570      229.2818307066     -459.4964235636
    10 -230.2145928573      229.2818052961     -459.4963981534
    11 -230.2145928573      229.2818129148     -459.4964057721
    12 -230.2145928573      229.2817944053     -459.4963872627
    13 -230.2145928574      229.2817953144     -459.4963881718
    14 -230.2145928573      229.2817959172     -459.4963887746
$end
