$grad          cartesian gradients
  cycle =      1    SCF energy =     -230.2120835452   |dE/dxyz| =  0.022080
    0.09293113407662     -1.26316442686520     -4.06357436899814      h
   -0.12376494489049     -1.21103422733826     -2.25939301097763      o
    0.17714744924772      1.32944123498931     -1.42079693427928      c
   -1.22739069756636      2.58440559752039     -2.28361407065648      h
    2.06237463127306      2.05945339473510     -1.87370078587434      h
   -0.17714732483152      1.32944384132916      1.42079360833560      c
    1.22736959261119      2.58442861691817      2.28362061373712      h
   -2.06238562051957      2.05943443466094      1.87367647916564      h
    0.12379692161146     -1.21102431291431      2.25940019173013      o
   -0.09340808551251     -1.26322947774460      4.06351778584690      h
  -.12205471424995D-03  -.17817516255205D-02  0.11884987603048D-02
  0.19122338938130D-02  -.49188864001895D-02  0.88135056801709D-02
  -.36801179924028D-02  0.52729677930687D-02  0.85981712426055D-02
  -.11735191609823D-02  -.69652255779865D-03  0.13956031552064D-02
  -.61642803306497D-03  0.21237727993735D-02  0.31064686759140D-02
  0.36794533065657D-02  0.52731492057470D-02  -.85980622749773D-02
  0.11737090600734D-02  -.69645149803198D-03  -.13951333377077D-02
  0.61680302047015D-03  0.21239505664797D-02  -.31069806973191D-02
  -.19112635808437D-02  -.49193224347134D-02  -.88135317286898D-02
  0.12118350429288D-03  -.17815969699501D-02  -.11885400921840D-02
  cycle =      2    SCF energy =     -230.2142878078   |dE/dxyz| =  0.015081
    0.07564909154515     -1.09222279178195     -4.29531861535040      h
   -0.09498383866475     -1.20995005352438     -2.48742670323910      o
    0.17383327692603      1.25352212648218     -1.45107497704282      c
   -1.20119924592125      2.55715242662428     -2.29011266843343      h
    2.05881200311719      1.99060538970304     -1.89885207161289      h
   -0.17387296983314      1.25352000951037      1.45106709971619      c
    1.20117042138443      2.55713116628536      2.29011987344636      h
   -2.05884537540662      1.99062346803189      1.89883215893099      h
    0.09491280333240     -1.20995807550248      2.48741182142883      o
   -0.07595311097982     -1.09226899053762      4.29528359018580      h
  -.56523966574325D-04  -.96750178937131D-03  -.76392293877326D-03
  0.43652182523211D-02  -.16783431292551D-03  -.34741205989274D-02
  -.85383479847305D-02  0.15760978440334D-02  0.59932766023181D-03
  0.52422231124228D-03  -.84563146658846D-03  -.18326613931408D-02
  -.87242947170291D-03  0.40679945291565D-03  -.16665299708109D-03
  0.85380832015598D-02  0.15760845478506D-02  -.59938171849406D-03
  -.52416141886651D-03  -.84563634501122D-03  0.18331154714173D-02
  0.87264625470705D-03  0.40680289851923D-03  0.16615534371417D-03
  -.43649217270020D-02  -.16762343356690D-03  0.34745052571976D-02
  0.56215690767742D-04  -.96765470622054D-03  0.76363609172042D-03
  cycle =      3    SCF energy =     -230.2145615967   |dE/dxyz| =  0.013691
    0.07059223783758     -1.11468520120006     -4.24912574307826      h
   -0.09679777141349     -1.21058099634771     -2.44051553849353      o
    0.17673967072171      1.26546668273543     -1.44600140548889      c
   -1.19984380274251      2.56832535515040     -2.28436446491952      h
    2.06753495688087      1.99058058292682     -1.89430532901974      h
   -0.17678743006192      1.26546410985324      1.44599320589061      c
    1.19981561969470      2.56829495256183      2.28436936206595      h
   -2.06757203799234      1.99060861897761      1.89428993988107      h
    0.09670567981192     -1.21059199875947      2.44049727508053      o
   -0.07086406723691     -1.11472743060741      4.24909220611131      h
  -.21152220830210D-04  -.41137416316283D-03  -.36087404738908D-04
  0.46116997569011D-02  -.49819463816263D-03  -.76441758591197D-03
  -.83091504378061D-02  0.11890939167174D-02  0.13488882643422D-03
  0.89655349779184D-04  -.51666349220515D-03  -.73682282588645D-03
  -.30653663243002D-03  0.23872189088550D-03  0.12143713830464D-03
  0.83089915049046D-02  0.11890115038818D-02  -.13489192721234D-03
  -.89621810581409D-04  -.51671432171930D-03  0.73711783465138D-03
  0.30661864095867D-03  0.23875837625827D-03  -.12176863968455D-03
  -.46114009941355D-02  -.49797105193119D-03  0.76457595855423D-03
  0.20898084353638D-04  -.41146441828375D-03  0.35968926970656D-04
  cycle =      4    SCF energy =     -230.2145884508   |dE/dxyz| =  0.014226
    0.06140767549529     -1.12110293519173     -4.22972400953650      h
   -0.09471548313118     -1.21162615879078     -2.41975627338595      o
    0.17987571667180      1.26946894256077     -1.44457848738248      c
   -1.19351642090090      2.57802918945935     -2.28021121305695      h
    2.07577668673845      1.98433675353545     -1.89198816900419      h
   -0.17993988665212      1.26946523942084      1.44456948320567      c
    1.19348820188580      2.57798110245226      2.28021335772265      h
   -2.07582160039302      1.98438375695832      1.89197949515118      h
    0.09458035124028     -1.21164357091297      2.41973136796218      o
   -0.06161218545478     -1.12113764420085      4.22969395635392      h
  0.26467687883444D-04  0.45022310949704D-04  0.10382745777879D-03
  0.50778443998961D-02  -.75571990695864D-03  0.10335329538870D-02
  -.85030656944370D-02  0.77811653604044D-03  -.90776213251624D-03
  -.59599316543030D-04  -.56517145973171D-04  -.28127377981277D-04
  0.71874067697805D-04  -.94604928271701D-05  0.52939073716577D-04
  0.85030672545257D-02  0.77789279997787D-03  0.90782337191308D-03
  0.59615820797336D-04  -.56546439976080D-04  0.28235180589260D-04
  -.71899706519299D-04  -.94376704062949D-05  -.53065031182929D-04
  -.50777219685133D-02  -.75547866200280D-03  -.10335672952114D-02
  -.26580943094081D-04  0.45005749499761D-04  -.10383593154030D-03
  cycle =      5    SCF energy =     -230.2145925956   |dE/dxyz| =  0.014361
    0.05770270659805     -1.11578437574096     -4.23804606579229      h
   -0.09205572960380     -1.21224832257591     -2.42766983709457      o
    0.18079040215095      1.26679168513546     -1.44534200961510      c
   -1.19121874229896      2.57769576577646     -2.27950920834182      h
    2.07661561085067      1.98265111277468     -1.89109516057834      h
   -0.18086051744697      1.26678746650532      1.44533257403331      c
    1.19119026705501      2.57764150069630      2.27951028382976      h
   -2.07666317313112      1.98270468345275      1.89108872280326      h
    0.09190553618067     -1.21226811331141      2.42764291679729      o
   -0.05788330485488     -1.11581672742203      4.23801729198803      h
  0.20279362641308D-04  0.24545778292484D-04  -.12922917732243D-04
  0.51499961961924D-02  -.83740641119744D-03  0.66251822780117D-03
  -.85785194898532D-02  0.81763361518418D-03  -.10944603538314D-02
  0.10654697754888D-04  0.61900684674478D-05  -.36949145073951D-04
  0.21849723344361D-04  -.93862454206292D-05  -.16690867987136D-04
  0.85785371993048D-02  0.81734932072689D-03  0.10944950423875D-02
  -.10644984824846D-04  0.61803676157361D-05  0.36995688642642D-04
  -.21862778870248D-04  -.93748132164253D-05  0.16627435189746D-04
  -.51499553089880D-02  -.83719957161213D-03  -.66253425834402D-03
  -.20332729621983D-04  0.24537871757187D-04  0.12921201242476D-04
  cycle =      6    SCF energy =     -230.2145927823   |dE/dxyz| =  0.014261
    0.05450218674505     -1.11564252678551     -4.23799690974933      h
   -0.09034217497535     -1.21246877619007     -2.42726955472272      o
    0.18184393494700      1.26671599502230     -1.44507665009486      c
   -1.19003644739568      2.57757800287061     -2.27942451870872      h
    2.07775835791278      1.98292304100248     -1.88958795453519      h
   -0.18191777214949      1.26671154631150      1.44506697995608      c
    1.19000781751972      2.57751986620666      2.27942498016621      h
   -2.07780754441408      1.98298086615696      1.88958299935646      h
    0.09018244502461     -1.21248993998008      2.42724136780281      o
   -0.05466774771494     -1.11567339932420      4.23796876855879      h
  0.10603549676052D-04  0.16180136196860D-04  0.21888955502428D-05
  0.51479389107758D-02  -.85742144380006D-03  0.67839559092439D-03
  -.84927807443098D-02  0.82856946109111D-03  -.10829455793155D-02
  0.95204059852745D-06  0.12766909797441D-04  0.17638821426704D-04
  0.24474455878193D-05  0.15169554549093D-05  0.46401123047968D-05
  0.84928019068219D-02  0.82826526457318D-03  0.10829672631636D-02
  -.94802980268144D-06  0.12766955230655D-04  -.17625321074994D-04
  -.24472541285127D-05  0.15197279740531D-05  -.46615220584074D-05
  -.51479478950579D-02  -.85722899702307D-03  -.67840521686206D-03
  -.10617938212238D-04  0.16180997413982D-04  -.21930518222366D-05
  cycle =      7    SCF energy =     -230.2145928319   |dE/dxyz| =  0.014228
    0.05191443476168     -1.11482746711728     -4.23915243322670      h
   -0.08897742907591     -1.21251850278486     -2.42815882900276      o
    0.18257861865246      1.26638804809215     -1.44507715531503      c
   -1.18897686577848      2.57720974933081     -2.27999421736506      h
    2.07858590910520      1.98285385062232     -1.88865982595269      h
   -0.18265450998226      1.26638348071280      1.44506733282388      c
    1.18894814090616      2.57714949101281      2.27999430677584      h
   -2.07863600230122      1.98291402612871      1.88865570356848      h
    0.08881247314294     -1.21254039932525      2.42812998782618      o
   -0.05207171393096     -1.11485760138155      4.23912463789738      h
  0.23939531269472D-05  -.72999018478305D-06  -.66022972114974D-05
  0.51520094600210D-02  -.82517331537823D-03  0.62537860719706D-03
  -.84701512338401D-02  0.82112445532401D-03  -.10858100710686D-02
  0.16785057750577D-05  0.52965409266405D-05  0.30764118325706D-05
  -.10368258326045D-04  0.11302169589396D-05  -.66607753929379D-06
  0.84701816876549D-02  0.82080734836515D-03  0.10858160287768D-02
  -.16786198649821D-05  0.52992605142334D-05  -.30828365088474D-05
  0.10368844721524D-04  0.11295076847984D-05  0.67132293665888D-06
  -.51520447612335D-02  -.82498869648417D-03  -.62538483653780D-03
  -.23875126329658D-05  -.72753582657035D-06  0.66036986173268D-05
  cycle =      9    SCF energy =     -230.2145928570   |dE/dxyz| =  0.014231
    0.01577910919686     -1.09206494576777     -4.23894948408891      h
   -0.10900164299361     -1.18949866198504     -2.42677220893183      o
    0.17069045225923      1.28956702343227     -1.44648334691654      c
   -1.20774562951515      2.60021556969059     -2.27025712310656      h
    2.06302990897841      2.00592413202656     -1.90575347946925      h
   -0.17069047406352      1.28956702556683      1.44648331809940      c
    1.20774578234985      2.60021544971740      2.27025695180616      h
   -2.06302981605890      2.00592431429260      1.90575365002234      h
    0.10900140472991     -1.18949870124221      2.42677221452757      o
   -0.01577531319302     -1.09206439586585      4.23894973940597      h
  0.38928202603998D-06  -.12547842942065D-05  -.18605544162829D-06
  0.51579266396874D-02  -.81604393604355D-03  0.60864024948387D-03
  -.84816972096746D-02  0.81720585078489D-03  -.10073887157974D-02
  -.24262426634817D-05  0.14359361687605D-05  0.10963216289592D-05
  -.16485165406133D-05  -.92775021284603D-08  0.11699796374832D-05
  0.84816965209633D-02  0.81721483059862D-03  0.10073816611301D-02
  0.24253067890498D-05  0.14362055982809D-05  -.11008746163124D-05
  0.16501223314206D-05  -.13021457538464D-07  -.11637112695112D-05
  -.51579332412306D-02  -.81605118981172D-03  -.60863851022307D-03
  -.38266623112304D-06  -.12551795973950D-05  0.18965001804678D-06
  cycle =     10    SCF energy =     -230.2145928573   |dE/dxyz| =  0.014237
    0.01575048701561     -1.09206841802444     -4.23892894722346      h
   -0.10900404131712     -1.18950494605578     -2.42675018247386      o
    0.17069134099986      1.28957609868386     -1.44647771428077      c
   -1.20772036209742      2.60022690524643     -2.27027660833101      h
    2.06304420819036      2.00591347824667     -1.90574478366128      h
   -0.17069117522370      1.28957610693982      1.44647770061795      c
    1.20772052044961      2.60022697912821      2.27027647096818      h
   -2.06304403311157      2.00591345085450      1.90574488787436      h
    0.10900428542031     -1.18950491163652      2.42675023815841      o
   -0.01574744863588     -1.09206793351736      4.23892916969981      h
  0.58455828744070D-06  -.72755494265134D-06  0.34592346982329D-06
  0.51581647216329D-02  -.81905790873966D-03  0.60888781079796D-03
  -.84860697355280D-02  0.81995420183779D-03  -.10055649951552D-02
  -.83587217765390D-06  0.93913524301741D-06  0.90992995477226D-06
  -.42830279060519D-06  0.22636005993436D-06  0.10608988890404D-05
  0.84860723211887D-02  0.81995209848503D-03  0.10055641767810D-02
  0.83447812943346D-06  0.94017251538996D-06  -.91376022130723D-06
  0.42789161686332D-06  0.22538779204578D-06  -.10567305648169D-05
  -.51581678089401D-02  -.81906087089312D-03  -.60888625066311D-03
  -.58225928335424D-06  -.72604437903549D-06  -.34700016894785D-06
  cycle =     12    SCF energy =     -230.2145928573   |dE/dxyz| =  0.014243
    0.01569840894836     -1.09204736926693     -4.23892971963008      h
   -0.10899806160849     -1.18951016574718     -2.42674721782338      o
    0.17069555739398      1.28958130950590     -1.44647207508466      c
   -1.20768845857213      2.60023352388779     -2.27030396341439      h
    2.06306123023142      2.00590113273664     -1.90573476244199      h
   -0.17069556452556      1.28958130173768      1.44647208213591      c
    1.20768851550179      2.60023345415227      2.27030395192760      h
   -2.06306119815704      2.00590120520783      1.90573481600839      h
    0.10899795689545     -1.18951019348264      2.42674720385662      o
   -0.01569675087224     -1.09204716232599      4.23892981521948      h
  0.64127824920963D-06  -.40312842599852D-10  -.77944948620844D-07
  0.51583783732457D-02  -.82195643801445D-03  0.60881956049776D-03
  -.84906088068407D-02  0.82238929265261D-03  -.10027549699867D-02
  0.65860666646516D-06  0.40571183515239D-06  0.79827138457955D-07
  0.67241006643315D-06  0.49402982954754D-06  0.47399541232687D-06
  0.84906119258630D-02  0.82238814155418D-03  0.10027571043745D-02
  -.65781763467564D-06  0.40511941631023D-06  -.79911459340502D-07
  -.67209791942273D-06  0.49529744734211D-06  -.47332286060087D-06
  -.51583845787833D-02  -.82195665759955D-03  -.60882248466643D-03
  -.63929324300658D-06  0.58165331097901D-09  0.78138281424293D-07
  cycle =     13    SCF energy =     -230.2145928574   |dE/dxyz| =  0.014242
    0.01569010578945     -1.09204271738675     -4.23893079788661      h
   -0.10899192087885     -1.18951090305297     -2.42674770540875      o
    0.17069910369813      1.28958062235846     -1.44647111726026      c
   -1.20768693102698      2.60022932971728     -2.27030664837145      h
    2.06306328976912      2.00590211478446     -1.90573289108022      h
   -0.17069901177134      1.28958061624858      1.44647112143972      c
    1.20768699648003      2.60022936835329      2.27030661685982      h
   -2.06306320705714      2.00590206082998      1.90573293409029      h
    0.10899210517463     -1.18951089512305      2.42674773142784      o
   -0.01568889494151     -1.09204256032391      4.23893088694312      h
  0.60872995819173D-06  0.12438684346469D-06  0.15331059408544D-07
  0.51583041894180D-02  -.82194172861319D-03  0.60874018386185D-03
  -.84896979601742D-02  0.82240103535169D-03  -.10023826622919D-02
  0.43810834622365D-06  0.35828739371382D-06  -.55602686206489D-07
  0.37098071970995D-06  0.39151259791612D-06  0.41846994238916D-06
  0.84896969685098D-02  0.82239973170335D-03  0.10023817554785D-02
  -.43841396187021D-06  0.35845532053356D-06  0.54551745497245D-07
  -.37090271945343D-06  0.39151930119074D-06  -.41757609001789D-06
  -.51583016665312D-02  -.82194213932378D-03  -.60873907395399D-03
  -.61003920969487D-06  0.12416131025067D-06  -.15377480759498D-07
$end
