$hessapprox internal
  0.137817091029D-01  0.234636675357D-03  0.619630007029D+00 -0.342044488169D-02
  0.377491703989D-03  0.363100094042D+00  0.991470648070D-03 -0.960223379108D-03
  0.335021438326D-02  0.421695351633D+00 -0.160823458540D-02  0.172575223734D-02
 -0.550176576439D-02  0.219128871121D-03  0.420133944897D+00  0.542127360009D-02
 -0.153237842815D-03  0.162736502389D-01 -0.569978852497D-02  0.943971630953D-02
  0.318789445286D+00  0.353502538517D-02 -0.221701347395D-02  0.114608784103D-01
 -0.186232644109D-02  0.273222339806D-02 -0.189286994967D-01  0.336910500231D+00
  0.650979445704D-03 -0.105034316473D-04  0.195095024209D-02 -0.691340088271D-03
  0.114627758588D-02 -0.302635891566D-02 -0.228648333138D-02  0.318955058293D+00
  0.983435272093D-03  0.381497683627D-03  0.278787658685D-02 -0.139245052196D-02
  0.237417556241D-02 -0.411299675126D-02 -0.413598595623D-02 -0.488459408708D-03
  0.341642385667D+00  0.997027232213D-03 -0.956132220573D-03  0.336518979335D-02
 -0.235480269915D-03  0.235673069656D-03 -0.572079218414D-02 -0.188901662045D-02
 -0.693813708484D-03 -0.139374844994D-02  0.421676233496D+00 -0.160880387658D-02
  0.173119266733D-02 -0.550565095405D-02  0.214976365305D-03 -0.756987298831D-04
  0.944863557896D-02  0.272490411230D-02  0.114739759708D-02  0.237833296701D-02
  0.231556063280D-03  0.420149534281D+00  0.542605518691D-02 -0.150864729761D-03
  0.162869973331D-01 -0.570701269446D-02  0.945209775750D-02 -0.252984849709D-01
 -0.189496983436D-01 -0.302865722658D-02 -0.411490172465D-02 -0.572801948354D-02
  0.946104045601D-02  0.318750639330D+00  0.349670374506D-02 -0.227556870986D-02
  0.113697713815D-01 -0.176980021468D-02  0.256906803310D-02 -0.188188857528D-01
 -0.847414667228D-02 -0.227391074459D-02 -0.414787254697D-02 -0.179670797680D-02
  0.256131568006D-02 -0.188399826659D-01  0.337386616721D+00  0.655980210168D-03
 -0.998608679952D-05  0.196569732864D-02 -0.697174700292D-03  0.115605013159D-02
 -0.304891644707D-02 -0.230507398006D-02 -0.364927500235D-03 -0.491800974578D-03
 -0.699663651996D-03  0.115718245702D-02 -0.305123005495D-02 -0.229245128595D-02
  0.318949650429D+00  0.958291180204D-03  0.366044187149D-03  0.271888392415D-02
 -0.135185682529D-02  0.230425812082D-02 -0.401441974597D-02 -0.402045953240D-02
 -0.476813574962D-03 -0.457026725789D-03 -0.135315655115D-02  0.230827386860D-02
 -0.401629849087D-02 -0.403159929148D-02 -0.480080154951D-03  0.341658268776D+00
 -0.115020078794D-02  0.144499295496D-03 -0.349761809521D-02  0.111120446053D-02
 -0.182169997236D-02  0.549265707169D-02  0.382384768764D-02  0.658647344300D-03
  0.949545531607D-03  0.111634805232D-02 -0.182289750946D-02  0.549721457795D-02
  0.379184635286D-02  0.663638575418D-03  0.925920159602D-03  0.137158490507D-01
  0.233906144551D-03  0.809509428275D-03  0.374708858177D-03 -0.960743190984D-03
  0.172685764963D-02 -0.148133238035D-03 -0.221698564587D-02 -0.987816509189D-05
  0.383061797112D-03 -0.956640177137D-03  0.173230600054D-02 -0.145751712114D-03
 -0.227566994583D-02 -0.935508462742D-05  0.367559424013D-03  0.143590877888D-03
  0.619632989645D+00 -0.342036920626D-02  0.367115197742D-03 -0.103758096402D-01
  0.335922147204D-02 -0.551840812924D-02  0.162613157651D-01  0.114784143713D-01
  0.194937372051D-02  0.278069394205D-02  0.337413291252D-02 -0.552235756086D-02
  0.162746216751D-01  0.113881150872D-01  0.196410147092D-02  0.271195378430D-02
 -0.349635420254D-02  0.364316248754D-03  0.363108997898D+00  0.364239535586D-02
  0.245518695816D-02  0.990744465363D-02 -0.607013565655D-02  0.104784864577D-01
 -0.140298188604D-01 -0.171068642240D-01 -0.165499553165D-02 -0.100644110892D-02
 -0.606854587601D-02  0.105003507309D-01 -0.140327642177D-01 -0.172318817476D-01
 -0.166546095641D-02 -0.100213422811D-02  0.339760731340D-02  0.246260493304D-02
  0.986824983356D-02  0.504240580291D+00 -0.492463395768D-03 -0.131869907449D-02
 -0.943626650592D-03  0.168497154617D-02 -0.301218349257D-02  0.757254889776D-03
  0.400595338500D-02  0.778290832967D-04 -0.541636934112D-03  0.167870006857D-02
 -0.302126177805D-02  0.753761670671D-03  0.409953837597D-02  0.774348486848D-04
 -0.518333303663D-03 -0.346445676835D-03 -0.132124042675D-02 -0.926405409785D-03
 -0.373508194061D-02  0.379552584431D+00  0.363128024444D-02  0.242728558057D-02
  0.988539945272D-02 -0.603373620247D-02  0.104135111828D-01 -0.140105765572D-01
 -0.170196433133D-01 -0.165296348841D-02 -0.101738708808D-02 -0.603227654178D-02
  0.104351821092D-01 -0.140135934139D-01 -0.171426933007D-01 -0.166343439685D-02
 -0.101259931265D-02  0.338957477527D-02  0.243464909939D-02  0.984657082390D-02
  0.112959129013D-03 -0.368982601390D-02  0.504086931507D+00 -0.522350250411D-03
 -0.136876911108D-02 -0.101291400826D-02  0.176098885389D-02 -0.314654684149D-02
  0.837812829551D-03  0.419766401284D-02  0.869832009054D-04 -0.553931326434D-03
  0.175452065896D-02 -0.315599019247D-02  0.834225764612D-03  0.429460030103D-02
  0.866199717037D-04 -0.529938661274D-03 -0.370899475324D-03 -0.137141798452D-02
 -0.995009612817D-03 -0.384913447560D-02  0.222226572193D-02 -0.380218877191D-02
  0.379716069561D+00 -0.301409017302D-02  0.101840579938D-03 -0.905441322613D-02
  0.315435910674D-02 -0.522133028753D-02  0.140737511567D-01  0.104953173252D-01
  0.168504008395D-02  0.229815298468D-02  0.316613876680D-02 -0.522618590729D-02
  0.140846023709D-01  0.104329702224D-01  0.169761201442D-02  0.224294377647D-02
 -0.305568229853D-02  0.990284992085D-04 -0.904775666931D-02  0.786279075785D-02
 -0.448626591999D-03  0.785150545457D-02 -0.494508979746D-03  0.350283346153D+00
  0.000000000000D+00  0.000000000000D+00  0.000000000000D+00  0.000000000000D+00
  0.000000000000D+00  0.000000000000D+00  0.000000000000D+00  0.000000000000D+00
  0.000000000000D+00  0.000000000000D+00  0.000000000000D+00  0.000000000000D+00
  0.000000000000D+00  0.000000000000D+00  0.000000000000D+00  0.000000000000D+00
  0.000000000000D+00  0.000000000000D+00  0.000000000000D+00  0.000000000000D+00
  0.000000000000D+00  0.000000000000D+00  0.000000000000D+00  0.000000000000D+00
$end
