$coord
    0.02411373129020     -1.08893574099419     -4.24079459314347  h
   -0.12091649494022     -1.18632154969398     -2.43014665767797  o
    0.18924500142201      1.28621537367599     -1.44260345701433  c
   -1.15434918384019      2.62461442066181     -2.27946684112110  h
    2.10068267755350      1.96786764210462     -1.87587883596582  h
   -0.18924498510481      1.28621537256643      1.44260346577024  c
    1.15434923210358      2.62461438590315      2.27946684944721  h
   -2.10068264432749      1.96786767883643      1.87587886143656  h
    0.12091645830196     -1.18632156522042      2.43014665101052  o
   -0.02411245916683     -1.08893556481828      4.24079468113986  h
$user-defined bonds
$intdef
# definitions of internal coordinates
   1 f  1.0000000000000 tors    2    3    6    9 val=  20.00000
$redundant
     number_of_atoms            10
     degrees_of_freedom         24
     internal_coordinates       25
     frozen_coordinates          1
# definitions of redundant internals
   1 k  1.0000000000000 tors   1    2    3    6 val= 176.44760
   2 k  1.0000000000000 stre   2    1           val=   1.81906
   3 k  1.0000000000000 bend   3    1    2      val= 107.94541
   4 k  1.0000000000000 stre   3    4           val=   2.07290
   5 k  1.0000000000000 stre   3    5           val=   2.07508
   6 k  0.0741137210829 bend   5    4    3      val=   0.81517
       -0.5249868634995 bend   2    4    3
       -0.4916772690514 bend   2    5    3
        0.4833727798769 bend   6    4    3
        0.4934573621626 bend   6    5    3
   7 k  0.0128269994040 bend   5    4    3      val=   0.36798
       -0.5346418947718 bend   2    4    3
        0.5598926984174 bend   2    5    3
       -0.4584757170844 bend   6    4    3
        0.4362495794197 bend   6    5    3
   8 k  0.8953345779817 bend   5    4    3      val=   0.11070
       -0.1684044724617 bend   2    4    3
       -0.1953073173499 bend   2    5    3
       -0.2591416031703 bend   6    4    3
       -0.2543945919650 bend   6    5    3
   9 k -0.0101987148870 bend   5    4    3      val=   1.33937
        0.4474485120863 bend   2    4    3
       -0.4470616074011 bend   2    5    3
       -0.5369653841773 bend   6    4    3
        0.5581128117412 bend   6    5    3
  10 k  1.0000000000000 stre   6    7           val=   2.07290
  11 k  1.0000000000000 stre   6    8           val=   2.07508
  12 k  0.0741137161674 bend   8    7    6      val=   0.81517
       -0.5249868675296 bend   9    7    6
       -0.4916772643154 bend   9    8    6
        0.4833727716693 bend   3    7    6
        0.4934573713720 bend   3    8    6
  13 k  0.0128269913723 bend   8    7    6      val=   0.36798
       -0.5346418885071 bend   9    7    6
        0.5598927017212 bend   9    8    6
       -0.4584757258951 bend   3    7    6
        0.4362495738338 bend   3    8    6
  14 k  0.8953345786667 bend   8    7    6      val=   0.11070
       -0.1684044733541 bend   9    7    6
       -0.1953073205377 bend   9    8    6
       -0.2591416077214 bend   3    7    6
       -0.2543945818802 bend   3    8    6
  15 k -0.0101987224692 bend   8    7    6      val=   1.33937
        0.4474485192745 bend   9    7    6
       -0.4470616034728 bend   9    8    6
       -0.5369653821423 bend   3    7    6
        0.5581128109444 bend   3    8    6
  16 k  1.0000000000000 tors  10    9    6    3 val= 176.44756
  17 k  1.0000000000000 stre   9   10           val=   1.81906
  18 k  1.0000000000000 bend   6   10    9      val= 107.94541
  19 k  1.0000000000000 tors   2    3    6    9 val=  20.00000
  20 k  1.0000000000000 stre   3    2           val=   2.68046
  21 k  1.0000000000000 bend   6    2    3      val= 110.50214
  22 k  1.0000000000000 stre   6    9           val=   2.68046
  23 k  1.0000000000000 bend   3    9    6      val= 110.50214
  24 k  1.0000000000000 stre   3    6           val=   2.90993
  25 f  1.0000000000000 tors   2    3    6    9 val=  20.00000
        24 non zero eigenvalues  of BmBt
           1           4.626719928    1    0
         1
           2           3.800114913    2    0
         2
           3           3.723765419    3    0
         3
           4           3.071196908    4    0
         4
           5           2.651729401    5    0
         5
           6           2.476181715    6    0
         6
           7           2.100124744    7    0
         7
           8           1.747464838    8    0
         8
           9           1.231860647    9    0
         9
          10           1.215906196   10    0
        10
          11           1.043745791   11    0
        11
          12           0.838716025   12    0
        12
          13           0.758966910   13    0
        13
          14           0.725378268   14    0
        14
          15           0.685162393   15    0
        15
          16           0.390736837   16    0
        16
          17           0.348596251   17    0
        17
          18           0.294673170   18    0
        18
          19           0.259271792   20    0
        20
          20           0.246856251   21    0
        21
          21           0.188431875   22    0
        22
          22           0.066447854   23    0
        23
          23           0.054578789   24    0
        24
          24           0.000000000    0    1
         0.000000000         0.000000000         0.000000000         0.000000000
         0.000000000         0.000000000         0.000000000         0.000000000
         0.000000000         0.000000000         0.000000000         0.000000000
         0.000000000         0.000000000         0.000000000         0.000000000
         0.000000000         0.000000000         0.000000000         0.000000000
         0.000000000         0.000000000         0.000000000         0.000000000
         1.000000000
$end
