$energy      SCF               SCFKIN            SCFPOT
     1 -230.2126863785      229.3340550248     -459.5467414034
     2 -230.2148000459      229.2576254034     -459.4724254492
     3 -230.2150404769      229.2780500941     -459.4930905710
     4 -230.2150671085      229.2854957113     -459.5005628198
     5 -230.2150705229      229.2817815314     -459.4968520543
     6 -230.2150707030      229.2824329989     -459.4975037020
     7 -230.2150707562      229.2821315274     -459.4972022837
     8 -230.2150707718      229.2823219101     -459.4973926819
     9 -230.2150707782      229.2823434751     -459.4974142533
    10 -230.2150707784      229.2823230994     -459.4973938778
    11 -230.2150707785      229.2823325478     -459.4974033263
    12 -230.2150707785      229.2823183862     -459.4973891647
    13 -230.2150707785      229.2823213016     -459.4973920801
    14 -230.2150707785      229.2823261739     -459.4973969524
$end
