$grad          cartesian gradients
  cycle =      1    SCF energy =     -230.2126863785   |dE/dxyz| =  0.021404
    0.10374741382828     -1.25948213311871     -4.06812619257155      h
   -0.13670612838658     -1.20750265772523     -2.26695286689127      o
    0.19656450655173      1.32556391073799     -1.41824109915284      c
   -1.17411953345689      2.60652427437983     -2.29715075141975      h
    2.10015619020555      2.02379395656049     -1.84360527818941      h
   -0.19656449064980      1.32556673090112      1.41823756115293      c
    1.17409770793196      2.60654747392541      2.29715648384811      h
   -2.10016669718301      2.02377481386105      1.84358060447612      h
    0.13673805619396     -1.20749177278426      2.26696066715818      o
   -0.10422205748782     -1.25955488037479      4.06806348049107      h
  -.13307104820127D-03  -.17220903586823D-02  0.11471419384701D-02
  0.20102945895640D-02  -.49673738841699D-02  0.84834918003284D-02
  -.38612090407488D-02  0.52875084115223D-02  0.79377891621231D-02
  -.11790213280696D-02  -.82008427791452D-03  0.12066129621796D-02
  -.71546636405598D-03  0.22220338292163D-02  0.30391045457830D-02
  0.38605421273480D-02  0.52877172986676D-02  -.79376903381171D-02
  0.11791948428725D-02  -.82000268214873D-03  -.12061537875290D-02
  0.71584460967733D-03  0.22222235386162D-02  -.30395951204159D-02
  -.20093248535354D-02  -.49678344860977D-02  -.84835263415554D-02
  0.13221533151602D-03  -.17219339412092D-02  -.11471767211688D-02
  cycle =      2    SCF energy =     -230.2148000459   |dE/dxyz| =  0.015704
    0.08554427060405     -1.09370144587836     -4.29093235855227      h
   -0.10611278335977     -1.20670509511674     -2.48490826446584      o
    0.19297153461876      1.25260727478271     -1.44706761191975      c
   -1.14761315706292      2.58191315636912     -2.30160658359356      h
    2.09742173147205      1.95478953027472     -1.86819809865794      h
   -0.19300988047799      1.25260494559826      1.44705916805271      c
    1.14758452516100      2.58189311308188      2.30161359387700      h
   -2.09745469572879      1.95480563372309      1.86817746648325      h
    0.10604558829894     -1.20671358789243      2.48489233970014      o
   -0.08585216597794     -1.09375380857936      4.29089295797785      h
  -.64692628536390D-04  -.94779438511639D-03  -.72039364183277D-03
  0.46552857832434D-02  -.42251486266985D-03  -.31145680291964D-02
  -.90316424042764D-02  0.18078253440910D-02  0.24114586289419D-03
  0.49136613208756D-03  -.89237925376719D-03  -.18484730394207D-02
  -.88020168742654D-03  0.45575142380302D-03  -.65718454001704D-04
  0.90313778815392D-02  0.18078354122859D-02  -.24121576020349D-03
  -.49131248058426D-03  -.89238530809111D-03  0.18489218471927D-02
  0.88042943120016D-03  0.45575717283643D-03  0.65232144137372D-04
  -.46549891271227D-02  -.42229363052764D-03  0.31149756005812D-02
  0.64379643317538D-04  -.94796131836843D-03  0.72009358956313D-03
  cycle =      3    SCF energy =     -230.2150404769   |dE/dxyz| =  0.014620
    0.08033762355231     -1.11301357494957     -4.24890473355027      h
   -0.10785892606387     -1.20720451028813     -2.44226678420568      o
    0.19587388492429      1.26299117674161     -1.44215446234369      c
   -1.14564966498683      2.59278180185512     -2.29509003753533      h
    2.10593520058106      1.95334784354822     -1.86364524951760      h
   -0.19592085007256      1.26298826729331      1.44214562982022      c
    1.14562176811713      2.59275208567971      2.29509501318802      h
   -2.10597246347965      1.95337444666147      1.86362917265001      h
    0.10776933864603     -1.20721658848642      2.44224685561941      o
   -0.08061094367053     -1.11306123169244      4.24886720477650      h
  -.24243177310664D-04  -.39462103556762D-03  -.32095468426605D-04
  0.49408384613859D-02  -.66780923016725D-03  -.55857166555607D-03
  -.88651043105430D-02  0.13558303398761D-02  -.17289409548404D-03
  0.88801530532586D-04  -.54735529000228D-03  -.77236147223778D-03
  -.31524039119306D-03  0.25443744028351D-03  0.14366147288912D-03
  0.88649507628331D-02  0.13557604743192D-02  0.17288804952345D-03
  -.88770820178985D-04  -.54740739811524D-03  0.77265577895216D-03
  0.31532581954730D-03  0.25447102428567D-03  -.14398829160584D-03
  -.49405437091782D-02  -.66756649175457D-03  0.55873687552612D-03
  0.23986513532297D-04  -.39471963969674D-03  0.31969042637120D-04
  cycle =      4    SCF energy =     -230.2150671085   |dE/dxyz| =  0.015270
    0.07107087530958     -1.11743483287176     -4.23217726539751      h
   -0.10558107481189     -1.20829568494500     -2.42413048136151      o
    0.19899803555917      1.26598315399059     -1.44059193070629      c
   -1.13899090066876      2.60243700524661     -2.28962158491803      h
    2.11399365793331      1.94621251558465     -1.86096046162932      h
   -0.19906183444990      1.26597889074070      1.44058216570364      c
    1.13896323237222      2.60238919980337      2.28962419249275      h
   -2.11403946414649      1.94625851222955      1.86095111520852      h
    0.10544755285063     -1.20831514545951      2.42410301675389      o
   -0.07127511240050     -1.11747389795630      4.23214384275545      h
  0.27493430713479D-04  0.49300697647876D-04  0.97389739039563D-04
  0.54338769784924D-02  -.90937776945879D-03  0.11084050602197D-02
  -.91034487844105D-02  0.93359951662503D-03  -.11121551906675D-02
  -.50282611168947D-04  -.60754997515844D-04  -.41654114587625D-04
  0.73509192754710D-04  -.12357764274523D-04  0.44551389747382D-04
  0.91034530596285D-02  0.93336540746529D-03  0.11122183263298D-02
  0.50301993894675D-04  -.60782563659163D-04  0.41766244864417D-04
  -.73536643773209D-04  -.12334875371387D-04  -.44682787045786D-04
  -.54337578043821D-02  -.90911974650711D-03  -.11084400095572D-02
  -.27607710679778D-04  0.49279568470664D-04  -.97398459095032D-04
  cycle =      5    SCF energy =     -230.2150705229   |dE/dxyz| =  0.015396
    0.06718860775091     -1.11235554193263     -4.24017427531124      h
   -0.10274182824170     -1.20898308912980     -2.43160371904399      o
    0.19998784852801      1.26341035487049     -1.44127183080124      c
   -1.13666020787647      2.60221363565194     -2.28868203421220      h
    2.11489608063947      1.94461688952915     -1.85995632717173      h
   -0.20005804369745      1.26340546621573      1.44126156024125      c
    1.13663237964106      2.60215916800620      2.28868360074218      h
   -2.11494489835272      1.94466995583156      1.85994943321146      h
    0.10259212538033     -1.20900540450525      2.43157381136008      o
   -0.06736709622408     -1.11239171817451      4.24014238988703      h
  0.20409274342823D-04  0.24291609623919D-04  -.18509502629870D-04
  0.55064119731003D-02  -.10082181640699D-02  0.76267500676022D-03
  -.91629272872263D-02  0.98417099880859D-03  -.12924252630505D-02
  0.15137657139752D-04  0.10272701473790D-04  -.33588750448448D-04
  0.21740480329048D-04  -.99660252766631D-05  -.18023323448898D-04
  0.91629494025162D-02  0.98386855480937D-03  0.12924628181871D-02
  -.15127561765252D-04  0.10263461378778D-04  0.33632879012862D-04
  -.21752989384099D-04  -.99549963885813D-05  0.17960060301163D-04
  -.55063802632213D-02  -.10079982485110D-02  -.76268893913086D-03
  -.20459349056875D-04  0.24282268939320D-04  0.18504936491325D-04
  cycle =      6    SCF energy =     -230.2150707030   |dE/dxyz| =  0.015273
    0.06442240472951     -1.11250832469906     -4.23968553287316      h
   -0.10127700521255     -1.20914946409290     -2.43076604416498      o
    0.20093412576266      1.26348534843102     -1.44097026950017      c
   -1.13573173008768      2.60204094446285     -2.28865944753888      h
    2.11587891474412      1.94503363325476     -1.85859250436361      h
   -0.20100752483897      1.26348022930206      1.44095976794699      c
    1.13570382108669      2.60198314126479      2.28866053886233      h
   -2.11592920693599      1.94509036090868      1.85858692549453      h
    0.10111910397334     -1.20917310665975      2.43073490065369      o
   -0.06458793567378     -1.11254304580958      4.23965427438485      h
  0.10678740370342D-04  0.15063035992774D-04  0.40236664962889D-05
  0.54968187032524D-02  -.10117569700000D-02  0.79627264428822D-03
  -.90654411167441D-02  0.98679226206702D-03  -.12686084101923D-02
  0.27868290224579D-06  0.92290840959610D-05  0.15153154431178D-04
  0.22509982331084D-05  0.12611283359815D-05  0.50975314554212D-05
  0.90654671613113D-02  0.98646855138469D-03  0.12686336708073D-02
  -.27401408217285D-06  0.92280384207546D-05  -.15137419153217D-04
  -.22520410615129D-05  0.12642601718924D-05  -.51229033129527D-05
  -.54968300775045D-02  -.10115477259561D-02  -.79628424416512D-03
  -.10695623855712D-04  0.15062481234396D-04  -.40278217674209D-05
  cycle =      7    SCF energy =     -230.2150707562   |dE/dxyz| =  0.015245
    0.06193653559991     -1.11168577291994     -4.24083996897705      h
   -0.09995575589492     -1.20921411832668     -2.43161918209429      o
    0.20163822084600      1.26315827574543     -1.44097931916626      c
   -1.13469626554398      2.60170728566413     -2.28918618020251      h
    2.11667142673542      1.94493640578368     -1.85770763098639      h
   -0.20171374996156      1.26315301302152      1.44096864493443      c
    1.13466829486569      2.60164729436875      2.28918691816801      h
   -2.11672271236284      1.94499556903704      1.85770294523588      h
    0.09979245596573     -1.20923862888313      2.43158725988407      o
   -0.06209348270210     -1.11171960712793      4.24080912210571      h
  0.25357267541883D-05  -.12282288518931D-05  -.61861333433068D-05
  0.55031065064644D-02  -.98091640831484D-03  0.74829636036627D-03
  -.90446705334301D-02  0.97750396268875D-03  -.12805865320562D-02
  0.10630071560374D-05  0.45780872922671D-05  0.11550889950333D-05
  -.96007084419693D-05  0.69232062017380D-06  -.98402548417558D-06
  0.90447043265927D-02  0.97716699420091D-03  0.12805953046579D-02
  -.10634963887781D-05  0.45805839420578D-05  -.11596143404748D-05
  0.96027238681299D-05  0.69226482549397D-06  0.98641148228152D-06
  -.55031448978157D-02  -.98071897371045D-03  -.74830447816115D-03
  -.25311764511907D-05  -.12257362407803D-05  0.61874236685486D-05
  cycle =      9    SCF energy =     -230.2150707782   |dE/dxyz| =  0.015249
    0.02423172733056     -1.08897126076123     -4.24080745823982      h
   -0.12093584224578     -1.18630860948675     -2.43016850215850      o
    0.18923069262167      1.28620288363636     -1.44261801290636      c
   -1.15441185560444      2.62460689845896     -2.27941731859975      h
    2.10064435013287      1.96789147277988     -1.87590709125632      h
   -0.18923070979337      1.28620288664048      1.44261798969654      c
    1.15441198954713      2.62460680272573      2.27941717490208      h
   -2.10064427403069      1.96789163543857      1.87590724459384      h
    0.12093564334796     -1.18630865108047      2.43016850359780      o
   -0.02422857567071     -1.08897074437347      4.24080770232654      h
  0.56608245559701D-06  -.14798200329699D-05  -.13390890492902D-06
  0.55104870696202D-02  -.97390071299069D-03  0.72284381928869D-03
  -.90583401685122D-02  0.97428170555517D-03  -.11950634419722D-02
  -.21310357375414D-05  0.13645010599573D-05  0.86242157019525D-06
  -.16358220393265D-05  -.42269724328865D-07  0.11009990047605D-05
  0.90583404589390D-02  0.97428729981920D-03  0.11950577171765D-02
  0.21300340586876D-05  0.13657767680206D-05  -.86637678287342D-06
  0.16359517616864D-05  -.44157578635696D-07  -.10953179381023D-05
  -.55104917861009D-02  -.97390944747416D-03  -.72284262717115D-03
  -.56078700253344D-06  -.14788206683037D-05  0.13670653976161D-06
  cycle =     10    SCF energy =     -230.2150707784   |dE/dxyz| =  0.015255
    0.02420041309996     -1.08897044965258     -4.24079022912980      h
   -0.12093650105233     -1.18631452255705     -2.43014925967288      o
    0.18923239543480      1.28621052574378     -1.44261153489734      c
   -1.15438617414717      2.62461628464631     -2.27943461480577      h
    2.10065933880595      1.96787954582958     -1.87589505981816      h
   -0.18923226080061      1.28621053828381      1.44261152486242      c
    1.15438631038200      2.62461634465481      2.27943449816553      h
   -2.10065919114561      1.96787953626648      1.87589515492397      h
    0.12093668995819     -1.18631449167537      2.43014930853533      o
   -0.02419787489999     -1.08896999756171      4.24079044379274      h
  0.78511456396618D-06  -.93582706735364D-06  0.26885147214872D-06
  0.55106979643496D-02  -.97665079495503D-03  0.72312912095544D-03
  -.90626537211195D-02  0.97690058881393D-03  -.11929391782805D-02
  -.66771606001328D-06  0.79950611093170D-06  0.75302341207777D-06
  -.36135459992479D-06  0.10972776459770D-06  0.10760923902072D-05
  0.90626555258777D-02  0.97690010254806D-03  0.11929385455605D-02
  0.66643742818790D-06  0.80036097566068D-06  -.75620771258218D-06
  0.36138165595498D-06  0.10880987836591D-06  -.10724710635158D-05
  -.55107004279671D-02  -.97665416662869D-03  -.72312852262068D-03
  -.78320790158038D-06  -.93431096960671D-06  -.26926114760256D-06
  cycle =     12    SCF energy =     -230.2150707785   |dE/dxyz| =  0.015261
    0.02413414469911     -1.08894455419521     -4.24079275072288      h
   -0.12093046775978     -1.18631943339804     -2.43014667804168      o
    0.18923655545951      1.28621592292318     -1.44260508714254      c
   -1.15435427598294      2.62462217690580     -2.27946010690385      h
    2.10067647809211      1.96786603723115     -1.87588314072895      h
   -0.18923656120222      1.28621591650433      1.44260509289470      c
    1.15435432454374      2.62462211765324      2.27946010054861      h
   -2.10067645312602      1.96786609449842      1.87588318600466      h
    0.12093038232896     -1.18631945810092      2.43014666549044      o
   -0.02413279376074     -1.08894436700039      4.24079284248320      h
  0.82698274410857D-06  -.19629629656636D-06  -.12887212300858D-06
  0.55109059316714D-02  -.97954286743249D-03  0.72302060563476D-03
  -.90672957900469D-02  0.97950491534864D-03  -.11899022958616D-02
  0.77821724321380D-06  0.16875560405414D-06  0.23064646968051D-07
  0.80255916921430D-06  0.28771132420294D-06  0.57191413138513D-06
  0.90672980488266D-02  0.97950446740608D-03  0.11899038032023D-02
  -.77752797843263D-06  0.16800844731959D-06  -.22993621693908D-07
  -.80210830674558D-06  0.28846275662393D-06  -.57137546488082D-06
  -.55109109531235D-02  -.97954274062269D-03  -.72302292475314D-03
  -.82535921587508D-06  -.19601136060690D-06  0.12907201559110D-06
  cycle =     13    SCF energy =     -230.2150707785   |dE/dxyz| =  0.015259
    0.02412504583812     -1.08893995656932     -4.24079402938763      h
   -0.12092371318017     -1.18632028994331     -2.43014718429198      o
    0.18924052322299      1.28621529447971     -1.44260441382093      c
   -1.15435249394173      2.62461793925274     -2.27946319496085      h
    2.10067885504384      1.96786717472674     -1.87588132031358      h
   -0.18924044855032      1.28621528947571      1.44260441808269      c
    1.15435254783342      2.62461796799856      2.27946317063870      h
   -2.10067878716397      1.96786713056149      1.87588135703423      h
    0.12092386056229     -1.18632028294837      2.43014720770848      o
   -0.02412405637276     -1.08893981401239      4.24079411319258      h
  0.80397206326317D-06  -.89371758981489D-07  -.24549396718587D-07
  0.55108281939624D-02  -.97951437949654D-03  0.72292333154734D-03
  -.90662682326558D-02  0.97949572550187D-03  -.11896712656086D-02
  0.54043814822127D-06  0.14543413445711D-06  -.13231796381342D-06
  0.47608515508688D-06  0.18564399220824D-06  0.51073849333910D-06
  0.90662674366806D-02  0.97949504293752D-03  0.11896702704152D-02
  -.54067068703922D-06  0.14540669655620D-06  0.13148413020064D-06
  -.47599117317835D-06  0.18550664343015D-06  -.50999451832663D-06
  -.55108262496397D-02  -.97951463180610D-03  -.72292218000514D-03
  -.80498256032412D-06  -.89706943702847D-07  0.24479412320779D-07
$end
