$hessapprox internal
  0.133902452576D-01 -0.493566906220D-03  0.619153621019D+00 -0.350691845655D-02
 -0.116897854372D-02  0.365321292951D+00  0.991777560832D-03 -0.622626307691D-03
  0.234959674151D-02  0.423115850079D+00 -0.250554849454D-02  0.352489104148D-03
 -0.588453414069D-02 -0.746882089275D-03  0.418841082283D+00  0.564906425231D-02
  0.186711212131D-02  0.131555100722D-01 -0.375230069385D-02  0.943874485957D-02
  0.323017598128D+00  0.464207258654D-02  0.844155054275D-04  0.108713776990D-01
 -0.122378646563D-03  0.408893245763D-02 -0.174626877463D-01  0.335875702710D+00
  0.106468917704D-02  0.561444014325D-03  0.247063421850D-02 -0.113515541818D-02
  0.230896017977D-02 -0.398707065631D-02 -0.394018543463D-02  0.318682707247D+00
  0.155482055137D-02  0.971623590120D-03  0.360161728384D-02 -0.196757715354D-02
  0.375564708165D-02 -0.581745670532D-02 -0.622392469089D-02 -0.887804105607D-03
  0.341147902023D+00  0.997390277255D-03 -0.617663109096D-03  0.236253695789D-02
  0.127219123684D-02 -0.729642487671D-03 -0.377325238612D-02 -0.149354722029D-03
 -0.113769374791D-02 -0.197026278086D-02  0.423095701739D+00 -0.250533101854D-02
  0.354879706933D-03 -0.588412514985D-02 -0.751762036110D-03 -0.119393588679D-02
  0.943800648095D-02  0.408107912651D-02  0.230986834643D-02  0.375773162414D-02
 -0.734507633570D-03  0.418853549758D+00  0.564929849731D-02  0.186883227945D-02
  0.131559865293D-01 -0.375581122147D-02  0.944329136395D-02 -0.211927014370D-01
 -0.174684993909D-01 -0.398648383520D-02 -0.581606243870D-02 -0.377675272514D-02
  0.944256116525D-02  0.323015956300D+00  0.461654384401D-02  0.403337944612D-04
  0.108134247770D-01 -0.326263559524D-04  0.395612018788D-02 -0.173681100571D-01
 -0.967029095430D-02 -0.393848753742D-02 -0.623312185446D-02 -0.597476714701D-04
  0.394809204153D-02 -0.173740442100D-01  0.336256628475D+00  0.106700941799D-02
  0.562394520749D-03  0.247602986434D-02 -0.113707162010D-02  0.231330142107D-02
 -0.399576866485D-02 -0.394792657803D-02 -0.657060237053D-03 -0.890010692730D-03
 -0.113961731931D-02  0.231421020223D-02 -0.399518153181D-02 -0.394620396743D-02
  0.318679596938D+00  0.153488176216D-02  0.954043866466D-03  0.355564588171D-02
 -0.193188921701D-02  0.369453534678D-02 -0.574302553190D-02 -0.612825414590D-02
 -0.878763193038D-03 -0.113586510005D-02 -0.193457486584D-02  0.369656756835D-02
 -0.574166727655D-02 -0.613693933303D-02 -0.880943579421D-03  0.341167084987D+00
 -0.152695816444D-02 -0.555184807507D-03 -0.355384916156D-02  0.111739104464D-02
 -0.267905136088D-02  0.572653790481D-02  0.487660929691D-02  0.105459485245D-02
  0.152219866759D-02  0.112271443304D-02 -0.267910417400D-02  0.572658175870D-02
  0.485493124679D-02  0.105692527290D-02  0.150328160343D-02  0.133541169480D-01
 -0.494063464168D-03  0.303428569959D-03 -0.117019080133D-02 -0.625011278588D-03
  0.355021735788D-03  0.186901931377D-02  0.818336761453D-04  0.562403118490D-03
  0.973458386413D-03 -0.620037290708D-03  0.357419047421D-03  0.187074425197D-02
  0.376413448422D-04  0.563354933737D-03  0.955840482509D-03 -0.555844838887D-03
  0.619155954253D+00 -0.350917440337D-02 -0.117628145011D-02 -0.817145522197D-02
  0.236448704234D-02 -0.590488938562D-02  0.131637539678D-01  0.108986592103D-01
  0.246922410946D-02  0.359741210811D-02  0.237739148814D-02 -0.590451287377D-02
  0.131642075316D-01  0.108411731876D-01  0.247462054407D-02  0.355156704726D-02
 -0.355536324355D-02 -0.117751323414D-02  0.365311426203D+00  0.356977772632D-02
  0.311706341648D-02  0.823185030584D-02 -0.632746234628D-02  0.108644728959D-01
 -0.133269357947D-01 -0.170345435673D-01 -0.163255468855D-02 -0.174753800474D-02
 -0.632766281606D-02  0.108736885522D-01 -0.133205959512D-01 -0.171238700183D-01
 -0.163725801451D-02 -0.174660893876D-02  0.339042873630D-02  0.312381222251D-02
  0.820965990339D-02  0.503791233739D+00 -0.893140951640D-03 -0.131048593979D-02
 -0.203726479713D-02  0.266676046997D-02 -0.406036100686D-02  0.331660845321D-02
  0.590525819384D-02  0.165509165431D-03 -0.910472335724D-04  0.266323903149D-02
 -0.406531876517D-02  0.331314311973D-02  0.596844480345D-02  0.166468664021D-03
 -0.786509501901D-04 -0.785733777287D-03 -0.131369289550D-02 -0.202420781364D-02
 -0.215281725923D-02  0.379509880384D+00  0.356193787425D-02  0.309517563273D-02
  0.821440402080D-02 -0.628284575158D-02  0.108025651510D-01 -0.132981700320D-01
 -0.169505473296D-01 -0.163585658220D-02 -0.175867596557D-02 -0.628314703126D-02
  0.108116853859D-01 -0.132918973829D-01 -0.170385199112D-01 -0.164055573762D-02
 -0.175739093155D-02  0.338475555141D-02  0.310186657145D-02  0.819247511102D-02
 -0.356164469046D-03 -0.211509870362D-02  0.503667060808D+00 -0.913861850717D-03
 -0.134987074010D-02 -0.208415187544D-02  0.274697214226D-02 -0.417727916481D-02
  0.339325383868D-02  0.607007592227D-02  0.165236685981D-03 -0.102101421640D-03
  0.274330855114D-02 -0.418239683353D-02  0.338967630187D-02  0.613541970665D-02
  0.166214767643D-03 -0.892037819193D-04 -0.802904319262D-03 -0.135317779935D-02
 -0.207066493407D-02 -0.224044647804D-02  0.176155930265D-02 -0.220147895047D-02
  0.379630270795D+00 -0.173691132098D-02 -0.127282255903D-02 -0.401553836571D-02
  0.258074888517D-02 -0.466951354648D-02  0.649249988728D-02  0.753323345740D-02
  0.905970507044D-03  0.109302341961D-02  0.258248757291D-02 -0.467277890225D-02
  0.649027863492D-02  0.755793128850D-02  0.908358784279D-03  0.108676847394D-02
 -0.167838205112D-02 -0.127540853694D-02 -0.400818997214D-02  0.116588490971D-02
  0.512735850246D-03  0.118612911832D-02  0.538247724030D-03  0.359339269638D+00
  0.000000000000D+00  0.000000000000D+00  0.000000000000D+00  0.000000000000D+00
  0.000000000000D+00  0.000000000000D+00  0.000000000000D+00  0.000000000000D+00
  0.000000000000D+00  0.000000000000D+00  0.000000000000D+00  0.000000000000D+00
  0.000000000000D+00  0.000000000000D+00  0.000000000000D+00  0.000000000000D+00
  0.000000000000D+00  0.000000000000D+00  0.000000000000D+00  0.000000000000D+00
  0.000000000000D+00  0.000000000000D+00  0.000000000000D+00  0.000000000000D+00
$end
