$coord
    0.76682897469458     -0.98406179094113     -4.43149502119764  h
   -0.38499409635151     -0.73473846638654     -3.04542257486621  o
    0.80612746300106      0.82060977680222     -1.18976862404442  c
    1.00120587982125      2.75351393404443     -1.91273907770172  h
    2.68682064646433      0.11432394143867     -0.69547839603396  h
   -0.80612735617085      0.82060988465370      1.18976864358409  c
   -1.00120553257673      2.75351407063711      1.91273908470834  h
   -2.68682062870271      0.11432427471168      0.69547842639837  h
    0.38499402143304     -0.73473849449128      3.04542259723034  o
   -0.76682895559444     -0.98406140650950      4.43149519655568  h
$user-defined bonds
$intdef
# definitions of internal coordinates
   1 f  1.0000000000000 tors    2    3    6    9 val= 105.00000
$redundant
     number_of_atoms            10
     degrees_of_freedom         24
     internal_coordinates       25
     frozen_coordinates          1
# definitions of redundant internals
   1 k  1.0000000000000 tors   1    2    3    6 val= 190.20438
   2 k  1.0000000000000 stre   2    1           val=   1.81936
   3 k  1.0000000000000 bend   3    1    2      val= 108.87131
   4 k  1.0000000000000 stre   3    5           val=   2.06886
   5 k  1.0000000000000 stre   3    4           val=   2.07289
   6 k  0.0670756100782 bend   4    5    3      val=   0.74898
       -0.5231129273753 bend   2    5    3
       -0.4926011870515 bend   2    4    3
        0.4768603225677 bend   6    5    3
        0.5017987953569 bend   6    4    3
   7 k  0.0000789165458 bend   4    5    3      val=   0.13521
        0.5238501682584 bend   2    5    3
       -0.5511004273314 bend   2    4    3
        0.4733615148220 bend   6    5    3
       -0.4447450845916 bend   6    4    3
   8 k -0.8908553073708 bend   4    5    3      val=   1.08246
        0.1822981922235 bend   2    5    3
        0.1983907744729 bend   2    4    3
        0.2656276222030 bend   6    5    3
        0.2514503079499 bend   6    4    3
   9 k -0.0110560060746 bend   4    5    3      val=   1.52982
        0.4640012306198 bend   2    5    3
       -0.4542943721773 bend   2    4    3
       -0.5312311873543 bend   6    5    3
        0.5440502474065 bend   6    4    3
  10 k  1.0000000000000 stre   6    8           val=   2.06886
  11 k  1.0000000000000 stre   6    7           val=   2.07289
  12 k  0.0670756049389 bend   7    8    6      val=   0.74898
       -0.5231129289280 bend   9    8    6
       -0.4926011856042 bend   9    7    6
        0.4768603210795 bend   3    8    6
        0.5017987972602 bend   3    7    6
  13 k  0.0000789144948 bend   7    8    6      val=   0.13521
        0.5238501652984 bend   9    8    6
       -0.5511004250378 bend   9    7    6
        0.4733615208136 bend   3    8    6
       -0.4447450845433 bend   3    7    6
  14 k -0.8908553057895 bend   7    8    6      val=   1.08246
        0.1822981945463 bend   9    8    6
        0.1983907807877 bend   9    7    6
        0.2656276205530 bend   3    8    6
        0.2514503086290 bend   3    7    6
  15 k -0.0110560064887 bend   7    8    6      val=   1.52982
        0.4640012340144 bend   9    8    6
       -0.4542943747530 bend   9    7    6
       -0.5312311847002 bend   3    8    6
        0.5440502449438 bend   3    7    6
  16 k  1.0000000000000 tors  10    9    6    3 val= 190.20437
  17 k  1.0000000000000 stre   9   10           val=   1.81936
  18 k  1.0000000000000 bend   6   10    9      val= 108.87131
  19 k  1.0000000000000 tors   2    3    6    9 val= 105.00000
  20 k  1.0000000000000 stre   3    2           val=   2.69839
  21 k  1.0000000000000 bend   6    2    3      val= 108.76661
  22 k  1.0000000000000 stre   6    9           val=   2.69839
  23 k  1.0000000000000 bend   3    9    6      val= 108.76661
  24 k  1.0000000000000 stre   3    6           val=   2.87429
  25 f  1.0000000000000 tors   2    3    6    9 val= 105.00000
        24 non zero eigenvalues  of BmBt
           1           4.077638207    1    0
         1
           2           3.839928346    2    0
         2
           3           3.772417221    3    0
         3
           4           3.006407363    4    0
         4
           5           2.926031438    5    0
         5
           6           2.456959905    6    0
         6
           7           2.094372747    7    0
         7
           8           1.720388178    8    0
         8
           9           1.255748064    9    0
         9
          10           1.223853545   10    0
        10
          11           1.048990308   11    0
        11
          12           0.843118322   12    0
        12
          13           0.769896732   13    0
        13
          14           0.730242651   14    0
        14
          15           0.526564315   15    0
        15
          16           0.511074862   16    0
        16
          17           0.353528708   17    0
        17
          18           0.346510205   18    0
        18
          19           0.280898591   20    0
        20
          20           0.254523685   21    0
        21
          21           0.090423166   22    0
        22
          22           0.088195749   23    0
        23
          23           0.066350218   24    0
        24
          24           0.000000000    0    1
         0.000000000         0.000000000         0.000000000         0.000000000
         0.000000000         0.000000000         0.000000000         0.000000000
         0.000000000         0.000000000         0.000000000         0.000000000
         0.000000000         0.000000000         0.000000000         0.000000000
         0.000000000         0.000000000         0.000000000         0.000000000
         0.000000000         0.000000000         0.000000000         0.000000000
         1.000000000
$end
