$energy      SCF               SCFKIN            SCFPOT
     1 -230.2229706577      229.3246692688     -459.5476399265
     2 -230.2235906461      229.2830517604     -459.5066424065
     3 -230.2236715159      229.2879681224     -459.5116396383
     4 -230.2236956253      229.2923158599     -459.5160114852
     5 -230.2236963569      229.2907853330     -459.5144816898
     6 -230.2236963947      229.2909062005     -459.5146025953
     7 -230.2236963992      229.2908984598     -459.5145948590
     8 -230.2236963988      229.2908968527     -459.5145932515
     9 -230.2236963991      229.2909070940     -459.5146034931
    10 -230.2236963992      229.2908860304     -459.5145824296
    11 -230.2236963991      229.2908865791     -459.5145829782
    12 -230.2236963992      229.2908877276     -459.5145841268
    13 -230.2236963992      229.2908864105     -459.5145828097
$end
