$grad          cartesian gradients
  cycle =      1    SCF energy =     -230.2229706577   |dE/dxyz| =  0.011167
    0.63362637305256     -0.77858818707954     -4.50419625455553      h
   -0.38107091232063     -0.74644506749547     -2.99618386737145      o
    0.82640629864014      0.81943184674434     -1.16920945342422      c
    1.03685066316906      2.76263191809379     -1.85608870054117      h
    2.70574612562208      0.09986768612516     -0.67683713116410      h
   -0.82646199103480      0.81937867904270      1.16920625232750      c
   -1.03707100370833      2.76256667115825      1.85607549079659      h
   -2.70573712212149      0.09965781572229      0.67682475047517      h
    0.38113802214051     -0.74638256563312      2.99619854241173      o
   -0.63381662251565     -0.77900058583535      4.50402705448286      h
  -.61253779548660D-03  0.90167338785891D-03  0.11305088073397D-02
  -.19276267426245D-02  -.32498583143202D-05  0.38587009379823D-02
  0.42610462241451D-02  -.10045408900066D-02  0.26271132213017D-02
  0.27594157959596D-03  0.47983571318984D-03  0.34254956014663D-02
  0.13836298367955D-02  -.37236684702374D-03  -.10588579074670D-02
  -.42614867237844D-02  -.10037200306563D-02  -.26274903627016D-02
  -.27605054488249D-03  0.47997029485664D-03  -.34250208017132D-02
  -.13832865840657D-02  -.37228982514122D-03  0.10585013893554D-02
  0.19285071113268D-02  -.21410632101121D-05  -.38579290726459D-02
  0.61185886110571D-03  0.90093980142283D-03  -.11310297007009D-02
  cycle =      2    SCF energy =     -230.2235906461   |dE/dxyz| =  0.004539
    0.69030339675326     -0.83494721994035     -4.51087754381086      h
   -0.38583187095589     -0.72684433827379     -3.04711823018852      o
    0.80633529690694      0.82806457962917     -1.19264074246013      c
    1.00562653486876      2.76863300858961     -1.89481223610380      h
    2.69187587432729      0.12200920658931     -0.71593564849734      h
   -0.80641879583857      0.82798955118634      1.19263014145097      c
   -1.00584898656868      2.76852983493372      1.89484381872092      h
   -2.69190610195297      0.12181316805526      0.71589973663568      h
    0.38585261491252     -0.72687220696743      3.04707957326647      o
   -0.69037813152921     -0.83525737295878      4.51074781442399      h
  -.20545761987281D-03  0.55232138608464D-04  -.48703939286853D-03
  -.54486298025898D-03  0.65752536712703D-03  -.36202040879195D-03
  0.21508050646323D-02  -.12822813247539D-02  0.54727256464636D-03
  0.58375345852120D-03  0.40890407805105D-03  0.10548547706537D-02
  0.21785776542384D-03  0.16120825779765D-03  -.94514700180680D-03
  -.21511567693304D-02  -.12814894574803D-02  -.54708066093376D-03
  -.58396236792418D-03  0.40912983581572D-03  -.10543710161741D-02
  -.21747197963433D-03  0.16131622575808D-03  0.94477002644970D-03
  0.54541999895241D-03  0.65801497298631D-03  0.36191277145859D-03
  0.20507829254447D-03  0.54912614008921D-04  0.48684373540777D-03
  cycle =      3    SCF energy =     -230.2236715159   |dE/dxyz| =  0.004544
    0.71041546185096     -0.88741750267657     -4.47834815073564      h
   -0.39918653116689     -0.71238882781736     -3.04678173251723      o
    0.79901726577520      0.84108908469417     -1.19597565609495      c
    0.98986008505037      2.77800868581044     -1.91021992634302      h
    2.68569617412849      0.13763570730475     -0.72006993719489      h
   -0.79911162750055      0.84100075275951      1.19595977595012      c
   -0.99008116665424      2.77788395956857      1.91026930344344      h
   -2.68574331316204      0.13744320032137      0.72002296373484      h
    0.39918645083430     -0.71246036771094      3.04671893340442      o
   -0.71044296823215     -0.88767648141088      4.47824110979028      h
  -.78255796773178D-04  0.33423707430886D-04  -.25793686848245D-03
  -.64766631482909D-03  0.15345715655192D-02  -.60224907096417D-03
  0.16389359806945D-02  -.18476871878457D-02  0.77991423889694D-03
  0.22025152685537D-03  0.17135894651061D-03  0.35553769592847D-03
  0.76385748450603D-04  0.11007605533150D-03  -.42643471124637D-03
  -.16389065648483D-02  -.18473637402085D-02  -.78001415387338D-03
  -.22035749868580D-03  0.17133967069429D-03  -.35531393465275D-03
  -.76234577388382D-04  0.11013326216399D-03  0.42617869555571D-03
  0.64769556671778D-03  0.15348093523093D-02  0.60241945722939D-03
  0.78152864094099D-04  0.33266016925965D-04  0.25789905221499D-03
  cycle =      4    SCF energy =     -230.2236956253   |dE/dxyz| =  0.005293
    0.72373060278755     -0.94056351430882     -4.44193121671767      h
   -0.41291946738677     -0.69882032242807     -3.04206794191579      o
    0.79428861295795      0.85558026361659     -1.19740961964473      c
    0.98027772442610      2.78915105073205     -1.92151167899908      h
    2.68068097770059      0.15158802187936     -0.72076689551382      h
   -0.79439192451188      0.85548220186652      1.19738981307588      c
   -0.98049726919543      2.78901071861870      1.92157402227940      h
   -2.68074180865155      0.15139767675750      0.72071470689515      h
    0.41290700106488     -0.69892402718160      3.04198377714188      o
   -0.72372461826798     -0.94078385870916      4.44184171683616      h
  0.19332452893382D-04  0.36846128331412D-04  0.18717501522361D-04
  -.10882557532788D-02  0.19995448063674D-02  -.65631896283996D-03
  0.16393742117570D-02  -.20849138609415D-02  0.11611525887654D-02
  -.58862544615099D-04  0.30877978357402D-04  -.25095829913221D-04
  0.55083721260546D-04  0.20217291064190D-04  0.57181719640182D-04
  -.16391729383388D-02  -.20849526525167D-02  -.11612984465180D-02
  0.58859366174739D-04  0.30772714095574D-04  0.25122896132648D-04
  -.55085128632520D-04  0.20221995694008D-04  -.57269987103944D-04
  0.10879733837944D-02  0.19996160494515D-02  0.65653526646331D-03
  -.19247136345952D-04  0.36847887015288D-04  -.18726053810709D-04
  cycle =      5    SCF energy =     -230.2236963569   |dE/dxyz| =  0.005198
    0.72372358506190     -0.94515402916507     -4.43975242085482      h
   -0.41406697505117     -0.69776990749273     -3.04178601687074      o
    0.79456076475556      0.85742390634286     -1.19755879579357      c
    0.98219164972122      2.79062979302671     -1.92186838826030      h
    2.68018184852016      0.15180408638916     -0.72118088021568      h
   -0.79466476338320      0.85732704300376      1.19753964929665      c
   -0.98241113396621      2.79049169523497      1.92192942008456      h
   -2.68024356225286      0.15161419179321      0.72113183769701      h
    0.41405616998448     -0.69787096706725      3.04170199078758      o
   -0.72371775246642     -0.94537760122254      4.43966028756669      h
  0.12538098701884D-05  0.48469164012139D-05  -.12892555676338D-05
  -.11606413315806D-02  0.18252331150068D-02  -.76199183265521D-03
  0.18419556917601D-02  -.18663003395334D-02  0.11714560790260D-02
  -.42475492535369D-05  0.21866408192405D-04  0.13562201134462D-04
  0.14061596587514D-04  0.16872951628904D-04  0.21971033615099D-04
  -.18418541607470D-02  -.18663214512932D-02  -.11714423228844D-02
  0.42465554782166D-05  0.21875226766606D-04  -.13539259190533D-04
  -.14064138307374D-04  0.16866754048478D-04  -.22016003339074D-04
  0.11605470410890D-02  0.18252977379634D-02  0.76199494887885D-03
  -.12580684385638D-05  0.48550061111816D-05  0.12950330679104D-05
  cycle =      6    SCF energy =     -230.2236963947   |dE/dxyz| =  0.005194
    0.72404483827470     -0.94715264551981     -4.43838460849225      h
   -0.41455457212454     -0.69716842196100     -3.04154615250901      o
    0.79450660037165      0.85817205518988     -1.19757067168652      c
    0.98248232815518      2.79110649045464     -1.92232880571754      h
    2.67990311125556      0.15197672124359     -0.72142928602031      h
   -0.79461033682200      0.85807505671066      1.19755139270427      c
   -0.98270169386702      2.79096837601656      1.92238910764024      h
   -2.67996460194417      0.15178657647399      0.72138075720721      h
    0.41454380853341     -0.69726915129847      3.04146278121573      o
   -0.72403965090930     -0.94737684646695      4.43829216909555      h
  0.17352720758645D-05  -.57312635858165D-06  0.77704620990608D-06
  -.11631619756770D-02  0.18178036134152D-02  -.76104328574413D-03
  0.18676446636145D-02  -.18187435510127D-02  0.12063578453938D-02
  -.12494672568680D-05  0.19075821725333D-06  0.35245453531641D-05
  -.24479719908293D-05  0.38926201501878D-05  0.75509603681962D-05
  -.18675269163723D-02  -.18188222350856D-02  -.12064324261563D-02
  0.12518813720930D-05  0.18790168351655D-06  -.35366924367000D-05
  0.24403739956023D-05  0.38925395569869D-05  -.75555338196690D-05
  0.11630497806373D-02  0.18178338195602D-02  0.76112087998863D-03
  -.17362591247701D-05  -.57366659997256D-06  -.76276200388332D-06
  cycle =      8    SCF energy =     -230.2236963988   |dE/dxyz| =  0.005184
    0.76681710953195     -0.98411884623930     -4.43148257570193      h
   -0.38500174444422     -0.73472631140274     -3.04541942895650      o
    0.80612404062419      0.82060776746356     -1.18978926767187      c
    1.00121233606539      2.75352225802764     -1.91272413833007      h
    2.68681079609942      0.11432043044289     -0.69548587609786      h
   -0.80612399942952      0.82060778638584      1.18978926729145      c
   -1.00121216834124      2.75352229748776      1.91272409271448      h
   -2.68681078536792      0.11432055225528      0.69548584214002      h
    0.38500169135010     -0.73472636624847      3.04541941626845      o
   -0.76681693611322     -0.98411828458660      4.43148286120466      h
  -.33795204229741D-06  -.28071125182234D-06  -.37938866116893D-06
  -.11470316840488D-02  0.18143343398154D-02  -.77564572262295D-03
  0.18455310954955D-02  -.18128404661444D-02  0.12382478930032D-02
  0.46839769543619D-06  0.28761771503568D-06  0.18026451303634D-05
  -.12329200571095D-05  0.11392350640133D-05  0.79039985909131D-06
  -.18455308993744D-02  -.18128456388793D-02  -.12382415743724D-02
  -.46622622296744D-06  0.28612350810159D-06  -.18075976612370D-05
  0.12322123394825D-05  0.11385923004657D-05  -.79188171673780D-06
  0.11470294969045D-02  0.18143325939191D-02  0.77564513565795D-03
  0.33848897615082D-06  -.27896102093838D-06  0.38009035122892D-06
  cycle =      9    SCF energy =     -230.2236963991   |dE/dxyz| =  0.005185
    0.76680992753419     -0.98407914053503     -4.43150116520039      h
   -0.38499749234881     -0.73474122324407     -3.04541891420697      o
    0.80612570815076      0.82059926306535     -1.18977829973179      c
    1.00120833545104      2.75351135620881     -1.91272656087012      h
    2.68681678962985      0.11431498098574     -0.69547531950788      h
   -0.80612565534450      0.82059933196340      1.18977831061272      c
   -1.00120817792569      2.75351146887657      1.91272648172903      h
   -2.68681676247379      0.11431511497917      0.69547534515739      h
    0.38499749019535     -0.73474114709058      3.04541895710069      o
   -0.76680982289346     -0.98407872162349      4.43150135777815      h
  -.39556568181641D-06  0.20635634151987D-06  -.39559700313107D-06
  -.11483154808023D-02  0.18128346341916D-02  -.77725808082180D-03
  0.18443441032111D-02  -.18120966980807D-02  0.12438933805057D-02
  0.25883945330231D-06  0.84768874325212D-06  0.10864197597459D-05
  -.11141006725463D-06  0.84555967569384D-06  0.95135306122073D-06
  -.18443459112216D-02  -.18121005358493D-02  -.12438883395363D-02
  -.25787428056061D-06  0.84850570232555D-06  -.10887736048115D-05
  0.11203708303602D-06  0.84544051591171D-06  -.95205536198500D-06
  0.11483159453347D-02  0.18128357186415D-02  0.77725740439191D-03
  0.39531744411782D-06  0.20625958421843D-06  0.39428741104632D-06
  cycle =     11    SCF energy =     -230.2236963991   |dE/dxyz| =  0.005188
    0.76682948998225     -0.98408434888750     -4.43148058509127      h
   -0.38499882254940     -0.73473404441716     -3.04541811603473      o
    0.80612616785996      0.82061441750336     -1.18976792484944      c
    1.00120193510417      2.75352054589739     -1.91273636943104      h
    2.68682133436358      0.11433083137822     -0.69547535139271      h
   -0.80612607850801      0.82061451487490      1.18976793510433      c
   -1.00120159051960      2.75352065984133      1.91273641175620      h
   -2.68682133503308      0.11433117288407      0.69547536240581      h
    0.38499872899666     -0.73473413006953      3.04541809138740      o
   -0.76682941367852     -0.98408389504571      4.43148080077830      h
  -.15523788339883D-06  0.31240735009382D-06  0.25622638889408D-06
  -.11500896057955D-02  0.18118145616225D-02  -.77930970643627D-03
  0.18445459845622D-02  -.18108867753857D-02  0.12501181800830D-02
  -.97995301679600D-08  0.88231548192292D-06  0.26386974401127D-06
  0.49552709767846D-06  0.51284387422118D-06  0.52562827527066D-06
  -.18445473140843D-02  -.18108850233670D-02  -.12501191751405D-02
  0.99956472602658D-08  0.88293831106668D-06  -.26245659805434D-06
  -.49432524964248D-06  0.51349083441240D-06  -.52569935760015D-06
  0.11500891087632D-02  0.18118126373578D-02  0.77930847777565D-03
  0.15567843836029D-06  0.31311550812325D-06  -.25534407581160D-06
  cycle =     12    SCF energy =     -230.2236963992   |dE/dxyz| =  0.005188
    0.76682712606939     -0.98405693126236     -4.43149954284710      h
   -0.38499256187103     -0.73473984826023     -3.04542322304759      o
    0.80612760695904      0.82060796019195     -1.18976848914146      c
    1.00120578842918      2.75351280913227     -1.91273804820492      h
    2.68682114640327      0.11432339209203     -0.69547645558485      h
   -0.80612749381149      0.82060808097549      1.18976851403032      c
   -1.00120544026285      2.75351296810525      1.91273803551711      h
   -2.68682111953309      0.11432372377206      0.69547650330989      h
    0.38499250220000     -0.73473983175385      3.04542327147249      o
   -0.76682713856441     -0.98405659903324      4.43149968912897      h
  -.26841412221887D-07  0.47067344815553D-06  -.98630274374208D-07
  -.11499244597059D-02  0.18115756877362D-02  -.77932284805359D-03
  0.18448061125697D-02  -.18106837433392D-02  0.12498821641766D-02
  0.80093093901562D-07  0.66299252420733D-06  0.53320154770595D-07
  0.11041467678414D-06  0.61047250177540D-06  0.23852555603951D-06
  -.18448067263074D-02  -.18106834737864D-02  -.12498825828412D-02
  -.79960778174952D-07  0.66311376118697D-06  -.53213532374576D-07
  -.11033471750373D-06  0.61025815069122D-06  -.23835326621677D-06
  0.11499254229291D-02  0.18115767604719D-02  0.77932284122664D-03
  0.26285525948874D-07  0.46991113314007D-06  0.98778847626441D-07
$end
