$hessapprox internal
  0.161144754717D-01 -0.880671247878D-03  0.618135482661D+00 -0.387640009069D-02
  0.450880153570D-02  0.365461610281D+00  0.727457036297D-05  0.176779326052D-02
 -0.747263336049D-02  0.420711567003D+00 -0.108726173046D-02  0.170688510642D-02
 -0.347688340789D-02 -0.320616083283D-02  0.420064413055D+00  0.208876196372D-02
 -0.451217775199D-02  0.118743780630D-01  0.925487220519D-02  0.564034857024D-02
  0.328084298527D+00 -0.576783921153D-03  0.116563428982D-02 -0.294046062145D-02
 -0.235391434324D-02 -0.141219087572D-02  0.435086589153D-02  0.345075554988D+00
 -0.924436665273D-03  0.515861891526D-03  0.984702925960D-03 -0.377763982098D-03
  0.182597445784D-03 -0.898377360261D-04  0.418109813980D-04  0.320902246920D+00
 -0.168980058709D-02  0.136585013820D-02  0.182961055500D-04 -0.175216062026D-02
 -0.431106819752D-03  0.204450311401D-02 -0.485310033305D-03  0.556153274912D-03
  0.344995151293D+00  0.574101871486D-05  0.176535637986D-02 -0.745712778668D-02
 -0.443746705155D-02 -0.319990256070D-02  0.923752609416D-02 -0.234947129907D-02
 -0.376481194740D-03 -0.174799009611D-02  0.420726834757D+00 -0.108736993553D-02
  0.171006155699D-02 -0.348989626940D-02 -0.321402766499D-02 -0.178070272723D-02
  0.565661289437D-02 -0.141632511507D-02  0.181979323110D-03 -0.434115463099D-03
 -0.320775579024D-02  0.420053167761D+00  0.208758497555D-02 -0.450781758205D-02
  0.118600293093D-01  0.924509423818D-02  0.563388280851D-02 -0.172566019979D-01
  0.434599985937D-02 -0.901717842812D-04  0.204155813448D-02  0.922776574833D-02
  0.565012989290D-02  0.328122733375D+00 -0.592109106941D-03  0.117290802242D-02
 -0.291875142884D-02 -0.235696816625D-02 -0.140685201811D-02  0.434270092485D-02
 -0.109232084853D-02  0.479370471869D-04 -0.474829405968D-03 -0.235250937416D-02
 -0.141099082623D-02  0.433783641028D-02  0.345080440418D+00 -0.920833750744D-03
  0.512230110131D-03  0.987695530309D-03 -0.372221667134D-03  0.184818123761D-03
 -0.979552021302D-04  0.438015673306D-04  0.352182326745D-03  0.555584944108D-03
 -0.370950878489D-03  0.184209612805D-03 -0.982789991729D-04  0.499065074423D-04
  0.320900178868D+00 -0.168414794477D-02  0.136598520795D-02 -0.158343610342D-05
 -0.175810846952D-02 -0.438172844036D-03  0.206223259302D-02 -0.489935072549D-03
  0.553297319832D-03  0.592811916286D-03 -0.175393158843D-02 -0.441192321381D-03
  0.205927149864D-02 -0.479497484054D-03  0.552745582746D-03  0.344981866794D+00
  0.219361923556D-02 -0.866311421508D-03 -0.384401133564D-02 -0.179521340867D-05
 -0.108042028823D-02  0.208187260841D-02 -0.574474020731D-03 -0.913875486740D-03
 -0.167264042551D-02 -0.329454507444D-05 -0.108054306153D-02  0.208069028348D-02
 -0.589617642041D-03 -0.910305510673D-03 -0.166706904507D-02  0.160604095347D-01
 -0.889113508429D-03 -0.348646897684D-03  0.450624168911D-02  0.175745965357D-02
  0.170359309166D-02 -0.449867665286D-02  0.116237376859D-02  0.518507258050D-03
  0.136822428401D-02  0.175504632564D-02  0.170675171528D-02 -0.449433466978D-02
  0.116969879503D-02  0.514874602807D-03  0.136832403271D-02 -0.874671141460D-03
  0.618150395106D+00 -0.387533613414D-02  0.451108763718D-02 -0.576651254309D-02
 -0.747942811399D-02 -0.348230225086D-02  0.118895223967D-01 -0.294433406117D-02
  0.983686933280D-03  0.148153148082D-04 -0.746391158402D-02 -0.349532719494D-02
  0.118751581309D-01 -0.292263680428D-02  0.986689721919D-03 -0.507064351572D-05
 -0.384297414039D-02  0.450850798444D-02  0.365435067878D+00  0.128845899359D-02
 -0.206472016404D-02  0.429712885499D-02  0.390483835680D-02  0.217949011316D-02
 -0.690333188172D-02  0.172927467708D-02 -0.207503296351D-03  0.552289510443D-03
  0.389724077521D-02  0.218633019806D-02 -0.689543792276D-02  0.172301907216D-02
 -0.210266019480D-03  0.560804541475D-03  0.128056444819D-02 -0.206057464424D-02
  0.430371161549D-02  0.484140366290D+00 -0.597447269455D-02  0.252434219177D-02
  0.977476826346D-02 -0.409036058022D-03  0.264437648306D-02 -0.480895705645D-02
  0.134560157708D-02  0.245410769742D-02  0.439290734383D-02 -0.404240701857D-03
  0.264397834715D-02 -0.480664706743D-02  0.138656657615D-02  0.244489961741D-02
  0.437717772532D-02 -0.590211151045D-02  0.254615078478D-02  0.977131034672D-02
 -0.312448416887D-02  0.396104727168D+00  0.129048588920D-02 -0.206521790103D-02
  0.429230158438D-02  0.390407671775D-02  0.217794426322D-02 -0.689982711135D-02
  0.172834174152D-02 -0.208411782018D-03  0.550445378088D-03  0.389647905771D-02
  0.218478288975D-02 -0.689193591593D-02  0.172207163043D-02 -0.211170260956D-03
  0.558964536989D-03  0.128256497545D-02 -0.206108186758D-02  0.429888414096D-02
 -0.267342404584D-02 -0.313000428351D-02  0.484144067536D+00 -0.598064934601D-02
  0.252091058998D-02  0.981032633701D-02 -0.394292615514D-03  0.265803728155D-02
 -0.484548206561D-02  0.135501757854D-02  0.245792341289D-02  0.440340821302D-02
 -0.389518383082D-03  0.265766557363D-02 -0.484313634018D-02  0.139603517694D-02
  0.244868694366D-02  0.438768268920D-02 -0.590818271072D-02  0.254277689244D-02
  0.980688804022D-02 -0.314102288836D-02  0.160564496795D-01 -0.314654608864D-02
  0.396140515430D+00 -0.355477304962D-02 -0.252997801732D-03  0.132096618239D-01
  0.416231077886D-02  0.474756701982D-02 -0.120272631022D-01  0.313177778906D-02
  0.183158889313D-02  0.434487790455D-02  0.415758757421D-02  0.475512680316D-02
 -0.120162012960D-01  0.315912867103D-02  0.182062870831D-02  0.434143230266D-02
 -0.350281758340D-02 -0.229807328822D-03  0.132143422975D-01 -0.572505237554D-02
  0.992883826227D-02 -0.572757534762D-02  0.992486199764D-02  0.387890982253D+00
  0.000000000000D+00  0.000000000000D+00  0.000000000000D+00  0.000000000000D+00
  0.000000000000D+00  0.000000000000D+00  0.000000000000D+00  0.000000000000D+00
  0.000000000000D+00  0.000000000000D+00  0.000000000000D+00  0.000000000000D+00
  0.000000000000D+00  0.000000000000D+00  0.000000000000D+00  0.000000000000D+00
  0.000000000000D+00  0.000000000000D+00  0.000000000000D+00  0.000000000000D+00
  0.000000000000D+00  0.000000000000D+00  0.000000000000D+00  0.000000000000D+00
$end
