$coord
    0.78498073526600      0.00301839147881     -4.75394019403257  h
   -0.36965357639060     -0.19674285766006     -3.36381276211297  o
    0.96589803532889      0.20542933304960     -1.05967992772281  c
    2.00628187705900      1.99565064297389     -1.08781371802091  h
    2.31767710810965     -1.32348426080794     -0.70155487266723  h
   -0.96589790517645      0.20542940247699      1.05967994912393  c
   -2.00628162203980      1.99565082046965      1.08781364355627  h
   -2.31767715783189     -1.32348403208713      0.70155470292774  h
    0.36965350052457     -0.19674294473738      3.36381278522152  o
   -0.78498120382792      0.00301734606267      4.75394000653527  h
$user-defined bonds
$intdef
# definitions of internal coordinates
   1 f  1.0000000000000 tors    2    3    6    9 val= 162.00000
$redundant
     number_of_atoms            10
     degrees_of_freedom         24
     internal_coordinates       25
     frozen_coordinates          1
# definitions of redundant internals
   1 k  1.0000000000000 tors   1    2    3    6 val= 172.98014
   2 k  1.0000000000000 stre   2    1           val=   1.81811
   3 k  1.0000000000000 bend   3    1    2      val= 108.83107
   4 k  1.0000000000000 stre   3    4           val=   2.07077
   5 k  1.0000000000000 stre   3    5           val=   2.07199
   6 k  0.0794722632482 bend   5    4    3      val=   0.90902
       -0.5097849267505 bend   2    4    3
       -0.5079126960211 bend   2    5    3
        0.5013306641058 bend   6    4    3
        0.4738098207932 bend   6    5    3
   7 k  0.0244332785860 bend   5    4    3      val=   0.65809
       -0.5447253341908 bend   2    4    3
        0.5346396655003 bend   2    5    3
       -0.4519126926468 bend   6    4    3
        0.4610994160555 bend   6    5    3
   8 k -0.8862487526430 bend   5    4    3      val=   2.45539
        0.1787382779991 bend   2    4    3
        0.1960995009309 bend   2    5    3
        0.2553444923288 bend   6    4    3
        0.2809981359168 bend   6    5    3
   9 k -0.0056527743335 bend   5    4    3      val=   0.75264
       -0.4468059330748 bend   2    4    3
        0.4667008029676 bend   2    5    3
        0.5343954978898 bend   6    4    3
       -0.5449259735560 bend   6    5    3
  10 k  1.0000000000000 stre   6    7           val=   2.07077
  11 k  1.0000000000000 stre   6    8           val=   2.07199
  12 k  0.0794723800233 bend   8    7    6      val=   0.90902
       -0.5097849277983 bend   9    7    6
       -0.5079127026505 bend   9    8    6
        0.5013306548311 bend   3    7    6
        0.4738098027859 bend   3    8    6
  13 k  0.0244332832600 bend   8    7    6      val=   0.65809
       -0.5447253758130 bend   9    7    6
        0.5346397064035 bend   9    8    6
       -0.4519126415916 bend   3    7    6
        0.4610993692481 bend   3    8    6
  14 k -0.8862487495822 bend   8    7    6      val=   2.45539
        0.1787382151189 bend   9    7    6
        0.1960994373314 bend   9    8    6
        0.2553445382652 bend   3    7    6
        0.2809981882086 bend   3    8    6
  15 k -0.0056527808104 bend   8    7    6      val=   0.75264
       -0.4468058812262 bend   9    7    6
        0.4667007572582 bend   9    8    6
        0.5343955401465 bend   3    7    6
       -0.5449260137091 bend   3    8    6
  16 k  1.0000000000000 tors  10    9    6    3 val= 172.98018
  17 k  1.0000000000000 stre   9   10           val=   1.81811
  18 k  1.0000000000000 bend   6   10    9      val= 108.83106
  19 k  1.0000000000000 tors   2    3    6    9 val= 162.00000
  20 k  1.0000000000000 stre   3    2           val=   2.69341
  21 k  1.0000000000000 bend   6    2    3      val= 107.34978
  22 k  1.0000000000000 stre   6    9           val=   2.69341
  23 k  1.0000000000000 bend   3    9    6      val= 107.34978
  24 k  1.0000000000000 stre   3    6           val=   2.86767
  25 f  1.0000000000000 tors   2    3    6    9 val= 162.00000
        24 non zero eigenvalues  of BmBt
           1           3.944373429    1    0
         1
           2           3.768997340    2    0
         2
           3           3.716657929    3    0
         3
           4           3.074997718    4    0
         4
           5           2.997233913    5    0
         5
           6           2.445938207    6    0
         6
           7           2.138346097    7    0
         7
           8           1.679729274    8    0
         8
           9           1.249681030    9    0
         9
          10           1.177969516   10    0
        10
          11           1.059794170   11    0
        11
          12           0.878891207   12    0
        12
          13           0.767018880   13    0
        13
          14           0.753195217   14    0
        14
          15           0.579634610   15    0
        15
          16           0.395250658   16    0
        16
          17           0.354310090   17    0
        17
          18           0.340995735   18    0
        18
          19           0.281966515   20    0
        20
          20           0.255381150   21    0
        21
          21           0.136811733   22    0
        22
          22           0.066889251   23    0
        23
          23           0.065099922   24    0
        24
          24           0.000000000    0    1
         0.000000000         0.000000000         0.000000000         0.000000000
         0.000000000         0.000000000         0.000000000         0.000000000
         0.000000000         0.000000000         0.000000000         0.000000000
         0.000000000         0.000000000         0.000000000         0.000000000
         0.000000000         0.000000000         0.000000000         0.000000000
         0.000000000         0.000000000         0.000000000         0.000000000
         1.000000000
$end
