$energy      SCF               SCFKIN            SCFPOT
     1 -230.2261124587      229.2994851557     -459.5255976144
     2 -230.2263106518      229.2904233109     -459.5167339627
     3 -230.2263664491      229.2917050311     -459.5180714802
     4 -230.2263677948      229.2914578242     -459.5178256190
     5 -230.2263680481      229.2916193936     -459.5179874417
     6 -230.2263680703      229.2916459591     -459.5180140294
     7 -230.2263680717      229.2916273289     -459.5179954006
     8 -230.2263680862      229.2916138982     -459.5179819843
     9 -230.2263680861      229.2916109871     -459.5179790732
    10 -230.2263680861      229.2916071142     -459.5179752004
    11 -230.2263680861      229.2916054613     -459.5179735474
    12 -230.2263680860      229.2915987788     -459.5179668648
    13 -230.2263680860      229.2916117221     -459.5179798081
$end
