$grad          cartesian gradients
  cycle =      1    SCF energy =     -230.2261124587   |dE/dxyz| =  0.003835
    0.81637549204173     -0.20016021214181     -4.73367874986062      h
   -0.37163293405453     -0.19181745348238     -3.35770218795942      o
    0.96638367479899      0.21054991908689     -1.05648093214383      c
    1.96554858111851      2.02539610051016     -1.06739946146485      h
    2.35319201194731     -1.28977676665261     -0.71310989042595      h
   -0.96637539328844      0.21058641533075      1.05648001929142      c
   -1.96550480595203      2.02545457734752      1.06738824870939      h
   -2.35321101225342     -1.28971272187654      0.71311129963550      h
    0.37162929453691     -0.19178862288437      3.35770679227338      o
   -0.81644118118250     -0.20059830539904      4.73362634733544      h
  -.44076525216753D-04  -.51674524703265D-03  0.25659878444675D-03
  -.13272921371463D-03  -.10532992168157D-02  0.67336649575859D-03
  -.39551131580777D-03  0.64615829695896D-03  0.73103052366879D-03
  -.11208640312167D-02  0.46925834886606D-03  0.10503279506611D-02
  0.11239669152744D-02  0.45071317903915D-03  -.53429221471478D-03
  0.39499028392607D-03  0.64725855520218D-03  -.73085151456362D-03
  0.11204364998244D-02  0.46969192737782D-03  -.10498212722645D-02
  -.11233827865391D-02  0.45114173385943D-03  0.53390682382193D-03
  0.13306967443338D-03  -.10522323108605D-02  -.67338109983324D-03
  0.44101062914773D-04  -.51756122573306D-03  -.25688508230600D-03
  cycle =      2    SCF energy =     -230.2263106518   |dE/dxyz| =  0.003320
    0.81201783720363     -0.10623633326513     -4.74809617146076      h
   -0.36414811340316     -0.20791190429558     -3.36522376370955      o
    0.96733460580456      0.19410778443302     -1.05903634604901      c
    1.99030834665723      1.99597047843844     -1.07488693503599      h
    2.33452752618395     -1.32171273406659     -0.70990665110440      h
   -0.96732322840987      0.19412086130366      1.05903090359390      c
   -1.99026056461371      1.99600474553585      1.07490340626036      h
   -2.33454601743156     -1.32166545759502      0.70987333029853      h
    0.36414004589099     -0.20795359134057      3.36522019065564      o
   -0.81208671016954     -0.10659091930952      4.74806352194174      h
  0.23048923944737D-05  -.25596840285773D-03  -.53718311261198D-04
  0.27005408599054D-03  -.16581705901273D-02  0.11136113940373D-03
  -.35361509207700D-03  0.11178602616776D-02  -.31336426484405D-03
  -.30080335209118D-03  0.39779242810749D-03  0.58129233328514D-03
  0.33841588782505D-03  0.39495626006935D-03  -.52612044824524D-03
  0.35360597979303D-03  0.11189349184191D-02  0.31284810754284D-03
  0.30064210603871D-03  0.39777568657457D-03  -.58088325216155D-03
  -.33816442376758D-03  0.39512228916026D-03  0.52588286230519D-03
  -.27022451077569D-03  -.16574590529053D-02  -.11089268869544D-03
  -.22202185787272D-05  -.25653448754094D-03  0.53589832956614D-04
  cycle =      3    SCF energy =     -230.2263664491   |dE/dxyz| =  0.003962
    0.80106853521798     -0.02529424595593     -4.75090956521868      h
   -0.35881930085286     -0.22211778799452     -3.36461721808092      o
    0.96957506399043      0.17994225672780     -1.05695926891792      c
    2.00999162668109      1.97087499932089     -1.07825192546673      h
    2.32012783182839     -1.34916233779877     -0.69790759378009      h
   -0.96957136878520      0.17993003426676      1.05695235634573      c
   -2.00994822575335      1.97088537029927      1.07830413303385      h
   -2.32015736000957     -1.34913197475577      0.69784144623558      h
    0.35880632079545     -0.22223884480428      3.36460007367174      o
   -0.80110939539983     -0.02555453946689      4.75088904756790      h
  0.58155846932433D-04  0.19181510430625D-05  -.14996965063121D-05
  0.21759558410458D-03  -.19955621418197D-02  0.40197548616075D-03
  -.16310209874536D-03  0.17857067133160D-02  -.57337942757462D-03
  0.84680024350016D-04  0.13733877076368D-03  0.16063739713039D-03
  -.91251821203363D-04  0.67593216217699D-04  -.20864987228075D-03
  0.16330223414227D-03  0.17863062760476D-02  0.57350910760960D-03
  -.84716538015839D-04  0.13731357272005D-03  -.16052624590961D-03
  0.91264128059806D-04  0.67480197934062D-04  0.20844965877421D-03
  -.21768171060127D-03  -.19952948784473D-02  -.40200094839407D-03
  -.58247348177862D-04  0.17345874413317D-05  0.14807814704452D-05
  cycle =      4    SCF energy =     -230.2263677948   |dE/dxyz| =  0.003900
    0.80014406684651     -0.02002965299081     -4.75150581972277      h
   -0.35840940095031     -0.22324824148225     -3.36510538443532      o
    0.96944774641659      0.17883430482458     -1.05667243327560      c
    2.01007551962934      1.96912581094576     -1.07955220943397      h
    2.31979670044463     -1.35043322470026     -0.69534172950190      h
   -0.96944811811123      0.17881570063850      1.05666523131757      c
   -2.01003498080763      1.96913031524239      1.07961441152492      h
   -2.31983129215889     -1.35040649032552      0.69526895078077      h
    0.35839556816873     -0.22338920629143      3.36508384822768      o
   -0.80017208176522     -0.02026638602242      4.75148661990907      h
  0.15995996048565D-04  0.86286017093082D-05  -.56401566172205D-05
  0.21681473994117D-03  -.19214972526177D-02  0.23861971972338D-03
  -.29460298416519D-03  0.18767378924655D-02  -.43095371742903D-03
  0.22850960198739D-04  0.30391860380011D-04  0.84394794715930D-04
  -.33454871974126D-04  0.28382036464592D-05  -.67376571305003D-04
  0.29469530522123D-03  0.18770445245166D-02  0.43121148639453D-03
  -.22871814327078D-04  0.30402284733575D-04  -.84366782561365D-04
  0.33480959085238D-04  0.27781384534371D-05  0.67220505378016D-04
  -.21683541914141D-03  -.19213454690967D-02  -.23873500377862D-03
  -.16074418946456D-04  0.85328987689667D-05  0.56213994555558D-05
  cycle =      5    SCF energy =     -230.2263680481   |dE/dxyz| =  0.003785
    0.80010455259394     -0.02069887179412     -4.75149382049729      h
   -0.35848386395678     -0.22319810669378     -3.36507233758977      o
    0.96938181966151      0.17890208401704     -1.05649467789412      c
    2.00961356170899      1.96920970184484     -1.08070318634458      h
    2.32014096314697     -1.34996095934924     -0.69407740572751      h
   -0.96938537228442      0.17887844648211      1.05648695967240      c
   -2.00957531444415      1.96920942801578      1.08077339704368      h
   -2.32017973914537     -1.34993700171867      0.69399977225400      h
    0.35846926035428     -0.22335471121626      3.36504736539111      o
   -0.80012213992246     -0.02091707974916      4.75147541908252      h
  -.56357696402640D-05  0.36419378767827D-05  0.12791659484944D-05
  0.21816480290624D-03  -.18447330828859D-02  0.18807681335111D-03
  -.34154784751296D-03  0.18590693118006D-02  -.32341544949693D-03
  -.14289460139081D-04  -.10149822035436D-04  0.21525203037802D-04
  0.92978791868235D-05  -.10627562743984D-04  0.20294430531808D-06
  0.34158374790224D-03  0.18591434825746D-02  0.32365542634054D-03
  0.14283677319014D-04  -.10133388444456D-04  -.21541413763825D-04
  -.92763125158275D-05  -.10638101337890D-04  -.28906771710835D-06
  -.21817919055447D-03  -.18446622879416D-02  -.18820367724026D-03
  0.55968680505033D-05  0.36063882268317D-05  -.12947766682668D-05
  cycle =      6    SCF energy =     -230.2263680703   |dE/dxyz| =  0.003733
    0.80037531106571     -0.02241711646200     -4.75138818151269      h
   -0.35863446073170     -0.22278010392966     -3.36499713284589      o
    0.96936640199203      0.17932136553657     -1.05651293993483      c
    2.00969800267126      1.96962497436558     -1.08115763651859      h
    2.32010298556985     -1.34949304393777     -0.69405369558561      h
   -0.96937127017110      0.17929547045086      1.05650477146005      c
   -2.00966076104309      1.96962246776962      1.08123160960538      h
   -2.32014365149772     -1.34947037631287      0.69397399060864      h
    0.35861943128165     -0.22294383652968      3.36497061819772      o
   -0.80038826142438     -0.02262687111211      4.75137008191625      h
  -.17157825154165D-05  0.16200925968765D-06  -.47448546387700D-06
  0.21797271443152D-03  -.18294969562218D-02  0.20091648922931D-03
  -.33339329516015D-03  0.18239173293409D-02  -.30630923805030D-03
  -.32004450057631D-05  0.86383811192715D-06  0.89329047337441D-06
  0.42895955966535D-05  0.18030196987868D-05  -.15807857020124D-05
  0.33343566238379D-03  0.18239157598805D-02  0.30645278021762D-03
  0.31997393518627D-05  0.87020475474380D-06  -.90527848530856D-06
  -.42824048764467D-05  0.18022183671634D-05  0.15498447072179D-05
  -.21801066385850D-03  -.18294596594568D-02  -.20102105739406D-03
  0.17032276579923D-05  0.14989813248973D-06  0.47337677288099D-06
  cycle =      8    SCF energy =     -230.2263680862   |dE/dxyz| =  0.003738
    0.78494288483406      0.00311762954573     -4.75395558236147      h
   -0.36964914284174     -0.19675550034162     -3.36380986575048      o
    0.96589999994114      0.20541629507518     -1.05967968328626      c
    2.00626951922135      1.99565208756095     -1.08782462736466      h
    2.31770633440870     -1.32346943518534     -0.70156720970633      h
   -0.96589978413264      0.20541649578448      1.05967964685848      c
   -2.00626907099158      1.99565244915327      1.08782425887581      h
   -2.31770628272420     -1.32346904134885      0.70156690314684      h
    0.36964900069067     -0.19675538217819      3.36380994761054      o
   -0.78494370001194      0.00311577043025      4.75395539213382      h
  -.69107437808600D-06  -.35646613436728D-06  -.78642865233567D-06
  0.21667173602810D-03  -.18319679145217D-02  0.19665298752248D-03
  -.33526418062722D-03  0.18272636765493D-02  -.30355981805781D-03
  0.10379506528436D-05  0.81218411025252D-06  -.88038003243305D-06
  0.19876467047867D-06  0.14426124762277D-05  -.89226699948519D-06
  0.33526654116965D-03  0.18272669479866D-02  0.30357993583255D-03
  -.10383723670970D-05  0.81419361797803D-06  0.87368757424946D-06
  -.19667490419137D-06  0.14424709010296D-05  0.88224909600014D-06
  -.21667351797212D-03  -.18319638454873D-02  -.19665643159125D-03
  0.68882011220913D-06  -.35943043167379D-06  0.78646691273817D-06
  cycle =      9    SCF energy =     -230.2263680861   |dE/dxyz| =  0.003741
    0.78495196892016      0.00305682678683     -4.75394884840559      h
   -0.36966176608639     -0.19673433352604     -3.36380963574407      o
    0.96589547345216      0.20543769357257     -1.05968154112248      c
    2.00627250666047      1.99566455960081     -1.08782002022073      h
    2.31768914760905     -1.32346359734758     -0.70156683785425      h
   -0.96589533958483      0.20543781642187      1.05968147405831      c
   -2.00627212396778      1.99566484433140      1.08781983925488      h
   -2.31768920730430     -1.32346325225805      0.70156649376541      h
    0.36966164270425     -0.19673447483080      3.36380960879305      o
   -0.78495254400898      0.00305528574486      4.75394864763177      h
  -.45970596162952D-06  -.81405113815170D-06  -.26489124585262D-06
  0.21567827355163D-03  -.18323121523209D-02  0.19578193098559D-03
  -.33544479448605D-03  0.18304765596066D-02  -.30399038394418D-03
  0.37051490438123D-06  -.30377980903460D-06  -.79913822689482D-07
  0.37999323010770D-06  0.14884099547144D-06  -.39409146610197D-06
  0.33544401619518D-03  0.18304803099573D-02  0.30400223774592D-03
  -.36985089919281D-06  -.30283230051167D-06  0.77010841361893D-07
  -.37761727683502D-06  0.14888353836933D-06  0.38793490473306D-06
  -.21567993212613D-03  -.18323126379473D-02  -.19578639955454D-03
  0.45909182228378D-06  -.81402468474192D-06  0.26655367240369D-06
  cycle =     11    SCF energy =     -230.2263680861   |dE/dxyz| =  0.003743
    0.78497374991794      0.00305285783390     -4.75394205087745      h
   -0.36964948070284     -0.19675218932428     -3.36381230563327      o
    0.96589912176354      0.20542007054608     -1.05967789888951      c
    2.00628145146771      1.99564189107136     -1.08780841378500      h
    2.31768101257530     -1.32349143044577     -0.70155272590564      h
   -0.96589901151718      0.20542019585896      1.05967788896449      c
   -2.00628118372203      1.99564212404280      1.08780824056754      h
   -2.31768104298347     -1.32349117316219      0.70155261918758      h
    0.36964941383688     -0.19675210921137      3.36381233895127      o
   -0.78497423961441      0.00305160400960      4.75394192022823      h
  -.19036593308016D-06  -.36047208433020D-06  0.95007554015710D-08
  0.21507620716228D-03  -.18331657338143D-02  0.19546805058459D-03
  -.33515525185646D-03  0.18318754575694D-02  -.30456766037730D-03
  0.44917465386133D-07  -.66498242302407D-06  0.22745204837800D-06
  0.25973049224931D-06  -.48755726485257D-06  0.13353089229884D-08
  0.33514758564929D-03  0.18318773313565D-02  0.30456042453664D-03
  -.41355134867508D-07  -.66671376921603D-06  -.22754998016116D-06
  -.25546379965367D-06  -.48674433756697D-06  -.82890795334673D-09
  -.21507661275202D-03  -.18331622552315D-02  -.19546629851927D-03
  0.19060529962630D-06  -.36310587781226D-06  -.44213811513655D-08
  cycle =     12    SCF energy =     -230.2263680860   |dE/dxyz| =  0.003743
    0.78498144101523      0.00300895008409     -4.75394022043622      h
   -0.36965413116641     -0.19674070291108     -3.36381236093332      o
    0.96589784913879      0.20543147390538     -1.05967986207594      c
    2.00628115341446      1.99565293135504     -1.08781293340361      h
    2.31767822454709     -1.32348139949641     -0.70155600278703      h
   -0.96589775493114      0.20543154054980      1.05967986112750      c
   -2.00628091463216      1.99565310509172      1.08781287987107      h
   -2.31767828769179     -1.32348117701316      0.70155581711404      h
    0.36965405142191     -0.19674082622188      3.36381236261158      o
   -0.78498184009453      0.00300794587560      4.75394007172017      h
  -.30832664289074D-07  -.68815235042020D-06  -.27556705759102D-08
  0.21484420278567D-03  -.18328910419968D-02  0.19554804084815D-03
  -.33489345479681D-03  0.18319362779180D-02  -.30485621995067D-03
  0.37105619881870D-07  -.64662926660731D-06  0.19156876477602D-06
  0.18711403564522D-06  -.51371142929684D-06  -.72361000016067D-07
  0.33487843785840D-03  0.18319423224348D-02  0.30483632780567D-03
  -.31542668170130D-07  -.64928698257445D-06  -.18762638764752D-06
  -.17946337807569D-06  -.51211581992824D-06  0.75111250662071D-07
  -.21484439947856D-03  -.18328931881337D-02  -.19554411769125D-03
  0.32825900393394D-07  -.68882600012749D-06  0.12030495087803D-07
$end
