$hessapprox internal
  0.168972619291D-01 -0.124258765425D-02  0.619131802707D+00  0.383426583880D-02
  0.208125768138D-02  0.367060956625D+00 -0.979271365220D-03 -0.458294865237D-03
  0.106109325327D-02  0.423356965265D+00  0.671859377914D-03  0.400553016803D-03
 -0.960098539231D-03  0.208763754617D-03  0.422391198603D+00  0.242859449877D-03
 -0.226707266150D-03  0.654107473510D-03 -0.161055667211D-03  0.117555031155D-03
  0.345932561185D+00  0.182970175033D-02  0.116662703596D-02 -0.281891001959D-02
  0.616784184146D-03 -0.544449575193D-03  0.326352765418D-03  0.345199540067D+00
  0.282985018769D-02  0.140340788858D-02 -0.327932920705D-02  0.698679404242D-03
 -0.642601909100D-03  0.471888713666D-03 -0.189367398382D-02  0.318614025452D+00
 -0.475755978382D-02 -0.181343942402D-02  0.404185419264D-02 -0.827019733422D-03
  0.808726553178D-03 -0.748600209490D-03  0.241478678682D-02  0.261137886641D-02
  0.342097556642D+00 -0.105048709095D-02 -0.480070042800D-03  0.110712349068D-02
 -0.233322989817D-03  0.218197957868D-03 -0.171821364010D-03  0.645368598869D-03
  0.727589950691D-03 -0.854790381435D-03  0.423338823503D+00  0.577973011775D-03
  0.373976272230D-03 -0.905156132733D-03  0.198306852272D-03 -0.174697958874D-03
  0.103536781409D-03 -0.509765630103D-03 -0.608526017280D-03  0.778084537138D-03
  0.207544466578D-03  0.422413789599D+00  0.339019118497D-03 -0.214012905362D-03
  0.636981014889D-03 -0.159593672757D-03  0.113128388408D-03  0.252170013582D-04
  0.311284974056D-03  0.464521585876D-03 -0.757917807369D-03 -0.170712313128D-03
  0.985601583691D-04  0.345960037473D+00  0.178636745816D-02  0.116587739107D-02
 -0.282458865762D-02  0.619290229055D-03 -0.544927772574D-03  0.320826292507D-03
 -0.158965501533D-02 -0.189977664466D-02  0.243291466798D-02  0.648223387908D-03
 -0.509753365509D-03  0.305046831574D-03  0.345199514750D+00  0.272280565052D-02
  0.137167869288D-02 -0.321283901374D-02  0.685847989665D-03 -0.628919387518D-03
  0.455788807983D-03 -0.185211850875D-02 -0.212729075878D-02  0.257244189782D-02
  0.714479914924D-03 -0.595090128729D-03  0.447851373777D-03 -0.185768254420D-02
  0.318696777035D+00 -0.473058369592D-02 -0.180985453577D-02  0.403698580555D-02
 -0.826594514870D-03  0.807472945196D-03 -0.744904385533D-03  0.241052640091D-02
  0.260926724055D-02 -0.286298267036D-02 -0.854463271903D-03  0.776677796722D-03
 -0.753902914178D-03  0.242845497564D-02  0.257017162319D-02  0.342092550647D+00
  0.270918337753D-02 -0.123064634589D-02  0.379782739232D-02 -0.970019012828D-03
  0.665448000787D-03  0.240815872817D-03  0.181218549947D-02  0.280305489841D-02
 -0.471291403616D-02 -0.104057039841D-02  0.572435888203D-03  0.336090831662D-03
  0.176924623518D-02  0.269700819430D-02 -0.468618615719D-02  0.168495463699D-01
 -0.116036430944D-02 -0.829938804735D-03  0.203047462094D-02 -0.448507173119D-03
  0.390096616049D-03 -0.214349367528D-03  0.113485864534D-02  0.137169001088D-02
 -0.178383212703D-02 -0.470072435578D-03  0.363704071803D-03 -0.201212670146D-03
  0.113369372158D-02  0.134023285062D-02 -0.178012417701D-02 -0.114918938012D-02
  0.619180131498D+00  0.402760818951D-02  0.213548485592D-02 -0.503942946544D-02
  0.108230719790D-02 -0.983278620674D-03  0.682934363539D-03 -0.288962722312D-02
 -0.334854917675D-02  0.410354680121D-02  0.112872308432D-02 -0.928041149958D-03
  0.666960483875D-03 -0.289632312841D-02 -0.328157957780D-02  0.409899938007D-02
  0.398936974348D-02  0.208434431435D-02  0.366836827661D+00 -0.915676652521D-03
 -0.189217077813D-03  0.347245563156D-03 -0.574285063941D-04  0.761488846685D-04
 -0.130985162375D-03  0.239715370344D-03  0.199683271809D-03 -0.102749691359D-03
 -0.566752255801D-04  0.780509197311D-04 -0.139131192385D-03  0.245507436274D-03
  0.201242693839D-03 -0.105024826737D-03 -0.907201643334D-03 -0.190460752307D-03
  0.343114069053D-03  0.491600935339D+00 -0.810368708765D-03 -0.276805813976D-03
  0.602000442796D-03 -0.120442884271D-03  0.121791927621D-03 -0.124882114462D-03
  0.366137622232D-03  0.383991199085D-03 -0.397330930032D-03 -0.123948904508D-03
  0.118138378709D-03 -0.127744524031D-03  0.369687734820D-03  0.379176469854D-03
 -0.398123165741D-03 -0.802787731199D-03 -0.273156364647D-03  0.609295616862D-03
 -0.381262253771D-05  0.381503166363D+00 -0.734606213250D-03 -0.142248415980D-03
  0.252837687159D-03 -0.399909399529D-04  0.563388169845D-04 -0.104300746196D-03
  0.178861428607D-03  0.142091198139D-03 -0.556669246229D-04 -0.390221248697D-04
  0.583309187154D-04 -0.111215640657D-03  0.183645795180D-03  0.143883382354D-03
 -0.575988419785D-04 -0.727814138627D-03 -0.143661091174D-03  0.248566535828D-03
  0.429149744221D-04  0.128424121791D-05  0.491590198927D+00 -0.885802214852D-03
 -0.281736254599D-03  0.601885933980D-03 -0.118388752628D-03  0.122763172640D-03
 -0.134799340249D-03  0.370877374376D-03  0.380240240593D-03 -0.375933771035D-03
 -0.121426047344D-03  0.119786444196D-03 -0.138756459544D-03  0.375058219160D-03
  0.376157725447D-03 -0.377032455758D-03 -0.877530924837D-03 -0.278652205526D-03
  0.607773415040D-03  0.472288817105D-05 -0.485602984576D-04  0.839591690090D-05
  0.381513232586D+00 -0.140960853060D-02 -0.185864178288D-02  0.475847687240D-02
 -0.108628556602D-02  0.896972279103D-03 -0.330082452502D-03  0.257624008941D-02
  0.327832464945D-02 -0.454991103582D-02 -0.114493464209D-02  0.823405063231D-03
 -0.280318282216D-03  0.256256939101D-02  0.319193235572D-02 -0.453590876283D-02
 -0.139540607883D-02 -0.179247114690D-02  0.490908973004D-02 -0.594236214564D-03
 -0.718492654089D-03 -0.459905239989D-03 -0.748675293465D-03  0.387449259794D+00
  0.000000000000D+00  0.000000000000D+00  0.000000000000D+00  0.000000000000D+00
  0.000000000000D+00  0.000000000000D+00  0.000000000000D+00  0.000000000000D+00
  0.000000000000D+00  0.000000000000D+00  0.000000000000D+00  0.000000000000D+00
  0.000000000000D+00  0.000000000000D+00  0.000000000000D+00  0.000000000000D+00
  0.000000000000D+00  0.000000000000D+00  0.000000000000D+00  0.000000000000D+00
  0.000000000000D+00  0.000000000000D+00  0.000000000000D+00  0.000000000000D+00
$end
