$coord
    0.77297965736472     -0.85695237568953     -4.47230050132270  h
   -0.38662637681888     -0.68601903021986     -3.07670539434138  o
    0.83737776105177      0.76413364083332     -1.16465478225083  c
    1.15177277446916      2.69671296336627     -1.83371850073177  h
    2.65938408705987     -0.05630911142655     -0.63597856519196  h
   -0.83737753864652      0.76413387991894      1.16465479079231  c
   -1.15177213331378      2.69671327149069      1.83371849024239  h
   -2.65938405221762     -0.05630846990529      0.63597856251867  h
    0.38662619722009     -0.68601912691930      3.07670541038825  o
   -0.77297950130313     -0.85695129724439      4.47230093097176  h
$intdef
# definitions of internal coordinates
   1 f  1.0000000000000 tors    2    3    6    9 val= 111.00000
$user-defined bonds
$redundant
     number_of_atoms            10
     degrees_of_freedom         24
     internal_coordinates       25
     frozen_coordinates          1
# definitions of redundant internals
   1 k  1.0000000000000 tors   1    2    3    6 val= 187.03866
   2 k  1.0000000000000 stre   2    1           val=   1.82252
   3 k  1.0000000000000 bend   3    1    2      val= 107.75218
   4 k  1.0000000000000 stre   3    5           val=   2.06696
   5 k  1.0000000000000 stre   3    4           val=   2.06914
   6 k  0.0669612143708 bend   4    5    3      val=   0.72665
       -0.5227317171292 bend   2    5    3
       -0.4934033301306 bend   2    4    3
        0.4701635580413 bend   6    5    3
        0.5077077212168 bend   6    4    3
   7 k  0.0128341608846 bend   4    5    3      val=   0.42304
        0.5202993712192 bend   2    5    3
       -0.5530516370830 bend   2    4    3
        0.4756102699691 bend   6    5    3
       -0.4439060784029 bend   6    4    3
   8 k -0.8889785612608 bend   4    5    3      val=   1.56654
        0.1891814385044 bend   2    5    3
        0.1943542048991 bend   2    4    3
        0.2738508928885 bend   6    5    3
        0.2473047359964 bend   6    4    3
   9 k -0.0126492835871 bend   4    5    3      val=   1.80395
        0.4693077445107 bend   2    5    3
       -0.4509746558105 bend   2    4    3
       -0.5331587380445 bend   6    5    3
        0.5403275455040 bend   6    4    3
  10 k  1.0000000000000 stre   6    8           val=   2.06696
  11 k  1.0000000000000 stre   6    7           val=   2.06914
  12 k  0.0669611859532 bend   7    8    6      val=   0.72665
       -0.5227317167799 bend   9    8    6
       -0.4934033247339 bend   9    7    6
        0.4701635472384 bend   3    8    6
        0.5077077405731 bend   3    7    6
  13 k  0.0128341917046 bend   7    8    6      val=   0.42304
        0.5202993523420 bend   9    8    6
       -0.5530516417176 bend   9    7    6
        0.4756102803517 bend   3    8    6
       -0.4439060827393 bend   3    7    6
  14 k -0.8889785677419 bend   7    8    6      val=   1.56654
        0.1891814581830 bend   9    8    6
        0.1943542024168 bend   9    7    6
        0.2738508953832 bend   3    8    6
        0.2473046968337 bend   3    7    6
  15 k -0.0126492933814 bend   7    8    6      val=   1.80395
        0.4693077637606 bend   9    8    6
       -0.4509746530192 bend   9    7    6
       -0.5331587326798 bend   3    8    6
        0.5403275361783 bend   3    7    6
  16 k  1.0000000000000 tors  10    9    6    3 val= 187.03863
  17 k  1.0000000000000 stre   9   10           val=   1.82252
  18 k  1.0000000000000 bend   6   10    9      val= 107.75218
  19 k  1.0000000000000 tors   2    3    6    9 val= 111.00000
  20 k  1.0000000000000 stre   3    2           val=   2.69389
  21 k  1.0000000000000 bend   6    2    3      val= 108.12183
  22 k  1.0000000000000 stre   6    9           val=   2.69389
  23 k  1.0000000000000 bend   3    9    6      val= 108.12183
  24 k  1.0000000000000 stre   3    6           val=   2.86888
  25 f  1.0000000000000 tors   2    3    6    9 val= 111.00000
        24 non zero eigenvalues  of BmBt
           1           4.010459740    1    0
         1
           2           3.873935141    2    0
         2
           3           3.771682655    3    0
         3
           4           3.003788912    4    0
         4
           5           2.944287487    5    0
         5
           6           2.454156077    6    0
         6
           7           2.105399678    7    0
         7
           8           1.719821574    8    0
         8
           9           1.248985550    9    0
         9
          10           1.211648054   10    0
        10
          11           1.040303858   11    0
        11
          12           0.837516328   12    0
        12
          13           0.772045943   13    0
        13
          14           0.734455272   14    0
        14
          15           0.526196656   15    0
        15
          16           0.507951085   16    0
        16
          17           0.351484520   17    0
        17
          18           0.342894272   18    0
        18
          19           0.279764325   20    0
        20
          20           0.255369650   21    0
        21
          21           0.094407567   22    0
        22
          22           0.086092878   23    0
        23
          23           0.067016869   24    0
        24
          24           0.000000000    0    1
         0.000000000         0.000000000         0.000000000         0.000000000
         0.000000000         0.000000000         0.000000000         0.000000000
         0.000000000         0.000000000         0.000000000         0.000000000
         0.000000000         0.000000000         0.000000000         0.000000000
         0.000000000         0.000000000         0.000000000         0.000000000
         0.000000000         0.000000000         0.000000000         0.000000000
         1.000000000
$end
