$energy      SCF               SCFKIN            SCFPOT            MP2
     1 -229.0239925943      228.793823     -457.817816     -.8131472549606
     2 -229.0245218194      228.781317     -457.805839     -.8130712923623
     3 -229.0245342012      228.788945     -457.813479     -.8131705662983
     4 -229.0244272325      228.787658     -457.812086     -.8132893227199
     5 -229.0243937270      228.785960     -457.810354     -.8133235891814
     6 -229.0243874724      228.785790     -457.810177     -.8133299822950
     7 -229.0243875267      228.785803     -457.810191     -.8133299212400
     8 -229.0243875268      228.785804     -457.810192     -.8133299476821
     9 -229.0243874312      228.785800     -457.810188     -.8133300316342
    10 -229.0243871807      228.785798     -457.810185     -.8133302722313
    11 -229.0243871807      228.785798     -457.810185     -.8133302825956
    12 -229.0243872122      228.785796     -457.810183     -.8133302685832
    13 -229.0243871857      228.785796     -457.810183     -.8133302807267
$end
