$grad          cartesian gradients
  cycle =      1 MP2 energy =     -229.8371398493 |dE/dxyz| =  0.009817
    0.66319037030240     -0.72324490382354     -4.53813516455704      h
   -0.38124207742307     -0.69463140949231     -3.05050276789951      o
    0.85078250462723      0.76255673075241     -1.15147280289161      c
    1.15743754061342      2.71489063163357     -1.77316049772279      h
    2.68714392368320     -0.05093681042334     -0.64341116426152      h
   -0.85112175020431      0.76218059011844      1.15146432395377      c
   -1.15868501969879      2.71436221571554      1.77313292323739      h
   -2.68711267919938     -0.05217321678238      0.64338107253265      h
    0.38158663929909     -0.69437160942227      3.05053676084859      o
   -0.66340081880269     -0.72444297297426      4.53775430085928      h
  -.26257468524924D-02  -.35298183199423D-03  0.12203490177463D-02
  0.97242545755538D-03  -.16961610572697D-03  -.95046245928820D-04
  0.22538284661766D-02  -.76580890448197D-03  0.34462498973366D-02
  0.25895630014650D-03  0.16267881156558D-02  0.33194241214829D-02
  0.24157824265032D-02  -.33877295692264D-03  -.12209112008656D-02
  -.22509051689230D-02  -.75986427124919D-03  -.34442844457692D-02
  -.25764529445826D-03  0.16212588225071D-02  -.33197544626093D-02
  -.24210243222926D-02  -.34080702584327D-03  0.12184016504955D-02
  -.96939663028817D-03  -.16718537874372D-03  0.95007036907901D-04
  0.26237256182620D-02  -.35301051572550D-03  -.12194353704893D-02
  cycle =      2 MP2 energy =     -229.8375931118 |dE/dxyz| =  0.005027
    0.70680065235771     -0.76608958982005     -4.52717039411846      h
   -0.39164122584582     -0.67620432684805     -3.07639990618252      o
    0.83501494905381      0.77268906522463     -1.16827712209180      c
    1.14016888116587      2.71649731341885     -1.81247814692867      h
    2.66905375501689     -0.03821915434200     -0.66676125214198      h
   -0.83542268666327      0.77225958595556      1.16824991000903      c
   -1.14143902656020      2.71588881453940      1.81257683281484      h
   -2.66909887601953     -0.03942427508930      0.66665792801708      h
    0.39186763127962     -0.67619627643135      3.07629530129056      o
   -0.70672542058797     -0.76701191130584      4.52689383343113      h
  -.95141152952594D-03  -.40162687446454D-03  -.50222685156065D-03
  0.90521517857844D-03  0.10525411525446D-02  -.36031783242851D-03
  0.13854143836278D-02  -.15222161697266D-02  0.10286799171985D-02
  0.33001920031395D-03  0.64391016178300D-03  0.13265568236809D-02
  0.47538337675279D-03  0.22634354815931D-03  -.11877684335517D-02
  -.13851652754977D-02  -.15201307942685D-02  -.10277935727608D-02
  -.33019604157802D-03  0.64299214763386D-03  -.13254838356191D-02
  -.47582332211338D-03  0.22631160603015D-03  0.11863743191861D-02
  -.90410221781489D-03  0.10537463260052D-02  0.36012794038598D-03
  0.95066624714413D-03  -.40187111541667D-03  0.50185152666371D-03
  cycle =      3 MP2 energy =     -229.8377047675 |dE/dxyz| =  0.004376
    0.72839376231909     -0.81244773170289     -4.49275513383984      h
   -0.40862640774879     -0.66069143059974     -3.07604075932528      o
    0.82621470316157      0.78658152440154     -1.17319952744654      c
    1.13038991603828      2.72275750878546     -1.83733637836790      h
    2.65658820214203     -0.02749088725191     -0.66703770358725      h
   -0.82665743426061      0.78611199036045      1.17315610582629      c
   -1.13166590479263      2.72208918180325      1.83749675735292      h
   -2.65667647186904     -0.02868677459240      0.66689226851424      h
    0.40878701073163     -0.66083307774848      3.07585584315322      o
   -0.72816874252443     -0.81320105815343      4.49255551181934      h
  -.41809216559052D-04  -.13970942255170D-03  -.39031986454319D-03
  -.23376402050523D-04  0.19363526583760D-02  0.19787343762623D-04
  0.90341345639544D-03  -.20651149727566D-02  0.49681355857001D-03
  0.40705662288198D-04  0.52649678717653D-04  0.23978929324464D-03
  -.15441753657308D-03  0.21555132620965D-03  -.43758574532177D-03
  -.90309552431744D-03  -.20654351212732D-02  -.49772579733465D-03
  -.41215683573625D-04  0.53198835583412D-04  -.23908884993484D-03
  0.15545349039536D-03  0.21596690087144D-03  0.43712804173124D-03
  0.22230093095210D-04  0.19362226158695D-02  -.18942387741028D-04
  0.42111660495614D-04  -.13968253381957D-03  0.39014441050034D-03
  cycle =      4 MP2 energy =     -229.8377165552 |dE/dxyz| =  0.004059
    0.73119361084309     -0.82949928831250     -4.47907365215271      h
   -0.41589647110807     -0.65631947562322     -3.07342051763707      o
    0.82498616935433      0.79283671071618     -1.17330570173861      c
    1.13084537129538      2.72643936927896     -1.84392957282408      h
    2.65344007296595     -0.02474575213187     -0.66282068397305      h
   -0.82543934538810      0.79236247344240      1.17326092607119      c
   -1.13211873477115      2.72576317833551      1.84409377638896      h
   -2.65354508135176     -0.02593909020421      0.66268219647122      h
    0.41605315366035     -0.65647495710089      3.07321988124568      o
   -0.73094011230293     -0.83023392309850      4.47888033224767      h
  0.10768042662423D-04  -.22864549194535D-04  -.33013545730931D-04
  -.64329563663978D-03  0.17100520774624D-02  -.39216400232700D-03
  0.10204109609977D-02  -.17953122417751D-02  0.68695926316675D-03
  -.11225212256050D-04  0.35678509070713D-04  0.21782510546631D-04
  -.84620916194211D-05  0.72401868853600D-04  0.10370067226539D-04
  -.10196830937743D-02  -.17955716491995D-02  -.68707886281949D-03
  0.11059485913623D-04  0.35808990765496D-04  -.21611347577055D-04
  0.86903841904906D-05  0.72413563993567D-04  -.10617048208983D-04
  0.64233062017038D-03  0.17101144585387D-02  0.39234604496752D-03
  -.10593460435526D-04  -.22721062748254D-04  0.33026919918910D-04
  cycle =      5 MP2 energy =     -229.8377173162 |dE/dxyz| =  0.003929
    0.73003494774934     -0.82907711959376     -4.47901691937760      h
   -0.41647064180634     -0.65656439531864     -3.07289767947160      o
    0.82562748257695      0.79352970332260     -1.17292083737252      c
    1.13277389701764      2.72653504386655     -1.84440861896570      h
    2.65324348903349     -0.02571575080511     -0.66162631985708      h
   -0.82607936346785      0.79305966414653      1.17287772316477      c
   -1.13404533856343      2.72586578523400      1.84456293085723      h
   -2.65334775495953     -0.02690908087441      0.66149884948919      h
    0.41663443278767     -0.65670189244623      3.07270518283830      o
   -0.72979251717085     -0.82983271222967      4.47881267279421      h
  -.19158360305749D-04  -.80534340810567D-05  0.14205280396862D-04
  -.78728759206559D-03  0.15017270611608D-02  -.56041786403327D-03
  0.12160317559586D-02  -.15479107091103D-02  0.80659431477381D-03
  0.70957050454235D-05  0.29496001443530D-04  0.20439078353141D-04
  0.31864493816425D-04  0.24787651994762D-04  0.41850489502282D-04
  -.12153404182937D-02  -.15482304711432D-02  -.80650017215378D-03
  -.70881015521440D-05  0.29446549737688D-04  -.20453349862892D-04
  -.31934287682223D-04  0.24719057079903D-04  -.41917091571864D-04
  0.78669186690483D-03  0.15020225714091D-02  0.56040699567017D-03
  0.19124938377413D-04  -.80042988568341D-05  -.14207681979794D-04
  cycle =      6 MP2 energy =     -229.8377174547 |dE/dxyz| =  0.003913
    0.72977354362035     -0.82783874748972     -4.47951811050657      h
   -0.41635895886829     -0.65675560927248     -3.07285237690572      o
    0.82585033969844      0.79355465994115     -1.17276663363776      c
    1.13344716885514      2.72622274929354     -1.84472069926344      h
    2.65303722260235     -0.02647568595651     -0.66160136514057      h
   -0.82630134279641      0.79308509171337      1.17272332113909      c
   -1.13471834147753      2.72555454162601      1.84487257823542      h
   -2.65314010178460     -0.02766903866973      0.66147533604388      h
    0.41652369222418     -0.65688992702937      3.07266245662845      o
   -0.72953458887655     -0.82859878885441      4.47931247750642      h
  -.81331219847769D-06  -.25049613165962D-05  -.22671113479866D-05
  -.81525416348693D-03  0.14554925506758D-02  -.56354436724249D-03
  0.12905679796060D-02  -.14583314642262D-02  0.87238188429761D-03
  0.48918834831824D-05  -.13043342996788D-05  0.32026325134105D-05
  0.67350505261743D-06  0.67799878125108D-05  0.10561588296709D-04
  -.12899532508386D-02  -.14588495273804D-02  -.87256626122545D-03
  -.48753951280567D-05  -.13095018340792D-05  -.32376671155188D-05
  -.69255703794013D-06  0.67828218071053D-05  -.10551864362163D-04
  0.81464574441448D-03  0.14557535344153D-02  0.56371980706338D-03
  0.80956667192211D-06  -.25091264288513D-05  0.23013572865160D-05
  cycle =      7 MP2 energy =     -229.8377174479 |dE/dxyz| =  0.003911
    0.72977726918665     -0.82748965805494     -4.47967309590337      h
   -0.41627953359419     -0.65682725989022     -3.07289562400690      o
    0.82586239216966      0.79349303475566     -1.17272455866557      c
    1.13343565754095      2.72615354536940     -1.84470742450887      h
    2.65303580875402     -0.02662291897196     -0.66167989044297      h
   -0.82631323552533      0.79302398445488      1.17268143780270      c
   -1.13470694785107      2.72548601067373      1.84485913839868      h
   -2.65313832195473     -0.02781618783512      0.66155435641765      h
    0.41644472071329     -0.65696034506814      3.07270608364181      o
   -0.72953917624217     -0.82825096013142      4.47946656136605      h
  -.73178463422252D-06  -.93588623295560D-06  -.17382015444767D-05
  -.81147296576045D-03  0.14494880319349D-02  -.56899199018901D-03
  0.12889860059841D-02  -.14477299242119D-02  0.89939663781391D-03
  0.19217593270060D-05  -.14845259359575D-05  0.69410296177352D-07
  -.15949624203593D-05  0.75072122274200D-06  0.14086908677879D-05
  -.12883849791612D-02  -.14482085664729D-02  -.89953848258373D-03
  -.19186087687473D-05  -.14727566219896D-05  -.72487035707169D-07
  0.16013758905586D-05  0.75638332397432D-06  -.13968347158388D-05
  0.81085678588355D-03  0.14497708105656D-02  0.56913317217511D-03
  0.73737418082587D-06  -.93430780956361D-06  0.17300842087842D-05
  cycle =      8 MP2 energy =     -229.8377174745 |dE/dxyz| =  0.003912
    0.77293120375803     -0.85698947120737     -4.47230627218921      h
   -0.38663595542544     -0.68601216483394     -3.07668258765549      o
    0.83738698557420      0.76413946526592     -1.16466174886013      c
    1.15185478733130      2.69670056923762     -1.83373313213521      h
    2.65935933971720     -0.05633968533753     -0.63593665118315      h
   -0.83738626204696      0.76414040005507      1.16466184009836      c
   -1.15185167148409      2.69670192489934      1.83373320005748      h
   -2.65935962930362     -0.05633661434063      0.63593705721620      h
    0.38663527068143     -0.68601266320120      3.07668248041542      o
   -0.77293178282979     -0.85698837824575      4.47230641323301      h
  -.40985092208956D-06  -.15276112380613D-05  -.15077101322980D-05
  -.80598595920467D-03  0.14501336500734D-02  -.57704242455969D-03
  0.12799872809843D-02  -.14480442793134D-02  0.91187697556594D-03
  0.19444893015752D-05  -.13707966313170D-05  -.32895606016936D-07
  -.16582571484847D-05  0.81131180373895D-06  0.14274085292088D-05
  -.12800038021017D-02  -.14480580606913D-02  -.91186799369403D-03
  -.19426711653781D-05  -.13630998565439D-05  0.26813947284765D-07
  0.16643501878910D-05  0.81391589801250D-06  -.14142187335087D-05
  0.80598288504152D-03  0.14501138650349D-02  0.57703205775095D-03
  0.42153473689410D-06  -.15089158167392D-05  0.15019870129862D-05
  cycle =      9 MP2 energy =     -229.8377174628 |dE/dxyz| =  0.003912
    0.77293447056614     -0.85691115727794     -4.47234207010209      h
   -0.38661881671136     -0.68603816634722     -3.07669618437526      o
    0.83738558296173      0.76411274219819     -1.16465521226519      c
    1.15182238971483      2.69668332622652     -1.83372085388983      h
    2.65937342255098     -0.05634823605000     -0.63594204182009      h
   -0.83738454646325      0.76411395162147      1.16465541570600      c
   -1.15181925640582      2.69668512221278      1.83372038571667      h
   -2.65937329085189     -0.05634526111478      0.63594267666839      h
    0.38661841349397     -0.68603756582623      3.07669685344909      o
   -0.77293608288309     -0.85691137335127      4.47234162990958      h
  -.10662451104260D-05  0.49056091866451D-06  -.92333039036774D-06
  -.80561327990214D-03  0.14479923012365D-02  -.57945530782089D-03
  0.12782759634455D-02  -.14484952592690D-02  0.91643250646112D-03
  0.90964155707862D-06  -.43820982398302D-06  -.80919735800933D-07
  -.34389618708275D-06  0.45156685390957D-06  0.12093337699581D-05
  -.12782787169718D-02  -.14485116107776D-02  -.91643895950555D-03
  -.90794652451986D-06  -.43331598442720D-06  0.71234541376697D-07
  0.34197283715898D-06  0.45027535544584D-06  -.11998703491334D-05
  0.80563207217565D-03  0.14480314936387D-02  0.57947885933363D-03
  0.10504356113827D-05  0.46217739912979D-06  0.90645520867128D-06
  cycle =     10 MP2 energy =     -229.8377174529 |dE/dxyz| =  0.003918
    0.77298058670373     -0.85698657760224     -4.47228693831548      h
   -0.38663303298657     -0.68602759377022     -3.07670363993520      o
    0.83737361871666      0.76412379257496     -1.16465397461537      c
    1.15176284094777      2.69670610566333     -1.83371646880427      h
    2.65938577357754     -0.05631686644867     -0.63597878913204      h
   -0.83737277245044      0.76412463621685      1.16465400581465      c
   -1.15175978773671      2.69670722342053      1.83371673788845      h
   -2.65938588160969     -0.05631384852873      0.63597869152640      h
    0.38663214138315     -0.68602838306763      3.07670357347510      o
   -0.77298120057318     -0.85698510616666      4.47228740109502      h
  0.53416756795599D-07  -.99433323064169D-06  0.13434968759718D-05
  -.80812125706409D-03  0.14493637020099D-02  -.58262944583820D-03
  0.12775575455883D-02  -.14487783491988D-02  0.92180498481242D-03
  -.38428807103141D-06  0.73469403494286D-06  0.96754172229652D-07
  0.13728509031807D-05  -.32033781738328D-06  0.45808678611481D-06
  -.12775491839969D-02  -.14487711395823D-02  -.92181337629738D-03
  0.38402841573415D-06  0.73123028565547D-06  -.90208845726636D-07
  -.13756850045787D-05  -.31834900759975D-06  -.46333944453414D-06
  0.80810344777227D-03  0.14493186030204D-02  0.58260960944345D-03
  -.40875786755379D-07  -.96573990338022D-06  -.13165600503129D-05
  cycle =     11 MP2 energy =     -229.8377174633 |dE/dxyz| =  0.003917
    0.77298360604733     -0.85697332910445     -4.47228644972825      h
   -0.38663090316819     -0.68601481045007     -3.07670383348569      o
    0.83737397687309      0.76413721768396     -1.16465352078046      c
    1.15176270943297      2.69671964394073     -1.83371591817718      h
    2.65938619731347     -0.05630258922302     -0.63597723892726      h
   -0.83737376920291      0.76413740347915      1.16465348548475      c
   -1.15176205255589      2.69671987751819      1.83371594857849      h
   -2.65938619772884     -0.05630193342494      0.63597714792558      h
    0.38663069192278     -0.68601497396790      3.07670382973520      o
   -0.77298338406813     -0.85697216224733      4.47228699044957      h
  -.37340755687509D-06  -.35488950611562D-06  0.88929157504580D-06
  -.80771135226332D-03  0.14488314968490D-02  -.58193684242003D-03
  0.12778698249951D-02  -.14486415425039D-02  0.92148041048135D-03
  -.19707426934801D-06  0.62312764770311D-06  0.76383978253602D-07
  0.12688526016547D-05  -.44799034593090D-06  0.61739137446892D-06
  -.12778750859117D-02  -.14486616446003D-02  -.92149471867764D-03
  0.18621954300801D-06  0.61946203233632D-06  -.75598510118624D-07
  -.12681265952885D-05  -.45882971133615D-06  -.61908818049794D-06
  0.80772362867698D-03  0.14488474099910D-02  0.58193682993668D-03
  0.37652091888773D-06  -.35661969932654D-06  -.87405910909055D-06
  cycle =     12 MP2 energy =     -229.8377174808 |dE/dxyz| =  0.003916
    0.77296842145101     -0.85690400245639     -4.47232756712687      h
   -0.38661655202650     -0.68603101015747     -3.07670794129206      o
    0.83738035481972      0.76412102123776     -1.16465232171964      c
    1.15177652997219      2.69670096109703     -1.83371456110579      h
    2.65938615738894     -0.05632085735532     -0.63597022430419      h
   -0.83738013960049      0.76412123649723      1.16465231547451      c
   -1.15177589213493      2.69670122761878      1.83371458784882      h
   -2.65938613398764     -0.05632021447589      0.63597017646747      h
    0.38661634104968     -0.68603118628835      3.07670792186873      o
   -0.77296821206630     -0.85690283151307      4.47232805496377      h
  -.45828777883727D-06  0.91197522589237D-06  -.40079026630835D-06
  -.80726465639103D-03  0.14474676029863D-02  -.58088850965632D-03
  0.12794967090128D-02  -.14484371491874D-02  0.92064517036483D-03
  0.32889584722362D-07  0.69499527466377D-07  -.86815235667004D-07
  0.17834707310982D-06  -.11563322521724D-07  0.23613139643608D-06
  -.12794917507750D-02  -.14484284857295D-02  -.92064846788897D-03
  -.38498591647951D-07  0.66995911929268D-07  0.86656912756666D-07
  -.17837250165798D-06  -.16741857900016D-07  -.23678751137624D-06
  0.80725968338857D-03  0.14474636721475D-02  0.58089196936706D-03
  0.46393705588343D-06  0.91417407344085D-06  0.40143936175241D-06
  cycle =     13 MP2 energy =     -229.8377174664 |dE/dxyz| =  0.003918
    0.77297965736472     -0.85695237568953     -4.47230050132270      h
   -0.38662637681888     -0.68601903021986     -3.07670539434138      o
    0.83737776105177      0.76413364083332     -1.16465478225083      c
    1.15177277446916      2.69671296336627     -1.83371850073177      h
    2.65938408705987     -0.05630911142655     -0.63597856519196      h
   -0.83737753864652      0.76413387991894      1.16465479079231      c
   -1.15177213331378      2.69671327149069      1.83371849024239      h
   -2.65938405221762     -0.05630846990529      0.63597856251867      h
    0.38662619722009     -0.68601912691930      3.07670541038825      o
   -0.77297950130313     -0.85695129724439      4.47230093097176      h
  0.25012754045761D-06  -.65174762187148D-06  0.19005069340494D-06
  -.80824625013065D-03  0.14489602116710D-02  -.58113392413794D-03
  0.12799743238623D-02  -.14483383597410D-02  0.92030173087121D-03
  0.47760063681679D-07  0.26488731208474D-07  0.96263679250086D-08
  0.76497314704937D-07  0.19305692600113D-08  0.37436847066807D-07
  -.12799689918430D-02  -.14483274474668D-02  -.92030232683049D-03
  -.51828016989219D-07  0.24927770070349D-07  -.10187161780806D-07
  -.76504223844864D-07  -.17088379600239D-08  -.37536378449943D-07
  0.80824127361545D-03  0.14489571931016D-02  0.58113756628320D-03
  -.24640820628363D-06  -.65150824535287D-06  -.19243880133857D-06
$end
