$hessapprox internal
  0.303961119450D-01 -0.618090886474D-03  0.609882808365D+00 -0.495414671943D-03
  0.912999324742D-03  0.371230240014D+00  0.289749585547D-03  0.753987816785D-02
 -0.140459566511D-02  0.414942206940D+00 -0.443279272226D-04  0.283374814159D-02
 -0.522150099510D-03 -0.442155965352D-02  0.423262377058D+00  0.214535496525D-03
 -0.330915962520D-02  0.603646370095D-03  0.515659619798D-02  0.193203101561D-02
  0.343987079043D+00  0.616938124925D-03  0.330503566099D-02 -0.634063101770D-03
 -0.518468273788D-02 -0.195038994791D-02  0.227952100612D-02  0.344753712555D+00
 -0.346324235639D-03 -0.132162189766D-02  0.257285653074D-03  0.207739403291D-02
  0.782413373726D-03 -0.915436806853D-03  0.905309766874D-03  0.320912570249D+00
 -0.247945928464D-02  0.100128405647D-03  0.744675525510D-04 -0.533470252988D-04
  0.332479783556D-05 -0.287131181414D-04 -0.981223885903D-04  0.544345824556D-04
  0.345679011059D+00  0.277982899440D-03  0.754609086620D-02 -0.140530283580D-02
 -0.117907753390D-01 -0.442490298289D-02  0.516037525315D-02 -0.518909631298D-02
  0.207923555230D-02 -0.515595646482D-04  0.414923780811D+00 -0.343871382372D-04
  0.283813289730D-02 -0.523333377265D-03 -0.442881688767D-02 -0.166076302550D-02
  0.193541226152D-02 -0.195328987316D-02  0.783515817057D-03  0.180302115797D-05
 -0.443217308788D-02  0.423256749471D+00  0.197250305892D-03 -0.330548582995D-02
  0.603615446060D-03  0.515157921307D-02  0.193031199353D-02 -0.224796241939D-02
  0.227678937288D-02 -0.914236202413D-03 -0.260807351471D-04  0.515536718258D-02
  0.193367970074D-02  0.343990754895D+00  0.718738639477D-03  0.336735871643D-02
 -0.649400755882D-03 -0.528619415157D-02 -0.198942116105D-02  0.232603489358D-02
 -0.230856663606D-02  0.921406395173D-03 -0.113727559083D-03 -0.529076029527D-02
 -0.199232401498D-02  0.232315375110D-02  0.344670074543D+00 -0.354246069413D-03
 -0.131905128959D-02  0.257107538742D-03  0.207371031234D-02  0.781106294926D-03
 -0.913992654709D-03  0.903447588651D-03 -0.360144443754D-03  0.556399324623D-04
  0.207555486012D-02  0.782201660231D-03 -0.912785043442D-03  0.919463560335D-03
  0.320914161793D+00 -0.248706010054D-02  0.143354522405D-03  0.667623159971D-04
 -0.120506167138D-03 -0.217926022521D-04  0.487149506148D-06 -0.127955341561D-03
  0.664444123728D-04  0.379224758501D-03 -0.118764380467D-03 -0.233613009461D-04
  0.310083657445D-05 -0.144195651453D-03  0.676333216394D-04  0.345680846305D+00
  0.162987854732D-01 -0.632155799269D-03 -0.494327821500D-03  0.310029178391D-03
 -0.371015041607D-04  0.206516692965D-03  0.627091608117D-03 -0.350641468126D-03
 -0.248559738735D-02  0.298248225894D-03 -0.271237073495D-04  0.189196420129D-03
  0.729316234965D-03 -0.358577082627D-03 -0.249310583798D-02  0.304768760209D-01
 -0.578730037246D-03 -0.475443035706D-02  0.900547889055D-03  0.744556016112D-02
  0.279800250878D-02 -0.326710083800D-02  0.326464395070D-02 -0.130566353020D-02
  0.940519219021D-04  0.745167182226D-02  0.280235139780D-02 -0.326350685072D-02
  0.332638049367D-02 -0.130314065892D-02  0.136719321760D-03 -0.592539579397D-03
  0.610000869239D+00 -0.511407858096D-03  0.974429808086D-03 -0.160944240167D-03
 -0.149982284238D-02 -0.557715811687D-03  0.644940940147D-03 -0.676521177289D-03
  0.274409459803D-03  0.768327816358D-04 -0.150059092997D-02 -0.558968752121D-03
  0.644889088795D-03 -0.692791259597D-03  0.274210602875D-03  0.685951458570D-04
 -0.510203138082D-03  0.961174271459D-03  0.371207975296D+00  0.465764139129D-03
 -0.526344386319D-03  0.798281729811D-04  0.802269440109D-03  0.296518674798D-03
 -0.340951295826D-03  0.367661075771D-03 -0.150272944501D-03 -0.704134110981D-04
  0.802538576250D-03  0.297304243946D-03 -0.341129274060D-03  0.377537554356D-03
 -0.150261255485D-03 -0.661163567574D-04  0.465602410530D-03 -0.518816164553D-03
  0.857654296330D-04  0.491051902344D+00 -0.100919500453D-01  0.288298469714D-02
 -0.154480322954D-03 -0.408122539801D-02 -0.143574607399D-02  0.157238552808D-02
 -0.210269981514D-02  0.904624698476D-03  0.153602025919D-02 -0.407690040353D-02
 -0.144437729040D-02  0.158155616178D-02 -0.220008998997D-02  0.908369375024D-03
  0.151855360784D-02 -0.101105208833D-01  0.282710144077D-02 -0.175978584545D-03
 -0.263082222338D-04  0.386311532113D+00  0.449171695335D-03 -0.488684742767D-03
  0.734890600083D-04  0.744172749324D-03  0.274884884423D-03 -0.315901536498D-03
  0.341552361123D-03 -0.139701898149D-03 -0.679279313932D-04  0.744409760825D-03
  0.275623851010D-03 -0.316084966615D-03  0.350818248796D-03 -0.139699496839D-03
 -0.639517977839D-04  0.449064711971D-03 -0.481662656829D-03  0.789770512146D-04
 -0.367215222905D-04 -0.351408988697D-04  0.491058453076D+00 -0.101160031442D-01
  0.293656373478D-02 -0.163482338556D-03 -0.416386203327D-02 -0.146651368710D-02
  0.160800677708D-02 -0.213985040862D-02  0.919669141847D-03  0.153962454423D-02
 -0.415958239952D-02 -0.147521146221D-02  0.161717013983D-02 -0.223811184668D-02
  0.923400830249D-03  0.152170167290D-02 -0.101344972479D-01  0.287995952225D-02
 -0.185619125011D-03 -0.214596525826D-04  0.496066087292D-02 -0.306709219704D-04
  0.386286431084D+00 -0.188473525570D-02 -0.109178982894D-01  0.208882513380D-02
  0.171207853486D-01  0.643911464473D-02 -0.752420113533D-02  0.749025707865D-02
 -0.299226916229D-02  0.300758166961D-03  0.171352473430D-01  0.644878226976D-02
 -0.751534400115D-02  0.762883587185D-02 -0.298619503000D-02  0.399185365397D-03
 -0.191788094907D-02 -0.107841700543D-01  0.222885767099D-02 -0.120953306655D-02
  0.684794017308D-02 -0.112348621224D-02  0.697037375081D-02  0.365458135917D+00
  0.000000000000D+00  0.000000000000D+00  0.000000000000D+00  0.000000000000D+00
  0.000000000000D+00  0.000000000000D+00  0.000000000000D+00  0.000000000000D+00
  0.000000000000D+00  0.000000000000D+00  0.000000000000D+00  0.000000000000D+00
  0.000000000000D+00  0.000000000000D+00  0.000000000000D+00  0.000000000000D+00
  0.000000000000D+00  0.000000000000D+00  0.000000000000D+00  0.000000000000D+00
  0.000000000000D+00  0.000000000000D+00  0.000000000000D+00  0.000000000000D+00
$end
