$coord
    0.73642667450281     -0.67303260787325     -4.60196515072645  h
   -0.38232739580725     -0.60794139993582     -3.16836430519827  o
    0.87035671952094      0.67224729193266     -1.14952409763610  c
    1.34157120707923      2.60870269938242     -1.71377374587819  h
    2.61954096059245     -0.29660282891085     -0.61738653860727  h
   -0.87035315211024      0.67225185199408      1.14952377777233  c
   -1.34155602483526      2.60870984319896      1.71377452878633  h
   -2.61954318475990     -0.29658725441798      0.61738542803634  h
    0.38232312369502     -0.60794549429889      3.16836328216160  o
   -0.73643182980405     -0.67303166722047      4.60196366425477  h
$user-defined bonds
$intdef
# definitions of internal coordinates
   1 f  1.0000000000000 tors    2    3    6    9 val= 120.00000
$redundant
     number_of_atoms            10
     degrees_of_freedom         24
     internal_coordinates       25
     frozen_coordinates          1
# definitions of redundant internals
   1 k  1.0000000000000 tors   1    2    3    6 val= 182.31615
   2 k  1.0000000000000 stre   2    1           val=   1.81963
   3 k  1.0000000000000 bend   3    1    2      val= 108.71958
   4 k  1.0000000000000 stre   3    5           val=   2.06918
   5 k  1.0000000000000 stre   3    4           val=   2.07130
   6 k  0.0634104299244 bend   4    5    3      val=   0.65634
       -0.5185213182016 bend   2    5    3
       -0.4974854539782 bend   2    4    3
        0.4698514978018 bend   6    5    3
        0.5087853703093 bend   6    4    3
   7 k  0.0197459714328 bend   4    5    3      val=   0.62651
        0.5231347146128 bend   2    5    3
       -0.5513005440473 bend   2    4    3
        0.4730546515881 bend   6    5    3
       -0.4452271035361 bend   6    4    3
   8 k -0.8901494226256 bend   4    5    3      val=   1.37021
        0.1936488643458 bend   2    5    3
        0.1910378667398 bend   2    4    3
        0.2737116908459 bend   6    5    3
        0.2423232685951 bend   6    4    3
   9 k -0.0123673602735 bend   4    5    3      val=   1.68081
        0.4706542829610 bend   2    5    3
       -0.4485578244725 bend   2    4    3
       -0.5364010866660 bend   6    5    3
        0.5379603578874 bend   6    4    3
  10 k  1.0000000000000 stre   6    8           val=   2.06918
  11 k  1.0000000000000 stre   6    7           val=   2.07130
  12 k  0.0634105996707 bend   7    8    6      val=   0.65634
       -0.5185212956746 bend   9    8    6
       -0.4974854902163 bend   9    7    6
        0.4698515500076 bend   3    8    6
        0.5087852884676 bend   3    7    6
  13 k  0.0197459406136 bend   7    8    6      val=   0.62650
        0.5231348183666 bend   9    8    6
       -0.5513005854270 bend   9    7    6
        0.4730545046405 bend   3    8    6
       -0.4452270878877 bend   3    7    6
  14 k -0.8901494346023 bend   7    8    6      val=   1.37021
        0.1936487759967 bend   9    8    6
        0.1910377509557 bend   9    7    6
        0.2737117235510 bend   3    8    6
        0.2423233495408 bend   3    7    6
  15 k -0.0123673333417 bend   7    8    6      val=   1.68081
        0.4706541648493 bend   9    8    6
       -0.4485577751078 bend   9    7    6
       -0.5364011531362 bend   3    8    6
        0.5379604367242 bend   3    7    6
  16 k  1.0000000000000 tors  10    9    6    3 val= 182.31618
  17 k  1.0000000000000 stre   9   10           val=   1.81963
  18 k  1.0000000000000 bend   6   10    9      val= 108.71958
  19 k  1.0000000000000 tors   2    3    6    9 val= 120.00000
  20 k  1.0000000000000 stre   3    2           val=   2.69885
  21 k  1.0000000000000 bend   6    2    3      val= 108.43308
  22 k  1.0000000000000 stre   6    9           val=   2.69885
  23 k  1.0000000000000 bend   3    9    6      val= 108.43309
  24 k  1.0000000000000 stre   3    6           val=   2.88369
  25 f  1.0000000000000 tors   2    3    6    9 val= 120.00000
        24 non zero eigenvalues  of BmBt
           1           3.919629242    1    0
         1
           2           3.887068760    2    0
         2
           3           3.773308667    3    0
         3
           4           2.997359939    4    0
         4
           5           2.958033926    5    0
         5
           6           2.460500291    6    0
         6
           7           2.116442479    7    0
         7
           8           1.710255862    8    0
         8
           9           1.253034356    9    0
         9
          10           1.209100231   10    0
        10
          11           1.050925158   11    0
        11
          12           0.852362213   12    0
        12
          13           0.768955495   13    0
        13
          14           0.737790330   14    0
        14
          15           0.538178520   15    0
        15
          16           0.480683978   16    0
        16
          17           0.353200542   17    0
        17
          18           0.343231349   18    0
        18
          19           0.281709175   20    0
        20
          20           0.255000170   21    0
        21
          21           0.102813143   22    0
        22
          22           0.079115752   23    0
        23
          23           0.066521952   24    0
        24
          24           0.000000000    0    1
         0.000000000         0.000000000         0.000000000         0.000000000
         0.000000000         0.000000000         0.000000000         0.000000000
         0.000000000         0.000000000         0.000000000         0.000000000
         0.000000000         0.000000000         0.000000000         0.000000000
         0.000000000         0.000000000         0.000000000         0.000000000
         0.000000000         0.000000000         0.000000000         0.000000000
         1.000000000
$end
