$grad          cartesian gradients
  cycle =      1    SCF energy =     -230.2221835844   |dE/dxyz| =  0.010389
    0.70382902673083     -0.63959916308679     -4.58526618432586      h
   -0.38068915423217     -0.61303514811869     -3.12654764080383      o
    0.88294386209621      0.67291155211468     -1.12720277339398      c
    1.32835029289116      2.62874210898490     -1.64533047248089      h
    2.64950072084508     -0.27816457455677     -0.61062533798756      h
   -0.88279353873585      0.67311107034587      1.12720024963720      c
   -1.32779590490550      2.62903873298432      1.64531690895160      h
   -2.64954335725332     -0.27759887396492      0.61061698064359      h
    0.38056522012451     -0.61308132290392      3.12656030950837      o
   -0.70416486540192     -0.63984787140938      4.58511708974200      h
  -.45556424836965D-03  0.35743254725185D-03  0.12601909212325D-02
  -.14692889776011D-02  -.36484161086562D-03  0.38885132674934D-02
  0.15505036990781D-02  -.71569312001234D-03  0.36778675579542D-02
  -.77487740363037D-03  0.73075396996276D-03  0.36416603236706D-02
  0.17380282145500D-02  -.81763298078297D-05  -.88059769793077D-03
  -.15513809740167D-02  -.71376763308380D-03  -.36781136587379D-02
  0.77493317567252D-03  0.73081941859986D-03  -.36410502485801D-02
  -.17376460526469D-02  -.75576703788584D-05  0.88022017082010D-03
  0.14700881695148D-02  -.36385169245566D-03  -.38880044958017D-02
  0.45519673262053D-03  0.35634579857962D-03  -.12606912693334D-02
  cycle =      2    SCF energy =     -230.2227298845   |dE/dxyz| =  0.002979
    0.73153523933613     -0.63072085650119     -4.62339644282548      h
   -0.36967286861340     -0.60685083052263     -3.17457823954830      o
    0.87268712171215      0.67136871305836     -1.14913990707779      c
    1.33197295061047      2.61964649898212     -1.68690034019697      h
    2.63479589663694     -0.28256122604279     -0.63463740058204      h
   -0.87255708207804      0.67153522323443      1.14912853622683      c
   -1.33142491417159      2.61989953613510      1.68693664314314      h
   -2.63486840407982     -0.28199926929879      0.63459161496005      h
    0.36951653322687     -0.60700091177205      3.17454251062623      o
   -0.73178217042068     -0.63084036688326      4.62329215476497      h
  -.18179549639005D-03  -.15000313817253D-03  -.45389738033763D-03
  0.44843967700166D-03  -.29467006113244D-03  -.89983923727108D-04
  0.13087258477851D-03  -.57387786738666D-03  0.19053120443715D-03
  0.14783067122407D-03  0.59287150142759D-03  0.12859480147765D-02
  0.39598954863823D-03  0.42548285366834D-03  -.10650585258473D-02
  -.13115188604930D-03  -.57298901929284D-03  -.19070299941652D-03
  -.14794049352770D-03  0.59307463008859D-03  -.12855289547438D-02
  -.39551292603102D-03  0.42570107093695D-03  0.10647233364084D-02
  -.44830398526838D-03  -.29412835442442D-03  0.90270207495495D-04
  0.18156397405860D-03  -.15044880090959D-03  0.45369672787651D-03
  cycle =      3    SCF energy =     -230.2227889906   |dE/dxyz| =  0.001690
    0.73379365888138     -0.64063184841675     -4.61503631972220      h
   -0.37470448570211     -0.60118795495535     -3.17248002676289      o
    0.87127330144094      0.67702344559449     -1.15010025358223      c
    1.33642528248495      2.61949984907153     -1.70143007807138      h
    2.62728570876710     -0.28380955993503     -0.62730537756003      h
   -0.87115192526836      0.67717716720621      1.15008540004635      c
   -1.33587747233941      2.61973612192229      1.70148522028337      h
   -2.62737414135446     -0.28324846501047      0.62724813428415      h
    0.37453714011601     -0.60138144122775      3.17242322494807      o
   -0.73400476486701     -0.64070080385987      4.61494920562742      h
  -.12459073886009D-03  -.69542191020792D-04  -.20822722250807D-03
  0.46836272656590D-03  0.92748926941980D-04  0.11113971446906D-04
  -.16846348865659D-04  -.55096922774651D-03  -.14856582926421D-03
  0.86133141941756D-04  0.28989314249278D-03  0.53928729649091D-03
  0.14699533205324D-03  0.23791862628749D-03  -.59248050348482D-03
  0.16729153387050D-04  -.55051589962858D-03  0.14854365242897D-03
  -.86201514913466D-04  0.28993967657069D-03  -.53906217782585D-03
  -.14677714854364D-03  0.23798757103509D-03  0.59221390514614D-03
  -.46830587050461D-03  0.93068004000551D-04  -.10966568130679D-04
  0.12449152426367D-03  -.69725566711226D-04  0.20814333482280D-03
  cycle =      4    SCF energy =     -230.2228103944   |dE/dxyz| =  0.000627
    0.73470106999642     -0.65592318350966     -4.60355215442083      h
   -0.38195709751278     -0.59498718994756     -3.16824361751697      o
    0.87022943792961      0.68446431322467     -1.14981475997012      c
    1.34133120783092      2.62119023176104     -1.71371500532639      h
    2.61976946300792     -0.28384030590106     -0.61749725378374      h
   -0.87011575822741      0.68460738375017      1.14979679169464      c
   -1.34078267292295      2.62141311494053      1.71378522552106      h
   -2.61987294491310     -0.28327982447247      0.61743306301388      h
    0.38178232759148     -0.59521751368492      3.16816752935303      o
   -0.73488273062109     -0.65595051577144      4.60347931092607      h
  -.31582423394034D-04  0.65238867589897D-05  0.20810706248868D-04
  0.91938890188398D-04  0.26617667310329D-03  0.77343597134678D-04
  -.37539812748297D-04  -.30688588060398D-03  -.11268619530629D-03
  0.65895639492279D-06  0.21385623884779D-04  -.19586375664850D-04
  0.10948329921636D-04  0.13136930533975D-04  0.13551386757220D-04
  0.37517219262265D-04  -.30685918257194D-03  0.11280110927544D-03
  -.65209593426659D-06  0.21326098618955D-04  0.19585289012812D-04
  -.10963394209153D-04  0.13121014617135D-04  -.13660410327027D-04
  -.91934411005037D-04  0.26619264909282D-03  -.77356206099878D-04
  0.31597038645917D-04  0.65628568118588D-05  -.20800648266555D-04
  cycle =      5    SCF energy =     -230.2228106650   |dE/dxyz| =  0.000356
    0.73503714824487     -0.65881790086357     -4.60254956047367      h
   -0.38286172176304     -0.59439962883345     -3.16825151087652      o
    0.87021972337931      0.68551144207896     -1.14973274674184      c
    1.34170400735224      2.62198762050958     -1.71380090442562      h
    2.61941071474416     -0.28337894831777     -0.61741509544659      h
   -0.87010560401553      0.68565587670364      1.14971497775266      c
   -1.34115505363790      2.62221292675241      1.71386867284119      h
   -2.61951399426315     -0.28281835741903      0.61735421552144      h
    0.38268892142995     -0.59462557608145      3.16817681630886      o
   -0.73522183931189     -0.65885094414000      4.60247426503071      h
  -.75451437752249D-05  -.41950549430378D-05  -.83924232815435D-05
  -.45442988470063D-04  0.16251804561061D-03  -.21414463342944D-04
  0.57796996833074D-04  -.17172486991033D-03  0.51558822375046D-05
  0.81303414166079D-05  0.79858054554779D-05  0.82786768823712D-05
  0.12998575239936D-04  0.57415610864851D-05  0.30660453736041D-04
  -.57843406619415D-04  -.17172354349747D-03  -.50887204495136D-05
  -.81194582664523D-05  0.79863474081790D-05  -.82854794973774D-05
  -.13006851948609D-04  0.57420674159724D-05  -.30690610213003D-04
  0.45476815355697D-04  0.16250900277150D-03  0.21384379168257D-04
  0.75434915623066D-05  -.41829765834033D-05  0.83944652651689D-05
  cycle =      7    SCF energy =     -230.2228106933   |dE/dxyz| =  0.000348
    0.73633821610939     -0.67309915938443     -4.60200570932741      h
   -0.38232603741311     -0.60793275143751     -3.16833664305305      o
    0.87036902098901      0.67224867152164     -1.14954866666659      c
    1.34167089791823      2.60870063130943     -1.71371758741433      h
    2.61953620882711     -0.29658094045880     -0.61730467528689      h
   -0.87036970593121      0.67224792391872      1.14954870132184      c
   -1.34167300506458      2.60869955953861      1.71371759225284      h
   -2.61953616240821     -0.29658305951876      0.61730488441079      h
    0.38232663403976     -0.60793242815071      3.16833660049740      o
   -0.73633746367974     -0.67309991532145      4.60200575788826      h
  -.19205823496240D-05  -.24724232858519D-05  -.31796434624050D-05
  -.60614836338266D-04  0.14412617479392D-03  -.43046922579663D-04
  0.10220633341190D-03  -.14332417499175D-03  0.54562096007425D-04
  0.43166529920385D-05  -.20827930574261D-05  0.57188369220257D-05
  0.53292126734497D-06  0.40932463612447D-05  0.54080065856928D-05
  -.10226212510392D-03  -.14338234469629D-03  -.54595493436296D-04
  -.43281875263002D-05  -.20821066306489D-05  -.57242839004642D-05
  -.51340790556615D-06  0.40745586676040D-05  -.53950295710197D-05
  0.60665165039471D-04  0.14418466763465D-03  0.43052172019924D-04
  0.19181108300153D-05  -.24906663912791D-05  0.32002709145031D-05
  cycle =      8    SCF energy =     -230.2228106950   |dE/dxyz| =  0.000351
    0.73637532004673     -0.67305416917982     -4.60199071570931      h
   -0.38231838943718     -0.60794376131389     -3.16834421060552      o
    0.87036039593975      0.67223592771116     -1.14953714326360      c
    1.34161752640965      2.60869489505562     -1.71374186786148      h
    2.61954052600077     -0.29659597843384     -0.61733764944765      h
   -0.87036123132012      0.67223472057997      1.14953707097972      c
   -1.34161978945667      2.60869304014946      1.71374279679496      h
   -2.61954069063565     -0.29659814440615      0.61733702120697      h
    0.38231834059673     -0.60794535140692      3.16834340272262      o
   -0.73637340475737     -0.67305264673884      4.60199154980614      h
  -.10610109891761D-05  -.11818083146389D-05  -.13885832373872D-05
  -.60461939888534D-04  0.14453485167958D-03  -.44400771757545D-04
  0.99940328621739D-04  -.14494489243502D-03  0.64510604605227D-04
  0.24828221443287D-05  -.21827967301081D-06  0.27737859477059D-05
  0.72615430532798D-06  0.21329671620538D-05  0.33416490788207D-05
  -.99956285197938D-04  -.14490736844823D-03  -.64542419595093D-04
  -.24856747480129D-05  -.22697565899032D-06  -.27662231141060D-05
  -.71100335870086D-06  0.21272276065299D-05  -.33370479203778D-05
  0.60444195019536D-04  0.14448966243879D-03  0.44404597870083D-04
  0.10823685220662D-05  -.11603029464912D-05  0.14044820670629D-05
  cycle =     10    SCF energy =     -230.2228106957   |dE/dxyz| =  0.000357
    0.73642381075096     -0.67304574825601     -4.60195693166697      h
   -0.38232565061879     -0.60793636894911     -3.16835461108536      o
    0.87035453714300      0.67224731038336     -1.14952456307633      c
    1.34156821431550      2.60870708548477     -1.71377382138868      h
    2.61954233155994     -0.29659954179695     -0.61738293352141      h
   -0.87035037198708      0.67225247341563      1.14952451319999      c
   -1.34155279813407      2.60871517032192      1.71377320468278      h
   -2.61954394823861     -0.29658415878626      0.61738295799150      h
    0.38232211629246     -0.60793800229566      3.16835485996053      o
   -0.73643114300956     -0.67304778567082      4.60195416786904      h
  0.14265530121632D-06  -.28719997241252D-06  0.28280981160434D-06
  -.62585700651576D-04  0.14371624338766D-03  -.47350630917035D-04
  0.10135564303425D-03  -.14387669531967D-03  0.76823309689285D-04
  0.44272612129113D-06  0.85219238240238D-06  0.95718961859762D-07
  0.55901343727581D-06  -.10697263028467D-06  0.81973516381729D-06
  -.10128346786744D-03  -.14379784603532D-03  -.76786098823217D-04
  -.39310914099043D-06  0.85224835150829D-06  -.10099087544400D-06
  -.61492451581885D-06  -.74435334564593D-07  -.82527116520714D-06
  0.62532145468588D-04  0.14363898727124D-03  0.47350201987245D-04
  -.15515808326893D-06  -.27073109216581D-06  -.30888158364861D-06
  cycle =     11    SCF energy =     -230.2228106958   |dE/dxyz| =  0.000356
    0.73642126264628     -0.67302305475433     -4.60197067220234      h
   -0.38232276285848     -0.60794401925970     -3.16836174079595      o
    0.87035637246949      0.67224301578007     -1.14952448384212      c
    1.34157129358085      2.60870054599095     -1.71377334761926      h
    2.61954234610855     -0.29660422511270     -0.61738271426685      h
   -0.87035207559975      0.67224859997214      1.14952453073399      c
   -1.34155581007460      2.60870934305437      1.71377200275076      h
   -2.61954367477125     -0.29658874512062      0.61738336084188      h
    0.38231977247424     -0.60794394474724      3.16836266664507      o
   -0.73642962590158     -0.67302708195208      4.60196724071991      h
  0.40452832791686D-06  -.74162355201383D-07  -.15626824441597D-06
  -.63518868648849D-04  0.14245905711469D-03  -.48557209810858D-04
  0.10247456689173D-03  -.14264898343491D-03  0.77333477605156D-04
  0.48818990652558D-06  0.43383306933940D-06  0.26472662300676D-06
  0.33444825678675D-06  0.15130595130858D-06  0.73185760798976D-06
  -.10249096372033D-03  -.14269932426601D-03  -.77327107906117D-04
  -.46988957203014D-06  0.44903915254687D-06  -.26970418804473D-06
  -.34106512307094D-06  0.16752872205084D-06  -.72259969210046D-06
  0.63555618873113D-04  0.14251944764972D-03  0.48553707171705D-04
  -.43666508092853D-06  -.11174352467293D-06  0.14896195846213D-06
$end
