$coord
    0.73200965270996     -0.60829362698460     -4.62887922869154  h
   -0.38130005946930     -0.58118587174265     -3.18987131566637  o
    0.88120971933274      0.64097400007989     -1.14164142559962  c
    1.40482236243611      2.57374329470871     -1.67034052777979  h
    2.60139962411119     -0.37830856041467     -0.60852517622299  h
   -0.88120961630499      0.64097412230664      1.14164141124462  c
   -1.40482177943256      2.57374350401455      1.67034069025897  h
   -2.60139976965450     -0.37830795649346      0.60852505876875  h
    0.38129984350100     -0.58118624283591      3.18987120094105  o
   -0.73200994699986     -0.60829399300929      4.62887905052064  h
$user-defined bonds
$intdef
# definitions of internal coordinates
   1 f  1.0000000000000 tors    2    3    6    9 val= 123.00000
$redundant
     number_of_atoms            10
     degrees_of_freedom         24
     internal_coordinates       25
     frozen_coordinates          1
# definitions of redundant internals
   1 k  1.0000000000000 tors   1    2    3    6 val= 180.82426
   2 k  1.0000000000000 stre   2    1           val=   1.81960
   3 k  1.0000000000000 bend   3    1    2      val= 108.70755
   4 k  1.0000000000000 stre   3    5           val=   2.06935
   5 k  1.0000000000000 stre   3    4           val=   2.07106
   6 k  0.0633707444463 bend   4    5    3      val=   0.65226
       -0.5172712647046 bend   2    5    3
       -0.4988102080874 bend   2    4    3
        0.4686662891149 bend   6    5    3
        0.5098576989850 bend   6    4    3
   7 k  0.0236017046609 bend   4    5    3      val=   0.71980
        0.5234074649417 bend   2    5    3
       -0.5511187283735 bend   2    4    3
        0.4725573047596 bend   6    5    3
       -0.4454720262089 bend   6    4    3
   8 k -0.8899050786689 bend   4    5    3      val=   1.43927
        0.1957444643674 bend   2    5    3
        0.1891447081895 bend   2    4    3
        0.2754551364840 bend   6    5    3
        0.2410431554250 bend   6    4    3
   9 k -0.0123834410995 bend   4    5    3      val=   1.67612
        0.4717377489574 bend   2    5    3
       -0.4473773255492 bend   2    4    3
       -0.5376917001835 bend   6    5    3
        0.5367041184241 bend   6    4    3
  10 k  1.0000000000000 stre   6    8           val=   2.06935
  11 k  1.0000000000000 stre   6    7           val=   2.07106
  12 k  0.0633707029951 bend   7    8    6      val=   0.65226
       -0.5172712647731 bend   9    8    6
       -0.4988102043572 bend   9    7    6
        0.4686662965364 bend   3    8    6
        0.5098577008950 bend   3    7    6
  13 k  0.0236016952975 bend   7    8    6      val=   0.71980
        0.5234074490422 bend   9    8    6
       -0.5511187138212 bend   9    7    6
        0.4725573235790 bend   3    8    6
       -0.4454720434261 bend   3    7    6
  14 k -0.8899050797893 bend   7    8    6      val=   1.43927
        0.1957444829108 bend   9    8    6
        0.1891447339920 bend   9    7    6
        0.2754551140356 bend   3    8    6
        0.2410431416365 bend   3    7    6
  15 k -0.0123834385143 bend   7    8    6      val=   1.67612
        0.4717377637042 bend   9    8    6
       -0.4473773464508 bend   9    7    6
       -0.5376916831814 bend   3    8    6
        0.5367041051326 bend   3    7    6
  16 k  1.0000000000000 tors  10    9    6    3 val= 180.82427
  17 k  1.0000000000000 stre   9   10           val=   1.81960
  18 k  1.0000000000000 bend   6   10    9      val= 108.70755
  19 k  1.0000000000000 tors   2    3    6    9 val= 123.00000
  20 k  1.0000000000000 stre   3    2           val=   2.69868
  21 k  1.0000000000000 bend   6    2    3      val= 108.35830
  22 k  1.0000000000000 stre   6    9           val=   2.69868
  23 k  1.0000000000000 bend   3    9    6      val= 108.35830
  24 k  1.0000000000000 stre   3    6           val=   2.88435
  25 f  1.0000000000000 tors   2    3    6    9 val= 123.00000
        24 non zero eigenvalues  of BmBt
           1           3.897158591    1    0
         1
           2           3.896354641    2    0
         2
           3           3.769558291    3    0
         3
           4           2.996499217    4    0
         4
           5           2.965137493    5    0
         5
           6           2.459655744    6    0
         6
           7           2.120561203    7    0
         7
           8           1.708224858    8    0
         8
           9           1.252472568    9    0
         9
          10           1.206013226   10    0
        10
          11           1.051006015   11    0
        11
          12           0.854501852   12    0
        12
          13           0.768732587   13    0
        13
          14           0.739548840   14    0
        14
          15           0.542722602   15    0
        15
          16           0.472000934   16    0
        16
          17           0.353312543   17    0
        17
          18           0.342807174   18    0
        18
          19           0.281951201   20    0
        20
          20           0.254948909   21    0
        21
          21           0.105875925   22    0
        22
          22           0.077277662   23    0
        23
          23           0.066539440   24    0
        24
          24           0.000000000    0    1
         0.000000000         0.000000000         0.000000000         0.000000000
         0.000000000         0.000000000         0.000000000         0.000000000
         0.000000000         0.000000000         0.000000000         0.000000000
         0.000000000         0.000000000         0.000000000         0.000000000
         0.000000000         0.000000000         0.000000000         0.000000000
         0.000000000         0.000000000         0.000000000         0.000000000
         1.000000000
$end
