$energy      SCF               SCFKIN            SCFPOT
     1 -230.2222015083      229.3307430967     -459.5529446049
     2 -230.2227383750      229.2847507467     -459.5074891216
     3 -230.2228005788      229.2882198686     -459.5110204475
     4 -230.2228222121      229.2913658669     -459.5141880789
     5 -230.2228225093      229.2902787637     -459.5131012730
     6 -230.2228225355      229.2903772029     -459.5131997383
     7 -230.2228225345      229.2903848765     -459.5132074110
     8 -230.2228225361      229.2904268738     -459.5132494100
     9 -230.2228225371      229.2904173405     -459.5132398777
    10 -230.2228225372      229.2904146015     -459.5132371386
    11 -230.2228225372      229.2904079915     -459.5132305287
    12 -230.2228225372      229.2904038038     -459.5132263410
$end
