$grad          cartesian gradients
  cycle =      1    SCF energy =     -230.2222015083   |dE/dxyz| =  0.010153
    0.71603971754271     -0.61035866335299     -4.60012613194648      h
   -0.38014985577734     -0.58504568531219     -3.15013551355311      o
    0.89233759305453      0.64220495168972     -1.11975653882748      c
    1.38202203073180      2.59657037905953     -1.60223067831207      h
    2.63461262925319     -0.35321237011624     -0.60425364501825      h
   -0.89225016981363      0.64232858551986      1.11975414435487      c
   -1.38170141049545      2.59675739083978      1.60221712437706      h
   -2.63464054648792     -0.35287983117970      0.60424606973289      h
    0.38008254997185     -0.58505818866793      3.15014771004423      o
   -0.71630583359779     -0.61067361953488      4.59998220052987      h
  -.41944545534054D-03  0.22713582950370D-03  0.12486257127339D-02
  -.13532614237180D-02  -.49849906095523D-03  0.37882971757494D-02
  0.10732091027313D-02  -.57420763867260D-03  0.36922177509537D-02
  -.96231672607222D-03  0.75892013375563D-03  0.35779436851792D-02
  0.17845161002253D-02  0.86634348463231D-04  -.84816077197799D-03
  -.10740474231533D-02  -.57243017112747D-03  -.36924334680056D-02
  0.96229844844995D-03  0.75905307106273D-03  -.35773086220642D-02
  -.17841018255367D-02  0.87122149392399D-04  0.84778127127479D-03
  0.13540731372941D-02  -.49732718290784D-03  -.37878523422832D-02
  0.41907505168876D-03  0.22607421351937D-03  -.12491117019406D-02
  cycle =      2    SCF energy =     -230.2227383750   |dE/dxyz| =  0.003071
    0.73807261108478     -0.58564300064217     -4.64268113882624      h
   -0.36658762315860     -0.58220200981588     -3.19637429363955      o
    0.88396555827637      0.63804889568357     -1.14066495571492      c
    1.39220766676258      2.58364912745392     -1.64248971439752      h
    2.61901918473913     -0.36366461012372     -0.62485769552904      h
   -0.88389650854749      0.63813980536672      1.14065368305135      c
   -1.39189322485293      2.58379306946896      1.64252572641120      h
   -2.61907455224563     -0.36333735167954      0.62481065601289      h
    0.36648958219731     -0.58231986838012      3.19634061182797      o
   -0.73825598987358     -0.58583110838677      4.64258186218539      h
  -.17205675246542D-03  -.18072667449909D-03  -.43663793883830D-03
  0.59890278778030D-03  -.58242474065062D-03  -.15986029887474D-04
  -.19738998296765D-03  -.33061452075130D-03  0.67459636873253D-04
  0.55530254286845D-04  0.61625210807757D-03  0.12948813965240D-02
  0.43066921243435D-03  0.47757254213157D-03  -.10671804605816D-02
  0.19724599688878D-03  -.32977661807081D-03  -.67694780977363D-04
  -.55690389937188D-04  0.61640321961482D-03  -.12944739574209D-02
  -.43023410737471D-03  0.47776119874434D-03  0.10668590828785D-02
  -.59885143035373D-03  -.58189203755065D-03  0.16339839257893D-04
  0.17187008827909D-03  -.18117389679919D-03  0.43643419707030D-03
  cycle =      3    SCF energy =     -230.2228005788   |dE/dxyz| =  0.001836
    0.73775069960559     -0.58681601615306     -4.63793337479416      h
   -0.37011585998798     -0.57815515100168     -3.19442691631719      o
    0.88332993839829      0.64216341747421     -1.14131988340602      c
    1.40014765388767      2.58128743066090     -1.65664483411221      h
    2.61056940051395     -0.36827978863051     -0.61596346301341      h
   -0.88327061298479      0.64224137237826      1.14130529506778      c
   -1.39983430202844      2.58141470368150      1.65670071845436      h
   -2.61064140800818     -0.36795342780925      0.61590413993771      h
    0.37000678645402     -0.57831731357234      3.19437200908323      o
   -0.73789559146819     -0.58695227808307      4.63785105048144      h
  -.11826711482497D-03  -.80958434822430D-04  -.20427309278190D-03
  0.64711891103423D-03  -.30065043089106D-03  0.13126907127332D-03
  -.29725299293157D-03  -.18264654548866D-03  -.37666155695140D-03
  0.57700720625621D-04  0.30339958276429D-03  0.53157088327691D-03
  0.14801300399189D-03  0.26130019475796D-03  -.60387671178377D-03
  0.29726311918482D-03  -.18223523162697D-03  0.37665826239909D-03
  -.57794109279181D-04  0.30343082381822D-03  -.53136023833764D-03
  -.14781567845998D-03  0.26134906147812D-03  0.60361183419607D-03
  -.64714755258253D-03  -.30034913439922D-03  -.13112582806705D-03
  0.11817678749776D-03  -.81128763514195D-04  0.20418945328778D-03
  cycle =      4    SCF energy =     -230.2228222121   |dE/dxyz| =  0.000945
    0.73648690682158     -0.59456149182935     -4.62987532087844      h
   -0.37606108695403     -0.57347551415185     -3.19028029620664      o
    0.88287321804315      0.64807124880925     -1.14060288171146      c
    1.40741229308947      2.58108098204311     -1.66798153832256      h
    2.60248658594482     -0.37090625067193     -0.60477607899307      h
   -0.88282273365940      0.64813888564152      1.14058542630344      c
   -1.40709922163704      2.58119545697238      1.66805282433358      h
   -2.60257426904041     -0.37058015378501      0.60470968229129      h
    0.37594461373971     -0.57367340937880      3.19020673217818      o
   -0.73659960196591     -0.59465680470435      4.62980619238721      h
  -.34188146736223D-04  0.90755958747899D-05  0.16040157674453D-04
  0.28593216433637D-03  -.20756308379228D-03  0.23306480310847D-03
  -.31862852968741D-03  0.16743599721925D-03  -.36809273610183D-03
  0.10170166247921D-04  0.22465520078575D-04  -.89641885711194D-05
  0.46133153523591D-05  0.93738224737231D-05  0.22372445610033D-05
  0.31868808695674D-03  0.16742278625248D-03  0.36826205019912D-03
  -.10167612566924D-04  0.22426453404630D-04  0.89676187987161D-05
  -.46255044120836D-05  0.93496845059815D-05  -.23516905163508D-05
  -.28598926535519D-03  -.20752469663361D-03  -.23312649295433D-03
  0.34189704608488D-04  0.91235356669024D-05  -.16033134061014D-04
  cycle =      5    SCF energy =     -230.2228225093   |dE/dxyz| =  0.000789
    0.73724741519759     -0.59894396207470     -4.62840670785402      h
   -0.37727233775458     -0.57255532070699     -3.19030887350643      o
    0.88270986465971      0.64944457769231     -1.14054094972228      c
    1.40737538999189      2.58219971345601     -1.66826581786831      h
    2.60210110999388     -0.36993728046832     -0.60474742064220      h
   -0.88265880735871      0.64951365381985      1.14052358383026      c
   -1.40706180203337      2.58231660508259      1.66833413514640      h
   -2.60218841345624     -0.36961104417493      0.60468473055123      h
    0.37715793379532     -0.57274812841886      3.19023698567733      o
   -0.73736364865355     -0.59904586526200      4.62833507576955      h
  -.60954223488943D-05  -.46721897739539D-05  -.13331902745174D-04
  0.13036155153376D-03  -.29677526482221D-03  0.11389334906844D-03
  -.24035876854924D-03  0.29755234667244D-03  -.21281639895362D-03
  0.86724822563675D-05  0.30416826589384D-05  0.16147326095706D-04
  0.14635287905814D-04  0.16149498204848D-05  0.32276033052023D-04
  0.24038308352170D-03  0.29748936149442D-03  0.21288174785905D-03
  -.86591612338359D-05  0.30432051304208D-05  -.16161336329724D-04
  -.14642949744057D-04  0.16163085776501D-05  -.32293326459767D-04
  -.13039756395974D-03  -.29675434532186D-03  -.11392671623019D-03
  0.60958833654483D-05  -.46649592965693D-05  0.13334837079682D-04
  cycle =      7    SCF energy =     -230.2228225345   |dE/dxyz| =  0.000748
    0.73191666954409     -0.60834334697135     -4.62893515007252      h
   -0.38129394566191     -0.58117822905336     -3.18984980942573      o
    0.88121936240136      0.64096691551562     -1.14166458906948      c
    1.40491140962544      2.57373505901587     -1.67027076260020      h
    2.60140284731068     -0.37828638705930     -0.60844204549365      h
   -0.88121964020467      0.64096665329640      1.14166463377581      c
   -1.40491203825271      2.57373471335684      1.67027079072952      h
   -2.60140292918385     -0.37828703658596      0.60844227007265      h
    0.38129418226478     -0.58117810687988      3.18984976189578      o
   -0.73191640426192     -0.60834387242310      4.62893511907347      h
  -.26879170620676D-05  -.24455696055671D-05  -.39423161389049D-05
  0.13301454643598D-03  -.29520588575140D-03  0.10516343315015D-03
  -.20870937594285D-03  0.29648589253626D-03  -.18028008358923D-03
  0.37813789849903D-05  -.18735624558281D-05  0.60483445268565D-05
  0.17746274150887D-05  0.38678671292634D-05  0.57244161244826D-05
  0.20870170551090D-03  0.29645627036770D-03  0.18028562041111D-03
  -.37778263248954D-05  -.18701080942940D-05  -.60534214685988D-05
  -.17768843007862D-05  0.38690306788939D-05  -.57195687717483D-05
  -.13300721541389D-03  -.29519319008645D-03  -.10517035145946D-03
  0.26869677800285D-05  -.24476489444547D-05  0.39439210555601D-05
  cycle =      8    SCF energy =     -230.2228225361   |dE/dxyz| =  0.000742
    0.73195592641877     -0.60831757095250     -4.62890621510687      h
   -0.38129156764172     -0.58118415951266     -3.18985164777540      o
    0.88121358707959      0.64096168895531     -1.14165468614669      c
    1.40486829752101      2.57373468754626     -1.67030317083629      h
    2.60140327991772     -0.37830056606862     -0.60847899405628      h
   -0.88121384510296      0.64096137668731      1.14165471023076      c
   -1.40486896918064      2.57373422560567      1.67030334303226      h
   -2.60140331012862     -0.37830123563554      0.60847903093046      h
    0.38129167740133     -0.58118433133782      3.18985154166677      o
   -0.73195556270320     -0.60831775307563      4.62890630694694      h
  -.17237753549831D-05  -.12005119375797D-05  -.15746400156570D-05
  0.13303471238986D-03  -.29488398713564D-03  0.10416493527130D-03
  -.20879026267083D-03  0.29481977154154D-03  -.17128580804957D-03
  0.22297425800979D-05  -.87341178053352D-07  0.28919384562375D-05
  0.11501920530944D-05  0.21776612013814D-05  0.31633092402240D-05
  0.20879067756534D-03  0.29480750542310D-03  0.17128888303825D-03
  -.22296864636702D-05  -.84683489989701D-07  -.28944867120421D-05
  -.11499269911357D-05  0.21800277836033D-05  -.31612668331833D-05
  -.13303772320844D-03  -.29488772883162D-03  -.10416765304751D-03
  0.17260484168868D-05  -.11971361234987D-05  0.15747942233779D-05
  cycle =     10    SCF energy =     -230.2228225372   |dE/dxyz| =  0.000735
    0.73200527833438     -0.60829443477513     -4.62887607877039      h
   -0.38129538255161     -0.58118363518485     -3.18986284261430      o
    0.88120903905372      0.64097080421706     -1.14164200544485      c
    1.40482168233401      2.57374461579216     -1.67034000197073      h
    2.60140168598629     -0.37830820334649     -0.60852271071380      h
   -0.88120889709636      0.64097104177669      1.14164199476683      c
   -1.40482107114139      2.57374498053544      1.67033996657894      h
   -2.60140177711153     -0.37830759694737      0.60852277632812      h
    0.38129527632738     -0.58118363759884      3.18986286808275      o
   -0.73200580390511     -0.60829526483946      4.62887577153116      h
  -.38307173060111D-06  -.46699018491537D-07  0.29215380014655D-06
  0.13064653980765D-03  -.29628797639742D-03  0.10109182743099D-03
  -.20580202437971D-03  0.29599302183153D-03  -.15925619432293D-03
  0.31449034095164D-06  0.10080945702296D-05  -.10333401098141D-06
  0.28298799911263D-06  0.15167130678836D-06  0.34214178083525D-06
  0.20580223287695D-03  0.29600881841380D-03  0.15924923875366D-03
  -.30872764239523D-06  0.10061865221050D-05  0.10444297558265D-06
  -.28502856550165D-06  0.15438641257005D-06  -.34036723821178D-06
  -.13064919586181D-03  -.29629501892929D-03  -.10109078181653D-03
  0.38179877951245D-06  -.48668140464919D-07  -.28913267108149D-06
  cycle =     11    SCF energy =     -230.2228225372   |dE/dxyz| =  0.000736
    0.73200692932180     -0.60829051619294     -4.62888213971373      h
   -0.38129659805663     -0.58118587906658     -3.18986978224136      o
    0.88120917361900      0.64097127069868     -1.14164245540053      c
    1.40482239608993      2.57374291733955     -1.67033955722878      h
    2.60140077628718     -0.37830865651015     -0.60852390680331      h
   -0.88120901371319      0.64097150835007      1.14164245897666      c
   -1.40482177968436      2.57374329813322      1.67033950320667      h
   -2.60140084353427     -0.37830805079494      0.60852398052629      h
    0.38129651008602     -0.58118581877422      3.18986984161674      o
   -0.73200752018569     -0.60829140355347      4.62888179483508      h
  -.45603373299519D-07  -.15346798682345D-07  -.14920414460016D-06
  0.12948868687565D-03  -.29732062163037D-03  0.99772122221579D-04
  -.20495591896765D-03  0.29734575342498D-03  -.15858925404156D-03
  0.30898100652704D-06  0.53085802492004D-06  0.16270722048350D-06
  0.22653017460500D-06  0.28051217216968D-06  0.37752719444219D-06
  0.20495216428799D-03  0.29734492837780D-03  0.15858385191572D-03
  -.30657433739641D-06  0.53142746946040D-06  -.16166424583831D-06
  -.22557300766156D-06  0.28188383283501D-06  -.37547686470220D-06
  -.12948676582072D-03  -.29731621628444D-03  -.99770454373698D-04
  0.44076588614104D-07  -.19330583347862D-07  0.14983805900513D-06
$end
