$hessapprox internal
  0.139845600161D-01 -0.692225633606D-03  0.620444230302D+00 -0.413232739857D-03
  0.814189375843D-02  0.359966721407D+00  0.395676900179D-04  0.120489434652D-02
 -0.360960404450D-02  0.423833719964D+00  0.449166282388D-03  0.153537053585D-02
 -0.123371397047D-01 -0.268500109164D-02  0.416514551349D+00  0.580333133868D-03
 -0.624085382806D-02  0.345827512572D-02  0.176449542174D-02  0.720786679264D-02
  0.345524940398D+00  0.202842871250D-03 -0.461533848947D-03 -0.284752813085D-02
 -0.477638325424D-03 -0.831298871973D-03  0.203547970860D-02  0.345803017198D+00
 -0.362849504537D-03  0.340123430903D-02 -0.981055234680D-03 -0.784551597728D-03
 -0.353094834270D-02 -0.921232333570D-03 -0.108332175268D-02  0.321377421501D+00
 -0.128420286534D-04  0.773577088686D-03 -0.157532990247D-02 -0.443419867407D-03
 -0.139756889850D-02  0.657176667881D-03 -0.285301765234D-03 -0.260924319309D-03
  0.343627039309D+00  0.448137219986D-04  0.116840346464D-02 -0.362533534995D-02
 -0.913902007211D-03 -0.265866224649D-02  0.179120853700D-02 -0.466771238897D-03
 -0.801699368731D-03 -0.443445623080D-03  0.423840529159D+00  0.443599680918D-03
  0.155754231451D-02 -0.122814154901D-01 -0.267794224507D-02 -0.681891127636D-02
  0.716204557749D-02 -0.836573216488D-03 -0.350542688524D-02 -0.139258595497D-02
 -0.265189316727D-02  0.416523347137D+00  0.582131249766D-03 -0.622658084589D-02
  0.338971982543D-02  0.174857555713D-02  0.716471935300D-02  0.664977962956D-03
  0.202907936055D-02 -0.938964962411D-03  0.649148370843D-03  0.177540134289D-02
  0.711896608062D-02  0.345599548062D+00  0.184804052129D-03 -0.341533496262D-03
 -0.278051981930D-02 -0.485404358654D-03 -0.911198239286D-03  0.193784237758D-02
  0.259340850303D-04 -0.102193398448D-02 -0.283573435458D-03 -0.475433436327D-03
 -0.915510400821D-03  0.193111664621D-02  0.345735507774D+00 -0.361862852773D-03
  0.338722639826D-02 -0.967162371802D-03 -0.779389727878D-03 -0.351207462896D-02
 -0.923753232729D-03 -0.107857660169D-02  0.797633138040D-03 -0.258789622563D-03
 -0.796495105386D-03 -0.348665229428D-02 -0.941383720338D-03 -0.101735252028D-02
  0.321377282905D+00 -0.127715410338D-04  0.758948680354D-03 -0.154219577987D-02
 -0.434379360575D-03 -0.136967035353D-02  0.642605718604D-03 -0.279810443105D-03
 -0.254896113262D-03 -0.200603281485D-03 -0.434414211908D-03 -0.136477960561D-02
  0.634739118955D-03 -0.278084537580D-03 -0.252807098729D-03  0.343635419054D+00
  0.916103285731D-04 -0.583902242771D-03 -0.400494570902D-03  0.232001574564D-04
  0.356048736563D-03  0.522802208906D-03  0.169606619198D-03 -0.323055870385D-03
 -0.164195854565D-04  0.277740419822D-04  0.351321675259D-03  0.524165523182D-03
  0.153920820480D-03 -0.322141095905D-03 -0.162502115385D-04  0.139585915439D-01
 -0.691989689337D-03  0.225466055042D-02  0.811002966271D-02  0.119663552408D-02
  0.151081863490D-02 -0.622570256314D-02 -0.466039514957D-03  0.339461530430D-02
  0.769620164607D-03  0.116016805288D-02  0.153305988675D-02 -0.621157418198D-02
 -0.346088453585D-03  0.338065251589D-02  0.755072645527D-03 -0.583797362244D-03
  0.620467286755D+00 -0.410391181243D-03  0.815047356594D-02 -0.112598707997D-01
 -0.362586893456D-02 -0.123780971588D-01  0.350267734698D-02 -0.285235865930D-02
 -0.100289132724D-02 -0.158383193752D-02 -0.364143462105D-02 -0.123223528626D-01
  0.343386192457D-02 -0.278585504380D-02 -0.988882771517D-03 -0.155052829575D-02
 -0.398233450042D-03  0.811846060701D-02  0.359815722098D+00 -0.216534178610D-02
 -0.150751476410D-02  0.455731083051D-01  0.919318202066D-02  0.214099024347D-01
 -0.285234052258D-01  0.177905810757D-02  0.144127767891D-01  0.497237343834D-02
  0.907145163144D-02  0.214260188073D-01 -0.283821807717D-01  0.216022782862D-02
  0.143410728259D-01  0.487415471367D-02 -0.176143154369D-02 -0.142274665552D-02
  0.457008109582D-01  0.423612082313D+00 -0.122978303865D-02  0.814874063141D-02
  0.464417275678D-02 -0.508957470989D-03 -0.538435779568D-02 -0.669034907031D-02
 -0.239416533005D-02  0.419931680243D-02  0.127468116916D-03 -0.570081439302D-03
 -0.531896276184D-02 -0.671216708176D-02 -0.218380928051D-02  0.418805225810D-02
  0.127104714755D-03 -0.106912188853D-02  0.814556370968D-02  0.461014642523D-02
  0.257660318111D-01  0.393087524567D+00 -0.216040117595D-02 -0.151040055959D-02
  0.454840441386D-01  0.917623124877D-02  0.213733755670D-01 -0.284650037336D-01
  0.177739038900D-02  0.143826916233D-01  0.496292225872D-02  0.905477298130D-02
  0.213894156604D-01 -0.283240298411D-01  0.215769470660D-02  0.143111305721D-01
  0.486488870873D-02 -0.175736424335D-02 -0.142578981492D-02  0.456115302636D-01
 -0.628468037660D-01  0.257074469124D-01  0.423812742386D+00 -0.123062939147D-02
  0.813867707771D-02  0.468433132396D-02 -0.499335367366D-03 -0.535753104413D-02
 -0.671150273472D-02 -0.238988792750D-02  0.420914429103D-02  0.132248738342D-03
 -0.560515344775D-03 -0.529218888465D-02 -0.673315820345D-02 -0.217937644810D-02
  0.419782072566D-02  0.131788638344D-03 -0.106973804920D-02  0.813558728399D-02
  0.465046701479D-02  0.256767051224D-01  0.143522872569D-01  0.256182811119D-01
  0.393108178481D+00 -0.942952839213D-03  0.592872601829D-02  0.431437921558D-02
 -0.186985188681D-03 -0.350619509470D-02 -0.546723650358D-02 -0.171498870520D-02
  0.336128805713D-02  0.193392245206D-03 -0.234137013924D-03 -0.345804763425D-02
 -0.548034662857D-02 -0.155347806672D-02  0.335160581686D-02  0.191147727285D-03
 -0.817325469797D-03  0.592811054764D-02  0.429206884399D-02  0.175742888529D-01
  0.110071989689D-01  0.175334692502D-01  0.110129885617D-01  0.387043076940D+00
  0.000000000000D+00  0.000000000000D+00  0.000000000000D+00  0.000000000000D+00
  0.000000000000D+00  0.000000000000D+00  0.000000000000D+00  0.000000000000D+00
  0.000000000000D+00  0.000000000000D+00  0.000000000000D+00  0.000000000000D+00
  0.000000000000D+00  0.000000000000D+00  0.000000000000D+00  0.000000000000D+00
  0.000000000000D+00  0.000000000000D+00  0.000000000000D+00  0.000000000000D+00
  0.000000000000D+00  0.000000000000D+00  0.000000000000D+00  0.000000000000D+00
$end
