$hessapprox internal
  0.144826559958D-01 -0.856825585718D-03  0.619497512442D+00  0.325045406947D-02
 -0.237143367789D-03  0.369633694728D+00 -0.183593681987D-02  0.410318711244D-03
  0.133761378635D-02  0.420934641298D+00  0.123529859156D-02  0.764067045007D-05
 -0.177917342146D-02  0.691616177089D-03  0.418577609191D+00  0.264222150030D-02
 -0.431147277533D-03 -0.241889271911D-02  0.640446656815D-03 -0.117601809146D-02
  0.343643367691D+00 -0.136214584134D-03 -0.775134586572D-03  0.259549102562D-02
 -0.152776745217D-02  0.964536798781D-03  0.216309458025D-02  0.346441883527D+00
 -0.594281050994D-03  0.114245830125D-04  0.809138292407D-03 -0.304417245175D-03
  0.361485930297D-03  0.526106165907D-03 -0.467397128863D-03  0.319308285707D+00
  0.533071584395D-03 -0.692948953257D-03  0.138969146330D-02 -0.100674254944D-02
  0.449673647788D-03  0.132096541312D-02  0.571840825701D-03 -0.228449462923D-03
  0.344075895265D+00 -0.184283603540D-02  0.413040562644D-03  0.133898412222D-02
 -0.236100677497D-03  0.692877587557D-03  0.639754695395D-03 -0.153377232147D-02
 -0.304909692827D-03 -0.101147273565D-02  0.420937287000D+00  0.123643407276D-02
  0.685276665026D-05 -0.177834558409D-02  0.690761720976D-03 -0.786805301713D-03
 -0.117501147462D-02  0.965601063966D-03  0.361379276104D-03  0.450724972673D-03
  0.692018268828D-03  0.418577966281D+00  0.264762259151D-02 -0.431259908803D-03
 -0.242621926148D-02  0.643196840647D-03 -0.117929346139D-02 -0.134500094916D-02
  0.216734446051D-02  0.527606052127D-03  0.132304872601D-02  0.642509288149D-03
 -0.117828586291D-02  0.343633837858D+00 -0.119915142284D-03 -0.779837167563D-03
  0.258689961905D-02 -0.152764630632D-02  0.959598017754D-03  0.216019183183D-02
  0.804974229744D-04 -0.465279682275D-03  0.581629227799D-03 -0.153367092056D-02
  0.960671352285D-03  0.216442261843D-02  0.346469502513D+00 -0.598072797326D-03
  0.119612234802D-04  0.812863895783D-03 -0.305490196663D-03  0.363266636754D-03
  0.528245054358D-03 -0.470482953969D-03 -0.166367129219D-03 -0.230279250960D-03
 -0.305982273133D-03  0.363158652905D-03  0.529752181375D-03 -0.468359936535D-03
  0.319306680966D+00  0.560743681459D-03 -0.697877592806D-03  0.136563873309D-02
 -0.100080974781D-02  0.437825592971D-03  0.130801416846D-02  0.594587360567D-03
 -0.223167694073D-03  0.767003158948D-03 -0.100555031135D-02  0.438888038623D-03
  0.131004972194D-02  0.604352436263D-03 -0.224976623462D-03  0.344104103379D+00
 -0.401314361629D-03 -0.870001423415D-03  0.326619193062D-02 -0.185095640551D-02
  0.123911100921D-02  0.266030210272D-02 -0.119459855951D-03 -0.596450092152D-03
  0.550160693429D-03 -0.185793823550D-02  0.124026762761D-02  0.266572310233D-02
 -0.103003562698D-03 -0.600265964520D-03  0.578031315238D-03  0.145183169152D-01
 -0.854422460369D-03  0.468851424879D-03 -0.238603431061D-03  0.410453561485D-03
  0.684177019202D-05 -0.431739137550D-03 -0.773113861684D-03  0.117712297662D-04
 -0.691555875851D-03  0.413172974541D-03  0.605511618275D-05 -0.431854897336D-03
 -0.777814994686D-03  0.123089244644D-04 -0.696489682589D-03 -0.867576556803D-03
  0.619496253977D+00  0.325069938947D-02 -0.237795658593D-03 -0.388274773389D-02
  0.133652549320D-02 -0.177858853603D-02 -0.241740925999D-02  0.259582870143D-02
  0.808849070825D-03  0.139030549335D-02  0.133789112655D-02 -0.177775974815D-02
 -0.242473316921D-02  0.258724750717D-02  0.812572587982D-03  0.136626851409D-02
  0.326645251032D-02 -0.239254248615D-03  0.369637043120D+00  0.851686911994D-03
 -0.218927515798D-03 -0.531949991127D-03  0.565591226757D-04 -0.288438336823D-03
 -0.222041821533D-03  0.715115862463D-03  0.125436722118D-03  0.489964389413D-03
  0.557303836343D-04 -0.288001947599D-03 -0.223174080815D-03  0.715548976590D-03
  0.125827802310D-03  0.488003597775D-03  0.859288452193D-03 -0.218918732907D-03
 -0.531430289020D-03  0.504177582207D+00 -0.299596800542D-02  0.258917245912D-03
  0.345529638727D-02 -0.115726572299D-02  0.159414661680D-02  0.212357115312D-02
 -0.240129976058D-02 -0.723514313500D-03 -0.131326521032D-02 -0.115822316650D-02
  0.159332712371D-02  0.213012148162D-02 -0.239407161930D-02 -0.726797689600D-03
 -0.129221264964D-02 -0.301136852984D-02  0.260162307636D-03  0.345373375780D-02
  0.454702029812D-03  0.376915486227D+00  0.865668255579D-03 -0.222716094088D-03
 -0.540079347726D-03  0.571227038026D-04 -0.292952696530D-03 -0.225175688227D-03
  0.726898752198D-03  0.127388419509D-03  0.498163895904D-03  0.562788855207D-04
 -0.292508871039D-03 -0.226325557154D-03  0.727342308753D-03  0.127785193307D-03
  0.496176305659D-03  0.873398900810D-03 -0.222706681167D-03 -0.539551013056D-03
 -0.859355993305D-06  0.461606968344D-03  0.504177916066D+00 -0.298092339107D-02
  0.250557667735D-03  0.345982019311D-02 -0.116468806002D-02  0.159414412742D-02
  0.213144650053D-02 -0.238766356221D-02 -0.723779046068D-03 -0.130100481374D-02
 -0.116569417520D-02  0.159333863135D-02  0.213799939001D-02 -0.238035086197D-02
 -0.727072278237D-03 -0.127986249715D-02 -0.299608999051D-02  0.251814097463D-03
  0.345826907725D-02  0.458648580684D-03 -0.307370398092D-02  0.465621733999D-03
  0.376905877328D+00 -0.104395376333D-02 -0.349764379802D-04  0.159195658784D-02
 -0.637949318708D-03  0.697411443546D-03  0.106875196035D-02 -0.808758239120D-03
 -0.321239954747D-03 -0.357131460363D-03 -0.639231392193D-03  0.697301141410D-03
  0.107166321502D-02 -0.804096216921D-03 -0.322851261022D-03 -0.346328945027D-03
 -0.104654304005D-02 -0.342301013967D-04  0.159147711282D-02  0.268928099675D-03
 -0.142918888798D-02  0.273158856693D-03 -0.142868453591D-02  0.371743572757D+00
  0.000000000000D+00  0.000000000000D+00  0.000000000000D+00  0.000000000000D+00
  0.000000000000D+00  0.000000000000D+00  0.000000000000D+00  0.000000000000D+00
  0.000000000000D+00  0.000000000000D+00  0.000000000000D+00  0.000000000000D+00
  0.000000000000D+00  0.000000000000D+00  0.000000000000D+00  0.000000000000D+00
  0.000000000000D+00  0.000000000000D+00  0.000000000000D+00  0.000000000000D+00
  0.000000000000D+00  0.000000000000D+00  0.000000000000D+00  0.000000000000D+00
$end
