$coord
    0.14970918558697     -1.06920040395314     -4.25685938332322  h
   -0.21197774785889     -1.14813155525225     -2.47612670044674  o
    0.33290732124011      1.24671292345927     -1.40243778129706  c
   -0.72693410425991      2.77810938063929     -2.31584603859186  h
    2.35609393061614      1.65914074241954     -1.61910632825294  h
   -0.33290751009411      1.24671291509572      1.40243772567191  c
    0.72693385169679      2.77810939592551      2.31584604644766  h
   -2.35609413747550      1.65914068713500      1.61910615984788  h
    0.21197759506033     -1.14813153856709      2.47612664186866  o
   -0.14971328129353     -1.06920163400152      4.25685857606183  h
$user-defined bonds
$intdef
# definitions of internal coordinates
   1 f  1.0000000000000 tors    2    3    6    9 val=  36.00000
$redundant
     number_of_atoms            10
     degrees_of_freedom         24
     internal_coordinates       25
     frozen_coordinates          1
# definitions of redundant internals
   1 k  1.0000000000000 tors   1    2    3    6 val= 177.31721
   2 k  1.0000000000000 stre   2    1           val=   1.81881
   3 k  1.0000000000000 bend   3    1    2      val= 108.23869
   4 k  1.0000000000000 stre   3    4           val=   2.07431
   5 k  1.0000000000000 stre   3    5           val=   2.07613
   6 k  0.0831935317962 bend   5    4    3      val=   1.01460
       -0.5283012743678 bend   2    4    3
       -0.4880576199063 bend   2    5    3
        0.4796880591185 bend   6    4    3
        0.4956568625159 bend   6    5    3
   7 k  0.0111076312726 bend   5    4    3      val=   0.32817
       -0.5304128370019 bend   2    4    3
        0.5627513251786 bend   2    5    3
       -0.4620143086550 bend   6    4    3
        0.4340421263874 bend   6    5    3
   8 k  0.8931099619447 bend   5    4    3      val=  -0.23640
       -0.1650141161145 bend   2    4    3
       -0.1933593757102 bend   2    5    3
       -0.2668845811416 bend   6    4    3
       -0.2578947644523 bend   6    5    3
   9 k -0.0122903158007 bend   5    4    3      val=   1.64681
        0.4491300396668 bend   2    4    3
       -0.4467281570576 bend   2    5    3
       -0.5351123780200 bend   6    4    3
        0.5587663663716 bend   6    5    3
  10 k  1.0000000000000 stre   6    7           val=   2.07431
  11 k  1.0000000000000 stre   6    8           val=   2.07613
  12 k  0.0831935749428 bend   8    7    6      val=   1.01461
       -0.5283012501033 bend   9    7    6
       -0.4880576497095 bend   9    8    6
        0.4796881049601 bend   3    7    6
        0.4956568074255 bend   3    8    6
  13 k  0.0111076790232 bend   8    7    6      val=   0.32817
       -0.5304128856045 bend   9    7    6
        0.5627513100850 bend   9    8    6
       -0.4620142514888 bend   3    7    6
        0.4340421461912 bend   3    8    6
  14 k  0.8931099587464 bend   8    7    6      val=  -0.23640
       -0.1650140981771 bend   9    7    6
       -0.1933593517116 bend   9    8    6
       -0.2668845596557 bend   3    7    6
       -0.2578948272336 bend   3    8    6
  15 k -0.0122902750437 bend   8    7    6      val=   1.64681
        0.4491299897171 bend   9    7    6
       -0.4467281686144 bend   9    8    6
       -0.5351123985078 bend   3    7    6
        0.5587663785570 bend   3    8    6
  16 k  1.0000000000000 tors  10    9    6    3 val= 177.31735
  17 k  1.0000000000000 stre   9   10           val=   1.81881
  18 k  1.0000000000000 bend   6   10    9      val= 108.23870
  19 k  1.0000000000000 tors   2    3    6    9 val=  36.00000
  20 k  1.0000000000000 stre   3    2           val=   2.68048
  21 k  1.0000000000000 bend   6    2    3      val= 110.04628
  22 k  1.0000000000000 stre   6    9           val=   2.68048
  23 k  1.0000000000000 bend   3    9    6      val= 110.04628
  24 k  1.0000000000000 stre   3    6           val=   2.88282
  25 f  1.0000000000000 tors   2    3    6    9 val=  36.00000
        24 non zero eigenvalues  of BmBt
           1           4.560921086    1    0
         1
           2           3.781842184    2    0
         2
           3           3.767538953    3    0
         3
           4           3.080308960    4    0
         4
           5           2.676298022    5    0
         5
           6           2.468807951    6    0
         6
           7           2.100690075    7    0
         7
           8           1.730959136    8    0
         8
           9           1.236629434    9    0
         9
          10           1.226912842   10    0
        10
          11           1.049750061   11    0
        11
          12           0.845644505   12    0
        12
          13           0.766310040   13    0
        13
          14           0.726110423   14    0
        14
          15           0.663925238   15    0
        15
          16           0.400809617   16    0
        16
          17           0.347728596   17    0
        17
          18           0.309728090   18    0
        18
          19           0.273739018   20    0
        20
          20           0.246564952   21    0
        21
          21           0.162667413   22    0
        22
          22           0.066866461   23    0
        23
          23           0.056919745   24    0
        24
          24           0.000000000    0    1
         0.000000000         0.000000000         0.000000000         0.000000000
         0.000000000         0.000000000         0.000000000         0.000000000
         0.000000000         0.000000000         0.000000000         0.000000000
         0.000000000         0.000000000         0.000000000         0.000000000
         0.000000000         0.000000000         0.000000000         0.000000000
         0.000000000         0.000000000         0.000000000         0.000000000
         1.000000000
$end
