$energy      SCF               SCFKIN            SCFPOT
     1 -230.2182753062      229.3096278976     -459.5279032038
     2 -230.2194946622      229.2709848373     -459.4904794995
     3 -230.2195845323      229.2837580553     -459.5033425876
     4 -230.2196076749      229.2885466209     -459.5081542958
     5 -230.2196086337      229.2866068208     -459.5062154545
     6 -230.2196086922      229.2870252189     -459.5066339111
     7 -230.2196086965      229.2869258237     -459.5065345202
     8 -230.2196087210      229.2868983560     -459.5065070770
     9 -230.2196087210      229.2869338597     -459.5065425807
    10 -230.2196087210      229.2869533375     -459.5065620585
    11 -230.2196087209      229.2869528676     -459.5065615885
    12 -230.2196087210      229.2869490381     -459.5065577591
    13 -230.2196087209      229.2869470267     -459.5065557477
$end
