$grad          cartesian gradients
  cycle =      1    SCF energy =     -230.2182753062   |dE/dxyz| =  0.015216
    0.19597943612960     -1.21633044225192     -4.11972507338903      h
   -0.22985882571559     -1.16612233910049     -2.35312210665784      o
    0.34795089566260      1.28013453587389     -1.38887605824464      c
   -0.73337322270146      2.75437634875132     -2.36328131023735      h
    2.36326096052294      1.71727763833777     -1.58775398495575      h
   -0.34795222075195      1.28013832353513      1.38887131171083      c
    0.73334484655671      2.75440002237819      2.36328092483303      h
   -2.36326793614243      1.71725523526136      1.58772795513646      h
    0.22989026780444     -1.16610412056992      2.35313415858060      o
   -0.19642737127799     -1.21646493444480      4.11961675027375      h
  -.23147211578551D-03  -.10820514774481D-02  0.78130933382143D-03
  0.18137770271204D-02  -.50776575933293D-02  0.55815099605100D-02
  -.30674455274987D-02  0.50949727562248D-02  0.21221773363898D-02
  -.72231481874835D-03  -.13994260219493D-02  -.39832155233474D-04
  -.11033793492522D-02  0.24649067964423D-02  0.20151286477355D-02
  0.30667860801641D-02  0.50952907216853D-02  -.21221959164718D-02
  0.72236721830463D-03  -.13992996365729D-02  0.40185524401015D-04
  0.11037456402263D-02  0.24651411551676D-02  -.20154575002775D-02
  -.18128197567839D-02  -.50781774046984D-02  -.55814538597861D-02
  0.23075572818453D-03  -.10819112080063D-02  -.78136878565826D-03
  cycle =      2    SCF energy =     -230.2194946622   |dE/dxyz| =  0.016367
    0.18549155573210     -1.10072142001340     -4.26181602641142      h
   -0.19942404958209     -1.16633898767398     -2.48505664136594      o
    0.34078159200643      1.23300218243062     -1.40494830923415      c
   -0.71533870958165      2.74500622820729     -2.35176153962572      h
    2.36015653050395      1.65839540813579     -1.60645935081606      h
   -0.34080951646982      1.23299925037530      1.40493759646892      c
    0.71530888877841      2.74499670301854      2.35176669333620      h
   -2.36018396469913      1.65839552747850      1.60643429260172      h
    0.19938827040953     -1.16634610734517      2.48503886787735      o
   -0.18582376701087     -1.10082851684296      4.26173698421916      h
  -.13215725613452D-03  -.70116897448224D-03  -.38643975340017D-03
  0.50592631262716D-02  -.22592247356572D-02  -.30834278268319D-03
  -.90392089640655D-02  0.32796187612249D-02  -.21721138794580D-02
  0.32713201803810D-03  -.10098623244945D-02  -.16722116720132D-02
  -.87580712537510D-03  0.68963618407207D-03  0.37131581698985D-03
  0.90389284065309D-02  0.32798657375024D-02  0.21719962865118D-02
  -.32712152981898D-03  -.10098580867475D-02  0.16725979709234D-02
  0.87607053801102D-03  0.68969129490522D-03  -.37167976166292D-03
  -.50589012105670D-02  -.22590506327602D-02  0.30873092950881D-03
  0.13180307118103D-03  -.70135744175080D-03  0.38614606621638D-03
  cycle =      3    SCF energy =     -230.2195845323   |dE/dxyz| =  0.017222
    0.18360549567245     -1.09442644354492     -4.25438017334706      h
   -0.19883048990318     -1.16590110162861     -2.47776621858087      o
    0.34096008764211      1.23089101812725     -1.40185926602006      c
   -0.71299226399140      2.75197441070644     -2.33731496776939      h
    2.36399756503272      1.64680588279807     -1.60474541254505      h
   -0.34100143528762      1.23088569215328      1.40184699098128      c
    0.71296405027065      2.75194981435341      2.33732141620878      h
   -2.36403509653367      1.64682054253548      1.60472424309413      h
    0.19876091200386     -1.16591946788658      2.47773695807050      o
   -0.18388199481908     -1.09452007984331      4.25430899695781      h
  -.50575161644280D-04  -.22329770504354D-03  -.30632853809168D-04
  0.57336408379317D-02  -.18680972271859D-02  0.84455834934559D-03
  -.99474511621551D-02  0.24742434488463D-02  -.21916476414266D-02
  0.15387699634478D-03  -.60206715227740D-03  -.86418806911688D-03
  -.29856536809821D-03  0.21813390636423D-03  0.15733847014783D-03
  0.99473190324372D-02  0.24743325420779D-02  0.21916523425110D-02
  -.15385616516683D-03  -.60210346104375D-03  0.86447178414225D-03
  0.29865572724222D-03  0.21816422135658D-03  -.15762345385106D-03
  -.57333591931908D-02  -.18677939807359D-02  -.84441935864168D-03
  0.50315180467313D-04  -.22343557520156D-03  0.30490305917485D-04
  cycle =      4    SCF energy =     -230.2196076749   |dE/dxyz| =  0.018051
    0.18144447376480     -1.08916245370502     -4.25299776197192      h
   -0.19687020555428     -1.16689324659854     -2.47576661223609      o
    0.34163002054872      1.22822330905744     -1.39984800194296      c
   -0.71099222351773      2.75842049601378     -2.32317885446063      h
    2.36694890472388      1.63875658896480     -1.60321790624979      h
   -0.34168903356497      1.22821448979278      1.39983346416573      c
    0.71096600380268      2.75837617784266      2.32318674958193      h
   -2.36699930818745      1.63879044679326      1.60320193490596      h
    0.19675601136029     -1.16692691165147      2.47572283154424      o
   -0.18164781328911     -1.08923862873917      4.25293672371360      h
  0.16267407574432D-04  0.62226303305737D-04  0.61244326258808D-04
  0.61796257896663D-02  -.19871370594105D-02  0.15676373794323D-02
  -.10430652427675D-01  0.20778288438785D-02  -.22730660011388D-02
  0.21292157628351D-04  -.10282535367379D-03  -.12011218704565D-03
  0.10265693577919D-03  -.51109952880283D-04  0.90970143806787D-06
  0.10430664255049D-01  0.20776493101528D-02  0.22731425138156D-02
  -.21265468306285D-04  -.10285219288918D-03  0.12025512529107D-03
  -.10267191458847D-03  -.51100639740258D-04  -.10830628025924D-05
  -.61795323361474D-02  -.19867991118486D-02  -.15676429567995D-02
  -.16384077734814D-04  0.62154074859749D-04  -.61283959239094D-04
  cycle =      5    SCF energy =     -230.2196086337   |dE/dxyz| =  0.017821
    0.18068576153360     -1.08874390825434     -4.25535412742076      h
   -0.19545861950883     -1.16759810939515     -2.47758673734937      o
    0.34225889128639      1.22744779010936     -1.40005252440004      c
   -0.71096796636175      2.75885966842186     -2.32099831665470      h
    2.36705138925444      1.63937980556498     -1.60306663882042      h
   -0.34232537104987      1.22743739427866      1.40003689622395      c
    0.71094248704433      2.75880711738855      2.32100632675494      h
   -2.36710690868018      1.63942171912864      1.60305352095375      h
    0.19532596272211     -1.16763833416252      2.47753706205319      o
   -0.18085879615340     -1.08881287530952      4.25529710570953      h
  0.11699408045891D-04  0.20302453002050D-04  -.72584673029552D-05
  0.61555060953669D-02  -.21476842961183D-02  0.14987362208549D-02
  -.10184490366916D-01  0.21374618957845D-02  -.23996554717522D-02
  0.10561336595896D-04  -.38366256559803D-05  -.13939924938673D-04
  0.29329968142184D-04  -.71729721876826D-05  -.53552078841028D-05
  0.10184528830769D-01  0.21371710163740D-02  0.23997159772738D-02
  -.10549140216606D-04  -.38512797535881D-05  0.14003216006264D-04
  -.29330173841950D-04  -.71669478362081D-05  0.52599446546281D-05
  -.61555032448334D-02  -.21474076379242D-02  -.14987402619393D-02
  -.11752544951024D-04  0.20261650568092D-04  0.72352964177321D-05
  cycle =      6    SCF energy =     -230.2196086922   |dE/dxyz| =  0.017706
    0.17998149075233     -1.08863570440291     -4.25558239783194      h
   -0.19483238470027     -1.16758998735747     -2.47756570384452      o
    0.34261441940712      1.22727620778207     -1.40007387462062      c
   -0.71087553587267      2.75865509898256     -2.32081195115123      h
    2.36722151537270      1.63963974617109     -1.60278520160082      h
   -0.34268500222328      1.22726505160686      1.40005766713066      c
    0.71085048325028      2.75859814330233      2.32081999578808      h
   -2.36727986288041      1.63968610799014      1.60277393403026      h
    0.19468975219867     -1.16763368596730      2.47751271321687      o
   -0.18013804521763     -1.08870071033685      4.25552738593332      h
  0.36144774047381D-05  0.10101538039530D-04  0.24195538636293D-05
  0.61641108741438D-02  -.20808227352160D-02  0.15130317870145D-02
  -.10086877416972D-01  0.20780816569828D-02  -.24642607261583D-02
  -.11717323182843D-06  -.32402827096301D-05  0.27238315484097D-05
  -.97413248381251D-05  -.50382263930901D-05  -.57155653675555D-05
  0.10086930163683D-01  0.20777449203597D-02  0.24643154894944D-02
  0.12212806489857D-06  -.32457710573049D-05  -.26968849609356D-05
  0.97427005646096D-05  -.50357171950866D-05  0.56732052650183D-05
  -.61641510823890D-02  -.20805772531089D-02  -.15130593244037D-02
  -.36332557917363D-05  0.10088594441629D-04  -.24298127639548D-05
  cycle =      8    SCF energy =     -230.2196087210   |dE/dxyz| =  0.017715
    0.14983536598527     -1.06920894793521     -4.25686390342546      h
   -0.21199841794630     -1.14813582289274     -2.47615725047980      o
    0.33289517716580      1.24672283719645     -1.40244671505618      c
   -0.72698946374355      2.77810127799302     -2.31585063459999      h
    2.35606565401978      1.65917246190042     -1.61915068419771      h
   -0.33289516096818      1.24672285583496      1.40244669461813      c
    0.72698901088030      2.77810154237062      2.31585081203805      h
   -2.35606577867798      1.65917206084374      1.61915012535575      h
    0.21199884998169     -1.14813557894419      2.47615736550502      o
   -0.14984183912902     -1.06921090060876      4.25686270258980      h
  0.41679010167747D-06  0.72250414452783D-06  -.14885409205790D-05
  0.61766834387442D-02  -.20706734872385D-02  0.14648227376491D-02
  -.10113335945570D-01  0.20682828310364D-02  -.24008632431042D-02
  -.21597993478509D-05  0.66285937171250D-06  -.15386721599299D-05
  -.17136882621913D-05  0.10936575629655D-06  -.58696435838183D-06
  0.10113333997484D-01  0.20682818805172D-02  0.24008679219049D-02
  0.21608912987727D-05  0.66018215016341D-06  0.15477377900201D-05
  0.17124603598490D-05  0.11218617563968D-06  0.57272372996524D-06
  -.61766724648432D-02  -.20706580815292D-02  -.14648199205984D-02
  -.42566559475651D-06  0.71597356332660D-06  0.14861823101800D-05
  cycle =      9    SCF energy =     -230.2196087210   |dE/dxyz| =  0.017720
    0.14978285850070     -1.06920237970432     -4.25684642200835      h
   -0.21198543699426     -1.14812986636980     -2.47612924345763      o
    0.33290417196087      1.24672299529806     -1.40243860395439      c
   -0.72695518752967      2.77810710721127     -2.31584998393773      h
    2.35608423513903      1.65915395293243     -1.61912013949715      h
   -0.33290446934367      1.24672296357967      1.40243854460413      c
    0.72695476972791      2.77810704337224      2.31585016976195      h
   -2.35608457471390      1.65915388813234      1.61911972138310      h
    0.21198509547758     -1.14812989113002      2.47612910795330      o
   -0.14978806465678     -1.06920402756356      4.25684536150038      h
  -.18990036295955D-06  0.74895458430283D-06  -.29430222701121D-07
  0.61788254763437D-02  -.20671627872897D-02  0.14667347605485D-02
  -.10117237225333D-01  0.20664539922722D-02  -.24015220365560D-02
  -.10069979809486D-05  -.42746929528670D-06  -.36331414895854D-06
  -.11527996073632D-05  -.50789836999074D-06  -.32353041557984D-06
  0.10117236483916D-01  0.20664541055954D-02  0.24015269786900D-02
  0.10092656956845D-05  -.42952632174650D-06  0.37057484040572D-06
  0.11533374511821D-05  -.50533723865843D-06  0.31248822039021D-06
  -.61788289855106D-02  -.20671555193459D-02  -.14667359771645D-02
  0.19135840176522D-06  0.74657930666144D-06  0.29466558359166D-07
  cycle =     11    SCF energy =     -230.2196087209   |dE/dxyz| =  0.017723
    0.14974349536055     -1.06920574668933     -4.25684986444988      h
   -0.21199300307845     -1.14812946091311     -2.47612661102787      o
    0.33289846063413      1.24671608183043     -1.40243903112654      c
   -0.72695168736880      2.77810846397909     -2.31584318754630      h
    2.35608301740296      1.65914174579423     -1.61912217856223      h
   -0.33289845514470      1.24671610243217      1.40243900186396      c
    0.72695141215400      2.77810868018263      2.31584318817807      h
   -2.35608309238655      1.65914148428973      1.61912193023771      h
    0.21199332829144     -1.14812927782033      2.47612670525631      o
   -0.14974837264619     -1.06920716018519      4.25684896516290      h
  -.11520890686617D-06  0.31641758038138D-06  -.51914664418814D-07
  0.61796765227502D-02  -.20650557063866D-02  0.14672431379120D-02
  -.10120286553992D-01  0.20648997682942D-02  -.24018094905980D-02
  -.49439939217821D-06  -.54574710478835D-06  -.36081738756898D-08
  -.34872100543447D-06  -.50746316596735D-06  -.40573073481442D-06
  0.10120288064794D-01  0.20648975702974D-02  0.24018097941593D-02
  0.49308205320231D-06  -.54752706260470D-06  0.37004429521578D-08
  0.34687267409925D-06  -.50625880545489D-06  0.40255091244526D-06
  -.61796675379902D-02  -.20650495656954D-02  -.14672378482473D-02
  0.10788998476224D-06  0.31342827665808D-06  0.49375607866673D-07
  cycle =     12    SCF energy =     -230.2196087210   |dE/dxyz| =  0.017724
    0.14971581494583     -1.06919804399977     -4.25685893086945      h
   -0.21198067117516     -1.14813171789634     -2.47612822010368      o
    0.33290545548865      1.24671307570494     -1.40243796079328      c
   -0.72693771466472      2.77810817842435     -2.31584634037270      h
    2.35609159865513      1.65913957292723     -1.61910910546075      h
   -0.33290570145041      1.24671306915630      1.40243791144555      c
    0.72693745799734      2.77810813089682      2.31584641435511      h
   -2.35609185074081      1.65913959970509      1.61910889612634      h
    0.21198034721493     -1.14813174218818      2.47612810364612      o
   -0.14971963305239     -1.06919920983011      4.25685815001286      h
  -.40242321671476D-06  0.16453614812828D-06  -.38452899593164D-08
  0.61800657557863D-02  -.20648886236338D-02  0.14670675333356D-02
  -.10120431526311D-01  0.20645338594781D-02  -.24021128367287D-02
  -.38603056470962D-06  -.34103535022790D-06  -.52357729803122D-07
  -.29278857261100D-06  -.36349482488038D-06  -.27736203707607D-06
  0.10120431261519D-01  0.20645335072268D-02  0.24021163090670D-02
  0.38774804737811D-06  -.34110475996848D-06  0.55779311114341D-07
  0.29338858193539D-06  -.36179442439143D-06  0.27363985664958D-06
  -.61800694883093D-02  -.20648857558982D-02  -.14670702129898D-02
  0.40411273412964D-06  0.16467382094849D-06  0.33418305202578D-08
$end
