$hessapprox internal
  0.153618404243D-01 -0.527868625814D-04  0.619077524060D+00  0.677618806963D-02
  0.237021313706D-02  0.348736543184D+00 -0.181238066201D-03  0.287134211571D-05
 -0.193797939159D-02  0.420743248373D+00  0.135095015935D-02  0.463415610638D-03
 -0.458201115869D-02 -0.388381209489D-03  0.418344714119D+00 -0.351397873173D-02
 -0.127650816890D-02  0.147092135518D-01  0.994553065879D-03  0.274135944812D-02
  0.336823284689D+00  0.959292305803D-03  0.168302269724D-03  0.305586237079D-02
 -0.311214476728D-03  0.640847291622D-03 -0.142066076300D-02  0.347772630028D+00
 -0.197564230950D-02 -0.725755257657D-03  0.858667361524D-02  0.557382389979D-03
  0.160349574981D-02 -0.501546050315D-02 -0.770775380387D-03  0.316660939018D+00
  0.204151423723D-02  0.573272574706D-03 -0.193875955722D-02 -0.614904664178D-03
 -0.294687048947D-03  0.148201822958D-02  0.140832810225D-02  0.914445879600D-03
  0.344777210554D+00 -0.213199396707D-03 -0.536816792639D-05 -0.193649191515D-02
  0.762267269089D-04 -0.389438432745D-03  0.986755868637D-03 -0.335809809178D-03
  0.551801363983D-03 -0.635343094754D-03  0.420763243568D+00  0.135856695409D-02
  0.464922975006D-03 -0.456446046745D-02 -0.390814561647D-03 -0.839358585272D-03
  0.273366193918D-02  0.648288572354D-03  0.159940726058D-02 -0.285225908596D-03
 -0.392041703030D-03  0.418352307613D+00 -0.350482818699D-02 -0.127296088380D-02
  0.146621499882D-01  0.992012400302D-03  0.273249984162D-02 -0.859291131719D-02
 -0.141773427445D-02 -0.499974900931D-02  0.147591312434D-02  0.984268613416D-03
  0.272481576211D-02  0.336877446326D+00  0.102178813016D-02  0.185778026159D-03
  0.299939842403D-02 -0.330054444244D-03  0.632393222070D-03 -0.137683287079D-02
  0.105515448617D-02 -0.743655380844D-03  0.143456239054D-02 -0.355286355662D-03
  0.640126311396D-03 -0.137408905807D-02  0.347860191745D+00 -0.198593450457D-02
 -0.729053143883D-03  0.861245118960D-02  0.560392537300D-03  0.160812537840D-02
 -0.503147276888D-02 -0.776463306308D-03 -0.292513647287D-02  0.914350158816D-03
  0.554854071100D-03  0.160400127618D-02 -0.501570711695D-02 -0.749350342833D-03
  0.316642009385D+00  0.213192317404D-02  0.601385282648D-03 -0.213157408927D-02
 -0.641535265604D-03 -0.328749582477D-03  0.160473037035D-02  0.146125876379D-02
  0.987309716030D-03  0.842268338430D-03 -0.662474611913D-03 -0.318950220643D-03
  0.159819864609D-02  0.148781793802D-02  0.987361903275D-03  0.344795243349D+00
  0.561653064241D-03 -0.326447730277D-04  0.693774156081D-02 -0.211123033649D-03
  0.138667977654D-02 -0.357948276049D-02  0.104668262510D-02 -0.200935619919D-02
  0.214451210221D-02 -0.244980597935D-03  0.139492446717D-02 -0.357024774872D-02
  0.111235984100D-02 -0.202001034733D-02  0.223843099766D-02  0.155581500428D-01
 -0.429853385028D-04 -0.706237585765D-04  0.233886341042D-02  0.428912207462D-07
  0.457670578447D-03 -0.125762965808D-02  0.173118923040D-03 -0.714694629025D-03
  0.571620121455D-03 -0.821144722505D-05  0.459206722193D-03 -0.125414388489D-02
  0.190548163343D-03 -0.717961620320D-03  0.599508846299D-03 -0.225654028750D-04
  0.619084121710D+00  0.676882567721D-02  0.236747583629D-02 -0.247462716800D-01
 -0.193590947042D-02 -0.457578336015D-02  0.146898378067D-01  0.305310330521D-02
  0.857541953021D-02 -0.193502263004D-02 -0.193444764439D-02 -0.455824693544D-02
  0.146428346690D-01  0.299675046994D-02  0.860116005024D-02 -0.212754993592D-02
  0.693026615142D-02  0.233616913831D-02  0.348803070321D+00 -0.441052921449D-02
 -0.139213095566D-02  0.102177204248D-01  0.129459667078D-02  0.182112186203D-02
 -0.641945348940D-02 -0.251058417609D-02 -0.380015794186D-02 -0.253496217449D-03
  0.131596698248D-02  0.180523472696D-02 -0.639745581348D-02 -0.252008436125D-02
 -0.380852777129D-02 -0.200242787237D-03 -0.457378399505D-02 -0.138006005382D-02
  0.102027847835D-01  0.500975198473D+00 -0.282927127121D-02 -0.788254845091D-03
  0.244252062680D-02  0.853549393681D-03  0.360394201040D-03 -0.192347983048D-02
 -0.197331859408D-02 -0.119335741401D-02 -0.121680632409D-02  0.882797805487D-03
  0.347097783363D-03 -0.191537592155D-02 -0.201158782988D-02 -0.119287717067D-02
 -0.123290380482D-02 -0.297441462035D-02 -0.786309279588D-03  0.243761984558D-02
  0.498619068838D-03  0.383043117428D+00 -0.435967127539D-02 -0.137693865443D-02
  0.101336678374D-01  0.127947901893D-02  0.180675645184D-02 -0.636345210937D-02
 -0.247865495197D-02 -0.376655725994D-02 -0.241915886412D-03  0.130047529315D-02
  0.179107801169D-02 -0.634165875700D-02 -0.248778136191D-02 -0.377487861257D-02
 -0.188863789149D-03 -0.452071163519D-02 -0.136495933064D-02  0.101188659850D-01
 -0.307185639278D-02  0.480938691761D-03  0.501005758062D+00 -0.274669956715D-02
 -0.768121198070D-03  0.248393067244D-02  0.828005910034D-03  0.372015765856D-03
 -0.192748656515D-02 -0.190578387640D-02 -0.119263348031D-02 -0.115240227099D-02
  0.855974821585D-03  0.359192502071D-03 -0.191945453089D-02 -0.194205442511D-02
 -0.119232756279D-02 -0.116665253615D-02 -0.288649920568D-02 -0.766073518766D-03
  0.247904465269D-02  0.416127950740D-03  0.168111361723D-02  0.399716059107D-03
  0.382863749346D+00  0.490018708027D-03  0.329807307475D-03 -0.800889793033D-02
 -0.105234148798D-03 -0.155271274198D-02  0.438158228115D-02 -0.327582196760D-03
  0.250234193717D-02 -0.173406294256D-02 -0.816316194865D-04 -0.155613827840D-02
  0.436909647119D-02 -0.380311655579D-03  0.251304979129D-02 -0.182399348343D-02
  0.440591666244D-03  0.318774581192D-03 -0.799941504428D-02  0.448685508501D-02
  0.237317162166D-02  0.443926470027D-02  0.231775308316D-02  0.378431399395D+00
  0.000000000000D+00  0.000000000000D+00  0.000000000000D+00  0.000000000000D+00
  0.000000000000D+00  0.000000000000D+00  0.000000000000D+00  0.000000000000D+00
  0.000000000000D+00  0.000000000000D+00  0.000000000000D+00  0.000000000000D+00
  0.000000000000D+00  0.000000000000D+00  0.000000000000D+00  0.000000000000D+00
  0.000000000000D+00  0.000000000000D+00  0.000000000000D+00  0.000000000000D+00
  0.000000000000D+00  0.000000000000D+00  0.000000000000D+00  0.000000000000D+00
$end
