$coord
    0.77421918808600     -0.01569765896498     -4.75430107515622  h
   -0.36977207977917     -0.22856550685426     -3.35722175901831  o
    0.96281982964673      0.23985312633119     -1.06344713285441  c
    1.97380956945349      2.04569705680623     -1.12940510962441  h
    2.34019842238156     -1.25988825945260     -0.68085918009915  h
   -0.96281969124223      0.23985314808424      1.06344719082229  c
   -1.97380944239288      2.04569711680887      1.12940502171792  h
   -2.34019837707660     -1.25988817387197      0.68085908934388  h
    0.36977203597728     -0.22856549028080      3.35722181541698  o
   -0.77421947536553     -0.01569781056350      4.75430092642617  h
$user-defined bonds
$intdef
# definitions of internal coordinates
   1 f  1.0000000000000 tors    2    3    6    9 val= 159.00000
$redundant
     number_of_atoms            10
     degrees_of_freedom         24
     internal_coordinates       25
     frozen_coordinates          1
# definitions of redundant internals
   1 k  1.0000000000000 tors   1    2    3    6 val= 172.46622
   2 k  1.0000000000000 stre   2    1           val=   1.81820
   3 k  1.0000000000000 bend   3    1    2      val= 108.82443
   4 k  1.0000000000000 stre   3    4           val=   2.07063
   5 k  1.0000000000000 stre   3    5           val=   2.07190
   6 k  0.0779168620625 bend   5    4    3      val=   0.88476
       -0.5096324096526 bend   2    4    3
       -0.5079133625698 bend   2    5    3
        0.5034641385455 bend   6    4    3
        0.4719657264672 bend   6    5    3
   7 k  0.0277863747241 bend   5    4    3      val=   0.75030
       -0.5453423447755 bend   2    4    3
        0.5335200930298 bend   2    5    3
       -0.4512770459090 bend   6    4    3
        0.4620984554655 bend   6    5    3
   8 k -0.8864580359329 bend   5    4    3      val=   2.39154
        0.1781737069670 bend   2    4    3
        0.1977113423389 bend   2    5    3
        0.2526301978998 bend   6    4    3
        0.2820185967188 bend   6    5    3
   9 k -0.0065495221365 bend   5    4    3      val=   0.87078
       -0.4456810019095 bend   2    4    3
        0.4683472955376 bend   2    5    3
        0.5335231565321 bend   6    4    3
       -0.5452791950033 bend   6    5    3
  10 k  1.0000000000000 stre   6    7           val=   2.07063
  11 k  1.0000000000000 stre   6    8           val=   2.07190
  12 k  0.0779169409300 bend   8    7    6      val=   0.88476
       -0.5096324150382 bend   9    7    6
       -0.5079133627063 bend   9    8    6
        0.5034641289527 bend   3    7    6
        0.4719657177176 bend   3    8    6
  13 k  0.0277863793075 bend   8    7    6      val=   0.75030
       -0.5453423698930 bend   9    7    6
        0.5335201249915 bend   9    8    6
       -0.4512770155567 bend   3    7    6
        0.4620984182874 bend   3    8    6
  14 k -0.8864580339087 bend   8    7    6      val=   2.39154
        0.1781736615658 bend   9    7    6
        0.1977113025468 bend   9    8    6
        0.2526302298398 bend   3    7    6
        0.2820186310499 bend   3    8    6
  15 k -0.0065495241097 bend   8    7    6      val=   0.87078
       -0.4456809670394 bend   9    7    6
        0.4683472628717 bend   9    8    6
        0.5335231840302 bend   3    7    6
       -0.5452792246323 bend   3    8    6
  16 k  1.0000000000000 tors  10    9    6    3 val= 172.46623
  17 k  1.0000000000000 stre   9   10           val=   1.81820
  18 k  1.0000000000000 bend   6   10    9      val= 108.82443
  19 k  1.0000000000000 tors   2    3    6    9 val= 159.00000
  20 k  1.0000000000000 stre   3    2           val=   2.69381
  21 k  1.0000000000000 bend   6    2    3      val= 107.41002
  22 k  1.0000000000000 stre   6    9           val=   2.69381
  23 k  1.0000000000000 bend   3    9    6      val= 107.41002
  24 k  1.0000000000000 stre   3    6           val=   2.86911
  25 f  1.0000000000000 tors   2    3    6    9 val= 159.00000
        24 non zero eigenvalues  of BmBt
           1           3.947970616    1    0
         1
           2           3.774815934    2    0
         2
           3           3.715644603    3    0
         3
           4           3.066910230    4    0
         4
           5           2.997356959    5    0
         5
           6           2.445505559    6    0
         6
           7           2.138922873    7    0
         7
           8           1.681951730    8    0
         8
           9           1.249679447    9    0
         9
          10           1.178833928   10    0
        10
          11           1.058192404   11    0
        11
          12           0.877974215   12    0
        12
          13           0.767113540   13    0
        13
          14           0.752853171   14    0
        14
          15           0.577833328   15    0
        15
          16           0.398570651   16    0
        16
          17           0.354530132   17    0
        17
          18           0.341148765   18    0
        18
          19           0.282588140   20    0
        20
          20           0.254639975   21    0
        21
          21           0.135488252   22    0
        22
          22           0.066839254   23    0
        23
          23           0.065457937   24    0
        24
          24           0.000000000    0    1
         0.000000000         0.000000000         0.000000000         0.000000000
         0.000000000         0.000000000         0.000000000         0.000000000
         0.000000000         0.000000000         0.000000000         0.000000000
         0.000000000         0.000000000         0.000000000         0.000000000
         0.000000000         0.000000000         0.000000000         0.000000000
         0.000000000         0.000000000         0.000000000         0.000000000
         1.000000000
$end
