$energy      SCF               SCFKIN            SCFPOT
     1 -230.2257795029      229.3020774009     -459.5278569038
     2 -230.2260308725      229.2900251021     -459.5160559746
     3 -230.2260989683      229.2914486347     -459.5175476029
     4 -230.2261008899      229.2913873098     -459.5174881998
     5 -230.2261012546      229.2915836013     -459.5176848559
     6 -230.2261012942      229.2915973550     -459.5176986492
     7 -230.2261012963      229.2915635494     -459.5176648457
     8 -230.2261013161      229.2915556826     -459.5176569987
     9 -230.2261013162      229.2915559663     -459.5176572825
    10 -230.2261013162      229.2915521797     -459.5176534959
    11 -230.2261013162      229.2915500910     -459.5176514072
    12 -230.2261013161      229.2915427441     -459.5176440602
    13 -230.2261013161      229.2915543113     -459.5176556274
$end
