$grad          cartesian gradients
  cycle =      1    SCF energy =     -230.2257795029   |dE/dxyz| =  0.004467
    0.81242655427552     -0.23315703396110     -4.72799407643741      h
   -0.37210261697090     -0.22345257125901     -3.34903012222677      o
    0.96357901109488      0.24527803415824     -1.05904029024068      c
    1.92738831257018      2.07860800869625     -1.10474881054554      h
    2.38002377020908     -1.22168211266787     -0.69320778277072      h
   -0.96356928509915      0.24531539684790      1.05903927444045      c
   -1.92734090499687      2.07866779687683      1.10473727948037      h
   -2.38004199796487     -1.22161528708478      0.69320859459936      h
    0.37209829484793     -0.22342424218001      3.34903537699304      o
   -0.81250302619446     -0.23359218834518      4.72793349178730      h
  -.60375539073618D-04  -.56112123462845D-03  0.34007441875303D-03
  -.18106299704991D-03  -.11604167956113D-02  0.90037674872988D-03
  -.49803505445607D-03  0.68569246266262D-03  0.97307843733213D-03
  -.12624890428669D-02  0.53286261314410D-03  0.12671882727627D-02
  0.12719691420731D-02  0.50191439847091D-03  -.58059852233349D-03
  0.49745523867659D-03  0.68685347622294D-03  -.97290650156739D-03
  0.12620860732376D-02  0.53328572852966D-03  -.12666503235891D-02
  -.12713920043501D-02  0.50234336444555D-03  0.58022204655921D-03
  0.18146206015892D-03  -.11593078331323D-02  -.90040240349029D-03
  0.60383170033186D-04  -.56196107503014D-03  -.34038287386323D-03
  cycle =      2    SCF energy =     -230.2260308725   |dE/dxyz| =  0.003741
    0.80714356287052     -0.12975690185762     -4.74694886723120      h
   -0.36245740341187     -0.24097881554654     -3.35909590475014      o
    0.96470625880646      0.22721922966421     -1.06253871100389      c
    1.95554201130993      2.04631573810496     -1.11409973009596      h
    2.35965854580922     -1.25717762241380     -0.69003056788631      h
   -0.96469373183468      0.22723190625230      1.06253256477282      c
   -1.95549117916008      2.04634933992686      1.11411729967175      h
   -2.35967648778389     -1.25712797629243      0.68999473254241      h
    0.36244743031287     -0.24102464531338      3.35909106179619      o
   -0.80722089514714     -0.13010445144330      4.74691105726373      h
  -.14780611766317D-05  -.27662438528685D-03  -.74241816699916D-04
  0.35686782133058D-03  -.18497266160252D-02  0.14503884418609D-03
  -.46450941368647D-03  0.12241459620573D-02  -.39112013816568D-03
  -.33496108216064D-03  0.45223320945034D-03  0.67230919756836D-03
  0.38705105160171D-03  0.44941862780749D-03  -.59889142407776D-03
  0.46450342135982D-03  0.12252377670480D-02  0.39052298494574D-03
  0.33480552510380D-03  0.45220124893674D-03  -.67188871836803D-03
  -.38678643687345D-03  0.44959116089162D-03  0.59866252569838D-03
  -.35705935873983D-03  -.18490150773344D-02  -.14451078422980D-03
  0.15629114787109D-05  -.27720151220019D-03  0.74117162631467D-04
  cycle =      3    SCF energy =     -230.2260989683   |dE/dxyz| =  0.004470
    0.79412647882457     -0.04487452698227     -4.75084181444133      h
   -0.35616205469685     -0.25550124924060     -3.35844781924028      o
    0.96738434334329      0.21275983152717     -1.06017681745934      c
    1.97786203927679      2.01990355324869     -1.11790678888479      h
    2.34389443867372     -1.28664105090391     -0.67628347909197      h
   -0.96738070481718      0.21274766708008      1.06016908398478      c
   -1.97781645045407      2.01991319491392      1.11795997187681      h
   -2.34392495881965     -1.28660719475529      0.67621578006280      h
    0.35614626928395     -0.25562543663151      3.35842747271500      o
   -0.79417128884325     -0.04512898717502      4.75081734555770      h
  0.64917477755571D-04  0.48905832257419D-05  -.11646576443893D-04
  0.30878211205978D-03  -.22361056878808D-02  0.49013558253878D-03
  -.23816142420574D-03  0.19740340351510D-02  -.74078786316902D-03
  0.83722640820787D-04  0.16768517740862D-03  0.18563936549653D-03
  -.86356854195239D-04  0.89246400663573D-04  -.25322906523060D-03
  0.23839995664521D-03  0.19746195175447D-02  0.74094780531585D-03
  -.83774332708584D-04  0.16766874877884D-03  -.18552858268426D-03
  0.86373487016287D-04  0.89132567642092D-04  0.25301627500786D-03
  -.30889065953397D-03  -.22358433451039D-02  -.49015746939986D-03
  -.65011390723111D-04  0.47172701462007D-05  0.11610636318628D-04
  cycle =      4    SCF energy =     -230.2261008899   |dE/dxyz| =  0.004434
    0.79273496354857     -0.03844803065920     -4.75143450579087      h
   -0.35573071206712     -0.25671837321428     -3.35882535245611      o
    0.96727363652677      0.21159265761051     -1.05970398891381      c
    1.97853768261261      2.01765502596589     -1.11934110791724      h
    2.34297852412817     -1.28842862444955     -0.67291699006055      h
   -0.96727472231330      0.21157402661424      1.05969587007386      c
   -1.97849525776133      2.01765862252256      1.11940455784650      h
   -2.34301501488015     -1.28839816816188      0.67284290114165      h
    0.35571391662403     -0.25686282548167      3.35879980517332      o
   -0.79276490464693     -0.03867850966536      4.75141174598261      h
  0.16665454556538D-04  0.13804958502772D-04  -.68996479391833D-05
  0.29343365335819D-03  -.21685024066851D-02  0.31510280943004D-03
  -.39259060668906D-03  0.21103746703179D-02  -.55962695432963D-03
  0.22827739796910D-04  0.38366326815770D-04  0.97396943070181D-04
  -.33249673254705D-04  0.57957354428675D-05  -.78604145444724D-04
  0.39269995946948D-03  0.21106519909188D-02  0.55993408430428D-03
  -.22851968531997D-04  0.38383210288160D-04  -.97380297722177D-04
  0.33276333206121D-04  0.57335166665286D-05  0.78439085485368D-04
  -.29346068391098D-03  -.21683610610581D-02  -.31523895642891D-03
  -.16748996763936D-04  0.13724820136548D-04  0.68770479877673D-05
  cycle =      5    SCF energy =     -230.2261012546   |dE/dxyz| =  0.004311
    0.79282078589519     -0.04009190992515     -4.75135807227113      h
   -0.35595965156030     -0.25639255313969     -3.35876458619346      o
    0.96714843964679      0.21195010462072     -1.05950192579979      c
    1.97811163566693      2.01790487685406     -1.12073911823429      h
    2.34316732012297     -1.28771343767504     -0.67146617169347      h
   -0.96715295707903      0.21192680981524      1.05949317014786      c
   -1.97807156898712      2.01790394058900      1.12081015320814      h
   -2.34320840127286     -1.28768531311845      0.67138801440331      h
    0.35594208625800     -0.25655152112591      3.35873524984991      o
   -0.79283957691925     -0.04030519581352      4.75133622166229      h
  -.85343178103018D-05  0.49284485934877D-05  0.14942437336910D-05
  0.29046506764468D-03  -.20837161276174D-02  0.24960205510221D-03
  -.45547356170297D-03  0.21011953180963D-02  -.42199489789622D-03
  -.16603798208604D-04  -.11319960130758D-04  0.26403139020421D-04
  0.12026213909725D-04  -.11136987661871D-04  0.14282435730959D-05
  0.45551557443145D-03  0.21012372279208D-02  0.42225451603844D-03
  0.16601112230874D-04  -.11305334112896D-04  -.26423943965043D-04
  -.12005516615925D-04  -.11145381847359D-04  -.15108415408849D-05
  -.29048599719593D-03  -.20836486902370D-02  -.24974242852774D-03
  0.84963766798647D-05  0.49043743300356D-05  -.15102470135511D-05
  cycle =      6    SCF energy =     -230.2261012942   |dE/dxyz| =  0.004247
    0.79323899528183     -0.04239937818409     -4.75119271339229      h
   -0.35619711392729     -0.25581886048174     -3.35867869144808      o
    0.96711302700052      0.21252718002764     -1.05954670244924      c
    1.97822157025677      2.01845171417165     -1.12136555145082      h
    2.34308230161254     -1.28710166343453     -0.67147728725779      h
   -0.96711887275072      0.21250193721602      1.05953744439769      c
   -1.97818249510432      2.01844879403103      1.12143993535595      h
   -2.34312532025684     -1.28707456747260      0.67139755120340      h
    0.35617914514074     -0.25598406329917      3.35864775038587      o
   -0.79325312548191     -0.04260529149295      4.75117119973468      h
  -.25293073546371D-05  0.31991138390007D-06  -.10778325186070D-05
  0.28927062283731D-03  -.20643669133521D-02  0.26399685354035D-03
  -.44400139093413D-03  0.20601329383965D-02  -.40160362421257D-03
  -.29394183151433D-05  0.10780449288057D-05  -.69350861097195D-06
  0.51564648255835D-05  0.28423968146283D-05  -.12359152024721D-05
  0.44405176523949D-03  0.20601050712907D-02  0.40174976384665D-03
  0.29390931870357D-05  0.10838180093198D-05  0.68047334113934D-06
  -.51497309000031D-05  0.28439102380603D-05  0.12136048395876D-05
  -.28931766983013D-03  -.20643316994693D-02  -.26410913307986D-03
  0.25206946879502D-05  0.31481279903011D-06  0.10791013358794D-05
  cycle =      8    SCF energy =     -230.2261013161   |dE/dxyz| =  0.004256
    0.77417257530748     -0.01558962117882     -4.75432366527239      h
   -0.36976608036491     -0.22857827098142     -3.35722106125446      o
    0.96282109110303      0.23983964572280     -1.06344744537307      c
    1.97380386011480      2.04569258523158     -1.12941837739649      h
    2.34022291131155     -1.25987684894597     -0.68086952737391      h
   -0.96282097954173      0.23983970110935      1.06344743981031      c
   -1.97380368055741      2.04569269875765      1.12941816256148      h
   -2.34022282485243     -1.25987673381880      0.68086933925436      h
    0.36976599489495     -0.22857826101724      3.35722109435300      o
   -0.77417281405267     -0.01558985293944      4.75432360914411      h
  -.10522989791910D-05  0.77909172248318D-07  -.93519179535749D-06
  0.28732487740540D-03  -.20688245336966D-02  0.25816808926956D-03
  -.44545600871665D-03  0.20656982921454D-02  -.40049703919248D-03
  0.12191847024868D-05  0.10398555623658D-05  -.97832273852534D-06
  0.21273248950073D-06  0.19091199945662D-05  -.73388825795473D-06
  0.44545747299288D-03  0.20656980396016D-02  0.40051425167763D-03
  -.12188913656818D-05  0.10416807570625D-05  0.97198303351083D-06
  -.20999865283183D-06  0.19084443588424D-05  0.72837860888077D-06
  -.28732925702323D-03  -.20688245244152D-02  -.25817483489342D-03
  0.10521871205434D-05  0.77596425177719D-07  0.93657291231037D-06
  cycle =      9    SCF energy =     -230.2261013162   |dE/dxyz| =  0.004259
    0.77418392474166     -0.01565776857861     -4.75431169959397      h
   -0.36978181853428     -0.22855664013313     -3.35721752225233      o
    0.96281674666507      0.23986179594395     -1.06344884642738      c
    1.97380308513577      2.04570882679505     -1.12941344924976      h
    2.34020818815278     -1.25986872220085     -0.68087024974501      h
   -0.96281666124202      0.23986184396734      1.06344881807939      c
   -1.97380292742365      2.04570892924438      1.12941328583839      h
   -2.34020815154719     -1.25986860767382      0.68087009356747      h
    0.36978176371969     -0.22855664319282      3.35721751440050      o
   -0.77418409630517     -0.01565797223181      4.75431162383563      h
  -.56628873358752D-06  -.35979450928861D-06  -.30029888184513D-06
  0.28592835589199D-03  -.20691365200553D-02  0.25784175995938D-03
  -.44523860285011D-03  0.20686223517183D-02  -.40101421751649D-03
  0.49231299427495D-06  0.11408215257217D-06  -.14058905055309D-06
  0.41510604288337D-06  0.66132709498574D-06  -.27339950091742D-06
  0.44523691868984D-03  0.20686228487702D-02  0.40102116589270D-03
  -.49108947917860D-06  0.11466686003839D-06  0.13710537560930D-06
  -.41260880799733D-06  0.66118690186257D-06  0.27075985703682D-06
  -.28593116610346D-03  -.20691365274455D-02  -.25784558027674D-03
  0.56706232653227D-06  -.36052918014861D-06  0.30329255839326D-06
  cycle =     11    SCF energy =     -230.2261013162   |dE/dxyz| =  0.004261
    0.77421052965409     -0.01566103731142     -4.75430332452147      h
   -0.36976719802541     -0.22857512306924     -3.35722061457290      o
    0.96282127444625      0.23984350190315     -1.06344459025119      c
    1.97381047515238      2.04568744907916     -1.12939960983467      h
    2.34020214309226     -1.25989603599265     -0.68085541020606      h
   -0.96282121256956      0.23984353300603      1.06344459101980      c
   -1.97381037077672      2.04568751602615      1.12939952673617      h
   -2.34020213133784     -1.25989595257185      0.68085532644429      h
    0.36976715397576     -0.22857511765311      3.35722062833182      o
   -0.77421068392256     -0.01566118537381      4.75430326382895      h
  -.17199920217513D-06  0.17675134604686D-06  0.44470289963000D-08
  0.28515512888911D-03  -.20700776861073D-02  0.25758180146702D-03
  -.44479384193835D-03  0.20698898037712D-02  -.40167307966952D-03
  0.12130052632415D-06  -.14646578279360D-06  0.21512137133784D-06
  0.29101236420978D-06  0.59201152345387D-07  0.99499517387448D-07
  0.44478218574981D-03  0.20698930453392D-02  0.40165830952968D-03
  -.11653238380691D-06  -.14942718577211D-06  -.21305066748800D-06
  -.28494410184502D-06  0.60511159318127D-07  -.97168742947583D-07
  -.28515599225999D-03  -.20700779740658D-02  -.25757905204843D-03
  0.17367997838770D-06  0.17549527603459D-06  0.31682012359440D-08
  cycle =     12    SCF energy =     -230.2261013161   |dE/dxyz| =  0.004260
    0.77422005536319     -0.01570810874195     -4.75430108918817      h
   -0.36977277011552     -0.22856302693825     -3.35722127455769      o
    0.96281957541222      0.23985558653733     -1.06344711398169      c
    1.97380914389414      2.04569946506894     -1.12940459178148      h
    2.34019936851507     -1.25988515803143     -0.68086018025428      h
   -0.96281948833615      0.23985561155588      1.06344713489483      c
   -1.97380903558183      2.04569952731170      1.12940451705817      h
   -2.34019935025112     -1.25988507581247      0.68086009436571      h
    0.36977272906153     -0.22856302847266      3.35722129857628      o
   -0.77422024827289     -0.01570824443468      4.75430099184306      h
  0.14399271605602D-07  -.17182719528693D-06  -.17342826035517D-07
  0.28487597441638D-03  -.20698018784390D-02  0.25755630054734D-03
  -.44452547770786D-03  0.20699670957060D-02  -.40199394626996D-03
  0.98141797275400D-07  -.12261482579784D-06  0.20354590944149D-06
  0.21588198589700D-06  0.31044912404301D-07  0.38265034076461D-09
  0.44450344883772D-03  0.20699742452980D-02  0.40196085390509D-03
  -.90147501689868D-07  -.12724651232347D-06  -.19766173750931D-06
  -.20550998532329D-06  0.32989907981478D-07  0.58985999815094D-08
  -.28487550749547D-03  -.20698039702615D-02  -.25754837369146D-03
  -.11203592354532D-07  -.17381447356539D-06  0.30342885947013D-07
$end
