$hessapprox internal
  0.168811734161D-01 -0.114645036166D-02  0.619008516388D+00  0.462618740004D-02
  0.244745926803D-02  0.365519949528D+00 -0.861250240112D-03 -0.410648703828D-03
  0.104701741244D-02  0.423523300757D+00  0.817910750910D-03  0.480646620847D-03
 -0.128845149603D-02  0.212467797913D-03  0.422393057651D+00  0.115149638836D-03
 -0.221880179635D-03  0.757940002081D-03 -0.135321951032D-03  0.140164935947D-03
  0.345821181394D+00  0.111496944835D-02  0.815472683185D-03 -0.227630974427D-02
  0.381088248036D-03 -0.447934503464D-03  0.211669399436D-03  0.345935594375D+00
  0.322118819256D-02  0.162968617404D-02 -0.422030309539D-02  0.686537408658D-03
 -0.851788956880D-03  0.518178440850D-03 -0.151432614261D-02  0.317997490057D+00
 -0.343951226807D-02 -0.113279929279D-02  0.253603849305D-02 -0.386481295734D-03
  0.539626288568D-03 -0.475239089677D-03  0.104069815241D-02  0.162406911531D-02
  0.344286280918D+00 -0.959381121383D-03 -0.442236557420D-03  0.111699888614D-02
 -0.179856010436D-03  0.227418114230D-03 -0.148786733277D-03  0.410085840888D-03
  0.731260936853D-03 -0.401578058543D-03  0.423501684739D+00  0.694111795696D-03
  0.442365150884D-03 -0.120525443001D-02  0.199978955780D-03 -0.239087513877D-03
  0.123379808704D-03 -0.412840552180D-03 -0.798824406946D-03  0.523567203807D-03
  0.214519868268D-03  0.422428447479D+00  0.278286016999D-03 -0.181696503971D-03
  0.681597674130D-03 -0.124720788733D-03  0.122819888269D-03  0.331800037069D-05
  0.175160987292D-03  0.470998989025D-03 -0.473612550323D-03 -0.138197876457D-03
  0.105893310344D-03  0.345863791813D+00  0.110120037960D-02  0.812112693540D-03
 -0.226996880174D-02  0.380211520081D-03 -0.446489789455D-03  0.209917919172D-03
 -0.759627932315D-03 -0.151041373430D-02  0.104062102725D-02  0.409211850783D-03
 -0.411381792399D-03  0.173321715789D-03  0.345941706904D+00  0.309171435684D-02
  0.158953654492D-02 -0.413292457499D-02  0.673411396255D-03 -0.832993742510D-03
  0.500609322620D-03 -0.147751594683D-02 -0.271882519669D-02  0.160705809495D-02
  0.717700658372D-03 -0.780467520739D-03  0.453291035042D-03 -0.147358961421D-02
  0.318108306509D+00 -0.343988206102D-02 -0.113233981491D-02  0.253442543278D-02
 -0.386191139232D-03  0.539330290882D-03 -0.475215475206D-03  0.104025851593D-02
  0.162296274092D-02 -0.576905935519D-03 -0.401258269187D-03  0.523308236302D-03
 -0.473635418655D-03  0.104018530689D-02  0.160599047375D-02  0.344288369752D+00
  0.273120363839D-02 -0.114739575008D-02  0.462669449407D-02 -0.861205432215D-03
  0.818148728518D-03  0.114287213191D-03  0.111578973639D-02  0.322131086434D-02
 -0.343776399330D-02 -0.959284171162D-03  0.694420408756D-03  0.277298758828D-03
  0.110203130156D-02  0.309191055122D-02 -0.343813179971D-02  0.168657227961D-01
 -0.104503388189D-02 -0.839458478205D-03  0.237728074311D-02 -0.400061907909D-03
  0.465598629872D-03 -0.208049595287D-03  0.786131865936D-03  0.158492305361D-02
 -0.111845638803D-02 -0.431280841311D-03  0.427696163930D-03 -0.167800103036D-03
  0.782764580563D-03  0.154517604585D-02 -0.111802738600D-02 -0.104603520533D-02
  0.619072146491D+00  0.488326785136D-02  0.252710604787D-02 -0.658129703028D-02
  0.107303822030D-02 -0.132572612994D-02  0.792815422553D-03 -0.234932957619D-02
 -0.433062322196D-02  0.256967536918D-02  0.114387801344D-02 -0.124166362678D-02
  0.716754660123D-03 -0.234301677740D-02 -0.424232388527D-02  0.256798537799D-02
  0.488362873322D-02  0.245613213289D-02  0.365171619471D+00 -0.119869492834D-02
 -0.710113756547D-03  0.190678658197D-02 -0.314635716815D-03  0.380108507999D-03
 -0.206152156458D-03  0.661880678862D-03  0.126090395367D-02 -0.801701679586D-03
 -0.336852688384D-03  0.353487153270D-03 -0.180274572961D-03  0.659724893517D-03
  0.123296063221D-02 -0.801266593146D-03 -0.119906133116D-02 -0.687746167094D-03
  0.196220436195D-02  0.490609384988D+00 -0.483407503761D-03 -0.621689528262D-03
  0.185677832116D-02 -0.318238104819D-03  0.357509668746D-03 -0.126233967909D-03
  0.585080071352D-03  0.124745506488D-02 -0.961647580508D-03 -0.345228327967D-03
  0.324416277871D-03 -0.888827174553D-04  0.581946813915D-03  0.121277556549D-02
 -0.961396513443D-03 -0.484592812531D-03 -0.594199015999D-03  0.192559239237D-02
 -0.527425887350D-03  0.380902866553D+00 -0.935129851896D-03 -0.635710386826D-03
  0.175268559229D-02 -0.292097247391D-03  0.346310658036D-03 -0.171329170240D-03
  0.593900309502D-03  0.116378379360D-02 -0.781022737168D-03 -0.313824226431D-03
  0.320093006499D-03 -0.144580776046D-03  0.591666705983D-03  0.113627817668D-02
 -0.780664886908D-03 -0.935668595659D-03 -0.613758766360D-03  0.180724431710D-02
 -0.511869598234D-03 -0.461298563649D-03  0.490710154257D+00 -0.588211791469D-03
 -0.646575182617D-03  0.190280715620D-02 -0.324518109123D-03  0.368086494534D-03
 -0.139476914403D-03  0.607652185103D-03  0.127571590888D-02 -0.960922683453D-03
 -0.351450435663D-03  0.335145964337D-03 -0.102849211110D-03  0.604581604466D-03
  0.124119050974D-02 -0.960641963897D-03 -0.589314026959D-03 -0.619178162973D-03
  0.197131151189D-02 -0.543216774500D-03 -0.440603440800D-03 -0.477775977228D-03
  0.380856525878D+00 -0.126490905604D-02 -0.201257231645D-02  0.611022054657D-02
 -0.105289552299D-02  0.117046171978D-02 -0.379899700689D-03  0.189703535379D-02
  0.411443057411D-02 -0.325079337062D-02 -0.114426622596D-02  0.105814237131D-02
 -0.251194633502D-03  0.188623180930D-02  0.399674932435D-02 -0.325004942023D-02
 -0.126920443625D-02 -0.191938677044D-02  0.634374771143D-02 -0.172609857731D-02
 -0.132687777727D-02 -0.150032380328D-02 -0.140781335159D-02  0.385835763388D+00
  0.000000000000D+00  0.000000000000D+00  0.000000000000D+00  0.000000000000D+00
  0.000000000000D+00  0.000000000000D+00  0.000000000000D+00  0.000000000000D+00
  0.000000000000D+00  0.000000000000D+00  0.000000000000D+00  0.000000000000D+00
  0.000000000000D+00  0.000000000000D+00  0.000000000000D+00  0.000000000000D+00
  0.000000000000D+00  0.000000000000D+00  0.000000000000D+00  0.000000000000D+00
  0.000000000000D+00  0.000000000000D+00  0.000000000000D+00  0.000000000000D+00
$end
