$coord
    0.73989790270875     -1.26219997695459     -4.11211437749385  h
   -0.36571592350281     -0.97447260637409     -2.69437721177320  o
    0.61522264018230      1.08443772451207     -1.28135897373210  c
    0.20975350282029      2.88873357099308     -2.21768724940510  h
    2.66280504557487      0.91893143879241     -1.02872325062152  h
   -0.61522208469112      1.08443797601065      1.28135924197514  c
   -0.20975148454602      2.88873338530626      2.21768775105075  h
   -2.66280468340731      0.91893321861559      1.02872369519412  h
    0.36571505302553     -0.97447358682589      2.69437662106229  o
   -0.73989127388365     -1.26219150622762      4.11212160155169  h
$intdef
# definitions of internal coordinates
   1 f  1.0000000000000 tors    2    3    6    9 val=  72.00000
$user-defined bonds
$redundant
     number_of_atoms            10
     degrees_of_freedom         24
     internal_coordinates       25
     frozen_coordinates          1
# definitions of redundant internals
   1 k  1.0000000000000 tors   1    2    3    6 val= 196.06073
   2 k  1.0000000000000 stre   2    1           val=   1.82075
   3 k  1.0000000000000 bend   3    1    2      val= 108.02015
   4 k  1.0000000000000 stre   3    5           val=   2.06974
   5 k  1.0000000000000 stre   3    4           val=   2.07282
   6 k  0.0883836160951 bend   4    5    3      val=   1.15305
       -0.5124299034089 bend   2    5    3
       -0.5047455005318 bend   2    4    3
        0.4854432406806 bend   6    5    3
        0.4890611109756 bend   6    4    3
   7 k  0.0032351555263 bend   4    5    3      val=  -0.00815
       -0.5395532889351 bend   2    5    3
        0.5443300170120 bend   2    4    3
       -0.4579342177747 bend   6    5    3
        0.4504141060611 bend   6    4    3
   8 k -0.8880726773990 bend   4    5    3      val=   1.42720
        0.1777836401255 bend   2    5    3
        0.1848459902111 bend   2    4    3
        0.2695407463234 bend   6    5    3
        0.2699993387683 bend   6    4    3
   9 k -0.0020700634393 bend   4    5    3      val=   0.27771
        0.4543581812352 bend   2    5    3
       -0.4539852802572 bend   2    4    3
       -0.5400096374517 bend   6    5    3
        0.5439129661546 bend   6    4    3
  10 k  1.0000000000000 stre   6    8           val=   2.06974
  11 k  1.0000000000000 stre   6    7           val=   2.07282
  12 k  0.0883836714538 bend   7    8    6      val=   1.15305
       -0.5124297903236 bend   9    8    6
       -0.5047456280267 bend   9    7    6
        0.4854433174221 bend   3    8    6
        0.4890610117024 bend   3    7    6
  13 k  0.0032351292492 bend   7    8    6      val=  -0.00815
       -0.5395533905703 bend   9    8    6
        0.5443299238963 bend   9    7    6
       -0.4579340979481 bend   3    8    6
        0.4504142188590 bend   3    7    6
  14 k -0.8880726438839 bend   7    8    6      val=   1.42721
        0.1777837166396 bend   9    8    6
        0.1848459118706 bend   9    7    6
        0.2695407662743 bend   3    8    6
        0.2699994323400 bend   3    7    6
  15 k -0.0020699828139 bend   7    8    6      val=   0.27770
        0.4543581483469 bend   9    8    6
       -0.4539853062358 bend   9    7    6
       -0.5400096928419 bend   3    8    6
        0.5439129172586 bend   3    7    6
  16 k  1.0000000000000 tors  10    9    6    3 val= 196.06026
  17 k  1.0000000000000 stre   9   10           val=   1.82075
  18 k  1.0000000000000 bend   6   10    9      val= 108.02015
  19 k  1.0000000000000 tors   2    3    6    9 val=  72.00000
  20 k  1.0000000000000 stre   3    2           val=   2.68290
  21 k  1.0000000000000 bend   6    2    3      val= 108.45332
  22 k  1.0000000000000 stre   6    9           val=   2.68290
  23 k  1.0000000000000 bend   3    9    6      val= 108.45331
  24 k  1.0000000000000 stre   3    6           val=   2.84280
  25 f  1.0000000000000 tors   2    3    6    9 val=  72.00000
        24 non zero eigenvalues  of BmBt
           1           4.409740118    1    0
         1
           2           3.806510456    2    0
         2
           3           3.738367467    3    0
         3
           4           3.048801682    4    0
         4
           5           2.836532757    5    0
         5
           6           2.433487820    6    0
         6
           7           2.082205478    7    0
         7
           8           1.727885331    8    0
         8
           9           1.245212187    9    0
         9
          10           1.236404773   10    0
        10
          11           1.040427982   11    0
        11
          12           0.833071654   12    0
        12
          13           0.773437475   13    0
        13
          14           0.731956726   14    0
        14
          15           0.611120621   15    0
        15
          16           0.446468305   16    0
        16
          17           0.350462139   17    0
        17
          18           0.345070966   18    0
        18
          19           0.282332095   20    0
        20
          20           0.251453833   21    0
        21
          21           0.122002089   22    0
        22
          22           0.068782704   23    0
        23
          23           0.065313080   24    0
        24
          24           0.000000000    0    1
         0.000000000         0.000000000         0.000000000         0.000000000
         0.000000000         0.000000000         0.000000000         0.000000000
         0.000000000         0.000000000         0.000000000         0.000000000
         0.000000000         0.000000000         0.000000000         0.000000000
         0.000000000         0.000000000         0.000000000         0.000000000
         0.000000000         0.000000000         0.000000000         0.000000000
         1.000000000
$end
