$energy      SCF               SCFKIN            SCFPOT            MP2
     1 -229.0275190127      228.755659     -457.783179     -.8130449629958
     2 -229.0280262899      228.784435     -457.812462     -.8129644869148
     3 -229.0281781814      228.798679     -457.826857     -.8129688544625
     4 -229.0281653968      228.789912     -457.818077     -.8130059473994
     5 -229.0281727939      228.791344     -457.819517     -.8130021951950
     6 -229.0281891579      228.792050     -457.820239     -.8129866965972
     7 -229.0281965127      228.791856     -457.820052     -.8129793621067
     8 -229.0281965276      228.791855     -457.820052     -.8129793891298
     9 -229.0281964877      228.791818     -457.820015     -.8129793756591
    10 -229.0281962183      228.791799     -457.819995     -.8129797232456
    11 -229.0281962184      228.791796     -457.819993     -.8129796945811
    12 -229.0281963035      228.791817     -457.820013     -.8129796319179
    13 -229.0281963037      228.791829     -457.820025     -.8129796316756
$end
