$grad          cartesian gradients
  cycle =      1 MP2 energy =     -229.8405639757 |dE/dxyz| =  0.010545
    0.43234124498577     -1.03394592015437     -4.30676799121007      h
   -0.35347269801195     -0.99200578915348     -2.66803509961052      o
    0.64172598750070      1.08893309591678     -1.27991781910296      c
    0.26180973274650      2.88831707360401     -2.23386828195967      h
    2.68937799927367      0.91545844702987     -1.01695508044977      h
   -0.64174892487741      1.08892815166404      1.27990440009168      c
   -0.26190779764097      2.88832062138661      2.23383707758759      h
   -2.68940597737513      0.91538009628173      1.01691189478064      h
    0.35354917900680     -0.99192597036564      2.66807521378488      o
   -0.43315585077579     -1.03457611378687      4.30636555657997      h
  -.22649640387689D-02  -.90565977527746D-03  0.11121068392739D-02
  0.87994535695923D-03  -.24213739463690D-02  -.22901661743502D-02
  0.45777649171366D-02  0.25021799579745D-02  -.22182783552585D-02
  0.14066645869882D-02  0.21980263466315D-03  0.12077997440674D-03
  0.10474488572934D-02  0.60593886902424D-03  -.95074290904245D-03
  -.45725233215128D-02  0.25047332371537D-02  0.22204545287214D-02
  -.14068076809688D-02  0.21417781556599D-03  -.12300083623318D-03
  -.10533056048625D-02  0.60675903900036D-03  0.94929788633526D-03
  -.87781154607658D-03  -.24214249458039D-02  0.22898623306427D-02
  0.22635884735875D-02  -.90513300395767D-03  -.11103132851518D-02
  cycle =      2 MP2 energy =     -229.8409907768 |dE/dxyz| =  0.003231
    0.50137626957994     -1.07322990132762     -4.26617625283994      h
   -0.38119560719006     -0.97355805707390     -2.67641401189183      o
    0.61608104193453      1.09350822947428     -1.28357665752540      c
    0.21179252430151      2.89456900710247     -2.22489130974356      h
    2.66506882267887      0.92544971834668     -1.04469194683252      h
   -0.61615569684795      1.09349789290746      1.28356214208170      c
   -0.21189275898997      2.89454703449175      2.22490853639271      h
   -2.66513958373008      0.92542072458802      1.04464869450454      h
    0.38115830370399     -0.97355814206787      2.67638321141240      o
   -0.50198042060859     -1.07376281401860      4.26579746493368      h
  -.84822797097761D-03  -.34362443990532D-03  -.22356522104339D-03
  0.74534954766126D-03  -.54231396749049D-03  0.10061967736341D-03
  0.14614486088482D-02  0.79978568038364D-03  -.17473885121189D-03
  0.59541655486156D-03  -.13835749033619D-03  -.63438907228708D-04
  0.52768008109716D-05  0.22307277320671D-03  -.49172684393123D-03
  -.14616904405971D-02  0.80178655085383D-03  0.17679712662644D-03
  -.59528047070323D-03  -.13921514998838D-03  0.64049793546905D-04
  -.62782213796631D-05  0.22370819225760D-03  0.49061651475055D-03
  -.74282525885216D-03  -.54122064090922D-03  -.10210816109968D-03
  0.84681085039828D-03  -.34362168132251D-03  0.22349487196927D-03
  cycle =      3 MP2 energy =     -229.8411470359 |dE/dxyz| =  0.002249
    0.57881011574590     -1.14168272844553     -4.19942555601322      h
   -0.41674720897044     -0.95099264099304     -2.68547016536996      o
    0.58940347820126      1.10584516442130     -1.29100109648310      c
    0.16006613118692      2.91031291266741     -2.21660226932380      h
    2.64205872817996      0.94328962257037     -1.08083202913893      h
   -0.58952384656687      1.10579877672103      1.29096495050522      c
   -0.16015991141912      2.91021412300666      2.21666187487088      h
   -2.64217512064647      0.94329379038618      1.08076789550270      h
    0.41657485665040     -0.95112247577070      2.68535224939179      o
   -0.57919432752933     -1.14207285214101      4.19913401655021      h
  0.18837518494053D-03  0.13130244411041D-03  -.40971121252698D-03
  0.33585118643398D-03  0.28847066543491D-03  0.86431707507195D-03
  -.83736124171097D-03  -.27761062234788D-03  0.73320067440852D-03
  -.14060288226581D-03  -.94903701410853D-04  -.64579324302372D-04
  -.12807960555117D-03  -.47524137562246D-04  0.51764924816622D-05
  0.83596829242882D-03  -.27748985514631D-03  -.73446123782106D-03
  0.14060824263890D-03  -.94172967127104D-04  0.65351404311853D-04
  0.12954254613451D-03  -.47468063802292D-04  -.54393805123815D-05
  -.33589026964531D-03  0.28863871142359D-03  -.86325346327065D-03
  -.18841145358772D-03  0.13075742458946D-03  0.40939897577452D-03
  cycle =      4 MP2 energy =     -229.8411713442 |dE/dxyz| =  0.001258
    0.60734922871655     -1.18886373879788     -4.15990192120755      h
   -0.43415396590124     -0.94029324604648     -2.68705579151884      o
    0.58145696483717      1.11777986788178     -1.29707271170179      c
    0.14777267435494      2.92368613553958     -2.21823210432163      h
    2.63563069411700      0.95447656050896     -1.09910675500374      h
   -0.58160270322407      1.11771642186604      1.29702830231527      c
   -0.14785638012764      2.92354328362555      2.21831310803245      h
   -2.63578157009162      0.95449929339303      1.09904324414414      h
    0.43393164745182     -0.94048413915289      2.68687700589361      o
   -0.60763369530070     -1.18917674639502      4.15965749385987      h
  0.43777495346786D-04  0.14230722457254D-03  0.25922423350533D-04
  0.26377869017669D-03  -.49121297478116D-03  0.57816482062378D-04
  -.47620194481279D-03  0.26661594954192D-03  -.34703018563120D-03
  -.10175127112544D-03  0.99102700045428D-04  0.65378024451945D-04
  0.10315191613230D-03  -.17163447416549D-04  0.15291981235066D-04
  0.47638181431608D-03  0.26719661457975D-03  0.34719856713794D-03
  0.10173028126348D-03  0.98888768624406D-04  -.65057603162000D-04
  -.10319797345515D-03  -.17231280718039D-04  -.15536788653348D-04
  -.26407925371430D-03  -.49071180787852D-03  -.57800895448601D-04
  -.43589754342710D-04  0.14220814990473D-03  -.26182004190023D-04
  cycle =      5 MP2 energy =     -229.8411749891 |dE/dxyz| =  0.001287
    0.61676403640439     -1.21029836080899     -4.13984654834310      h
   -0.44161871768062     -0.93483404181633     -2.68402623518038      o
    0.57851508413080      1.12379209441879     -1.29840830640195      c
    0.14450721568152      2.92909305007336     -2.22006753715418      h
    2.63262449934825      0.95904258757271     -1.10461813373235      h
   -0.57866817251562      1.12371967094683      1.29835919363912      c
   -0.14458757010539      2.92893395518585      2.22015259819335      h
   -2.63278456050396      0.95906881251946      1.10455403716083      h
    0.44137978320879     -0.93504985093984      2.68382764533347      o
   -0.61701870313595     -1.21058422472918      4.13962315697698      h
  0.64625872642221D-04  0.96720099120207D-04  0.29711692620449D-04
  0.27222646050173D-03  -.44539489267414D-03  0.19730469047463D-03
  -.44887767634272D-03  0.31933124819616D-03  -.42412745948650D-03
  -.65384828685233D-04  0.50958723812666D-04  0.10875122302911D-03
  0.20351889701065D-04  -.21521517247089D-04  0.21841537116846D-05
  0.44911902271405D-03  0.31934491742902D-03  0.42398002185617D-03
  0.65364712114213D-04  0.50768468995432D-04  -.10877956477295D-03
  -.20506815695764D-04  -.21512663875747D-04  -.22666664621362D-05
  -.27238412983621D-03  -.44530562716982D-03  -.19709572359972D-03
  -.64534506756031D-04  0.96611138919123D-04  -.29662368580041D-04
  cycle =      6 MP2 energy =     -229.8411758545 |dE/dxyz| =  0.001310
    0.61980624516718     -1.22011790684659     -4.13142001644752      h
   -0.44466707720570     -0.93214538606159     -2.68250935729204      o
    0.57736847890880      1.12672903601826     -1.29888607057623      c
    0.14428029362739      2.93128754945477     -2.22216571353162      h
    2.63133375203589      0.96104392034036     -1.10648892753842      h
   -0.57752471314700      1.12665411369483      1.29883604002336      c
   -0.14435939309246      2.93112409823949      2.22225255473149      h
   -2.63149714979381      0.96107155003878      1.10642674630526      h
    0.44442309911125     -0.93236960332445      2.68230213430241      o
   -0.62005064077932     -1.22039367913121      4.13120248051509      h
  0.38748651856713D-04  0.19064940944391D-04  -.11127167190761D-04
  0.35957241065265D-03  -.34728072996781D-03  0.24259494723466D-03
  -.54700763241033D-03  0.33825451880798D-03  -.35841298562733D-03
  -.15592637690853D-04  0.38257867207570D-05  0.51698899270258D-04
  -.40799105685441D-04  -.13764470338032D-04  -.75559046146118D-05
  0.54701681906311D-03  0.33805455534619D-03  0.35837889752921D-03
  0.15595736654772D-04  0.38397595023554D-05  -.51758383969647D-04
  0.40807003385712D-04  -.13745630741052D-04  0.75670289599733D-05
  -.35957915334972D-03  -.34729465900885D-03  -.24259520551073D-03
  -.38762092392508D-04  0.19045938002948D-04  0.11209871455531D-04
  cycle =      7 MP2 energy =     -229.8411758748 |dE/dxyz| =  0.001354
    0.61921652192502     -1.21982674311642     -4.13214353614705      h
   -0.44442823235407     -0.93215438270158     -2.68263418420497      o
    0.57743879970627      1.12668674313044     -1.29882483104395      c
    0.14477072493018      2.93103373520831     -2.22278436838724      h
    2.63149272526797      0.96105650787115     -1.10615329248477      h
   -0.57759455963951      1.12661283818216      1.29877542782483      c
   -0.14485002930927      2.93087200565550      2.22287088486969      h
   -2.63165555488845      0.96108396468501      1.10609198249177      h
    0.44418588947897     -0.93237629232287      2.68242839340540      o
   -0.61946339028489     -1.22010468416904      4.13192339416808      h
  0.14305403635007D-05  -.82995785199991D-06  -.49348537887184D-05
  0.41076999738188D-03  -.32428853999900D-03  0.18849717540892D-03
  -.63946082631050D-03  0.33139356610334D-03  -.29686725516020D-03
  -.30407745039152D-05  -.14912037755721D-05  0.38852146686530D-05
  -.10176952832897D-04  -.47631876957527D-05  -.12347751005698D-05
  0.63945518949104D-03  0.33128458267662D-03  0.29692129095582D-03
  0.30435366544235D-05  -.14537982617746D-05  -.39024492093365D-05
  0.10184508429933D-04  -.47566208982303D-05  0.12450229432692D-05
  -.41075923820788D-03  -.32427354307085D-03  -.18855200573675D-03
  -.14459801944700D-05  -.82128741385468D-06  0.49426339190362D-05
  cycle =      8 MP2 energy =     -229.8411759167 |dE/dxyz| =  0.001353
    0.73984634973121     -1.26218185947218     -4.11216323354985      h
   -0.36571477108907     -0.97447680076805     -2.69437152848655      o
    0.61523052879714      1.08443766006537     -1.28136590212578      c
    0.20971676687613      2.88874084485523     -2.21764554178926      h
    2.66277893457714      0.91885716111485     -1.02873603438781      h
   -0.61523003656830      1.08443788094223      1.28136622757861      c
   -0.20971441969790      2.88874085906587      2.21764569081683      h
   -2.66277868252713      0.91885927086487      1.02873694070404      h
    0.36571384550926     -0.97447791845432      2.69437078741146      o
   -0.73984012281661     -1.26217361211028      4.11217006305780      h
  0.27119139862641D-05  -.20133401541500D-05  -.38038682235175D-05
  0.40398359338045D-03  -.32337283324146D-03  0.19953896956260D-03
  -.63052229215588D-03  0.33146756878821D-03  -.31547408574051D-03
  -.32812859137032D-05  -.12964907942781D-05  0.38166120712724D-05
  -.10391131811005D-04  -.47715653420377D-05  -.16734653880421D-05
  0.63050327306868D-03  0.33140764775830D-03  0.31550286153603D-03
  0.32840517494859D-05  -.12674986100691D-05  -.38313105199528D-05
  0.10397560128883D-04  -.47643427054239D-05  0.16845357804097D-05
  -.40396506417473D-03  -.32339899225242D-03  -.19957497331546D-03
  -.27206184061157D-05  -.19901430690084D-05  0.38147243563991D-05
  cycle =      9 MP2 energy =     -229.8411758634 |dE/dxyz| =  0.001359
    0.73980971097618     -1.26210695702873     -4.11223389799056      h
   -0.36569481505208     -0.97450426400064     -2.69438753007467      o
    0.61523406996684      1.08440826769890     -1.28135987095461      c
    0.20973513305852      2.88870850389376     -2.21766320163289      h
    2.66280770679583      0.91887118953960     -1.02871093693843      h
   -0.61523327572043      1.08440877615443      1.28136033744765      c
   -0.20973286496057      2.88870904228629      2.21766310057536      h
   -2.66280712435212      0.91887311597146      1.02871190411449      h
    0.36569444376777     -0.97450448864975      2.69438766314932      o
   -0.73980459168808     -1.26209969976174      4.11223990153384      h
  -.94893843671784D-06  0.41521159466207D-06  -.11712657292939D-05
  0.40598197026132D-03  -.32634461867609D-03  0.19421201540393D-03
  -.63959711563211D-03  0.32887059880427D-03  -.31204516583383D-03
  -.22133787829781D-05  -.44883472050117D-06  0.14424371856947D-05
  -.25371774765581D-05  -.24864870831615D-05  0.79143238664037D-09
  0.63959262364710D-03  0.32883513266757D-03  0.31206051561039D-03
  0.22118659419590D-05  -.42583823978148D-06  -.14606740326162D-05
  0.25350696484239D-05  -.24868445000908D-05  0.77207076131652D-08
  -.40594870839161D-03  -.32633159676987D-03  -.19420877091481D-03
  0.92378905280910D-06  0.40328694117520D-06  0.11623966269525D-05
  cycle =     10 MP2 energy =     -229.8411759415 |dE/dxyz| =  0.001361
    0.73985715834556     -1.26221172137418     -4.11212057347156      h
   -0.36573995526924     -0.97448914326997     -2.69437873069237      o
    0.61521152246059      1.08442459242850     -1.28136420176146      c
    0.20971634237218      2.88871986575989     -2.21769047222336      h
    2.66281515086287      0.91893349436551     -1.02874155663169      h
   -0.61521100589376      1.08442483856514      1.28136436546665      c
   -0.20971405472328      2.88871952977950      2.21769097749475      h
   -2.66281486781418      0.91893562030105      1.02874197408625      h
    0.36573874649771     -0.97449036199462      2.69437791019526      o
   -0.73985064404661     -1.26220322845724      4.11212777676705      h
  -.12520392007609D-05  -.81351301695065D-07  0.27249003409224D-05
  0.40362346784661D-03  -.32620226116009D-03  0.19025992267974D-03
  -.64769764408457D-03  0.32541256743102D-03  -.30910672453510D-03
  -.84508503550573D-06  0.74265471861068D-06  -.48990649781366D-06
  0.49764756173687D-05  0.13340073520829D-06  0.10435620038983D-05
  0.64770487473886D-03  0.32541355998728D-03  0.30910174337317D-03
  0.84347463147338D-06  0.73653240661997D-06  0.49006459224010D-06
  -.49771445338465D-05  0.13378156968336D-06  -.10402981054291D-05
  -.40365356100658D-03  -.32622066841803D-03  -.19027007284311D-03
  0.12771809783096D-05  -.68206305714469D-07  -.27131901791932D-05
  cycle =     11 MP2 energy =     -229.8411759130 |dE/dxyz| =  0.001361
    0.73989584424311     -1.26220113644145     -4.11211356725382      h
   -0.36571457559825     -0.97447860226794     -2.69438209224939      o
    0.61522352691560      1.08443522277183     -1.28135840816811      c
    0.20973700730836      2.88873045253056     -2.21768851314430      h
    2.66282479808166      0.91894426034433     -1.02871656861931      h
   -0.61522302073905      1.08443543858968      1.28135862672546      c
   -0.20973496058516      2.88873017332510      2.21768900529040      h
   -2.66282450428118      0.91894608482125      1.02871704716027      h
    0.36571361951027     -0.97447967272925      2.69438140417754      o
   -0.73988904057452     -1.26219258309623      4.11212091388947      h
  -.14137902395461D-05  0.26184658885597D-06  0.25275475863396D-05
  0.40402067366863D-03  -.32654000573462D-03  0.19028721194569D-03
  -.64750143734837D-03  0.32546262447308D-03  -.30903046292097D-03
  -.76999308246117D-06  0.71892157560427D-06  -.46589576929712D-06
  0.48684598592530D-05  0.10129780146639D-06  0.11512501826979D-05
  0.64750374564371D-03  0.32546013413182D-03  0.30902218177853D-03
  0.76662616393941D-06  0.71402489654204D-06  0.46469941472616D-06
  -.48688801088659D-05  0.99213659926489D-07  -.11472995619455D-05
  -.40403882532747D-03  -.32654612584082D-03  -.19028761568851D-03
  0.14334210765021D-05  0.26807843878096D-06  -.25216192818256D-05
  cycle =     12 MP2 energy =     -229.8411759354 |dE/dxyz| =  0.001360
    0.73987779902637     -1.26216020075362     -4.11215441738741      h
   -0.36570164353621     -0.97448450936912     -2.69438315658413      o
    0.61522845395113      1.08442635277319     -1.28135617802445      c
    0.20975756051882      2.88872207779607     -2.21768681420537      h
    2.66281654062489      0.91892618621706     -1.02870807016869      h
   -0.61522767019493      1.08442682563931      1.28135660754644      c
   -0.20975557750363      2.88872242397445      2.21768698245938      h
   -2.66281593438700      0.91892781821731      1.02870876326270      h
    0.36570131863963     -0.97448472440861      2.69438329222504      o
   -0.73987215285822     -1.26215261223816      4.11216083868471      h
  -.53157273294246D-06  0.54589992393161D-06  -.14891318889099D-06
  0.40412145366808D-03  -.32588259110078D-03  0.19354957423001D-03
  -.64544745876915D-03  0.32527604955401D-03  -.30949237616418D-03
  -.11672929628448D-06  0.30238759496370D-07  -.18118940792178D-06
  0.76521742231606D-06  0.28768446597160D-07  0.36016772170331D-06
  0.64545049404519D-03  0.32527326817089D-03  0.30949186699902D-03
  0.11251104931054D-06  0.33309314861896D-07  0.17546400665758D-06
  -.76884157085289D-06  0.23268984850056D-07  -.35691389196294D-06
  -.40410265388857D-03  -.32585854557787D-03  -.19353365426955D-03
  0.51757984209644D-06  0.53034361813253D-06  0.13597381043340D-06
  cycle =     13 MP2 energy =     -229.8411759354 |dE/dxyz| =  0.001358
    0.73989790270875     -1.26219997695459     -4.11211437749385      h
   -0.36571592350281     -0.97447260637409     -2.69437721177320      o
    0.61522264018230      1.08443772451207     -1.28135897373210      c
    0.20975350282029      2.88873357099308     -2.21768724940510      h
    2.66280504557487      0.91893143879241     -1.02872325062152      h
   -0.61522208469112      1.08443797601065      1.28135924197514      c
   -0.20975148454602      2.88873338530626      2.21768775105075      h
   -2.66280468340731      0.91893321861559      1.02872369519412      h
    0.36571505302553     -0.97447358682589      2.69437662106229      o
   -0.73989127388365     -1.26219150622762      4.11212160155169      h
  0.11152126004887D-05  -.66617685257064D-06  -.45689816685623D-06
  0.40278087218493D-03  -.32427398134249D-03  0.19487210887092D-03
  -.64399478236821D-03  0.32523719974531D-03  -.31000018757532D-03
  0.93448539406626D-07  -.25029938921506D-06  0.19859335687045D-06
  -.13701778192043D-05  -.44315319872035D-07  -.28027412220764D-06
  0.64399733963771D-03  0.32523942058393D-03  0.31000490126054D-03
  -.93399838141384D-07  -.25061789754588D-06  -.19419991326153D-06
  0.13709882220603D-05  -.43658199611052D-07  0.28039938609285D-06
  -.40280645826840D-03  -.32430197661792D-03  -.19490165566705D-03
  -.10930424227951D-05  -.64558477941290D-06  0.47721235230114D-06
$end
