$hessapprox internal
  0.240923941769D-01 -0.803958500054D-02  0.603031258103D+00  0.551890505613D-03
 -0.136511063489D-02  0.372964490764D+00  0.114060040632D-01  0.258359439250D-01
  0.220631172604D-02  0.376961113327D+00  0.257091167199D-02  0.498106233299D-02
  0.461105035361D-03 -0.924616554259D-02  0.420097370421D+00 -0.121962068783D-02
 -0.402067218735D-02 -0.289978341678D-03  0.724028475827D-02  0.142571707660D-02
  0.346744564500D+00 -0.560033172571D-02 -0.812492184614D-02 -0.887324707556D-03
  0.154488859460D-01  0.295559833436D-02 -0.243838083150D-02  0.343988547727D+00
 -0.767027044779D-03 -0.313596663406D-02 -0.208467548002D-03  0.559909045175D-02
  0.110762478603D-02 -0.829315092712D-03 -0.191317736346D-02  0.320513651164D+00
 -0.787002671848D-03  0.694542492847D-02  0.222825596509D-03 -0.117523590262D-01
 -0.239404680639D-02  0.163740735273D-02  0.439019030942D-02  0.121358326001D-02
  0.345210316206D+00  0.113923563892D-01  0.258518842527D-01  0.220568518294D-02
 -0.474791492322D-01 -0.925137864061D-02  0.724309320622D-02  0.154596904214D-01
  0.560097958290D-02 -0.117524769463D-01  0.376913322689D+00  0.255125921154D-02
  0.496480934385D-02  0.458518044345D-03 -0.921305809285D-02 -0.178534762829D-02
  0.142016181435D-02  0.294664741958D-02  0.110315823461D-02 -0.238235092659D-02
 -0.921823575648D-02  0.420109589854D+00 -0.118226174617D-02 -0.401636668095D-02
 -0.286203182960D-03  0.722312880824D-02  0.142333347934D-02 -0.107816865065D-02
 -0.243798810671D-02 -0.825698592625D-03  0.162322133241D-02  0.722587527619D-02
  0.141775800825D-02  0.346752748321D+00 -0.555934310726D-02 -0.821406428504D-02
 -0.887216342506D-03  0.155916683080D-01  0.298559108944D-02 -0.245691964934D-02
 -0.479274823108D-02 -0.192641580352D-02  0.440303400370D-02  0.156024237732D-01
  0.297646765149D-02 -0.245626810596D-02  0.343872092210D+00 -0.762539859769D-03
 -0.312081259133D-02 -0.207385143163D-03  0.557183017105D-02  0.110225381753D-02
 -0.825244965192D-03 -0.190398028356D-02 -0.629773618285D-03  0.120744961548D-02
  0.557370889634D-02  0.109780828359D-02 -0.821644001591D-03 -0.191714957670D-02
  0.320519868637D+00 -0.734448110095D-03  0.685252029910D-02  0.223883766242D-03
 -0.116061159215D-01 -0.236302200522D-02  0.161887484835D-02  0.432887945269D-02
  0.120053047978D-02 -0.182059900438D-02 -0.116063010094D-01 -0.235151306620D-02
  0.160498300908D-02  0.434182991088D-02  0.119446585084D-02  0.345230488712D+00
  0.895372084860D-02 -0.772876958645D-02  0.528323628935D-03  0.109710940106D-01
  0.247207024540D-02 -0.117433053577D-02 -0.538239123231D-02 -0.739129790866D-03
 -0.748572863027D-03  0.109580119292D-01  0.245319440103D-02 -0.113847358299D-02
 -0.534314109994D-02 -0.734808887135D-03 -0.698226703775D-03  0.233397443203D-01
 -0.808284791977D-02 -0.137923796036D-01 -0.136943051377D-02  0.258537324158D-01
  0.498340319286D-02 -0.402506648112D-02 -0.812462187369D-02 -0.313993334383D-02
  0.696148741658D-02  0.258697442742D-01  0.496717554016D-02 -0.402086181439D-02
 -0.821406089377D-02 -0.312476241800D-02  0.686824489392D-02 -0.777029198674D-02
  0.603023791914D+00  0.631201085953D-03 -0.135523682997D-02  0.242098959528D-05
  0.216862794224D-02  0.455790007227D-03 -0.281201107020D-03 -0.886032450363D-03
 -0.200655500794D-03  0.192487618733D-03  0.216786967124D-02  0.453161289074D-03
 -0.277246276016D-03 -0.885372723122D-03 -0.199606752431D-03  0.194172003406D-03
  0.604446293201D-03 -0.135976933184D-02  0.372980961478D+00  0.435672328976D-02
  0.872521057915D-02  0.793610915741D-03 -0.161580368564D-01 -0.313457379709D-02
  0.248563316218D-02  0.518627821877D-02  0.192909973724D-02 -0.414301332944D-02
 -0.161669285862D-01 -0.312375908472D-02  0.248109341437D-02  0.523784358361D-02
  0.191973701534D-02 -0.408978405457D-02  0.418949865036D-02  0.872974042362D-02
  0.783531461326D-03  0.496208790014D+00 -0.756035280023D-02  0.799320232845D-02
 -0.383059736810D-03 -0.117897514288D-01 -0.259704732695D-02  0.135080518093D-02
  0.546195869425D-02  0.893050203134D-03  0.188050181838D-03 -0.117790020138D-01
 -0.257875886239D-02  0.131794461597D-02  0.543263170413D-02  0.888054476958D-03
  0.148915002864D-03 -0.724784125583D-02  0.803116945795D-02 -0.452873119206D-03
 -0.442137785990D-02  0.392159494305D+00  0.439653289325D-02  0.869903687201D-02
  0.796311841493D-03 -0.161233573159D-01 -0.312642755129D-02  0.248241704320D-02
  0.516746680573D-02  0.192731465771D-02 -0.414882011789D-02 -0.161323088676D-01
 -0.311568364608D-02  0.247802229936D-02  0.521922797789D-02  0.191796362710D-02
 -0.409534815103D-02  0.422767805692D-02  0.870339832471D-02  0.786539934094D-03
 -0.546942526022D-02 -0.445418970658D-02  0.496236368261D+00 -0.765299949555D-02
  0.808824667952D-02 -0.387878760078D-03 -0.119292222031D-01 -0.262786256012D-02
  0.136664667658D-02  0.552707408284D-02  0.903461092278D-03  0.191234265857D-03
 -0.119183404736D-01 -0.260935463924D-02  0.133338854740D-02  0.549738015349D-02
  0.898406816060D-03  0.151612824877D-03 -0.733666115104D-02  0.812667331111D-02
 -0.458536686374D-03 -0.447380769701D-02  0.608872186551D-02 -0.450702049240D-02
  0.392308236329D+00 -0.100460493016D-02  0.333073857748D-03 -0.822285040637D-04
 -0.311432658541D-03 -0.918288932329D-04  0.992687691480D-06  0.270028113853D-03
 -0.149724382643D-04  0.245628939699D-03 -0.309856792152D-03 -0.905665142230D-04
 -0.208993983883D-05  0.264235466620D-03 -0.149668114643D-04  0.238751097843D-03
 -0.963782441385D-03  0.336674650631D-03 -0.887538834229D-04 -0.148317067489D-03
  0.851477314941D-03 -0.152391879210D-03  0.861836915370D-03  0.410590114274D+00
  0.000000000000D+00  0.000000000000D+00  0.000000000000D+00  0.000000000000D+00
  0.000000000000D+00  0.000000000000D+00  0.000000000000D+00  0.000000000000D+00
  0.000000000000D+00  0.000000000000D+00  0.000000000000D+00  0.000000000000D+00
  0.000000000000D+00  0.000000000000D+00  0.000000000000D+00  0.000000000000D+00
  0.000000000000D+00  0.000000000000D+00  0.000000000000D+00  0.000000000000D+00
  0.000000000000D+00  0.000000000000D+00  0.000000000000D+00  0.000000000000D+00
$end
