$coord
    0.81167175030888      0.04960025648396     -4.72073373164307  h
   -0.36949695709273     -0.16577829039434     -3.35153703779678  o
    0.97151669658656      0.17018004046563     -1.04573723591209  c
    2.03719839544835      1.94223258624346     -1.03163810902266  h
    2.28974370364073     -1.38816268502271     -0.70619765295630  h
   -0.97151637971831      0.17018057251078      1.04573708882823  c
   -2.03719727514499      1.94223362708550      1.03163767435018  h
   -2.28974407258898     -1.38816151335914      0.70619714891114  h
    0.36949669064087     -0.16577840509886      3.35153705247499  o
   -0.81167400726982      0.04959221028355      4.72073328841787  h
$intdef
# definitions of internal coordinates
   1 f  1.0000000000000 tors    2    3    6    9 val= 165.00000
$user-defined bonds
$redundant
     number_of_atoms            10
     degrees_of_freedom         24
     internal_coordinates       25
     frozen_coordinates          1
# definitions of redundant internals
   1 k  1.0000000000000 tors   1    2    3    6 val= 172.63429
   2 k  1.0000000000000 stre   2    1           val=   1.82106
   3 k  1.0000000000000 bend   3    1    2      val= 107.85076
   4 k  1.0000000000000 stre   3    4           val=   2.06786
   5 k  1.0000000000000 stre   3    5           val=   2.06916
   6 k  0.0867470616508 bend   5    4    3      val=   1.02532
       -0.5104628744838 bend   2    4    3
       -0.5080515016206 bend   2    5    3
        0.4987743840151 bend   6    4    3
        0.4743525973578 bend   6    5    3
   7 k  0.0216871868520 bend   5    4    3      val=   0.56267
       -0.5443553206693 bend   2    4    3
        0.5358466529360 bend   2    5    3
       -0.4523743470585 bend   6    4    3
        0.4598181873808 bend   6    5    3
   8 k -0.8840057236732 bend   5    4    3      val=   2.89912
        0.1775453340677 bend   2    4    3
        0.1935088162784 bend   2    5    3
        0.2621746881285 bend   6    4    3
        0.2843067107740 bend   6    5    3
   9 k -0.0046578950960 bend   5    4    3      val=   0.64149
       -0.4474271542812 bend   2    4    3
        0.4651356965569 bend   2    5    3
        0.5350837988260 bend   6    4    3
       -0.5450883943431 bend   6    5    3
  10 k  1.0000000000000 stre   6    7           val=   2.06786
  11 k  1.0000000000000 stre   6    8           val=   2.06916
  12 k  0.0867473931958 bend   8    7    6      val=   1.02533
       -0.5104629312494 bend   9    7    6
       -0.5080514593392 bend   9    8    6
        0.4987743826977 bend   3    7    6
        0.4743525223100 bend   3    8    6
  13 k  0.0216872797083 bend   8    7    6      val=   0.56267
       -0.5443554010695 bend   9    7    6
        0.5358468100295 bend   9    8    6
       -0.4523742041752 bend   3    7    6
        0.4598180453217 bend   3    8    6
  14 k -0.8840057227056 bend   8    7    6      val=   2.89911
        0.1775451080262 bend   9    7    6
        0.1935086637264 bend   9    8    6
        0.2621747867928 bend   3    7    6
        0.2843068677903 bend   3    8    6
  15 k -0.0046579122090 bend   8    7    6      val=   0.64149
       -0.4474269700312 bend   9    7    6
        0.4651355971400 bend   9    8    6
        0.5350838747446 bend   3    7    6
       -0.5450885557449 bend   3    8    6
  16 k  1.0000000000000 tors  10    9    6    3 val= 172.63458
  17 k  1.0000000000000 stre   9   10           val=   1.82106
  18 k  1.0000000000000 bend   6   10    9      val= 107.85075
  19 k  1.0000000000000 tors   2    3    6    9 val= 165.00000
  20 k  1.0000000000000 stre   3    2           val=   2.68848
  21 k  1.0000000000000 bend   6    2    3      val= 106.78896
  22 k  1.0000000000000 stre   6    9           val=   2.68848
  23 k  1.0000000000000 bend   3    9    6      val= 106.78897
  24 k  1.0000000000000 stre   3    6           val=   2.85476
  25 f  1.0000000000000 tors   2    3    6    9 val= 165.00000
        24 non zero eigenvalues  of BmBt
           1           3.966278952    1    0
         1
           2           3.750732430    2    0
         2
           3           3.729040733    3    0
         3
           4           3.085838491    4    0
         4
           5           3.005186294    5    0
         5
           6           2.438872301    6    0
         6
           7           2.138840445    7    0
         7
           8           1.679100629    8    0
         8
           9           1.245640115    9    0
         9
          10           1.171336906   10    0
        10
          11           1.051182939   11    0
        11
          12           0.869244978   12    0
        12
          13           0.770122520   13    0
        13
          14           0.756974354   14    0
        14
          15           0.585010991   15    0
        15
          16           0.391035563   16    0
        16
          17           0.354869345   17    0
        17
          18           0.339005681   18    0
        18
          19           0.280698232   20    0
        20
          20           0.255729230   21    0
        21
          21           0.138295888   22    0
        22
          22           0.067507597   23    0
        23
          23           0.065343613   24    0
        24
          24           0.000000000    0    1
         0.000000000         0.000000000         0.000000000         0.000000000
         0.000000000         0.000000000         0.000000000         0.000000000
         0.000000000         0.000000000         0.000000000         0.000000000
         0.000000000         0.000000000         0.000000000         0.000000000
         0.000000000         0.000000000         0.000000000         0.000000000
         0.000000000         0.000000000         0.000000000         0.000000000
         1.000000000
$end
