$energy      SCF               SCFKIN            SCFPOT            MP2
     1 -229.0293141459      228.760859     -457.790174     -.8119641375018
     2 -229.0294682904      228.792009     -457.821478     -.8121018457449
     3 -229.0293578169      228.794667     -457.824025     -.8122747140318
     4 -229.0293282263      228.790377     -457.819706     -.8123075231116
     5 -229.0293127197      228.789720     -457.819033     -.8123233569010
     6 -229.0293101683      228.789601     -457.818912     -.8123259395246
     7 -229.0293094136      228.789650     -457.818960     -.8123266673663
     8 -229.0293094139      228.789656     -457.818966     -.8123267101442
     9 -229.0293094412      228.789649     -457.818958     -.8123266741717
    10 -229.0293094041      228.789644     -457.818954     -.8123267165413
    11 -229.0293094041      228.789644     -457.818953     -.8123267173632
    12 -229.0293094434      228.789645     -457.818955     -.8123266777929
    13 -229.0293094043      228.789646     -457.818955     -.8123267197170
$end
