$grad          cartesian gradients
  cycle =      1 MP2 energy =     -229.8412782834 |dE/dxyz| =  0.008834
    0.81960614077032     -0.16578818710247     -4.73850325725407      h
   -0.37123247660490     -0.16009674907048     -3.36497531345821      o
    0.96876633239051      0.17562056256919     -1.05428413336884      c
    2.00287048780539      1.97067689142319     -1.03100495685745      h
    2.32548581170492     -1.35712561441568     -0.73471719378616      h
   -0.96874506390945      0.17571160011387      1.05428107198591      c
   -2.00271039996970      1.97083090382351      1.03099014671246      h
   -2.32558223982192     -1.35694886186248      0.73470607794350      h
    0.37122149046175     -0.16003163524389      3.36498583753491      o
   -0.81974885762119     -0.16681813682791      4.73839861568194      h
  -.23060328786473D-02  -.80547314653345D-03  -.17789746159913D-03
  0.31797027226643D-02  -.92096888049231D-03  -.34777567375590D-02
  -.18935463986547D-02  0.66056312812457D-03  0.19164482378195D-03
  -.22702122479368D-03  0.12189348284544D-02  0.63807547121625D-03
  0.18763445595940D-02  -.15411267986831D-03  -.65693137800923D-03
  0.18933241494064D-02  0.66774697820871D-03  -.19059349350142D-03
  0.23044535274330D-03  0.12151487215344D-02  -.63646109952084D-03
  -.18800858787191D-02  -.15700352836001D-03  0.65495813160202D-03
  -.31779274808690D-02  -.91876327889961D-03  0.34760650501813D-02
  0.23047970765457D-02  -.80607212219652D-03  0.17889669264592D-03
  cycle =      2 MP2 energy =     -229.8415701361 |dE/dxyz| =  0.003649
    0.80974369900381     -0.06754793988320     -4.72405333897901      h
   -0.37541051966101     -0.17780584150428     -3.34709366811446      o
    0.97100727425312      0.15799520415402     -1.04706263060076      c
    2.02240795592103      1.94041058123855     -1.02738702423543      h
    2.30423735961726     -1.38972453257382     -0.71991639136137      h
   -0.97097773685834      0.15804510570216      1.04705044755450      c
   -2.02225569523323      1.94053013148975      1.02742457686365      h
   -2.30431266240739     -1.38957390816315      0.71983576825443      h
    0.37539247497457     -0.17789396022909      3.34708898005577      o
   -0.80990092440408     -0.06840406682410      4.72399017569665      h
  -.73667489371054D-03  -.40055691257646D-03  -.97592895987209D-04
  0.13693155206091D-02  -.12931435697003D-02  0.48127913018181D-03
  -.45231740663043D-03  0.97859720712101D-03  -.12202363552927D-05
  -.15800628005280D-03  0.49818419257841D-03  0.36935160164464D-03
  0.48007803419781D-03  0.21549040259661D-03  -.56418851763720D-03
  0.45223120363680D-03  0.98182975976047D-03  0.25650403756572D-06
  0.15870470650192D-03  0.49724471452528D-03  -.36808654675022D-03
  -.48058697551090D-03  0.21514107543208D-03  0.56317271925049D-03
  -.13693963642352D-02  -.12910177562102D-02  -.48044373603862D-03
  0.73665245560983D-03  -.40176906044370D-03  0.97471976847174D-04
  cycle =      3 MP2 energy =     -229.8416325309 |dE/dxyz| =  0.003689
    0.80401825105374      0.01510585207710     -4.72158587650721      h
   -0.37381003768426     -0.19347903265735     -3.34803922538631      o
    0.97058234728687      0.14223195138450     -1.04626613277061      c
    2.03548982262826      1.91491320032119     -1.02945525952966      h
    2.28926529967114     -1.41538914109247     -0.71096279104279      h
   -0.97056668635482      0.14222717883611      1.04625075557448      c
   -2.03535553617804      1.91498402002839      1.02957152784315      h
   -2.28935187176428     -1.41527547046533      0.71080617480223      h
    0.37378005023545     -0.19375470960180      3.34800910200084      o
   -0.80412041368831      0.01446692457651      4.72154862014985      h
  0.55414769092099D-04  -.12699356107593D-04  -.20301764155928D-03
  0.32107546438720D-03  -.17562527202186D-02  0.93859947796382D-03
  -.23687406579187D-03  0.15314061952612D-02  -.36526904383691D-03
  -.10660521275963D-04  0.20701508946619D-04  0.18674843455602D-03
  -.18530722397392D-03  0.21571533252862D-03  -.20059674996395D-03
  0.23720691761575D-03  0.15325883718510D-02  0.36525909986343D-03
  0.99600028158342D-05  0.21243852601049D-04  -.18626641349945D-03
  0.18606846230584D-03  0.21606322971168D-03  0.20004425708833D-03
  -.32146230163121D-03  -.17554157833821D-02  -.93822182833048D-03
  -.55421503860842D-04  -.13350523126954D-04  0.20272040649694D-03
  cycle =      4 MP2 energy =     -229.8416357494 |dE/dxyz| =  0.003537
    0.80444235937192      0.02287024228673     -4.72243345923123      h
   -0.37338266295351     -0.19509584488404     -3.35073824605560      o
    0.97024379967976      0.14063926770430     -1.04702508099006      c
    2.03602246079224      1.91267155267449     -1.03213512926898      h
    2.28890259290672     -1.41767972060531     -0.70983880541352      h
   -0.97023982962648      0.14061276516788      1.04700915207636      c
   -2.03589453961311      1.91272174796178      1.03228216492367      h
   -2.28900589492589     -1.41758101186045      0.70966102995384      h
    0.37335008334365     -0.19543565924331      3.35069601459900      o
   -0.80450714376954      0.02230743420477      4.72239925454050      h
  -.28569195378747D-04  -.25861766952406D-05  -.60600511708753D-04
  0.26990056717668D-03  -.17207302928259D-02  0.28902453560598D-03
  -.31725830217200D-03  0.16949189936123D-02  -.38257432011421D-03
  0.78707008466239D-05  -.43123991404492D-05  0.96956199445275D-04
  -.29620353415361D-04  0.32166673419542D-04  -.41665480387892D-04
  0.31750999021130D-03  0.16958165976791D-02  0.38317803036148D-03
  -.80556606967264D-05  -.42127011461446D-05  -.96814244426313D-04
  0.29824016726909D-04  0.32114505389202D-04  0.41180649368366D-04
  -.27000655216547D-03  -.17203232613388D-02  -.28919159344643D-03
  0.28404788210423D-04  -.28518296644742D-05  0.60506735191979D-04
  cycle =      5 MP2 energy =     -229.8416360766 |dE/dxyz| =  0.003435
    0.80490745157781      0.02316517886377     -4.72191999237888      h
   -0.37367316847869     -0.19518801915251     -3.35101538751839      o
    0.97020378868604      0.14058075447408     -1.04701832370055      c
    2.03591330573707      1.91262663214206     -1.03368422637911      h
    2.28898707880286     -1.41776406405040     -0.70915494886295      h
   -0.97020883784230      0.14053948698690      1.04700112913786      c
   -2.03579133021355      1.91266318143941      1.03385298032944      h
   -2.28910277269840     -1.41767480597250      0.70896484979533      h
    0.37363934378830     -0.19557148184934      3.35096381942086      o
   -0.80494363415338      0.02265391052536      4.72188699529037      h
  -.18288150250623D-04  0.31310230957926D-05  0.64454167176820D-05
  0.19021267095365D-03  -.16774800372121D-02  0.16563886416954D-03
  -.27537406959866D-03  0.16897224740832D-02  -.29914311541948D-03
  0.22753843618162D-05  -.20709015329246D-05  0.22149080791900D-04
  0.18394825322954D-04  -.13444413319075D-04  0.10095173997610D-04
  0.27552169952738D-03  0.16900206796658D-02  0.29979425577084D-03
  -.22549232396862D-05  -.20819565178520D-05  -.22202307397856D-04
  -.18397074705856D-04  -.13529975480875D-04  -.10335858817656D-04
  -.19026868053551D-03  -.16773385912645D-02  -.16598121891143D-03
  0.18178318477613D-04  0.30718078267156D-05  -.64602908911304D-05
  cycle =      6 MP2 energy =     -229.8416361078 |dE/dxyz| =  0.003379
    0.80541886865108      0.02089240577719     -4.72186254567854      h
   -0.37389321898596     -0.19466251850835     -3.35109895173075      o
    0.97013190157883      0.14111564363218     -1.04704353989276      c
    2.03576000760363      1.91322043163727     -1.03422757343642      h
    2.28893880809664     -1.41714020967317     -0.70929964433676      h
   -0.97014029221536      0.14106905397544      1.04702512789080      c
   -2.03564073277363      1.91325205714513      1.03440488615469      h
   -2.28905910713187     -1.41705407858570      0.70910576710465      h
    0.37385907203894     -0.19506188065131      3.35104369293018      o
   -0.80544408165655      0.02039986865816      4.72182967612889      h
  -.31855483775267D-05  -.43699555279941D-06  -.11301980586964D-05
  0.16704405803747D-03  -.16662428071157D-02  0.14693991231152D-03
  -.25744216668322D-03  0.16614068925394D-02  -.23918071154949D-03
  -.72818281315890D-06  0.21948710600128D-05  0.27004596603319D-06
  0.80995472875323D-05  0.30667944677099D-05  0.29805268422223D-05
  0.25754422181956D-03  0.16613590319053D-02  0.23951157852142D-03
  0.74849990916448D-06  0.21967424994607D-05  -.31361452818013D-06
  -.80931645078941D-05  0.30833642612471D-05  -.30436536968270D-05
  -.16714924382377D-03  -.16661535187181D-02  -.14715802813559D-03
  0.31619792109083D-05  -.47426604821155D-06  0.11241424218156D-05
  cycle =      7 MP2 energy =     -229.8416360810 |dE/dxyz| =  0.003389
    0.80544392764154      0.02083517260758     -4.72181182380191      h
   -0.37392874098114     -0.19460341177799     -3.35107314921753      o
    0.97012943700166      0.14117593938161     -1.04702671336851      c
    2.03586707070850      1.91320805592559     -1.03424169830029      h
    2.28879010756773     -1.41718847085781     -0.70930557349852      h
   -0.97013875308819      0.14112779183014      1.04700797340700      c
   -2.03574874327407      1.91323818031220      1.03442209569807      h
   -2.28891154941195     -1.41710341184490      0.70911001328885      h
    0.37389433682029     -0.19500817111679      3.35101678514457      o
   -0.80546586777860      0.02034909894720      4.72177898578225      h
  0.12581157182723D-05  0.12662959847365D-06  -.97175636781799D-06
  0.16064308873176D-03  -.16712785460904D-02  0.15180041250584D-03
  -.25130895009973D-03  0.16680347283792D-02  -.23130822118081D-03
  0.46669757791662D-06  0.26625524851553D-06  -.61654296595881D-06
  0.48911382810601D-06  0.28483976910465D-05  0.39317996350374D-06
  0.25143701227925D-03  0.16679916478277D-02  0.23157492977904D-03
  -.46880741155775D-06  0.27966378235433D-06  0.59975889787900D-06
  -.48314266409832D-06  0.28569697612113D-05  -.42241963091327D-06
  -.16077489809074D-03  -.16712757264155D-02  -.15202158662575D-03
  -.12582295956243D-05  0.15008956588680D-06  0.97224636164128D-06
  cycle =      8 MP2 energy =     -229.8416361240 |dE/dxyz| =  0.003389
    0.81167541943770      0.04961622298863     -4.72073008610815      h
   -0.36949505660633     -0.16578701010737     -3.35153472282675      o
    0.97151346849217      0.17017052048466     -1.04573793857454      c
    2.03717019391056      1.94224140419867     -1.03164860799012      h
    2.28978342776508     -1.38812772415697     -0.70619108946663      h
   -0.97151277932138      0.17017142980669      1.04573783740722      c
   -2.03716839177006      1.94224305901199      1.03164737645025      h
   -2.28978359553938     -1.38812594649808      0.70619027668595      h
    0.36949464579409     -0.16578635523026      3.35153496408116      o
   -0.81167874530703      0.04960626693531      4.72072950655106      h
  0.14060182387254D-05  0.45856784069986D-06  -.10238461083389D-05
  0.16065004398413D-03  -.16717198165295D-02  0.15203741256986D-03
  -.25127670846636D-03  0.16678531278433D-02  -.23179353552344D-03
  0.34631224066217D-06  0.36471825115569D-06  -.51988287741445D-06
  0.64250517928244D-06  0.30317717918393D-05  0.39930215969819D-06
  0.25127302526062D-03  0.16677958319644D-02  0.23186140966655D-03
  -.34276149563084D-06  0.35995532465805D-06  0.50003205287474D-06
  -.64069780325582D-06  0.30251158409378D-05  -.43065417715260D-06
  -.16064612475120D-03  -.16716519030933D-02  -.15205868235135D-03
  -.14116122053487D-05  0.48274006564375D-06  0.10284419107442D-05
  cycle =      9 MP2 energy =     -229.8416361154 |dE/dxyz| =  0.003393
    0.81167540209555      0.04958754767459     -4.72073105766725      h
   -0.36949808530249     -0.16577061015478     -3.35153486253330      o
    0.97151535416339      0.17018729655987     -1.04573761755754      c
    2.03718883736957      1.94224673193393     -1.03164070858249      h
    2.28976200756924     -1.38813744407295     -0.70619575674383      h
   -0.97151474031961      0.17018817839560      1.04573742884883      c
   -2.03718721527131      1.94224831447351      1.03163969157841      h
   -2.28976221968479     -1.38813572711112      0.70619501016116      h
    0.36949766425943     -0.16577049952842      3.35153495750894      o
   -0.81167841802356      0.04957807926305      4.72073043119652      h
  0.16912636313648D-06  -.26828619564823D-06  -.41645535908685D-07
  0.16123636070020D-03  -.16721575724967D-02  0.15050769507763D-03
  -.25040371118834D-03  0.16714784911531D-02  -.23180956258823D-03
  0.46386097851681D-06  0.73329473604389D-07  0.23966632067829D-07
  0.68965780242181D-06  0.85715251252338D-06  0.17005950433968D-06
  0.25041771444334D-03  0.16714953372436D-02  0.23185915970586D-03
  -.47829500449126D-06  0.83469822609317D-07  -.41109376791582D-07
  -.67582923435339D-06  0.85922145798278D-06  -.18079073435540D-06
  -.16124814537477D-03  -.16721616671707D-02  -.15052742340504D-03
  -.17073948432866D-06  -.25936630776435D-06  0.39651788519279D-07
  cycle =     10 MP2 energy =     -229.8416361206 |dE/dxyz| =  0.003396
    0.81166813791826      0.04963861536897     -4.72073366393101      h
   -0.36949319349762     -0.16577719611823     -3.35153754801774      o
    0.97151800184408      0.17018108441296     -1.04573631088048      c
    2.03720106489117      1.94223328045872     -1.03163379491867      h
    2.28974598711881     -1.38816221975985     -0.70619555403026      h
   -0.97151748953430      0.17018194093775      1.04573601177578      c
   -2.03719948721412      1.94223482893804      1.03163287547482      h
   -2.28974639754191     -1.38816053204671      0.70619499858565      h
    0.36949288233639     -0.16577707926982      3.35153750113149      o
   -0.81167091946534      0.04962914451146      4.72073300101988      h
  -.54756309397774D-06  0.88471637810228D-06  0.30372809645129D-06
  0.16184584390722D-03  -.16740019551507D-02  0.14957806119664D-03
  -.24966728318665D-03  0.16734821255604D-02  -.23171639098557D-03
  0.29003140511463D-06  -.27790234113922D-07  0.22487601480936D-06
  0.35857210756163D-06  -.34832078110725D-06  0.53367553959349D-07
  0.24967867623049D-03  0.16735053929635D-02  0.23173458796830D-03
  -.29773683074552D-06  -.23584918018571D-07  -.23697127526923D-06
  -.35357269823066D-06  -.34824447769921D-06  -.50706700810421D-07
  -.16185320077167D-03  -.16739968902919D-02  -.14958442968016D-03
  0.54623300060896D-06  0.87466045528561D-06  -.30612181678435D-06
  cycle =     11 MP2 energy =     -229.8416361215 |dE/dxyz| =  0.003396
    0.81166637195382      0.04963004480782     -4.72073386648638      h
   -0.36949442616094     -0.16578579112953     -3.35153729435836      o
    0.97151760128114      0.17017276281898     -1.04573658099272      c
    2.03720050220922      1.94222506043510     -1.03163457704325      h
    2.28974586097379     -1.38817039521606     -0.70619621883061      h
   -0.97151710655487      0.17017356888452      1.04573646959577      c
   -2.03719927692089      1.94222635531423      1.03163361976964      h
   -2.28974599455303     -1.38816905023817      0.70619604943142      h
    0.36949416089106     -0.16578517790497      3.35153747793914      o
   -0.81166914830873      0.04962102142591      4.72073340662687      h
  -.47270814773626D-06  0.47901375332948D-06  0.30206862655646D-06
  0.16175567863552D-03  -.16736228529688D-02  0.14963860985695D-03
  -.24972798516476D-03  0.16733323218410D-02  -.23180240257620D-03
  0.23044540675698D-06  0.64115276643406D-07  0.20801643701995D-06
  0.41693900554307D-06  -.26302572697645D-06  0.45864934572482D-07
  0.24974217818619D-03  0.16733505313132D-02  0.23182117590670D-03
  -.24047328084364D-06  0.68113838125328D-07  -.22259075188602D-06
  -.40984476923356D-06  -.26406035491533D-06  -.42564647556587D-07
  -.16176355352915D-03  -.16736073314707D-02  -.14964253417649D-03
  0.46932382069542D-06  0.46328403852103D-06  -.30564390307575D-06
  cycle =     12 MP2 energy =     -229.8416361212 |dE/dxyz| =  0.003394
    0.81167973469407      0.04954072880612     -4.72073341162856      h
   -0.36950220458420     -0.16576322349365     -3.35153649229695      o
    0.97151505633917      0.17019483833285     -1.04573873923152      c
    2.03719666237300      1.94224745305621     -1.03164057225555      h
    2.28974313141781     -1.38814770320128     -0.70620169779195      h
   -0.97151481650747      0.17019517918647      1.04573860440264      c
   -2.03719564032920      1.94224829590342      1.03164051418025      h
   -2.28974355690391     -1.38814666495895      0.70620085198494      h
    0.36950185236107     -0.16576407262858      3.35153643670796      o
   -0.81168167404977      0.04953356819521      4.72073299158025      h
  0.41893045921171D-07  -.11322067192676D-05  0.21224738855352D-07
  0.16127810468092D-03  -.16721162740259D-02  0.14989399046250D-03
  -.24954015251843D-03  0.16732816761763D-02  -.23169085880012D-03
  0.42994757532000D-07  -.38965319859585D-07  0.17343293939875D-06
  0.22560298074126D-06  -.73507600006906D-09  -.11706393307498D-06
  0.24954799602961D-03  0.16733086281289D-02  0.23171422416085D-03
  -.48596872304074D-07  -.36296324612550D-07  -.17560213833034D-06
  -.22241592967376D-06  -.13803411746949D-08  0.10815810824738D-06
  -.16128807078264D-03  -.16721603712044D-02  -.14990751827781D-03
  -.37355345039458D-07  -.11039656118705D-05  -.19988877664190D-07
  cycle =     13 MP2 energy =     -229.8416361240 |dE/dxyz| =  0.003396
    0.81167175030888      0.04960025648396     -4.72073373164307      h
   -0.36949695709273     -0.16577829039434     -3.35153703779678      o
    0.97151669658656      0.17018004046563     -1.04573723591209      c
    2.03719839544835      1.94223258624346     -1.03163810902266      h
    2.28974370364073     -1.38816268502271     -0.70619765295630      h
   -0.97151637971831      0.17018057251078      1.04573708882823      c
   -2.03719727514499      1.94223362708550      1.03163767435018      h
   -2.28974407258898     -1.38816151335914      0.70619714891114      h
    0.36949669064087     -0.16577840509886      3.35153705247499      o
   -0.81167400726982      0.04959221028355      4.72073328841787      h
  -.26761534499542D-06  0.88530951813937D-06  0.21773263192415D-08
  0.16167577465431D-03  -.16739830769759D-02  0.14995185701672D-03
  -.24943540905031D-03  0.16730370766128D-02  -.23160027413466D-03
  0.74747501521699D-07  0.16056035612166D-07  0.83548347407092D-07
  0.14340740195351D-06  0.35390689934189D-07  -.15157768040730D-07
  0.24944377079006D-03  0.16730516738965D-02  0.23161433532087D-03
  -.76755307887311D-07  0.17499676818744D-07  -.92347880509269D-07
  -.14290791483518D-06  0.34432972473297D-07  0.13953730920724D-07
  -.16167610661810D-03  -.16739567835757D-02  -.14995412338425D-03
  0.26109411344066D-06  0.86253079495391D-06  -.39673264673468D-08
$end
