$hessapprox internal
  0.297047577661D-01 -0.725680912459D-03  0.615133049819D+00  0.159520587878D-02
  0.345836878609D-03  0.372272238995D+00 -0.593904899858D-04  0.477743779315D-03
 -0.154357618412D-03  0.425815544058D+00  0.945601991332D-03  0.140735587269D-02
 -0.354241555989D-03 -0.513947468874D-03  0.423401090680D+00 -0.606023142654D-03
 -0.711708002240D-03  0.167680840989D-03  0.262538327839D-03  0.758094202461D-03
  0.346818574677D+00  0.116290431185D-02 -0.225115334274D-03  0.174492879194D-03
  0.551488274727D-04  0.254508373432D-03 -0.139206765878D-03  0.348124542994D+00
  0.180840107071D-02  0.104308972173D-02 -0.163248406521D-03 -0.403728262634D-03
 -0.110107374473D-02  0.546752940417D-03  0.279614281985D-03  0.320909526449D+00
 -0.291447343612D-02 -0.101974167078D-02  0.567926464075D-04  0.418300382445D-03
  0.106396772597D-02 -0.518858487974D-03 -0.367539669446D-03  0.622256624588D-03
  0.345909203446D+00 -0.389630166694D-04  0.505083062233D-03 -0.161054568554D-03
 -0.176659277261D-03 -0.543099608534D-03  0.277236954200D-03  0.602619784892D-04
 -0.424955625990D-03  0.438659921285D-03  0.425794885933D+00  0.963433796882D-03
  0.139647351741D-02 -0.349247966463D-03 -0.510491119856D-03 -0.148994238291D-02
  0.751888914689D-03  0.254605833521D-03 -0.109057963554D-02  0.105196471200D-02
 -0.539409229673D-03  0.423424805986D+00 -0.689531784266D-03 -0.758811217024D-03
  0.174887201923D-03  0.280807655289D-03  0.807795763816D-03 -0.406291875975D-03
 -0.151985056057D-03  0.579521106278D-03 -0.546680762718D-03  0.296464221865D-03
  0.801113781870D-03  0.346767773970D+00  0.785975438408D-03 -0.308311669655D-03
  0.166649965384D-03  0.921414279582D-04  0.339800722339D-03 -0.179638107124D-03
  0.258257439466D-04  0.319423429647D-03 -0.382226522093D-03  0.988679690010D-04
  0.338707274305D-03 -0.194175062169D-03  0.348043458974D+00  0.180186615067D-02
  0.104422305657D-02 -0.164187883228D-03 -0.403991898659D-03 -0.110236245109D-02
  0.547463061543D-03  0.279219867935D-03 -0.730323875160D-03  0.624209155449D-03
 -0.425245236987D-03 -0.109186986726D-02  0.580298058731D-03  0.319251903392D-03
  0.320906600953D+00 -0.281715366579D-02 -0.104730248886D-02  0.741161213548D-04
  0.425979968685D-03  0.109463750143D-02 -0.535286321887D-03 -0.363008233368D-03
  0.652941685361D-03 -0.474379034662D-03  0.446950078813D-03  0.108257789591D-02
 -0.564507510277D-03 -0.381813520230D-03  0.654866517343D-03  0.345832970361D+00
  0.148777020266D-01 -0.682152945787D-03  0.154675806581D-02 -0.666761797581D-04
  0.894607931235D-03 -0.576866354855D-03  0.113642725611D-02  0.174141701597D-02
 -0.281877206831D-02 -0.472935596821D-04  0.912171401593D-03 -0.657301521881D-03
  0.770973447229D-03  0.173503332314D-02 -0.272350649799D-02  0.289364107659D-01
 -0.716117399170D-03 -0.132337448648D-02  0.348619469263D-03  0.479715111785D-03
  0.141409031988D-02 -0.715219423189D-03 -0.225105131200D-03  0.104899754841D-02
 -0.102646598917D-02  0.507186921116D-03  0.140317669608D-02 -0.762590947503D-03
 -0.308965216049D-03  0.105013026894D-02 -0.105406283894D-02 -0.672727142826D-03
  0.615120683204D+00  0.158989721909D-02  0.336564468327D-03  0.375613057985D-04
 -0.150990432954D-03 -0.344336695724D-03  0.162673529799D-03  0.172891737179D-03
 -0.155921379863D-03  0.496442801452D-04 -0.157494997677D-03 -0.339420016754D-03
  0.169549044890D-03  0.164467397570D-03 -0.156852786983D-03  0.667723035445D-04
  0.154176109737D-02  0.339303451339D-03  0.372277018914D+00  0.100387620185D-03
 -0.123670643650D-05  0.938671516508D-05 -0.163259497788D-05  0.241971106700D-05
 -0.204831329838D-05  0.809101561242D-05  0.893857385855D-05 -0.161352644319D-04
 -0.157231147087D-05  0.256321050088D-05 -0.246386489030D-05  0.587691051471D-05
  0.889345096844D-05 -0.154353432567D-04  0.977648768392D-04 -0.115886955036D-05
  0.937671751855D-05  0.496293439234D+00 -0.161391614698D-03 -0.155247518701D-04
 -0.962768557187D-05  0.877790731772D-05  0.149263378132D-04 -0.630127982281D-05
 -0.152082695447D-04  0.257892129172D-06  0.109334305437D-04  0.904778661638D-05
  0.145656230193D-04 -0.629491669698D-05 -0.129587394273D-04  0.341094696074D-06
  0.951102788404D-05 -0.156850617805D-03 -0.157239550120D-04 -0.973501793878D-05
 -0.100058712806D-05  0.383863785654D+00  0.239541998075D-04 -0.417984608882D-04
  0.151868384282D-04  0.141926939274D-04  0.451698235650D-04 -0.232259812727D-04
 -0.328415532066D-05  0.367999465702D-04 -0.394146304791D-04  0.150763349251D-04
  0.448959521221D-04 -0.248933068617D-04 -0.691712169551D-05  0.368144403099D-04
 -0.399518225374D-04  0.240972779102D-04 -0.419554138681D-04  0.148919989669D-04
  0.263852151028D-06 -0.950991408848D-06  0.496291701288D+00 -0.201872522057D-03
  0.478356584674D-04 -0.330226044611D-04 -0.126502983242D-04 -0.535898850516D-04
  0.289628813489D-04 -0.105724977454D-04 -0.558538694325D-04  0.713064930008D-04
 -0.137213188569D-04 -0.535417923267D-04  0.315119883519D-04 -0.272779213516D-05
 -0.557907317350D-04  0.706684513618D-04 -0.197438517979D-03  0.478709229316D-04
 -0.326829496257D-04 -0.142744955057D-05  0.279033523300D-05  0.833526801329D-06
  0.383864078372D+00  0.256633046518D-03  0.188859970178D-03 -0.359048713974D-04
 -0.716406035628D-04 -0.200127791632D-03  0.999607931377D-04  0.448111419936D-04
 -0.137541535127D-03  0.123295859711D-03 -0.755082379758D-04 -0.198335416389D-03
  0.106153831586D-03  0.535150525234D-04 -0.137773761260D-03  0.128343263807D-03
  0.246370735113D-03  0.189871052230D-03 -0.345773480860D-04  0.116169496087D-05
  0.737336077567D-06  0.645063187300D-05 -0.908149969783D-05  0.401038362029D+00
  0.000000000000D+00  0.000000000000D+00  0.000000000000D+00  0.000000000000D+00
  0.000000000000D+00  0.000000000000D+00  0.000000000000D+00  0.000000000000D+00
  0.000000000000D+00  0.000000000000D+00  0.000000000000D+00  0.000000000000D+00
  0.000000000000D+00  0.000000000000D+00  0.000000000000D+00  0.000000000000D+00
  0.000000000000D+00  0.000000000000D+00  0.000000000000D+00  0.000000000000D+00
  0.000000000000D+00  0.000000000000D+00  0.000000000000D+00  0.000000000000D+00
$end
