$coord
    0.82729553015356      0.00067714758733     -4.74957549262325  h
   -0.37026464991672      0.00072608605914     -3.38187862063299  o
    0.97408361671333     -0.00035809925591     -1.04938343802062  c
    2.17529415904131      1.67755271115145     -0.86546793508211  h
    2.17449910462580     -1.67895705895659     -0.86654643912950  h
   -0.97408295388340     -0.00034984903199      1.04938015321248  c
   -2.17518771299114      1.67765077032504      0.86556971369120  h
   -2.17460314554132     -1.67885952382692      0.86643444297930  h
    0.37026364430659      0.00051014862589      3.38187631807844  o
   -0.82729828753223     -0.00005253590313      4.74957101738764  h
$user-defined bonds
$intdef
# definitions of internal coordinates
   1 f  1.0000000000000 tors    2    3    6    9 val= 180.04331
$redundant
     number_of_atoms            10
     degrees_of_freedom         24
     internal_coordinates       25
     frozen_coordinates          1
# definitions of redundant internals
   1 k  1.0000000000000 tors   1    2    3    6 val= 180.00220
   2 k  1.0000000000000 stre   2    1           val=   1.81790
   3 k  1.0000000000000 bend   3    1    2      val= 108.83723
   4 k  1.0000000000000 stre   3    5           val=   2.07174
   5 k  1.0000000000000 stre   3    4           val=   2.07174
   6 k  0.0843986523487 bend   4    5    3      val=   0.98361
       -0.5090709530413 bend   2    5    3
       -0.5091249431088 bend   2    4    3
        0.4871377304434 bend   6    5    3
        0.4870444087907 bend   6    4    3
   7 k  0.0000481284182 bend   4    5    3      val=   0.00001
       -0.5405592146450 bend   2    5    3
        0.5404857019786 bend   2    4    3
       -0.4558587133274 bend   6    5    3
        0.4559207963959 bend   6    4    3
   8 k -0.8856036898011 bend   4    5    3      val=   2.64292
        0.1857240045952 bend   2    5    3
        0.1857357613631 bend   2    4    3
        0.2708095163808 bend   6    5    3
        0.2708821358382 bend   6    4    3
   9 k -0.0000265933391 bend   4    5    3      val=   0.00349
       -0.4558647416541 bend   2    5    3
        0.4559147735809 bend   2    4    3
        0.5405243949539 bend   6    5    3
       -0.5405205216270 bend   6    4    3
  10 k  1.0000000000000 stre   6    7           val=   2.07174
  11 k  1.0000000000000 stre   6    8           val=   2.07174
  12 k  0.0844038515407 bend   8    7    6      val=   0.98377
       -0.5091129328732 bend   9    7    6
       -0.5090832688153 bend   9    8    6
        0.4870598767894 bend   3    7    6
        0.4871210457992 bend   3    8    6
  13 k  0.0000172597151 bend   8    7    6      val=   0.00068
        0.5405098603456 bend   9    7    6
       -0.5405386094836 bend   9    8    6
        0.4559162159015 bend   3    7    6
       -0.4558590860199 bend   3    8    6
  14 k -0.8856037032629 bend   8    7    6      val=   2.64278
        0.1857198226402 bend   9    7    6
        0.1857340031478 bend   9    8    6
        0.2708618990934 bend   3    7    6
        0.2708337865550 bend   3    8    6
  15 k -0.0000178740554 bend   8    7    6      val=   0.00242
        0.4559045638489 bend   9    7    6
       -0.4558707396442 bend   9    8    6
       -0.5405250678038 bend   3    7    6
        0.5405234020413 bend   3    8    6
  16 k  1.0000000000000 tors  10    9    6    3 val= 180.01950
  17 k  1.0000000000000 stre   9   10           val=   1.81790
  18 k  1.0000000000000 bend   6   10    9      val= 108.83717
  19 k  1.0000000000000 tors   2    3    6    9 val= 180.04331
  20 k  1.0000000000000 stre   3    2           val=   2.69218
  21 k  1.0000000000000 bend   6    2    3      val= 107.17387
  22 k  1.0000000000000 stre   6    9           val=   2.69218
  23 k  1.0000000000000 bend   3    9    6      val= 107.17392
  24 k  1.0000000000000 stre   3    6           val=   2.86359
  25 f  1.0000000000000 tors   2    3    6    9 val= 180.04331
        24 non zero eigenvalues  of BmBt
           1           3.925629889    1    0
         1
           2           3.751904938    2    0
         2
           3           3.722133174    3    0
         3
           4           3.101930513    4    0
         4
           5           2.995323007    5    0
         5
           6           2.449685320    6    0
         6
           7           2.135518037    7    0
         7
           8           1.672054060    8    0
         8
           9           1.249717948    9    0
         9
          10           1.176153086   10    0
        10
          11           1.066259372   11    0
        11
          12           0.880939916   12    0
        12
          13           0.766621001   13    0
        13
          14           0.753982180   14    0
        14
          15           0.585292342   15    0
        15
          16           0.385388461   16    0
        16
          17           0.353138540   17    0
        17
          18           0.340217501   18    0
        18
          19           0.277706537   20    0
        20
          20           0.260454562   21    0
        21
          21           0.140397265   22    0
        22
          22           0.067087443   23    0
        23
          23           0.064145374   24    0
        24
          24           0.000000000    0    1
         0.000000000         0.000000000         0.000000000         0.000000000
         0.000000000         0.000000000         0.000000000         0.000000000
         0.000000000         0.000000000         0.000000000         0.000000000
         0.000000000         0.000000000         0.000000000         0.000000000
         0.000000000         0.000000000         0.000000000         0.000000000
         0.000000000         0.000000000         0.000000000         0.000000000
         1.000000000
$end
