$coord
    0.02533561760089     -1.07813431829996     -4.20524927129038  h
   -0.11164869228570     -1.19279899910842     -2.39155861646356  o
    0.17155129021608      1.29358480840822     -1.43985786252388  c
   -1.20236187628751      2.59874111032680     -2.27229182580893  h
    2.06477832187107      1.99797029251473     -1.89898061023865  h
   -0.17155148203371      1.29358477394985      1.43985789040535  c
    1.20236193940267      2.59874076641283      2.27229190401854  h
   -2.06477837414692      1.99797060200577      1.89898069725472  h
    0.11164798045977     -1.19279914683840      2.39155851529498  o
   -0.02533159966152     -1.07813388625266      4.20524949169627  h
$intdef
# definitions of internal coordinates
   1 f  1.0000000000000 tors    2    3    6    9 val=  18.00000
$user-defined bonds
$redundant
     number_of_atoms            10
     degrees_of_freedom         24
     internal_coordinates       25
     frozen_coordinates          1
# definitions of redundant internals
   1 k  1.0000000000000 tors   1    2    3    6 val= 176.86310
   2 k  1.0000000000000 stre   2    1           val=   1.82247
   3 k  1.0000000000000 bend   3    1    2      val= 106.70086
   4 k  1.0000000000000 stre   3    4           val=   2.06979
   5 k  1.0000000000000 stre   3    5           val=   2.07154
   6 k  0.0713212478847 bend   5    4    3      val=   0.75582
       -0.5250381134609 bend   2    4    3
       -0.4916926441645 bend   2    5    3
        0.4843992555233 bend   6    4    3
        0.4927920087994 bend   6    5    3
   7 k  0.0141584048097 bend   5    4    3      val=   0.41602
       -0.5325538717268 bend   2    4    3
        0.5571974674509 bend   2    5    3
       -0.4609450583315 bend   6    4    3
        0.4395981673620 bend   6    5    3
   8 k  0.8939797667361 bend   5    4    3      val=  -0.36158
       -0.1713846123137 bend   2    4    3
       -0.1981697325849 bend   2    5    3
       -0.2581685655584 bend   6    4    3
       -0.2559399151623 bend   6    5    3
   9 k -0.0090244218698 bend   5    4    3      val=   1.25114
        0.4494748172141 bend   2    4    3
       -0.4508542637159 bend   2    5    3
       -0.5345384342338 bend   6    4    3
        0.5557787722794 bend   6    5    3
  10 k  1.0000000000000 stre   6    7           val=   2.06979
  11 k  1.0000000000000 stre   6    8           val=   2.07154
  12 k  0.0713212423890 bend   8    7    6      val=   0.75582
       -0.5250381245405 bend   9    7    6
       -0.4916926327818 bend   9    8    6
        0.4843992495641 bend   3    7    6
        0.4927920150053 bend   3    8    6
  13 k  0.0141584081884 bend   8    7    6      val=   0.41602
       -0.5325538590314 bend   9    7    6
        0.5571974734165 bend   9    8    6
       -0.4609450703996 bend   3    7    6
        0.4395981624177 bend   3    8    6
  14 k  0.8939797650139 bend   8    7    6      val=  -0.36158
       -0.1713846104877 bend   9    7    6
       -0.1981697439581 bend   9    8    6
       -0.2581685684346 bend   3    7    6
       -0.2559399106931 bend   3    8    6
  15 k -0.0090244290550 bend   8    7    6      val=   1.25114
        0.4494748223352 bend   9    7    6
       -0.4508542655186 bend   9    8    6
       -0.5345384253000 bend   3    7    6
        0.5557787751511 bend   3    8    6
  16 k  1.0000000000000 tors  10    9    6    3 val= 176.86294
  17 k  1.0000000000000 stre   9   10           val=   1.82247
  18 k  1.0000000000000 bend   6   10    9      val= 106.70086
  19 k  1.0000000000000 tors   2    3    6    9 val=  18.00000
  20 k  1.0000000000000 stre   3    2           val=   2.67732
  21 k  1.0000000000000 bend   6    2    3      val= 109.90472
  22 k  1.0000000000000 stre   6    9           val=   2.67732
  23 k  1.0000000000000 bend   3    9    6      val= 109.90472
  24 k  1.0000000000000 stre   3    6           val=   2.90008
  25 f  1.0000000000000 tors   2    3    6    9 val=  18.00000
        24 non zero eigenvalues  of BmBt
           1           4.637683686    1    0
         1
           2           3.799560424    2    0
         2
           3           3.721895611    3    0
         3
           4           3.067436223    4    0
         4
           5           2.655058892    5    0
         5
           6           2.470796815    6    0
         6
           7           2.104860886    7    0
         7
           8           1.754748679    8    0
         8
           9           1.223913263    9    0
         9
          10           1.207498524   10    0
        10
          11           1.029850791   11    0
        11
          12           0.826355420   12    0
        12
          13           0.760680039   13    0
        13
          14           0.729032855   14    0
        14
          15           0.687528803   15    0
        15
          16           0.387387788   16    0
        16
          17           0.346438926   17    0
        17
          18           0.292853261   18    0
        18
          19           0.257879912   20    0
        20
          20           0.247423330   21    0
        21
          21           0.193381246   22    0
        22
          22           0.067232865   23    0
        23
          23           0.054761935   24    0
        24
          24           0.000000000    0    1
         0.000000000         0.000000000         0.000000000         0.000000000
         0.000000000         0.000000000         0.000000000         0.000000000
         0.000000000         0.000000000         0.000000000         0.000000000
         0.000000000         0.000000000         0.000000000         0.000000000
         0.000000000         0.000000000         0.000000000         0.000000000
         0.000000000         0.000000000         0.000000000         0.000000000
         1.000000000
$end
