$energy      SCF               SCFKIN            SCFPOT            MP2
     1 -229.0130672064      228.800405     -457.813472     -.8140241512090
     2 -229.0162365668      228.750301     -457.766538     -.8126223881553
     3 -229.0162408191      228.774025     -457.790266     -.8128628013542
     4 -229.0160243238      228.779000     -457.795024     -.8131135491741
     5 -229.0159837219      228.774042     -457.790025     -.8131566648535
     6 -229.0159759451      228.774908     -457.790884     -.8131646352335
     7 -229.0159763369      228.774528     -457.790505     -.8131643149417
     8 -229.0159756406      228.774632     -457.790608     -.8131649717524
     9 -229.0159756405      228.774634     -457.790610     -.8131650008069
    10 -229.0159756551      228.774638     -457.790614     -.8131649818581
    11 -229.0159758044      228.774638     -457.790614     -.8131648120732
    12 -229.0159758044      228.774638     -457.790614     -.8131648182796
    13 -229.0159758078      228.774641     -457.790617     -.8131648216636
    14 -229.0159758220      228.774641     -457.790617     -.8131648078326
$end
