$grad          cartesian gradients
  cycle =      1 MP2 energy =     -229.8270913576 |dE/dxyz| =  0.021167
    0.09177023498670     -1.26295956402508     -4.06360004488466      h
   -0.12368298510187     -1.21104126460643     -2.25927401623994      o
    0.17719355051592      1.32943095788944     -1.42078080994819      c
   -1.22726455674183      2.58441513037769     -2.28371342390720      h
    2.06246199707341      2.05935526645791     -1.87365496635365      h
   -0.17719159243562      1.32943728677282      1.42076961451585      c
    1.22723672969039      2.58442909521970      2.28370457328930      h
   -2.06248558651308      2.05935676832481      1.87361339849196      h
    0.12375568437792     -1.21101519323649      2.25929352151901      o
   -0.09289609916207     -1.26310104198351      4.06347426492101      h
  -.66790847558146D-03  -.38958415165227D-02  0.26535885929482D-02
  0.27800810714664D-02  -.47442964027411D-02  0.29314846903077D-02
  -.43159579858880D-02  0.58485441793561D-02  0.95321600824074D-02
  -.18135106525792D-02  -.32063634070933D-04  0.72401696595592D-03
  0.31706627804784D-03  0.28240186431070D-02  0.26320174859009D-02
  0.43221876094176D-02  0.58489118579690D-02  -.95309324431252D-02
  0.18106375978508D-02  -.36698082313880D-04  -.72581239217140D-03
  -.32148568920976D-03  0.28277368323140D-02  -.26315600058484D-02
  -.27780549434311D-02  -.47451284246698D-02  -.29335516066666D-02
  0.66694518975180D-03  -.38951835790523D-02  -.26514113700440D-02
  cycle =      2 MP2 energy =     -229.8288589550 |dE/dxyz| =  0.015912
    0.07473966963490     -1.10078463128058     -4.25185509810047      h
   -0.10034430106975     -1.20977732258367     -2.44148440294705      o
    0.17407418004029      1.26252969482301     -1.44516874786449      c
   -1.20022265933914      2.55912350644486     -2.28979587754726      h
    2.05994637216549      1.98811513788290     -1.89483063237245      h
   -0.17416499518340      1.26252846397216      1.44514909469092      c
    1.20017910606276      2.55905029296121      2.28980623437541      h
   -2.06001353797842      1.98819683378012      1.89478526879045      h
    0.10015274603332     -1.20979379465510      2.44145087296414      o
   -0.07544920367617     -1.10088074015405      4.25177539941428      h
  -.20134443989822D-03  -.18614623919699D-02  -.51774709837371D-03
  0.49633909349729D-02  0.98098042422556D-03  -.36931068336994D-02
  -.88010424868343D-02  0.13181782767289D-02  0.23219154375975D-03
  0.31427779201554D-03  -.86285167643929D-03  -.16595200613367D-02
  -.74052960768167D-03  0.42509296223003D-03  -.10937523441279D-03
  0.88015570491254D-02  0.13180699185469D-02  -.23190311346166D-03
  -.31469611637602D-03  -.86407390265464D-03  0.16601364766460D-02
  0.73985313902991D-03  0.42608921661591D-03  0.10844389196740D-03
  -.49620013058054D-02  0.98161607348501D-03  0.36934562066895D-02
  0.20053504144768D-03  -.18616388396376D-02  0.51742422188639D-03
  cycle =      3 MP2 energy =     -229.8291036205 |dE/dxyz| =  0.014945
    0.06877798750647     -1.11050952396281     -4.21347672877674      h
   -0.10172807645993     -1.21154295385952     -2.40255618685170      o
    0.17641482248676      1.26985971983586     -1.44035713424539      c
   -1.19688640162775      2.56831065052067     -2.28388705336229      h
    2.06799282705459      1.98308746756651     -1.89005026320503      h
   -0.17652885662613      1.26985701884823      1.44033609333255      c
    1.19684341527173      2.56821440525272      2.28389558906078      h
   -2.06806939909593      1.98319457852048      1.89001219866645      h
    0.10146570922572     -1.21156989656161      2.40251245852826      o
   -0.06938465104566     -1.11059402496968      4.21340313825659      h
  -.10273158776522D-03  -.90660898190242D-03  0.62629849128193D-04
  0.53098403390288D-02  0.59064049541924D-03  -.77634098045465D-03
  -.89676926143897D-02  0.63124557948235D-03  -.27890430919997D-03
  0.30762533307360D-04  -.50551979441282D-03  -.65533035779186D-03
  -.27067145852211D-03  0.19027125112037D-03  0.10310425251969D-03
  0.89674415617911D-02  0.63085069782609D-03  0.27905532984707D-03
  -.30767861971981D-04  -.50599469523283D-03  0.65590206335830D-03
  0.27058586268724D-03  0.19062881522203D-03  -.10390367345292D-03
  -.53089268732567D-02  0.59123950539863D-03  0.77663506194625D-03
  0.10216009906605D-03  -.90675289046971D-03  -.62847236058872D-04
  cycle =      4 MP2 energy =     -229.8291378730 |dE/dxyz| =  0.015520
    0.06056157093436     -1.10823298453647     -4.19949154211146      h
   -0.10015572049173     -1.21503104987667     -2.38753371368403      o
    0.17879730551162      1.27119509055455     -1.43870017826169      c
   -1.19070514707495      2.57556014046904     -2.27981380874615      h
    2.07471317097197      1.97571245873619     -1.88719741243997      h
   -0.17894465163078      1.27119037248597      1.43867727276060      c
    1.19066166910666      2.57543027967090      2.27981813971926      h
   -2.07480506380262      1.97585685698464      1.88717226879494      h
    0.09979971594892     -1.21507163070615      2.38747572377251      o
   -0.06102547278359     -1.10830209259116      4.19942536159946      h
  -.37744243626403D-05  -.12529076202322D-03  0.10767772421438D-03
  0.56314369484940D-02  -.38780736695365D-03  0.90532695715151D-03
  -.92861531546446D-02  0.51569931319584D-03  -.11028538467373D-02
  -.27407031371940D-04  -.37409252436227D-04  -.35814193536821D-04
  0.43018529770400D-04  0.34818041277251D-04  0.71641153394975D-04
  0.92860235801744D-02  0.51496816215924D-03  0.11030105869918D-02
  0.27520567046135D-04  -.37364595945721D-04  0.36221637726097D-04
  -.42956183862408D-04  0.34775274015297D-04  -.72045349108762D-04
  -.56312751333985D-02  -.38708610144766D-03  -.90534806955045D-03
  0.35663021716592D-05  -.12530274769551D-03  -.10781659922365D-03
  cycle =      5 MP2 energy =     -229.8291403868 |dE/dxyz| =  0.015606
    0.05682916808834     -1.10269245416723     -4.20546020202625      h
   -0.09777226255096     -1.21662663066142     -2.39311431992742      o
    0.17985325285014      1.26924833740069     -1.43909918053608      c
   -1.18840954170708      2.57549014783760     -2.27926386536415      h
    2.07595025926272      1.97378492918365     -1.88647597792681      h
   -0.18001482125543      1.26924219411320      1.43907498362777      c
    1.18836566501478      2.57534580188934      2.27926280480157      h
   -2.07604855110201      1.97394478939777      1.88645848439334      h
    0.09738241192920     -1.21667289871721      2.39305198468279      o
   -0.05723820383983     -1.10275677508555      4.20539739967871      h
  0.99076399895648D-05  -.12061217154025D-04  -.19762774586596D-04
  0.56524981461774D-02  -.86050315312036D-03  0.69389539325027D-03
  -.92914427187926D-02  0.80005462320187D-03  -.12737998060015D-02
  0.25990533494724D-04  0.44815096814421D-04  -.30543618048107D-05
  0.17734358290777D-04  0.27882903833376D-04  0.18317727927819D-05
  0.92915652874814D-02  0.79919386741434D-03  0.12738158760930D-02
  -.26014907589023D-04  0.44777550966657D-04  0.31323196096888D-05
  -.17758077383689D-04  0.27898756898237D-04  -.19783520077699D-05
  -.56525172632043D-02  -.85996602254035D-03  -.69387381480279D-03
  -.99629984341432D-05  -.12092440700051D-04  0.19793745932972D-04
  cycle =      6 MP2 energy =     -229.8291405803 |dE/dxyz| =  0.015464
    0.05497168981837     -1.10273390458458     -4.20447693244543      h
   -0.09678003682719     -1.21674628134538     -2.39192826292263      o
    0.18055653671463      1.26959863717002     -1.43874777881466      c
   -1.18794747632771      2.57504868306862     -2.27963730760486      h
    2.07668001894071      1.97403635800622     -1.88572108666486      h
   -0.18072208134740      1.26959259914746      1.43872355186146      c
    1.18790372065262      2.57490094474566      2.27963485111603      h
   -2.07677998388864      1.97420057409819      1.88570679496571      h
    0.09638149806726     -1.21679343689505      2.39186418015605      o
   -0.05536650911279     -1.10279673222032      4.20441410175665      h
  0.51298898380292D-05  0.23393678941774D-05  0.64111893749441D-05
  0.56321698520644D-02  -.89052298422487D-03  0.74008058272668D-03
  -.91851998240888D-02  0.86051972509082D-03  -.11815746259842D-02
  0.23424631980795D-05  0.15202771337819D-04  0.17979731317563D-04
  0.23302663221259D-06  0.12611892338033D-04  0.10318990346869D-04
  0.91852909801849D-02  0.85965105078678D-03  0.11816341629702D-02
  -.23422730022205D-05  0.15183723500733D-04  -.17943735604486D-04
  -.24807567644558D-06  0.12617122399528D-04  -.10367320168347D-04
  -.56322367623813D-02  -.88995011759607D-03  -.74010350695097D-03
  -.51392766181046D-05  0.23474140875002D-05  -.64354693529722D-05
  cycle =      7 MP2 energy =     -229.8291406518 |dE/dxyz| =  0.015439
    0.05363925708425     -1.10207804095743     -4.20518865627163      h
   -0.09606776207012     -1.21682352492133     -2.39250288644755      o
    0.18094445682482      1.26948200881496     -1.43873597517778      c
   -1.18742853633682      2.57474020416826     -2.28010825922437      h
    2.07713176960329      1.97388289868631     -1.88536678526918      h
   -0.18111162621446      1.26947584222691      1.43871153499276      c
    1.18738479985630      2.57459112323270      2.28010468859616      h
   -2.07723231725562      1.97404875901452      1.88535393180435      h
    0.09566584084257     -1.21687124555993      2.39243837557311      o
   -0.05402850564436     -1.10214058351413      4.20512614282758      h
  0.15901424069709D-05  0.11388933133238D-05  -.34668008206395D-05
  0.56304673438976D-02  -.90469153487049D-03  0.69903142847050D-03
  -.91661734362267D-02  0.90084411753377D-03  -.11614382923419D-02
  -.18071332741343D-06  0.16919422667350D-05  -.16069180253098D-06
  -.61554678731923D-05  0.11972362954360D-05  -.67058133379483D-06
  0.91662562277454D-02  0.89995062907011D-03  0.11614480630067D-02
  0.17936943574881D-06  0.16833566216512D-05  0.14873695941553D-06
  0.61514909144300D-05  0.12044790262955D-05  0.67567202011176D-06
  -.56305498847884D-02  -.90415778549691D-03  -.69904102498963D-03
  -.15850720871124D-05  0.11386320967199D-05  0.34734904676981D-05
  cycle =      8 MP2 energy =     -229.8291406124 |dE/dxyz| =  0.015447
    0.05326284309850     -1.10213717777742     -4.20501539882899      h
   -0.09593855662127     -1.21681710995879     -2.39228916691290      o
    0.18104153572899      1.26954923924286     -1.43869838737796      c
   -1.18726914020222      2.57475429248529     -2.28024257715659      h
    2.07730251803545      1.97385421516703     -1.88522566156362      h
   -0.18120857597096      1.26954313434658      1.43867396722293      c
    1.18722541566202      2.57460543641504      2.28023904405180      h
   -2.07740298866921      1.97401994904922      1.88521284088738      h
    0.09553684289178     -1.21686474557707      2.39222463806447      o
   -0.05365251726323     -1.10219979220191      4.20495281301693      h
  0.51263261252599D-06  0.10926306070469D-05  -.70147825326217D-08
  0.56327203503851D-02  -.90134656021768D-03  0.70906457686792D-03
  -.91714280979496D-02  0.90191107014181D-03  -.11550028956369D-02
  -.16294089877356D-05  -.52883682544191D-06  -.56412034554754D-06
  -.11854434953662D-05  -.95602849836673D-06  -.22132123844720D-06
  0.91715081019816D-02  0.90102572876471D-03  0.11550135340328D-02
  0.16319110183183D-05  -.52587935472914D-06  0.55900979822887D-06
  0.11882910979644D-05  -.95691236468021D-06  0.22921094045003D-06
  -.56328073533438D-02  -.90080887385469D-03  -.70907985235813D-03
  -.51098360553947D-06  0.10936275733897D-05  0.88724467772749D-08
  cycle =      9 MP2 energy =     -229.8291406413 |dE/dxyz| =  0.015447
    0.02545249201209     -1.07812759352054     -4.20524683486956      h
   -0.11166768946350     -1.19279994996609     -2.39156625579851      o
    0.17153958889756      1.29358715380321     -1.43986053630966      c
   -1.20240695481518      2.59872085867468     -2.27228342622520      h
    2.06475144038727      1.99797800104252     -1.89901218710219      h
   -0.17153960846133      1.29358715603162      1.43986053956296      c
    1.20240709433873      2.59872080253696      2.27228327045112      h
   -2.06475135676022      1.99797810968922      1.89901243099273      h
    0.11166761778517     -1.19279997688926      2.39156624319067      o
   -0.02545134429492     -1.07812744782875      4.20524690810922      h
  0.28143735936181D-06  0.11363740347603D-05  -.79222615134711D-07
  0.56375609507195D-02  -.90109511711844D-03  0.67148978704346D-03
  -.91789486201390D-02  0.90138574564769D-03  -.10938103200919D-02
  -.16086707299579D-05  -.53320797421819D-06  -.57000494391168D-06
  -.10919098873963D-05  -.89249931067847D-06  -.21610652334303D-06
  0.91789421166513D-02  0.90138460419897D-03  0.10938064972144D-02
  0.16118903878315D-05  -.53147328404890D-06  0.56549092053437D-06
  0.10951409090687D-05  -.89164912608908D-06  0.22358509443876D-06
  -.56375640702842D-02  -.90110023412215D-03  -.67149114283538D-03
  -.27826512313811D-06  0.11374230889372D-05  0.81438071397599D-07
  cycle =     10 MP2 energy =     -229.8291406370 |dE/dxyz| =  0.015451
    0.02542257541785     -1.07813728162829     -4.20524139795790      h
   -0.11166190803532     -1.19279977004221     -2.39155778525983      o
    0.17154363175251      1.29358852463151     -1.43985869843713      c
   -1.20238629258595      2.59873274966693     -2.27228700654023      h
    2.06476379301508      1.99797425479143     -1.89899705427549      h
   -0.17154350143918      1.29358853521390      1.43985871055145      c
    1.20238642858165      2.59873282862274      2.27228690675834      h
   -2.06476364874751      1.99797420589332      1.89899720228005      h
    0.11166214949099     -1.19279974719240      2.39155781819601      o
   -0.02542194782445     -1.07813718638337      4.20524145668631      h
  0.17274563923753D-06  0.56252255387079D-06  -.20433804870379D-07
  0.56381728894506D-02  -.90081046492863D-03  0.67193358874107D-03
  -.91818395407408D-02  0.90108689953272D-03  -.10938620387568D-02
  -.67243087542579D-06  -.34185420494381D-06  -.17087059211995D-06
  -.39119938977095D-06  -.49656855338753D-06  0.12806040672331D-08
  0.91818372374903D-02  0.90108697365654D-03  0.10938597108199D-02
  0.67231963019054D-06  -.33937595711464D-06  0.16755718923456D-06
  0.39215037128670D-06  -.49845117189307D-06  0.35074418924808D-08
  -.56381630497868D-02  -.90081156076316D-03  -.67193245068609D-03
  -.18112169661300D-06  0.56184494673372D-06  0.20149863111385D-07
  cycle =     11 MP2 energy =     -229.8291406165 |dE/dxyz| =  0.015455
    0.02538234132100     -1.07813615467659     -4.20525001387663      h
   -0.11164907163021     -1.19279945077242     -2.39156272298750      o
    0.17155076022845      1.29358403892783     -1.43985785198142      c
   -1.20236084890371      2.59874095243498     -2.27229212472987      h
    2.06477852219543      1.99796905492068     -1.89897885327513      h
   -0.17155102793459      1.29358403512958      1.43985786690619      c
    1.20236093387616      2.59874054888103      2.27229218261472      h
   -2.06477860048531      1.99796952895101      1.89897891897053      h
    0.11164812024338     -1.19279957977337      2.39156261337376      o
   -0.02537984928493     -1.07813586044917      4.20525013698693      h
  -.15873552458578D-06  0.14906752626720D-06  -.22428189083712D-07
  0.56390889906643D-02  -.89991570943049D-03  0.67154650047030D-03
  -.91845347681585D-02  0.89994062139898D-03  -.10940543977531D-02
  0.23300221752010D-06  -.15704632705393D-06  0.35982486545905D-07
  0.15985277768138D-06  -.19229230874274D-07  0.84794734567240D-07
  0.91845427857198D-02  0.89994201330157D-03  0.10940596125157D-02
  -.22996659598817D-06  -.15799557484542D-06  -.32640611324908D-07
  -.15864598346127D-06  -.17126058793338D-07  -.86485773209688D-07
  -.56391404610066D-02  -.89991974983228D-03  -.67155494957927D-03
  0.19794608385748D-06  0.15512019047037D-06  0.24013512955889D-07
  cycle =     12 MP2 energy =     -229.8291406227 |dE/dxyz| =  0.015454
    0.02536109723610     -1.07813529413556     -4.20525011495156      h
   -0.11166098512587     -1.19279859050307     -2.39156211913997      o
    0.17154348981576      1.29358493433392     -1.43985872159026      c
   -1.20237252622754      2.59874170522060     -2.27228594441412      h
    2.06476882269498      1.99797013503954     -1.89898945595462      h
   -0.17154350161643      1.29358491763325      1.43985876020532      c
    1.20237260778365      2.59874157399384      2.27228600678741      h
   -2.06476878503367      1.99797022675610      1.89898953497719      h
    0.11166078366427     -1.19279866213605      2.39156206979697      o
   -0.02535787805614     -1.07813494308381      4.20525029662810      h
  0.32887225501210D-06  0.11913505448824D-06  -.15184046908701D-07
  0.56385073909013D-02  -.89998503933231D-03  0.67157077902635D-03
  -.91845550632048D-02  0.90005437089502D-03  -.10940307645575D-02
  0.10013488394023D-06  -.17693190645929D-06  0.76066176468714D-07
  0.57110454587672D-07  -.14189902808326D-07  -.22693539714069D-07
  0.91845523100879D-02  0.90005638019885D-03  0.10940349304318D-02
  -.10092175672938D-06  -.17401822516305D-06  -.73720122006904D-07
  -.58461472995930D-07  -.17141326136283D-07  0.21143733208717D-07
  -.56385176883580D-02  -.89998499780641D-03  -.67157534883133D-03
  -.31368359981743D-06  0.12239717839257D-06  0.14791456948160D-07
  cycle =     13 MP2 energy =     -229.8291406295 |dE/dxyz| =  0.015454
    0.02531857105304     -1.07813030603386     -4.20525116532446      h
   -0.11164156425692     -1.19280006281035     -2.39155898384619      o
    0.17155537900349      1.29358393739328     -1.43985730962181      c
   -1.20235493616814      2.59874019230942     -2.27229608199753      h
    2.06478399971683      1.99796918547927     -1.89897360768569      h
   -0.17155501437166      1.29358392185607      1.43985734104531      c
    1.20235504574002      2.59874046686864      2.27229606163284      h
   -2.06478376669996      1.99796880696385      1.89897366354829      h
    0.11164240344386     -1.19280000648755      2.39155908159496      o
   -0.02531699232543     -1.07813013242001      4.20525131299873      h
  -.28715582614525D-06  0.18733156176287D-06  -.23423896600150D-07
  0.56392605337892D-02  -.89979531565021D-03  0.67194954712146D-03
  -.91840682552730D-02  0.89966382358231D-03  -.10942174962583D-02
  -.15217485493935D-07  -.46763301675412D-07  -.13742787641213D-06
  -.28251544659241D-07  -.78774935463599D-08  0.15536220931978D-06
  0.91840652420470D-02  0.89966390121088D-03  0.10942142122601D-02
  0.10803381744751D-07  -.44396401666091D-07  0.13525907371914D-06
  0.25872819442441D-07  -.11699064605963D-07  -.15439864364808D-06
  -.56392241975165D-02  -.89979251544214D-03  -.67194370843193D-03
  0.26062560859463D-06  0.18347554636700D-06  0.22073763261687D-07
  cycle =     14 MP2 energy =     -229.8291406298 |dE/dxyz| =  0.015453
    0.02533561760089     -1.07813431829996     -4.20524927129038      h
   -0.11164869228570     -1.19279899910842     -2.39155861646356      o
    0.17155129021608      1.29358480840822     -1.43985786252388      c
   -1.20236187628751      2.59874111032680     -2.27229182580893      h
    2.06477832187107      1.99797029251473     -1.89898061023865      h
   -0.17155148203371      1.29358477394985      1.43985789040535      c
    1.20236193940267      2.59874076641283      2.27229190401854      h
   -2.06477837414692      1.99797060200577      1.89898069725472      h
    0.11164798045977     -1.19279914683840      2.39155851529498      o
   -0.02533159966152     -1.07813388625266      4.20524949169627      h
  0.63852777268392D-06  0.11434825863965D-07  0.38612317787567D-07
  0.56382617972766D-02  -.89959119786087D-03  0.67185460056507D-03
  -.91840605907428D-02  0.89965080079590D-03  -.10941984012010D-02
  -.61919810612210D-07  -.51865384431693D-07  0.15100131811607D-07
  -.31837566361048D-07  -.20684383317260D-07  -.25819584692499D-07
  0.91840696771297D-02  0.89965231672728D-03  0.10942028238883D-02
  0.65075735022901D-07  -.53357915419383D-07  -.11936565513793D-07
  0.33285256328952D-07  -.18130275947215D-07  0.24067484227785D-07
  -.56383227775054D-02  -.89959741650070D-03  -.67186338571545D-03
  -.59123756498969D-06  0.18065358931008D-07  -.35660167263529D-07
$end
