$hessapprox internal
  0.204743918218D-01 -0.180979173487D-03  0.614727673551D+00  0.309404341956D-02
  0.261006443747D-03  0.371856475258D+00 -0.351478080338D-03  0.108722660507D-03
 -0.109755665124D-02  0.424175635980D+00  0.528822707353D-03 -0.232178003249D-04
  0.353932794154D-03 -0.210075797344D-04  0.423000571447D+00 -0.256974873087D-04
 -0.307465544149D-04  0.277429370484D-03  0.793039584800D-04 -0.690475801313D-05
  0.345269895311D+00  0.345012947658D-02  0.155683208053D-03 -0.530055100797D-03
 -0.891428973614D-03  0.375885210359D-03  0.200949796244D-03  0.347011924410D+00
 -0.534617082763D-03 -0.474250683283D-04  0.297513863362D-03  0.195358396671D-03
 -0.614784620203D-04 -0.497996145222D-04  0.107584514615D-03  0.320140273134D+00
  0.455463026428D-02  0.179997834389D-03 -0.463810579874D-03 -0.111411730006D-02
  0.492677079394D-03  0.244838304865D-03  0.624228642310D-03  0.997549920591D-04
  0.344580097128D+00 -0.336438305293D-03  0.107737719694D-03 -0.108449016663D-02
 -0.214956635305D-03 -0.195998404649D-04  0.788476023047D-04 -0.878506190480D-03
  0.193072340425D-03 -0.109736816779D-02  0.424176072247D+00  0.529938543801D-03
 -0.228122127062D-04  0.350477804429D-03 -0.221683306968D-04  0.512529200285D-04
 -0.655526595676D-05  0.373552030879D-03 -0.608553680884D-04  0.489883486923D-03
 -0.207520883632D-04  0.423000907910D+00 -0.145445909307D-04 -0.308200410707D-04
  0.281046973147D-03  0.778387927106D-04 -0.576969196247D-05 -0.250045925291D-04
  0.206015014870D-03 -0.504069760383D-04  0.251719531853D-03  0.774171911342D-04
 -0.542126814468D-05  0.345270291501D+00  0.336748042097D-02  0.154875388805D-03
 -0.544362915222D-03 -0.877249869706D-03  0.367286111822D-03  0.198475838594D-03
  0.311643566369D-03  0.109845725445D-03  0.584638859433D-03 -0.864601097174D-03
  0.364976029214D-03  0.203397459287D-03  0.346956395598D+00 -0.531344750286D-03
 -0.475985091967D-04  0.299979158496D-03  0.195301516753D-03 -0.611664988461D-04
 -0.498661830797D-04  0.110115217047D-03 -0.556889084073D-04  0.103054688790D-03
  0.193023809206D-03 -0.605420134959D-04 -0.504662940472D-04  0.112320516146D-03
  0.320139415702D+00  0.452702057900D-02  0.180714531274D-03 -0.477709275415D-03
 -0.111180357860D-02  0.489941350975D-03  0.244801967169D-03  0.608011514816D-03
  0.102144183015D-03  0.101775396970D-02 -0.109513397471D-02  0.487144400132D-03
  0.251627707702D-03  0.568825734730D-03  0.105426793075D-03  0.344537148803D+00
  0.474097562749D-02 -0.189329971685D-03  0.299909178863D-02 -0.234559998941D-03
  0.460569786743D-03 -0.468287865324D-04  0.324042756388D-02 -0.519994507626D-03
  0.425821835454D-02 -0.221710330981D-03  0.461890268237D-03 -0.367961391355D-04
  0.316504287799D-02 -0.517167354994D-03  0.423379208819D-02  0.192235461119D-01
 -0.187825959850D-03 -0.328800552201D-04  0.254435571829D-03  0.108466323380D-03
 -0.238493242383D-04 -0.304848716883D-04  0.149337068828D-03 -0.462728367526D-04
  0.171805061751D-03  0.107465774489D-03 -0.234483634578D-04 -0.305746932283D-04
  0.148660100720D-03 -0.464499697223D-04  0.172558321165D-03 -0.195128074647D-03
  0.614728712431D+00  0.309326972402D-02  0.262052069297D-03 -0.160727273478D-02
 -0.110001050121D-02  0.353998421330D-03  0.278249685603D-03 -0.537562600778D-03
  0.299279190010D-03 -0.473062032948D-03 -0.108693376331D-02  0.350531825787D-03
  0.281857920145D-03 -0.551766052367D-03  0.301745660371D-03 -0.486951353382D-03
  0.299919389134D-02  0.255474789921D-03  0.371836711412D+00 -0.114208872631D-02
 -0.294600419167D-03  0.242218528837D-02  0.892044796139D-03 -0.158152646310D-03
 -0.261185221411D-03  0.155914379496D-02 -0.438147510680D-03  0.184297106097D-02
  0.884808647017D-03 -0.154651894881D-03 -0.261010122340D-03  0.154643848065D-02
 -0.439377269509D-03  0.184704853903D-02 -0.125910236953D-02 -0.290738194573D-03
  0.243095020637D-02  0.504605386593D+00  0.139385607635D-03 -0.288839597488D-03
  0.270655366830D-02  0.688810796144D-03 -0.257620819148D-04 -0.228243960494D-03
  0.204345059065D-02 -0.484410003243D-03  0.251385095550D-02  0.685740853878D-03
 -0.225435170360D-04 -0.225790838428D-03  0.201553448208D-02 -0.484783760162D-03
  0.251162844300D-02 -0.954504639388D-04 -0.286957199638D-03  0.271387520247D-02
 -0.242648609895D-02  0.377419989502D+00 -0.117149850706D-02 -0.293558795589D-03
  0.240480894448D-02  0.893826121553D-03 -0.161028139709D-03 -0.261001124519D-03
  0.153995605643D-02 -0.435141829772D-03  0.181767621875D-02  0.886508644926D-03
 -0.157534088400D-03 -0.260887249011D-03  0.152770632454D-02 -0.436389340596D-03
  0.182190451518D-02 -0.128490779988D-02 -0.289659640758D-03  0.241357666138D-02
 -0.255973281852D-02 -0.242685050172D-02  0.504618927150D+00  0.936964755082D-05
 -0.287353649124D-03  0.265856458074D-02  0.704345645245D-03 -0.389069148134D-04
 -0.229927957287D-03  0.198007457728D-02 -0.476287508061D-03  0.242832616295D-02
  0.700878206771D-03 -0.356829604040D-04 -0.227721733010D-03  0.195388956557D-02
 -0.476744774030D-03  0.242675383098D-02 -0.211924363466D-03 -0.285285386078D-03
  0.266597906711D-02 -0.242321930599D-02 -0.206641667533D-02 -0.242287086506D-02
  0.377374780012D+00  0.130761884044D-02  0.328157755563D-04  0.411793532889D-04
 -0.273537505919D-03  0.138829032252D-03  0.551869009445D-04  0.308928347488D-03
 -0.259591513166D-05  0.457421417139D-03 -0.268958444592D-03  0.138238715984D-03
  0.573061730927D-04  0.295851104467D-03 -0.167900328191D-05  0.451135951048D-03
  0.120805361236D-02  0.306003428160D-04  0.390105774482D-04  0.370014385503D-03
  0.585920512094D-03  0.362778574632D-03  0.559992212883D-03  0.367405603916D+00
  0.000000000000D+00  0.000000000000D+00  0.000000000000D+00  0.000000000000D+00
  0.000000000000D+00  0.000000000000D+00  0.000000000000D+00  0.000000000000D+00
  0.000000000000D+00  0.000000000000D+00  0.000000000000D+00  0.000000000000D+00
  0.000000000000D+00  0.000000000000D+00  0.000000000000D+00  0.000000000000D+00
  0.000000000000D+00  0.000000000000D+00  0.000000000000D+00  0.000000000000D+00
  0.000000000000D+00  0.000000000000D+00  0.000000000000D+00  0.000000000000D+00
$end
