$coord
    0.69201340388087     -1.22584710831101     -4.13502509517299  h
   -0.35808566689324     -0.99409285775500     -2.66561187800928  o
    0.59475413228296      1.10201118952729     -1.29096505617772  c
    0.13450740645810      2.88956473729820     -2.23436876476176  h
    2.64994025710680      0.98382013664580     -1.07138942824413  h
   -0.59475426690473      1.10201102596189      1.29096496501185  c
   -0.13450689218137      2.88956412742899      2.23436920504690  h
   -2.64994044727391      0.98382074550243      1.07138934735346  h
    0.35808482619576     -0.99409384696423      2.66561101115007  o
   -0.69201034862432     -1.22584418338411      4.13502763659426  h
$intdef
# definitions of internal coordinates
   1 f  1.0000000000000 tors    2    3    6    9 val=  69.00000
$user-defined bonds
$redundant
     number_of_atoms            10
     degrees_of_freedom         24
     internal_coordinates       25
     frozen_coordinates          1
# definitions of redundant internals
   1 k  1.0000000000000 tors   1    2    3    6 val= 193.71043
   2 k  1.0000000000000 stre   2    1           val=   1.82088
   3 k  1.0000000000000 bend   3    1    2      val= 107.95333
   4 k  1.0000000000000 stre   3    5           val=   2.07026
   5 k  1.0000000000000 stre   3    4           val=   2.07297
   6 k  0.0902594004800 bend   4    5    3      val=   1.18382
       -0.5097445546972 bend   2    5    3
       -0.5075758909887 bend   2    4    3
        0.4867939464503 bend   6    5    3
        0.4872495235173 bend   6    4    3
   7 k -0.0024356357802 bend   4    5    3      val=   0.02146
        0.5425860770430 bend   2    5    3
       -0.5427350910918 bend   2    4    3
        0.4549047081229 bend   6    5    3
       -0.4517684629350 bend   6    4    3
   8 k -0.8879521630275 bend   4    5    3      val=   1.42606
        0.1783810467396 bend   2    5    3
        0.1823051896910 bend   2    4    3
        0.2696896037142 bend   6    5    3
        0.2715759448092 bend   6    4    3
   9 k -0.0005344319779 bend   4    5    3      val=   0.05246
        0.4531696282389 bend   2    5    3
       -0.4535043666550 bend   2    4    3
       -0.5420344822824 bend   6    5    3
        0.5432949584397 bend   6    4    3
  10 k  1.0000000000000 stre   6    8           val=   2.07026
  11 k  1.0000000000000 stre   6    7           val=   2.07297
  12 k  0.0902594186760 bend   7    8    6      val=   1.18382
       -0.5097445334349 bend   9    8    6
       -0.5075759156364 bend   9    7    6
        0.4867939651286 bend   3    8    6
        0.4872494980539 bend   3    7    6
  13 k -0.0024356398186 bend   7    8    6      val=   0.02146
        0.5425861010861 bend   9    8    6
       -0.5427350741975 bend   9    7    6
        0.4549046796135 bend   3    8    6
       -0.4517684830402 bend   3    7    6
  14 k -0.8879521553131 bend   7    8    6      val=   1.42606
        0.1783810550380 bend   9    8    6
        0.1823051745644 bend   9    7    6
        0.2696896070573 bend   3    8    6
        0.2715759714162 bend   3    7    6
  15 k -0.0005344144302 bend   7    8    6      val=   0.05246
        0.4531696148151 bend   9    8    6
       -0.4535043717373 bend   9    7    6
       -0.5420344938440 bend   3    8    6
        0.5432949538768 bend   3    7    6
  16 k  1.0000000000000 tors  10    9    6    3 val= 193.71021
  17 k  1.0000000000000 stre   9   10           val=   1.82088
  18 k  1.0000000000000 bend   6   10    9      val= 107.95333
  19 k  1.0000000000000 tors   2    3    6    9 val=  69.00000
  20 k  1.0000000000000 stre   3    2           val=   2.68164
  21 k  1.0000000000000 bend   6    2    3      val= 108.47568
  22 k  1.0000000000000 stre   6    9           val=   2.68164
  23 k  1.0000000000000 bend   3    9    6      val= 108.47567
  24 k  1.0000000000000 stre   3    6           val=   2.84276
  25 f  1.0000000000000 tors   2    3    6    9 val=  69.00000
        24 non zero eigenvalues  of BmBt
           1           4.417831878    1    0
         1
           2           3.807640617    2    0
         2
           3           3.741854607    3    0
         3
           4           3.053231749    4    0
         4
           5           2.816945106    5    0
         5
           6           2.438672422    6    0
         6
           7           2.084936890    7    0
         7
           8           1.724374382    8    0
         8
           9           1.243901304    9    0
         9
          10           1.236780077   10    0
        10
          11           1.043481207   11    0
        11
          12           0.835436397   12    0
        12
          13           0.773764248   13    0
        13
          14           0.732011186   14    0
        14
          15           0.615696977   15    0
        15
          16           0.441421133   16    0
        16
          17           0.349203413   17    0
        17
          18           0.342524706   18    0
        18
          19           0.283529875   20    0
        20
          20           0.250652984   21    0
        21
          21           0.124652321   22    0
        22
          22           0.068563921   23    0
        23
          23           0.064706026   24    0
        24
          24           0.000000000    0    1
         0.000000000         0.000000000         0.000000000         0.000000000
         0.000000000         0.000000000         0.000000000         0.000000000
         0.000000000         0.000000000         0.000000000         0.000000000
         0.000000000         0.000000000         0.000000000         0.000000000
         0.000000000         0.000000000         0.000000000         0.000000000
         0.000000000         0.000000000         0.000000000         0.000000000
         1.000000000
$end
