$energy      SCF               SCFKIN            SCFPOT            MP2
     1 -229.0274436834      228.753905     -457.781349     -.8130723529282
     2 -229.0279342857      228.784597     -457.812532     -.8129720910549
     3 -229.0280839997      228.798393     -457.826477     -.8129533733999
     4 -229.0280684280      228.790168     -457.818236     -.8129882066887
     5 -229.0280782830      228.791984     -457.820063     -.8129811582944
     6 -229.0280915173      228.791949     -457.820040     -.8129684462181
     7 -229.0280982815      228.791857     -457.819955     -.8129617000595
     8 -229.0280982964      228.791856     -457.819955     -.8129617257182
     9 -229.0280981279      228.791836     -457.819934     -.8129618534348
    10 -229.0280979142      228.791828     -457.819926     -.8129620791459
    11 -229.0280979143      228.791828     -457.819926     -.8129620769376
    12 -229.0280978996      228.791833     -457.819931     -.8129621159803
    13 -229.0280979154      228.791834     -457.819932     -.8129621023749
$end
