$grad          cartesian gradients
  cycle =      1 MP2 energy =     -229.8405160363 |dE/dxyz| =  0.010606
    0.41214984961673     -1.05329543015453     -4.28896583877580      h
   -0.34766128567481     -1.01052949543750     -2.63803696956101      o
    0.62063407725633      1.10926938365309     -1.29027829147176      c
    0.18290492310557      2.88795465244417     -2.25816901291043      h
    2.67581658356957      0.98685178999730     -1.05927954986845      h
   -0.62065407725611      1.10926710884620      1.29026455108666      c
   -0.18299405296978      2.88796180370917      2.25813798388876      h
   -2.67584427006671      0.98678339249066      1.05923554058215      h
    0.34773654291390     -1.01045262880101      2.63807694229455      o
   -0.41298925980343     -1.05389898886834      4.28857012703518      h
  -.21833814934609D-02  -.10646947569700D-02  0.11466817929580D-02
  0.10171311739873D-02  -.27437872948530D-02  -.23960435010570D-02
  0.40542968584689D-02  0.28990872872630D-02  -.24565050420773D-02
  0.12854705823270D-02  0.85454189594270D-04  -.14769246584523D-03
  0.91305102642680D-03  0.82483337329647D-03  -.81197927198644D-03
  -.40489777747155D-02  0.29015050237673D-02  0.24586372406226D-02
  -.12858195900510D-02  0.79908426307895D-04  0.14539531385482D-03
  -.91888477614166D-03  0.82588625019500D-03  0.81063242716076D-03
  -.10150449124557D-02  -.27440474010740D-02  0.23957129514187D-02
  0.21821589050044D-02  -.10641451977115D-02  -.11448394454008D-02
  cycle =      2 MP2 energy =     -229.8409063768 |dE/dxyz| =  0.003309
    0.47514905932313     -1.07945813530549     -4.25629246502241      h
   -0.37208027838132     -0.99440755082856     -2.64663606713618      o
    0.59653928157209      1.11080963653754     -1.29263650703841      c
    0.13804710983131      2.89271185962540     -2.24553536047910      h
    2.65240396660765      0.99057819231687     -1.08388134303470      h
   -0.59660781027180      1.11080299324392      1.29262159515153      c
   -0.13813796869952      2.89269509924475      2.24554854490601      h
   -2.65246973253097      0.99055554031698      1.08383799127059      h
    0.37204530441675     -0.99440272672316      2.64660951280964      o
   -0.47578990117603     -1.07997332054905      4.25591958087286      h
  -.81859403794593D-03  -.42274479707471D-03  -.17603574939340D-03
  0.10787319293684D-02  -.80370023921894D-03  0.20414070389219D-03
  0.76207936981554D-03  0.11568347225381D-02  -.43255821413846D-03
  0.54962729741531D-03  -.21461221314700D-03  -.20441391014070D-03
  -.53855254125601D-04  0.28295539496828D-03  -.40932546699900D-03
  -.76218155799301D-03  0.11586399438839D-02  0.43449923171246D-03
  -.54948696176949D-03  -.21547516462128D-03  0.20493464778282D-03
  0.52900191170657D-04  0.28350260703630D-03  0.40831752100959D-03
  -.10764067750131D-02  -.80271649914732D-03  -.20557082170125D-03
  0.81718579924672D-03  -.42268388383460D-03  0.17601205800899D-03
  cycle =      3 MP2 energy =     -229.8410373731 |dE/dxyz| =  0.003113
    0.54550188353623     -1.12922209535171     -4.20539179229335      h
   -0.40267847235642     -0.97608428078171     -2.65721865907602      o
    0.57210382321857      1.11850390809992     -1.29890408159343      c
    0.09208732236909      2.90535147621229     -2.23375894251668      h
    2.63094572269414      1.00171237705051     -1.11651013721810      h
   -0.57221936672416      1.11846574523162      1.29886953804582      c
   -0.09217210384604      2.90526280765281      2.23381096800910      h
   -2.63105738278405      1.00172712870225      1.11644996458168      h
    0.40250982120181     -0.97619768752140      2.65710908471327      o
   -0.54592221661788     -1.12960779141538      4.20509953964754      h
  0.12478505989555D-03  0.92935348942835D-04  -.38349471170873D-03
  0.88463771550273D-03  -.72122548163911D-04  0.10026107143215D-02
  -.16263297938308D-02  0.17391130202515D-03  0.38946322951272D-03
  -.88321119542989D-04  -.12382623384610D-03  -.10711794444762D-03
  -.13470173723462D-03  -.71338772453577D-04  -.58257291230823D-05
  0.16249096196259D-02  0.17421542187268D-03  -.39036875422038D-03
  0.88383877807796D-04  -.12318535154376D-03  0.10795349319559D-03
  0.13594402938288D-03  -.71210652675013D-04  0.54391860153380D-05
  -.88441131165418D-03  -.71786611337998D-04  -.10018019708342D-02
  -.12489634002955D-03  0.92408029290003D-04  0.38314248794347D-03
  cycle =      4 MP2 energy =     -229.8410566347 |dE/dxyz| =  0.002769
    0.57265508231247     -1.16741904831808     -4.17400229795016      h
   -0.41805820284237     -0.96777798367026     -2.65918606299099      o
    0.56479195630419      1.12776493850061     -1.30433638352892      c
    0.07973812874461      2.91645739102140     -2.23354565491441      h
    2.62506681723704      1.01125154651335     -1.13339192251593      h
   -0.56493186187192      1.12770901615427      1.30429278934322      c
   -0.07981369072665      2.91632411615496      2.23361645732163      h
   -2.62521000189443      1.01128401324545      1.13333154302015      h
    0.41783367343212     -0.96795171647448      2.65902050999473      o
   -0.57297287000376     -1.16773068524803      4.17375650452051      h
  0.19966209366729D-04  0.12129930249871D-03  0.27327125007748D-04
  0.78056212942013D-03  -.82692087929992D-03  0.26926872720523D-03
  -.12728375176430D-02  0.65169384999830D-03  -.61747467077411D-03
  -.79245565606678D-04  0.73930829986857D-04  0.54853524455556D-04
  0.10816946148973D-03  -.20233397025254D-04  -.12457397018384D-05
  0.12730147121518D-02  0.65207572884685D-03  0.61746198025814D-03
  0.79204066976368D-04  0.73725763717114D-04  -.54569330502074D-04
  -.10813893362416D-03  -.20293347237965D-04  0.10337061784882D-05
  -.78085305698838D-03  -.82642411519807D-03  -.26906595045340D-03
  -.19841505499496D-04  0.12114620250037D-03  -.27589371683678D-04
  cycle =      5 MP2 energy =     -229.8410594413 |dE/dxyz| =  0.002777
    0.58274587433079     -1.18677055146821     -4.15608883787029      h
   -0.42542208605540     -0.96278843014229     -2.65627709319567      o
    0.56169355235757      1.13308353342459     -1.30562975777945      c
    0.07594462473073      2.92134140875921     -2.23487120906109      h
    2.62181923471079      1.01542052135602     -1.13891349736553      h
   -0.56184439620926      1.13301795082893      1.30558093459877      c
   -0.07601602802824      2.92118855882987      2.23494795900050      h
   -2.62197521783792      1.01545999562755      1.13885306471689      h
    0.42517410179786     -0.96299205379140      2.65608572514685      o
   -0.58302062910562     -1.18704934554507      4.15586819410883      h
  0.67948629915326D-04  0.79104179623757D-04  0.25011949258413D-05
  0.77987262054258D-03  -.74371378583038D-03  0.45534364185862D-03
  -.12503776189745D-02  0.65520833644772D-03  -.68621875057739D-03
  -.54157712342073D-04  0.29794100206981D-04  0.97981392596980D-04
  -.11522228598793D-04  -.20284261405018D-04  -.65072122540921D-05
  0.12505326347831D-02  0.65513580206833D-03  0.68603355665231D-03
  0.54135641149311D-04  0.29679359744961D-04  -.97992083590182D-04
  0.11478801971165D-04  -.20283653028086D-04  0.64356614104533D-05
  -.78000772019227D-03  -.74361542982526D-03  -.45515287041376D-03
  -.67903048618589D-04  0.78975291565309D-04  -.24245308223314D-05
  cycle =      6 MP2 energy =     -229.8410599635 |dE/dxyz| =  0.002856
    0.58498357224296     -1.19323024340136     -4.15102532503558      h
   -0.42753518150846     -0.96105523729816     -2.65546386848712      o
    0.56087948759808      1.13500865591551     -1.30608820555310      c
    0.07584204133411      2.92281522999972     -2.23646135292850      h
    2.62094735756295      1.01674936249324     -1.14028934915032      h
   -0.56103431256121      1.13494086566516      1.30603851736012      c
   -0.07591195198411      2.92265738440231      2.23654036619934      h
   -2.62110785806054      1.01679151191826      1.14023086666134      h
    0.42728095411680     -0.96126729173029      2.65526296278499      o
   -0.58524507804929     -1.19349865008520      4.15081087044865      h
  0.32868783384599D-04  0.16668852426793D-04  -.12417074436666D-04
  0.85286112638183D-03  -.69566186394088D-03  0.43470475829022D-03
  -.13219849468107D-02  0.68026815473399D-03  -.67896626089370D-03
  -.14198715201641D-04  0.75965472956518D-05  0.44392929873460D-04
  -.42828501942260D-04  -.88184332672492D-05  -.83980742926482D-05
  0.13220197296846D-02  0.68010737276314D-03  0.67901218887556D-03
  0.14204735182377D-04  0.75953284244257D-05  -.44419898127535D-04
  0.42808237031178D-04  -.88049160563708D-05  0.83771344346062D-05
  -.85287180655946D-03  -.69560266678437D-03  -.43475699847129D-03
  -.32878641001766D-04  0.16651526127953D-04  0.12471297392569D-04
  cycle =      7 MP2 energy =     -229.8410599816 |dE/dxyz| =  0.002919
    0.58423932071195     -1.19275377724724     -4.15179398371230      h
   -0.42725767398551     -0.96109445837821     -2.65552311129104      o
    0.56098323403638      1.13493734737356     -1.30599816108321      c
    0.07639907988897      2.92254540870001     -2.23702268932032      h
    2.62114169010646      1.01665268669645     -1.13984488138612      h
   -0.56113779809483      1.13486997852463      1.30594871058128      c
   -0.07646910163106      2.92238838291859      2.23710148306966      h
   -2.62130182499615      1.01669465530434      1.13978700107594      h
    0.42700428753230     -0.96130549660664      2.65532282078706      o
   -0.58450218287724     -1.19302313940628      4.15157829357887      h
  -.28216982794760D-06  -.48039861610949D-06  -.49214967203781D-05
  0.89934767139521D-03  -.66941360672157D-03  0.39043273801465D-03
  -.14179869665432D-02  0.67390647841403D-03  -.62145771767308D-03
  -.27119431894596D-05  -.58861951623967D-06  0.31740817565407D-05
  -.93207185192234D-05  -.34019713263944D-05  -.98530865882962D-06
  0.14179908958107D-02  0.67376679666076D-03  0.62152946531380D-03
  0.27167604697009D-05  -.56937612047392D-06  -.31793609061026D-05
  0.93309145086096D-05  -.33938613355211D-05  0.98042263960152D-06
  -.89935260352725D-03  -.66934635830052D-03  -.39049360830479D-03
  0.26815912046452D-06  -.47907166722538D-06  0.49207855425948D-05
  cycle =      8 MP2 energy =     -229.8410600221 |dE/dxyz| =  0.002918
    0.69192412396617     -1.22578852262098     -4.13512083032249      h
   -0.35807042781275     -0.99409925137257     -2.66561402299559      o
    0.59476578098584      1.10200424570610     -1.29097214127465      c
    0.13446759369529      2.88956748056565     -2.23432484080156      h
    2.64992074699962      0.98377398239724     -1.07140277198686      h
   -0.59476569756094      1.10200429281154      1.29097226890037      c
   -0.13446700944255      2.88956752697079      2.23432484280390      h
   -2.64992067724014      0.98377457201029      1.07140296075086      h
    0.35807024806199     -0.99409949487358      2.66561384589559      o
   -0.69192291891967     -1.22578718564224      4.13512192983475      h
  0.12621518634681D-05  -.18680111052438D-05  -.37604251366119D-05
  0.88759001959549D-03  -.66833530082100D-03  0.41257110295145D-03
  -.14013677477998D-02  0.67388977112781D-03  -.65815800366886D-03
  -.29064519374566D-05  -.31318893212173D-06  0.30838788300791D-05
  -.94736712341614D-05  -.33721154604760D-05  -.14326744775806D-05
  0.14013415261620D-02  0.67386203329445D-03  0.65818145919727D-03
  0.29115126179979D-05  -.29394585432385D-06  -.30888332276380D-05
  0.94834086317164D-05  -.33634245213965D-05  0.14281410050526D-05
  -.88757063741163D-03  -.66834351582212D-03  -.41259329425980D-03
  -.12701100560175D-05  -.18622907295152D-05  0.37686482134980D-05
  cycle =      9 MP2 energy =     -229.8410599813 |dE/dxyz| =  0.002924
    0.69192331780563     -1.22578716778644     -4.13510572776303      h
   -0.35808230967667     -0.99410487199603     -2.66561375008457      o
    0.59475716526324      1.10199909612099     -1.29096900611727      c
    0.13447125332414      2.88955799422442     -2.23434125128407      h
    2.64993565238070      0.98379289109076     -1.07139843466628      h
   -0.59475696478267      1.10199918035859      1.29096911894813      c
   -0.13447069031538      2.88955808297723      2.23434121575174      h
   -2.64993548073095      0.98379337028121      1.07139861618357      h
    0.35808222778629     -0.99410494428304      2.66561377944825      o
   -0.69192240832147     -1.22578598503545      4.13510668038784      h
  -.46657170327258D-06  -.55236856422169D-06  -.58594607077467D-06
  0.88771661230336D-03  -.67005811936838D-03  0.40868879503186D-03
  -.14105313320827D-02  0.67246206688765D-03  -.65483827864532D-03
  -.20142831165804D-05  0.15244747686438D-08  0.16012485462014D-05
  -.21129421421406D-05  -.18497530459294D-05  -.10686344684846D-06
  0.14105258581361D-02  0.67244344141226D-03  0.65484834603691D-03
  0.20149872432262D-05  0.84070896910760D-08  -.16076396256448D-05
  0.21146368736069D-05  -.18469115481978D-05  0.10602371113000D-06
  -.88770595261867D-03  -.67005527674091D-03  -.40869018013723D-03
  0.45898676925837D-06  -.55300011625459D-06  0.58449431383778D-06
  cycle =     10 MP2 energy =     -229.8410599933 |dE/dxyz| =  0.002926
    0.69194510727181     -1.22582417187547     -4.13505678522615      h
   -0.35810880524073     -0.99409906295873     -2.66560806325012      o
    0.59474308584871      1.10200528047969     -1.29097008914841      c
    0.13447430027148      2.88956000567147     -2.23436167942474      h
    2.64993478557433      0.98381603119066     -1.07141155192775      h
   -0.59474304626162      1.10200524869600      1.29097006068079      c
   -0.13447371161074      2.88955969939422      2.23436190066501      h
   -2.64993479759140      0.98381662912766      1.07141157584093      h
    0.35810827418251     -0.99409962074513      2.66560760074761      o
   -0.69194342971149     -1.22582239302813      4.13505827184714      h
  -.63101165181934D-07  -.32405486427578D-06  0.74048671461213D-06
  0.88613678051086D-03  -.67032012361690D-03  0.40754938212384D-03
  -.14161523665837D-02  0.67084665830563D-03  -.65265705032069D-03
  -.69627009646744D-06  0.14310079743396D-06  0.34687347505447D-06
  0.12129244075787D-05  -.34335209941894D-06  0.38089472008396D-06
  0.14161559420049D-02  0.67084542961382D-03  0.65265992891739D-03
  0.69714076228466D-06  0.14034653972317D-06  -.34472155618914D-06
  -.12123157722144D-05  -.34112544847198D-06  -.38091971024667D-06
  -.88615981192408D-03  -.67033598197686D-03  -.40756471631642D-03
  0.81077570213139D-07  -.31088590457529D-06  -.73015709123325D-06
  cycle =     11 MP2 energy =     -229.8410599912 |dE/dxyz| =  0.002927
    0.69199897220715     -1.22582470225458     -4.13504764206711      h
   -0.35807403842576     -0.99409957720017     -2.66561257015641      o
    0.59475988947887      1.10200488135813     -1.29096232030284      c
    0.13450326497963      2.88955953755471     -2.23435997445022      h
    2.64994874335952      0.98381574881764     -1.07137708316442      h
   -0.59475977858272      1.10200491181307      1.29096237942747      c
   -0.13450278982317      2.88955943151836      2.23436011196607      h
   -2.64994867184900      0.98381617546764      1.07137720599670      h
    0.35807379539242     -0.99409984248724      2.66561239613475      o
   -0.69199698269001     -1.22582259863729      4.13504943940665      h
  -.32392627491440D-06  0.75748936900766D-07  0.46687164045878D-06
  0.88676638190144D-03  -.67071404497465D-03  0.40756275123943D-03
  -.14157841229943D-02  0.67081053484053D-03  -.65259152736852D-03
  -.62985936311044D-06  0.15536359532220D-06  0.38104502508851D-06
  0.10236944745223D-05  -.32697056384645D-06  0.54663139736899D-06
  0.14157827202417D-02  0.67080576441203D-03  0.65258935809465D-03
  0.62841710735118D-06  0.15436195788254D-06  -.38147305647662D-06
  -.10229068752032D-05  -.32755006612595D-06  -.54613414953580D-06
  -.88677352942135D-03  -.67071397505991D-03  -.40756315419355D-03
  0.33313068970031D-06  0.80778183919605D-07  -.46436910183800D-06
  cycle =     12 MP2 energy =     -229.8410600156 |dE/dxyz| =  0.002926
    0.69200708983445     -1.22583931102092     -4.13503279075315      h
   -0.35808089871848     -0.99409557470601     -2.66561000857511      o
    0.59475702645908      1.10200917673826     -1.29096379762169      c
    0.13450522335592      2.88956307688751     -2.23436455792695      h
    2.64994398634517      0.98381840052100     -1.07138442269224      h
   -0.59475677078526      1.10200932395027      1.29096394771090      c
   -0.13450477847365      2.88956326699574      2.23436453911873      h
   -2.64994376025412      0.98381871757401      1.07138464028950      h
    0.35808098396486     -0.99409545438295      2.66561021260192      o
   -0.69200569768104     -1.22583765660664      4.13503418063874      h
  0.41629024449819D-07  -.37441531874904D-07  -.93994536154440D-07
  0.88631658012339D-03  -.67046618595157D-03  0.40852807719194D-03
  -.14154926986518D-02  0.67064977371256D-03  -.65282027149283D-03
  -.33974944663173D-06  0.72115895033420D-07  0.30183152066598D-06
  0.21355690815739D-06  -.21955916604255D-06  0.15086394410807D-06
  0.14154936063822D-02  0.67064750935764D-03  0.65282087503205D-03
  0.33776493191251D-06  0.74024175233944D-07  -.30459356681334D-06
  -.21510351588816D-06  -.22163348378790D-06  -.15016476279800D-06
  -.88630537328349D-03  -.67045391049891D-03  -.40852007108416D-03
  -.50212703550656D-07  -.44680656174911D-07  0.87447098895410D-07
  cycle =     13 MP2 energy =     -229.8410600178 |dE/dxyz| =  0.002926
    0.69201340388087     -1.22584710831101     -4.13502509517299      h
   -0.35808566689324     -0.99409285775500     -2.66561187800928      o
    0.59475413228296      1.10201118952729     -1.29096505617772      c
    0.13450740645810      2.88956473729820     -2.23436876476176      h
    2.64994025710680      0.98382013664580     -1.07138942824413      h
   -0.59475426690473      1.10201102596189      1.29096496501185      c
   -0.13450689218137      2.88956412742899      2.23436920504690      h
   -2.64994044727391      0.98382074550243      1.07138934735346      h
    0.35808482619576     -0.99409384696423      2.66561101115007      o
   -0.69201034862432     -1.22584418338411      4.13502763659426      h
  0.18128264445139D-07  0.80080942987948D-07  -.16740662012182D-06
  0.88638152226128D-03  -.67062403129370D-03  0.40841573973349D-03
  -.14157530404524D-02  0.67056236885676D-03  -.65257992382817D-03
  -.23433011198115D-07  0.18718546712648D-07  0.84072879324992D-07
  -.21159125518366D-06  -.34468972676116D-07  0.11712271111297D-07
  0.14157533520716D-02  0.67056691311151D-03  0.65258046166017D-03
  0.25367922262820D-07  0.15180186441199D-07  -.76195555198666D-07
  0.21600671384903D-06  -.30275276646785D-07  -.13705734484837D-07
  -.88642246280024D-03  -.67065957662304D-03  -.40844482483937D-03
  0.16150304205098D-07  0.10510181214229D-06  0.19007035323426D-06
$end
