$hessapprox internal
  0.140673154738D-01  0.639026657011D-03  0.630083676396D+00  0.118751874688D-02
  0.164647779971D-02  0.371758436253D+00  0.185357110814D-02 -0.782052573095D-02
 -0.408235536251D-02  0.422288479563D+00  0.806353511902D-04 -0.169222396908D-02
 -0.433821785530D-03  0.532358044537D-03  0.421956172298D+00 -0.265567701843D-02
 -0.214642286323D-02  0.331866773495D-02  0.844035061255D-02  0.791410949131D-03
  0.339955468153D+00  0.234218029085D-02 -0.985838232685D-04 -0.330435262502D-02
 -0.655023935892D-02 -0.466151914466D-03  0.759541265723D-02  0.341823947246D+00
 -0.501785255588D-02 -0.524416255674D-02  0.604531391207D-02  0.164812445370D-01
  0.163370759713D-02 -0.145605183236D-01  0.141921018154D-01  0.294391905776D+00
 -0.373686314031D-02 -0.100634828376D-01  0.333496870801D-02  0.150372610857D-01
  0.193347442987D-02 -0.891113646946D-02  0.974373409452D-02 -0.157127981818D-01
  0.341178630937D+00  0.186084205860D-02 -0.776950558530D-02 -0.408288607128D-02
 -0.175267373958D-02  0.524936333937D-03  0.844782434182D-02 -0.656498455029D-02
  0.164905001418D-01  0.150189426630D-01  0.422201901935D+00  0.845268479142D-04
 -0.165307946692D-02 -0.431862342965D-03  0.503835235298D-03  0.175189209334D-03
  0.791696476546D-03 -0.472457170604D-03  0.163063460752D-02  0.191246878849D-02
  0.496549953981D-03  0.421945581884D+00 -0.267604149481D-02 -0.227104746976D-02
  0.332361710558D-02  0.855361298012D-02  0.810070656515D-03 -0.793013403576D-02
  0.763915991328D-02 -0.145988311404D-01 -0.887712033044D-02  0.856070119152D-02
  0.810029611368D-03  0.339903030633D+00  0.237822285097D-02  0.182287009137D-04
 -0.333277612450D-02 -0.670413815346D-02 -0.487099401087D-03  0.767516501593D-02
 -0.705704540802D-02  0.143302632364D-01  0.978170816375D-02 -0.671862580934D-02
 -0.493142029430D-03  0.771838359082D-02  0.341641123948D+00 -0.501615775114D-02
 -0.524421101353D-02  0.604292721403D-02  0.164764945084D-01  0.163336762581D-02
 -0.145550294519D-01  0.141870644829D-01 -0.266956900904D-01 -0.157057692514D-01
  0.164857395372D-01  0.163029014325D-02 -0.145933108454D-01  0.143251600565D-01
  0.294412409657D+00 -0.376782435554D-02 -0.102232680771D-01  0.334811992746D-02
  0.151961373032D-01  0.195838793451D-02 -0.896099378675D-02  0.981422429311D-02
 -0.157911773454D-01 -0.585094428609D-02  0.151773543007D-01  0.193697602308D-02
 -0.892591975176D-02  0.985170754460D-02 -0.157840977128D-01  0.341227093351D+00
 -0.535723959654D-03  0.184980849100D-02  0.110209639777D-02  0.678241215757D-03
 -0.106079333487D-03 -0.231064563141D-02  0.183815129288D-02 -0.448511304092D-02
 -0.395768061173D-02  0.689094666487D-03 -0.990832888931D-04 -0.233921152791D-02
  0.187830415661D-02 -0.448378065787D-02 -0.399813363577D-02  0.145903119966D-01
  0.651670027596D-03  0.135334239682D-01  0.165062905737D-02 -0.790795092749D-02
 -0.170824610557D-02 -0.214182798672D-02 -0.120635775448D-03 -0.524622211977D-02
 -0.101206708222D-01 -0.785653537412D-02 -0.166878299033D-02 -0.226739491088D-02
 -0.309318341714D-05 -0.524628632661D-02 -0.102816204077D-01  0.187136641867D-02
  0.630315588121D+00  0.115683820263D-02  0.144481780487D-02 -0.134902477449D-02
 -0.390547799222D-02 -0.404091096402D-03  0.328285632963D-02 -0.324030769681D-02
  0.599702055712D-02  0.339937293084D-02 -0.390664643466D-02 -0.402665919504D-03
  0.328929404431D-02 -0.326967426500D-02  0.599467982919D-02  0.341430307881D-02
  0.105766547162D-02  0.144742373408D-02  0.371770549744D+00 -0.142216652174D-02
 -0.967434949492D-02  0.161601355328D-03  0.834553866080D-02  0.141615451359D-02
 -0.155752272298D-02  0.292496850627D-02 -0.201714143138D-02  0.329443181279D-02
  0.831464004851D-02  0.139039647587D-02 -0.148521470598D-02  0.287781058299D-02
 -0.201504274080D-02  0.338124094267D-02 -0.209230449303D-02 -0.974893333878D-02
  0.281368672697D-03  0.508734307940D+00 -0.229263605582D-02 -0.144600949093D-01
  0.475739812452D-03  0.129439858098D-01  0.215074789056D-02 -0.286718727294D-02
  0.486746573047D-02 -0.402181295597D-02  0.423626679773D-02  0.128988243938D-01
  0.211267583502D-02 -0.276215649697D-02  0.480341551500D-02 -0.401831771742D-02
  0.436108815339D-02 -0.325905888779D-02 -0.145700658644D-01  0.650303616348D-03
  0.847525443054D-02  0.398644578592D+00 -0.144570807444D-02 -0.976171650086D-02
  0.178068541265D-03  0.845102675052D-02  0.143112514271D-02 -0.160614029887D-02
  0.298313988849D-02 -0.209987708586D-02  0.328010321627D-02  0.841991460680D-02
  0.140516192118D-02 -0.153337453204D-02  0.293596852201D-02 -0.209773647807D-02
  0.336738032196D-02 -0.211964084791D-02 -0.983687723959D-02  0.298632256210D-03
  0.584551290954D-02  0.853008854497D-02  0.508813263636D+00 -0.222802285726D-02
 -0.141456378604D-01  0.444693616752D-03  0.126209520994D-01  0.210096739570D-02
 -0.275717784524D-02  0.471781277821D-02 -0.384535994729D-02  0.420494279013D-02
  0.125766824326D-01  0.206368543886D-02 -0.265416181580D-02  0.465458656191D-02
 -0.384197239324D-02  0.432748554815D-02 -0.317654255179D-02 -0.142533506469D-01
  0.615854636853D-03  0.830889117485D-02  0.120909545946D-01  0.836289456131D-02
  0.398172475229D+00  0.569248476762D-03  0.453867989780D-02  0.615989996632D-04
 -0.363947899552D-02 -0.644407477778D-03  0.414342767502D-03 -0.108146838131D-02
  0.355585421065D-03 -0.194917078289D-02 -0.362438324770D-02 -0.632072036520D-03
  0.378632044471D-03 -0.105556817266D-02  0.354811094529D-03 -0.199279006745D-02
  0.904306936558D-03  0.457455558789D-02  0.279937844501D-05 -0.284301874355D-02
 -0.417485561259D-02 -0.286391556507D-02 -0.409065715082D-02  0.411904827994D+00
  0.000000000000D+00  0.000000000000D+00  0.000000000000D+00  0.000000000000D+00
  0.000000000000D+00  0.000000000000D+00  0.000000000000D+00  0.000000000000D+00
  0.000000000000D+00  0.000000000000D+00  0.000000000000D+00  0.000000000000D+00
  0.000000000000D+00  0.000000000000D+00  0.000000000000D+00  0.000000000000D+00
  0.000000000000D+00  0.000000000000D+00  0.000000000000D+00  0.000000000000D+00
  0.000000000000D+00  0.000000000000D+00  0.000000000000D+00  0.000000000000D+00
$end
