$coord
    0.80590203853908     -1.17648032630727     -4.23996081405563  h
   -0.38611405782744     -0.82857926510102     -2.90715317569498  o
    0.74787232797659      0.92968446180021     -1.21486782658364  c
    0.72572266594056      2.82675999717105     -2.04566223128433  h
    2.70292559931995      0.42347342679498     -0.77276518500713  h
   -0.74787228476461      0.92968460828404      1.21486784657997  c
   -0.72572246488508      2.82676014746954      2.04566224896813  h
   -2.70292557353608      0.42347367700466      0.77276527041856  h
    0.38611404291520     -0.82857915690947      2.90715311128771  o
   -0.80590172879325     -1.17647944818836      4.23996122778053  h
$intdef
# definitions of internal coordinates
   1 f  1.0000000000000 tors    2    3    6    9 val=  93.00000
$user-defined bonds
$redundant
     number_of_atoms            10
     degrees_of_freedom         24
     internal_coordinates       25
     frozen_coordinates          1
# definitions of redundant internals
   1 k  1.0000000000000 tors   1    2    3    6 val= 195.74695
   2 k  1.0000000000000 stre   2    1           val=   1.82162
   3 k  1.0000000000000 bend   3    1    2      val= 108.00847
   4 k  1.0000000000000 stre   3    5           val=   2.06735
   5 k  1.0000000000000 stre   3    4           val=   2.07114
   6 k  0.0754880088938 bend   4    5    3      val=   0.91281
       -0.5244457407113 bend   2    5    3
       -0.4917689910211 bend   2    4    3
        0.4778118751109 bend   6    5    3
        0.4991165164930 bend   6    4    3
   7 k  0.0041588665055 bend   4    5    3      val=  -0.00066
       -0.5242366080592 bend   2    5    3
        0.5515624335462 bend   2    4    3
       -0.4726529268857 bend   6    5    3
        0.4444510942804 bend   6    4    3
   8 k -0.8888788768590 bend   4    5    3      val=   1.40641
        0.1782529392391 bend   2    5    3
        0.1972739349898 bend   2    4    3
        0.2683892803186 bend   6    5    3
        0.2591725693631 bend   6    4    3
   9 k -0.0097340502026 bend   4    5    3      val=   1.41082
        0.4615466510157 bend   2    5    3
       -0.4556346656532 bend   2    4    3
       -0.5306986602024 bend   6    5    3
        0.5455601898207 bend   6    4    3
  10 k  1.0000000000000 stre   6    8           val=   2.06735
  11 k  1.0000000000000 stre   6    7           val=   2.07114
  12 k  0.0754880632351 bend   7    8    6      val=   0.91281
       -0.5244457113394 bend   9    8    6
       -0.4917690242998 bend   9    7    6
        0.4778118946235 bend   3    8    6
        0.4991164876682 bend   3    7    6
  13 k  0.0041588536655 bend   7    8    6      val=  -0.00066
       -0.5242366474035 bend   9    8    6
        0.5515624265942 bend   9    7    6
       -0.4726528760487 bend   3    8    6
        0.4444511106834 bend   3    7    6
  14 k -0.8888788747586 bend   7    8    6      val=   1.40641
        0.1782529340061 bend   9    8    6
        0.1972738841577 bend   9    7    6
        0.2683892992237 bend   3    8    6
        0.2591725992802 bend   3    7    6
  15 k -0.0097340303101 bend   7    8    6      val=   1.41082
        0.4615466259512 bend   9    8    6
       -0.4556346559308 bend   9    7    6
       -0.5306986880104 bend   3    8    6
        0.5455601924497 bend   3    7    6
  16 k  1.0000000000000 tors  10    9    6    3 val= 195.74692
  17 k  1.0000000000000 stre   9   10           val=   1.82162
  18 k  1.0000000000000 bend   6   10    9      val= 108.00847
  19 k  1.0000000000000 tors   2    3    6    9 val=  93.00000
  20 k  1.0000000000000 stre   3    2           val=   2.69096
  21 k  1.0000000000000 bend   6    2    3      val= 108.33814
  22 k  1.0000000000000 stre   6    9           val=   2.69096
  23 k  1.0000000000000 bend   3    9    6      val= 108.33814
  24 k  1.0000000000000 stre   3    6           val=   2.85322
  25 f  1.0000000000000 tors   2    3    6    9 val=  93.00000
        24 non zero eigenvalues  of BmBt
           1           4.227474537    1    0
         1
           2           3.826578625    2    0
         2
           3           3.750843973    3    0
         3
           4           3.021506078    4    0
         4
           5           2.910565986    5    0
         5
           6           2.438969513    6    0
         6
           7           2.083731782    7    0
         7
           8           1.729745121    8    0
         8
           9           1.250330595    9    0
         9
          10           1.227149916   10    0
        10
          11           1.036449573   11    0
        11
          12           0.830713229   12    0
        12
          13           0.773063404   13    0
        13
          14           0.729749355   14    0
        14
          15           0.562411049   15    0
        15
          16           0.488913027   16    0
        16
          17           0.352517803   17    0
        17
          18           0.347524716   18    0
        18
          19           0.279422935   20    0
        20
          20           0.254166744   21    0
        21
          21           0.102073359   22    0
        22
          22           0.078866260   23    0
        23
          23           0.066716015   24    0
        24
          24           0.000000000    0    1
         0.000000000         0.000000000         0.000000000         0.000000000
         0.000000000         0.000000000         0.000000000         0.000000000
         0.000000000         0.000000000         0.000000000         0.000000000
         0.000000000         0.000000000         0.000000000         0.000000000
         0.000000000         0.000000000         0.000000000         0.000000000
         0.000000000         0.000000000         0.000000000         0.000000000
         1.000000000
$end
