$energy      SCF               SCFKIN            SCFPOT            MP2
     1 -229.0259334154      228.777204     -457.803137     -.8130897176183
     2 -229.0265326437      228.781826     -457.808358     -.8130633545857
     3 -229.0266143460      228.795277     -457.821891     -.8131919104462
     4 -229.0265618583      228.790538     -457.817100     -.8132595009079
     5 -229.0265440419      228.788261     -457.814805     -.8132800370322
     6 -229.0265527777      228.788864     -457.815417     -.8132714961585
     7 -229.0265542738      228.788883     -457.815438     -.8132699753521
     8 -229.0265542741      228.788882     -457.815437     -.8132700400823
     9 -229.0265542508      228.788891     -457.815446     -.8132700482232
    10 -229.0265541110      228.788895     -457.815450     -.8132701694566
    11 -229.0265541110      228.788895     -457.815449     -.8132701674343
    12 -229.0265540825      228.788889     -457.815443     -.8132701954304
    13 -229.0265539941      228.788880     -457.815434     -.8132702842433
$end
