$grad          cartesian gradients
  cycle =      1 MP2 energy =     -229.8390231330 |dE/dxyz| =  0.010138
    0.56620437682546     -0.87945158552980     -4.43391900103220      h
   -0.37713588747046     -0.84407665155265     -2.88035349636998      o
    0.76927436528505      0.92653763615683     -1.20755188608645      c
    0.77628494044070      2.83560096808486     -2.01226835167874      h
    2.72511790127520      0.40096198803504     -0.77101103636939      h
   -0.76933653987134      0.92649160971064      1.20754109860196      c
   -0.77651348441035      2.83554671854975      2.01223804541694      h
   -2.72514470968534      0.40074693223840      0.77097458291576      h
    0.37723743707895     -0.84396836572915      2.88039195592409      o
   -0.56682002707863     -0.88027345694934      4.43350384194484      h
  -.26251442922085D-02  -.20061310956898D-03  0.11081575714655D-02
  0.52688776915755D-03  -.55388424266223D-03  -.91101155507012D-03
  0.52014755772669D-02  0.74457350658363D-05  0.10329894763927D-02
  0.13457744295304D-02  0.11173983041983D-02  0.22231058230824D-02
  0.19018911275435D-02  -.37010453724384D-03  -.14035969710016D-02
  -.51972817323809D-02  0.11775157602312D-04  -.10309878179009D-02
  -.13447650646141D-02  0.11116632517374D-02  -.22244323092704D-02
  -.19075966849362D-02  -.37046008793684D-03  0.14014072852156D-02
  -.52425875123685D-03  -.55237093992488D-03  0.91125307331907D-03
  0.26230176221373D-02  -.20084958671185D-03  -.11068845768043D-02
  cycle =      2 MP2 energy =     -229.8395959983 |dE/dxyz| =  0.006248
    0.63609903121752     -0.95682256434888     -4.38946064866097      h
   -0.40338716721170     -0.81919697023335     -2.89992334390799      o
    0.74432087530072      0.94046379531232     -1.22058754899753      c
    0.72512857613009      2.84495011187432     -2.03485941770718      h
    2.70463546457214      0.43017670495461     -0.80421856212337      h
   -0.74444795864842      0.94039377759873      1.22056926631752      c
   -0.72536753525786      2.84484967871698      2.03491182125838      h
   -2.70472993268365      0.43001042285545      0.80416028519203      h
    0.40337057378376     -0.81924089653499      2.89985374939603      o
   -0.63645355481335     -0.95746826718062      4.38910015249989      h
  -.97117138221847D-03  -.16031514008019D-03  -.45925677396053D-03
  -.79443796127343D-04  0.11683100242328D-02  -.52801416713955D-03
  0.33350895418045D-02  -.13994053378270D-02  0.11119846428194D-02
  0.70676564939903D-03  0.37040219429896D-03  0.85275497478765D-03
  0.28680704653139D-03  0.19204936652861D-04  -.96597976643004D-03
  -.33356872898591D-02  -.13966056226105D-02  -.11099875065881D-02
  -.70659370342396D-03  0.36969332844272D-03  -.85184914027492D-03
  -.28753553784755D-03  0.19550184232386D-04  0.96465593727735D-03
  0.82125542771649D-04  0.11699846374844D-02  0.52679393510502D-03
  0.96964392890642D-03  -.16081927509826D-03  0.45889786351117D-03
  cycle =      3 MP2 energy =     -229.8398062564 |dE/dxyz| =  0.007091
    0.69631335314333     -1.07114794195966     -4.29687909284644      h
   -0.43979245772466     -0.78816065768272     -2.90017093584713      o
    0.72267836678151      0.96672740165367     -1.22884027046251      c
    0.67867295408586      2.86619803448859     -2.05368141702043      h
    2.68786964347453      0.46600629050908     -0.82795594393995      h
   -0.72284350685544      0.96660468436753      1.22879589055891      c
   -0.67890998192453      2.86600832089912      2.05379930903241      h
   -2.68801062169678      0.46585448667788      0.82785205930470      h
    0.43966750311223     -0.78838297711043      2.89999773281586      o
   -0.69647688000681     -1.07159184882849      4.29662842167140      h
  0.23825460681692D-03  0.88370059552090D-04  -.35842328892244D-03
  -.14768066948223D-02  0.26449547581144D-02  -.17489555333761D-03
  0.22238778963466D-02  -.27988100818472D-02  0.17034577677055D-02
  -.11618088386828D-03  -.20631925912618D-04  0.77646947920895D-04
  -.13607320528441D-03  0.86040051815117D-04  -.86897965561467D-04
  -.22247453239519D-02  -.27989639069568D-02  -.17053902520858D-02
  0.11587429975141D-03  -.20176571912778D-04  -.77041553330659D-04
  0.13754174672354D-03  0.86406476642154D-04  0.86738332803149D-04
  0.14761695541621D-02  0.26448061354722D-02  0.17652478085939D-03
  -.23791199622858D-03  0.88004922446649D-04  0.35828078308464D-03
  cycle =      4 MP2 energy =     -229.8398213592 |dE/dxyz| =  0.006870
    0.70620422570672     -1.10671033265061     -4.26968643743514      h
   -0.44936261940760     -0.77989866167759     -2.89957722762639      o
    0.71966715105075      0.97669779471009     -1.23130904147887      c
    0.67484358978811      2.87522466488019     -2.05857921054988      h
    2.68536692024966      0.47431444065239     -0.83339643645639      h
   -0.71984303610125      0.97656787051390      1.23126262662427      c
   -0.67507573801633      2.87502001521496      2.05870836016739      h
   -2.68552611289211      0.47416654763233      0.83329536764094      h
    0.44922754951373     -0.78014851330734      2.89937603282542      o
   -0.70633355750244     -1.10711803295374      4.26945171955547      h
  0.13733806550142D-03  0.85225500642272D-04  -.57782448950938D-04
  -.17502704185164D-02  0.22653715184031D-02  -.79650042874757D-03
  0.25047690859554D-02  -.24680983969043D-02  0.15327770330800D-02
  -.10792756950406D-03  0.63278241396514D-04  0.20166063951388D-04
  0.17601461229422D-04  0.54083450455655D-04  0.66410318798088D-04
  -.25048126686484D-02  -.24678549926285D-02  -.15334570554122D-02
  0.10779473431349D-03  0.63330761426617D-04  -.19827746118972D-04
  -.17158507151560D-04  0.54120182634065D-04  -.66584742319631D-04
  0.17497343129245D-02  0.22653774281221D-02  0.79710901550278D-03
  -.13706849599426D-03  0.85166219641719D-04  0.57689990861309D-04
  cycle =      5 MP2 energy =     -229.8398240789 |dE/dxyz| =  0.006702
    0.70831661571268     -1.12279875970650     -4.25783688438519      h
   -0.45330662096427     -0.77603966497608     -2.89819785695338      o
    0.71928738188203      0.98200783517360     -1.23212569818924      c
    0.67663748392163      2.87966075053943     -2.06103296826980      h
    2.68442363380483      0.47679742771881     -0.83544547684525      h
   -0.71946735582938      0.98187682421387      1.23207991219039      c
   -0.67686686796736      2.87945442141299      2.06116171146905      h
   -2.68459055033718      0.47665134086685      0.83535097084396      h
    0.45317222398080     -0.77629348782314      2.89798962877598      o
   -0.70843757181454     -1.12320089440525      4.25760241463030      h
  0.22242173121523D-04  0.36573971612830D-04  0.38942245002449D-04
  -.17682863413011D-02  0.20166453410289D-02  -.10359315704038D-02
  0.27578212046246D-02  -.21136225045582D-02  0.14528465030577D-02
  -.28647191988473D-04  0.44505221910462D-04  0.36880901294056D-04
  0.33297801373955D-04  0.15778426309732D-04  0.35936433178091D-04
  -.27576248035670D-02  -.21133104907944D-02  -.14527941986588D-02
  0.28650746967673D-04  0.44460741857044D-04  -.36836786587280D-04
  -.33440106068650D-04  0.15711808303620D-04  -.36083985558932D-04
  0.17682278367950D-02  0.20166893288280D-02  0.10359410426659D-02
  -.22241319770355D-04  0.36568068360943D-04  -.38900584429236D-04
  cycle =      6 MP2 energy =     -229.8398242739 |dE/dxyz| =  0.006651
    0.70764697787022     -1.12336307377341     -4.25758499092386      h
   -0.45333130626545     -0.77565663209580     -2.89758871915842      o
    0.71948331535614      0.98253447831310     -1.23191898527045      c
    0.67793149065625      2.87975770741355     -2.06159844732801      h
    2.68424014309890      0.47635559927545     -0.83526047836275      h
   -0.71966273887591      0.98240318674177      1.23187300020771      c
   -0.67816078045925      2.87955180579979      2.06172528312130      h
   -2.68440619732437      0.47620907305261      0.83516758897329      h
    0.45319765001074     -0.77590906930302      2.89738253969177      o
   -0.70777018167805     -1.12376728240947      4.25734896231626      h
  0.99880626631688D-05  0.44357868711487D-05  0.17740901547825D-06
  -.17039344221113D-02  0.20542704932653D-02  -.97688126165441D-03
  0.27274113689715D-02  -.20608118032879D-02  0.15352030638818D-02
  -.43573831755017D-05  0.24944916634517D-05  0.17903966529342D-04
  -.81293529912152D-05  -.37905032135299D-06  -.34254063087658D-05
  -.27273514612300D-02  -.20607567087354D-02  -.15353701928098D-02
  0.43602665594777D-05  0.24668716154252D-05  -.17930507751451D-04
  0.81128908542283D-05  -.36736955510985D-06  0.33814148072409D-05
  0.17038848246731D-02  0.20542205353431D-02  0.97709746376040D-03
  -.99847940426834D-05  0.44266667504900D-05  -.15594885116599D-06
  cycle =      7 MP2 energy =     -229.8398242492 |dE/dxyz| =  0.006639
    0.70754501117633     -1.12343716708304     -4.25759509772288      h
   -0.45332757689013     -0.77560390970077     -2.89756070606340      o
    0.71947330024311      0.98259411204214     -1.23187156676436      c
    0.67806805359015      2.87971636106414     -2.06182153949766      h
    2.68423048877529      0.47635813980669     -0.83514861618902      h
   -0.71965281351065      0.98246316960508      1.23182566592110      c
   -0.67829730017701      2.87951101538198      2.06194827152148      h
   -2.68439663475940      0.47621164182999      0.83505676729343      h
    0.45319425393347     -0.77585570093487      2.89735442148949      o
   -0.70766840999193     -1.12384186899677      4.25735815327866      h
  -.81653972028306D-06  -.59390672157988D-06  0.53593705917621D-07
  -.16872706554913D-02  0.20619911208728D-02  -.98780192843950D-03
  0.26925824313682D-02  -.20600122556735D-02  0.15721432561320D-02
  -.99580563328594D-06  0.84292713253831D-06  0.10969730412924D-06
  -.99643870887789D-06  -.22555756146181D-05  -.18376184396374D-06
  -.26925417768187D-02  -.20599541554418D-02  -.15722902932656D-02
  0.99661919056304D-06  0.85423696916109D-06  -.10410010542472D-06
  0.10270231802778D-05  -.22604392979630D-05  0.19552288305080D-06
  0.16872002585790D-02  0.20619787809411D-02  0.98794445304229D-03
  0.81488464243051D-06  -.59081892578305D-06  -.66439001411567D-07
  cycle =      8 MP2 energy =     -229.8398243142 |dE/dxyz| =  0.006640
    0.80591465750681     -1.17648903224468     -4.23996620192402      h
   -0.38610676425065     -0.82857857347101     -2.90716841909682      o
    0.74786946110139      0.92967966285525     -1.21487164117305      c
    0.72570335460285      2.82676472081554     -2.04564304535785      h
    2.70291532916156      0.42343572883374     -0.77277719194921      h
   -0.74786931456067      0.92967978679526      1.21487187569388      c
   -0.72570273343912      2.82676482786676      2.04564340722512      h
   -2.70291521629490      0.42343621976048      0.77277751430023      h
    0.38610657617886     -0.82857887320521      2.90716815397650      o
   -0.80591415249922     -1.17648784060671      4.23996693134022      h
  -.61476993717946D-07  -.96532658377946D-06  0.25423004279546D-06
  -.16645738100785D-02  0.20623151407726D-02  -.10272171308090D-02
  0.26555826235457D-02  -.20603577732872D-02  0.16337475909032D-02
  -.12726930130325D-05  0.10823845659758D-05  0.24387829822281D-06
  -.11167977627125D-05  -.20875574382462D-05  -.42583912956973D-06
  -.26555951028588D-02  -.20603720866990D-02  -.16337067817509D-02
  0.12729176622206D-05  0.10920028956640D-05  -.23727204867541D-06
  0.11467729481573D-05  -.20919363490357D-05  0.43609377531340D-06
  0.16645532220432D-02  0.20623374293427D-02  0.10271652165708D-02
  0.64344800154714D-07  -.95236445019076D-06  -.25998489405765D-06
  cycle =      9 MP2 energy =     -229.8398242990 |dE/dxyz| =  0.006639
    0.80587982923055     -1.17639561219235     -4.24003429206656      h
   -0.38608893747258     -0.82860702522700     -2.90715740270685      o
    0.74788142229122      0.92965467291638     -1.21486195607995      c
    0.72572325798207      2.82673343951195     -2.04564255400583      h
    2.70292856775882      0.42342703357279     -0.77274720445034      h
   -0.74788112696531      0.92965486404327      1.21486220669303      c
   -0.72572263615105      2.82673373052930      2.04564260273714      h
   -2.70292834951268      0.42342749248531      0.77274752579191      h
    0.38608893007123     -0.82860693467835      2.90715768362225      o
   -0.80587975972535     -1.17639503356187      4.24003477350020      h
  -.11411988674048D-05  0.13611148634851D-05  -.86228952067557D-06
  -.16642948550993D-02  0.20605470176749D-02  -.10255771163035D-02
  0.26558004233483D-02  -.20609260008952D-02  0.16345093317811D-02
  -.79250221629579D-06  0.71054873096443D-08  0.24009813026638D-06
  -.43353850909256D-06  -.98904978496073D-06  0.82699069703374D-07
  -.26557972460619D-02  -.20609373530336D-02  -.16345013668413D-02
  0.79159871568812D-06  0.12787932046621D-07  -.24644201301882D-06
  0.43690295292720D-06  -.99284954813150D-06  -.79993780599530D-07
  0.16642961433107D-02  0.20605656507442D-02  0.10255805158490D-02
  0.11342722188168D-05  0.13514903904888D-05  0.85456371401449D-06
  cycle =     10 MP2 energy =     -229.8398242805 |dE/dxyz| =  0.006643
    0.80589379298293     -1.17646846905959     -4.23996964310789      h
   -0.38610826627560     -0.82859218885398     -2.90714500476402      o
    0.74787723938904      0.92967235676421     -1.21486334786413      c
    0.72571642371561      2.82674771772234     -2.04564981389961      h
    2.70292915082222      0.42345321974286     -0.77275652399791      h
   -0.74787698660683      0.92967245010721      1.21486351855710      c
   -0.72571579323636      2.82674782174774      2.04564995170915      h
   -2.70292902432033      0.42345371596882      0.77275668792257      h
    0.38610816144752     -0.82859239201033      2.90714513796598      o
   -0.80589350041128     -1.17646760472984      4.23997042051376      h
  0.74125497739885D-07  -.55439521595702D-06  0.59115007688959D-06
  -.16665807849696D-02  0.20628381282624D-02  -.10259027045807D-02
  0.26562439547755D-02  -.20614439917575D-02  0.16343965872321D-02
  -.58197498103985D-06  -.30430576192231D-06  0.45821159866399D-06
  0.13217149064104D-06  -.52769681124776D-06  0.47090149057905D-07
  -.26562365986753D-02  -.20614484496964D-02  -.16344008738280D-02
  0.58216693860080D-06  -.30302060194387D-06  -.46432974776245D-06
  -.13911165197555D-06  -.52814742057539D-06  -.48686768616690D-07
  0.16665762009547D-02  0.20628236881528D-02  0.10259062710585D-02
  -.70149688724541D-07  -.55189530634436D-06  -.58271285530154D-06
  cycle =     11 MP2 energy =     -229.8398242784 |dE/dxyz| =  0.006642
    0.80589356003061     -1.17645933468323     -4.23996976069204      h
   -0.38610843701506     -0.82858310222011     -2.90714505424744      o
    0.74787707402774      0.92968153080732     -1.21486349176880      c
    0.72571610137996      2.82675687874180     -2.04564998335615      h
    2.70292904085352      0.42346250936997     -0.77275678051016      h
   -0.74787700309605      0.92968157498352      1.21486346629896      c
   -0.72571586491158      2.82675695965280      2.04564987117234      h
   -2.70292903958890      0.42346272523991      0.77275676263625      h
    0.38610834697287     -0.82858317970406      2.90714504117830      o
   -0.80589321376818     -1.17645844016957      4.23997040169794      h
  -.16019409043722D-06  0.55623867067922D-07  0.26077966186477D-06
  -.16662180211746D-02  0.20623146788461D-02  -.10257069827011D-02
  0.26562134142130D-02  -.20615244844002D-02  0.16344611205825D-02
  -.57497030675480D-06  -.29621632968713D-06  0.51263703193527D-06
  0.12882593747321D-06  -.54164510354671D-06  0.60017434078130D-07
  -.26562077580472D-02  -.20615321622675D-02  -.16344658356093D-02
  0.57382474244472D-06  -.29426480008254D-06  -.51984857507570D-06
  -.13550506716697D-06  -.54390095027834D-06  -.60988994299294D-07
  0.16662176495661D-02  0.20623082283064D-02  0.10257135164204D-02
  0.16273412128953D-06  0.54056302101202D-07  -.25441558193506D-06
  cycle =     12 MP2 energy =     -229.8398242779 |dE/dxyz| =  0.006642
    0.80589417844572     -1.17645576370202     -4.23997606159007      h
   -0.38610761064736     -0.82858437335156     -2.90714917891203      o
    0.74787625576093      0.92967974561307     -1.21486464491485      c
    0.72571930135526      2.82675535978575     -2.04565339187952      h
    2.70292829536847      0.42346341298565     -0.77275797408777      h
   -0.74787617868171      0.92967985652907      1.21486465588692      c
   -0.72571907822497      2.82675552558329      2.04565328015226      h
   -2.70292826549572      0.42346363669181      0.77275803363320      h
    0.38610758640438     -0.82858428751215      2.90714921856089      o
   -0.80589391940007     -1.17645499060456      4.23997653556017      h
  -.73456965843377D-07  0.14836842021637D-06  -.97754035088826D-07
  -.16662523722202D-02  0.20620463861061D-02  -.10259445447955D-02
  0.26559590303066D-02  -.20619123883439D-02  0.16345808797562D-02
  -.27660997226064D-06  -.32554456907974D-07  0.16557814053186D-06
  -.69172542804807D-07  -.24951373911453D-06  0.27014290360228D-07
  -.26559579196976D-02  -.20619140054232D-02  -.16345773973885D-02
  0.27592876550298D-06  -.30881408097372D-07  -.16836228788897D-06
  0.67832806038837D-07  -.25086837629473D-06  -.26458049473543D-07
  0.16662537067287D-02  0.20620498510331D-02  0.10259449006025D-02
  0.73033495695540D-07  0.14552011573521D-06  0.96145631012234D-07
  cycle =     13 MP2 energy =     -229.8398242783 |dE/dxyz| =  0.006643
    0.80590203853908     -1.17648032630727     -4.23996081405563      h
   -0.38611405782744     -0.82857926510102     -2.90715317569498      o
    0.74787232797659      0.92968446180021     -1.21486782658364      c
    0.72572266594056      2.82675999717105     -2.04566223128433      h
    2.70292559931995      0.42347342679498     -0.77276518500713      h
   -0.74787228476461      0.92968460828404      1.21486784657997      c
   -0.72572246488508      2.82676014746954      2.04566224896813      h
   -2.70292557353608      0.42347367700466      0.77276527041856      h
    0.38611404291520     -0.82857915690947      2.90715311128771      o
   -0.80590172879325     -1.17647944818836      4.23996122778053      h
  0.44775397567420D-06  -.38955822367903D-06  -.25803847014672D-06
  -.16669394668032D-02  0.20623079295063D-02  -.10264163869058D-02
  0.26555309318086D-02  -.20627491485139D-02  0.16347617096570D-02
  0.33697486323536D-06  0.47775080291856D-06  -.46220615157466D-06
  -.33044960234818D-06  0.34283344774177D-06  -.48411071540411D-07
  -.26555393302954D-02  -.20627426090964D-02  -.16347474613498D-02
  -.33802113880155D-06  0.47679667325440D-06  0.46979559953364D-06
  0.34026629114337D-06  0.34306488683189D-06  0.50712737897918D-07
  0.16669374121401D-02  0.20623168227063D-02  0.10263991955082D-02
  -.44607189053636D-06  -.38396825918774D-06  0.25109100665333D-06
$end
