$hessapprox internal
  0.255651420040D-01 -0.809688684000D-02  0.615404173656D+00 -0.174800213406D-02
  0.975521550106D-03  0.372116250251D+00  0.712095406873D-02 -0.339409970800D-03
 -0.888011871484D-03  0.427213925190D+00 -0.994386094512D-02 -0.178626289183D-02
  0.113744198083D-02  0.614404493602D-03  0.419159457822D+00 -0.319355667126D-02
 -0.993644584822D-03  0.346235645130D-03  0.521702983814D-03 -0.193006022667D-02
  0.346239090669D+00 -0.346262844999D-02 -0.119008401753D-02  0.370290893106D-03
  0.652723007206D-03 -0.225543429023D-02 -0.974072185652D-03  0.346722653447D+00
 -0.114665296192D-01 -0.104279035711D-01  0.931762256547D-03  0.717194343556D-02
 -0.168354137150D-01 -0.667412415278D-02 -0.757658966256D-02  0.276630553289D+00
 -0.110945201564D-01 -0.655523860588D-02  0.106196714680D-02  0.420936230999D-02
 -0.111859465126D-01 -0.457872107933D-02 -0.522921127464D-02 -0.325504634564D-01
  0.323087069875D+00  0.726572220709D-02 -0.316831823188D-03 -0.904726942751D-03
  0.803894758165D-03  0.669459198524D-03  0.547979918046D-03  0.683520966591D-03
  0.740670065927D-02  0.436416488999D-02  0.427200580072D+00 -0.998543751604D-02
 -0.177109541130D-02  0.114322528804D-02  0.599489497595D-03 -0.410606744513D-02
 -0.192609663927D-02 -0.225140485357D-02 -0.168374991136D-01 -0.111795579292D-01
  0.654311095523D-03  0.419190479306D+00 -0.333375613382D-02 -0.105467686271D-02
  0.360645328039D-03  0.558053881232D-03 -0.203993049841D-02 -0.889382296007D-03
 -0.102718720270D-02 -0.701966040615D-02 -0.482061715245D-02  0.585840737926D-03
 -0.203583431700D-02  0.346144063803D+00 -0.347838647668D-02 -0.122279636266D-02
  0.370736984255D-03  0.676776973729D-03 -0.230511198540D-02 -0.993015945076D-03
 -0.114450936720D-02 -0.769343831921D-02 -0.531711159746D-02  0.708273773048D-03
 -0.230112913473D-02 -0.104708653475D-02  0.346679675362D+00 -0.114543107999D-01
 -0.104271802627D-01  0.930297789610D-03  0.717232513039D-02 -0.168324741503D-01
 -0.667253484936D-02 -0.757469327124D-02 -0.446483818358D-01 -0.325401743243D-01
  0.740704482387D-02 -0.168345820359D-01 -0.701797458183D-02 -0.769149135984D-02
  0.276663042281D+00 -0.111883604083D-01 -0.665332849481D-02  0.106901380123D-02
  0.427790401821D-02 -0.113421340729D-01 -0.464011877426D-02 -0.529879794443D-02
 -0.329544642616D-01 -0.234906974940D-01  0.443488876271D-02 -0.113357928805D-01
 -0.488517608664D-02 -0.538774528920D-02 -0.329440225839D-01  0.322490762161D+00
  0.109840175930D-01 -0.795489532657D-02 -0.170708172040D-02  0.698962924725D-02
 -0.978247443337D-02 -0.314581351956D-02 -0.341195981029D-02 -0.113618762680D-01
 -0.109588627281D-01  0.713201447610D-02 -0.982315591260D-02 -0.328408647754D-02
 -0.342775292193D-02 -0.113498700803D-01 -0.110519706037D-01  0.250089092239D-01
 -0.799517595042D-02 -0.367681301017D-03  0.963042584341D-03 -0.331322462709D-03
 -0.177097279872D-02 -0.983794540585D-03 -0.117807829869D-02 -0.103118503228D-01
 -0.648451985851D-02 -0.308926607019D-03 -0.175600762319D-02 -0.104418961960D-02
 -0.121041495969D-02 -0.103111284941D-01 -0.658151003151D-02 -0.785501628093D-02
  0.615403554630D+00 -0.153137014730D-02  0.980747968961D-03  0.232173723663D-03
 -0.875376511127D-03  0.117858869964D-02  0.370374199370D-03  0.399395217944D-03
  0.119687407713D-02  0.122654532354D-02 -0.892601472227D-03  0.118395525591D-02
  0.386296451239D-03  0.400683770908D-03  0.119539732837D-02  0.123609324248D-02
 -0.149429350224D-02  0.968332125718D-03  0.372063608880D+00 -0.125762148159D-01
  0.132180275296D-02  0.160109568045D-02 -0.198882563940D-02 -0.420477838747D-04
 -0.537354672344D-03 -0.723230966145D-03 -0.104864568161D-01 -0.573767017642D-02
 -0.199248845223D-02 -0.139884795054D-04 -0.582661992908D-03 -0.760570484023D-03
 -0.104882407690D-01 -0.583939286662D-02 -0.123372531510D-01  0.129902327921D-02
  0.155999071985D-02  0.498320204013D+00 -0.307527651550D-01  0.893072827276D-02
  0.417384925024D-02 -0.926477494423D-02  0.812529554229D-02  0.171534778819D-02
  0.161988059248D-02 -0.844708255319D-02 -0.648036786551D-03 -0.939036436153D-02
  0.820746297989D-02  0.175358394684D-02  0.156913563715D-02 -0.846019997644D-02
 -0.744311540149D-03 -0.301129666107D-01  0.880800219118D-02  0.392510997031D-02
  0.179003978265D-01  0.439645417327D+00 -0.121704608437D-01  0.128554954685D-02
  0.154972876093D-02 -0.192959678902D-02 -0.314604044285D-04 -0.516619182040D-03
 -0.696095625393D-03 -0.101288349926D-01 -0.553753919236D-02 -0.193327227148D-02
 -0.429118894851D-05 -0.560297538728D-03 -0.732184931446D-03 -0.101305712106D-01
 -0.563580889402D-02 -0.119391467211D-01  0.126342983056D-02  0.150978370734D-02
  0.427907081132D-02  0.173364776994D-01  0.498055416477D+00 -0.303624742581D-01
  0.890569019258D-02  0.412488626930D-02 -0.921539860809D-02  0.814967815042D-02
  0.174052060180D-02  0.165182896437D-02 -0.807341626400D-02 -0.432439656605D-03
 -0.934120147744D-02  0.823101280867D-02  0.178058081071D-02  0.160235657072D-02
 -0.808650287973D-02 -0.525129907848D-03 -0.297299361038D-01  0.878348306803D-02
  0.387700691124D-02  0.177833654608D-01  0.553832670613D-01  0.172229572327D-01
  0.438605401166D+00 -0.185955567241D-01  0.513304434834D-02  0.251171163242D-02
 -0.539584824864D-02  0.452741244095D-02  0.895200677841D-03  0.820638795502D-03
 -0.591400897846D-02 -0.101930133960D-02 -0.546632109703D-02  0.457646189916D-02
  0.911334000916D-03  0.788052591204D-03 -0.592153031819D-02 -0.108466535810D-02
 -0.182112843030D-01  0.506197690002D-02  0.236825386002D-02  0.104907295037D-01
  0.332355883512D-01  0.101607672581D-01  0.329312853839D-01  0.422007765289D+00
  0.000000000000D+00  0.000000000000D+00  0.000000000000D+00  0.000000000000D+00
  0.000000000000D+00  0.000000000000D+00  0.000000000000D+00  0.000000000000D+00
  0.000000000000D+00  0.000000000000D+00  0.000000000000D+00  0.000000000000D+00
  0.000000000000D+00  0.000000000000D+00  0.000000000000D+00  0.000000000000D+00
  0.000000000000D+00  0.000000000000D+00  0.000000000000D+00  0.000000000000D+00
  0.000000000000D+00  0.000000000000D+00  0.000000000000D+00  0.000000000000D+00
$end
