$coord
    0.39543044615833     -1.08083496352281     -4.22200194201854  h
   -0.30243476245427     -1.07990688267407     -2.53941825055624  o
    0.48640918498096      1.17992522041651     -1.33875320317675  c
   -0.24509818414293      2.86620420206619     -2.29670118450923  h
    2.55504140649073      1.29572247897728     -1.30098815617428  h
   -0.48640765830288      1.17992613669841      1.33875302048731  c
    0.24509339637584      2.86620936530231      2.29669851028970  h
   -2.55504016736475      1.29571637097184      1.30098617378290  h
    0.30244336005790     -1.07990067563395      2.53942308525373  o
   -0.39547896041332     -1.08085987388817      4.22198300713470  h
$intdef
# definitions of internal coordinates
   1 f  1.0000000000000 tors    2    3    6    9 val=  54.00000
$user-defined bonds
$redundant
     number_of_atoms            10
     degrees_of_freedom         24
     internal_coordinates       25
     frozen_coordinates          1
# definitions of redundant internals
   1 k  1.0000000000000 tors   1    2    3    6 val= 182.40541
   2 k  1.0000000000000 stre   2    1           val=   1.82157
   3 k  1.0000000000000 bend   3    1    2      val= 107.56184
   4 k  1.0000000000000 stre   3    5           val=   2.07221
   5 k  1.0000000000000 stre   3    4           val=   2.07275
   6 k  0.0923165437970 bend   4    5    3      val=   1.20199
       -0.4964572829438 bend   2    5    3
       -0.5208609822648 bend   2    4    3
        0.4926501789956 bend   6    5    3
        0.4806323545531 bend   6    4    3
   7 k  0.0035740361136 bend   4    5    3      val=   0.14476
        0.5549999117570 bend   2    5    3
       -0.5338733118539 bend   2    4    3
        0.4424794175552 bend   6    5    3
       -0.4595145004739 bend   6    4    3
   8 k -0.8884361418166 bend   4    5    3      val=   1.27513
        0.1851290075408 bend   2    5    3
        0.1721599733167 bend   2    4    3
        0.2674989103350 bend   6    5    3
        0.2742512516619 bend   6    4    3
   9 k -0.0064905765105 bend   4    5    3      val=   0.96652
       -0.4499755539968 bend   2    5    3
        0.4520168193182 bend   2    4    3
        0.5508223620316 bend   6    5    3
       -0.5382893216117 bend   6    4    3
  10 k  1.0000000000000 stre   6    8           val=   2.07221
  11 k  1.0000000000000 stre   6    7           val=   2.07275
  12 k  0.0923167594713 bend   7    8    6      val=   1.20199
       -0.4964576454320 bend   9    8    6
       -0.5208606425707 bend   9    7    6
        0.4926495024567 bend   3    8    6
        0.4806330002849 bend   3    7    6
  13 k  0.0035746949025 bend   7    8    6      val=   0.14479
        0.5549995732183 bend   9    8    6
       -0.5338738672024 bend   9    7    6
        0.4424797772165 bend   3    8    6
       -0.4595139126911 bend   3    7    6
  14 k -0.8884361756730 bend   7    8    6      val=   1.27511
        0.1851288921903 bend   9    8    6
        0.1721597883621 bend   9    7    6
        0.2674994608087 bend   3    8    6
        0.2742507990328 bend   3    7    6
  15 k -0.0064901553837 bend   7    8    6      val=   0.96647
       -0.4499758038262 bend   9    8    6
        0.4520163251932 bend   9    7    6
        0.5508224495927 bend   3    8    6
       -0.5382894431787 bend   3    7    6
  16 k  1.0000000000000 tors  10    9    6    3 val= 182.40770
  17 k  1.0000000000000 stre   9   10           val=   1.82157
  18 k  1.0000000000000 bend   6   10    9      val= 107.56184
  19 k  1.0000000000000 tors   2    3    6    9 val=  54.00000
  20 k  1.0000000000000 stre   3    2           val=   2.67782
  21 k  1.0000000000000 bend   6    2    3      val= 108.71276
  22 k  1.0000000000000 stre   6    9           val=   2.67782
  23 k  1.0000000000000 bend   3    9    6      val= 108.71278
  24 k  1.0000000000000 stre   3    6           val=   2.84876
  25 f  1.0000000000000 tors   2    3    6    9 val=  54.00000
        24 non zero eigenvalues  of BmBt
           1           4.467563901    1    0
         1
           2           3.807722886    2    0
         2
           3           3.758704402    3    0
         3
           4           3.074333200    4    0
         4
           5           2.736089652    5    0
         5
           6           2.454840088    6    0
         6
           7           2.099032303    7    0
         7
           8           1.718882484    8    0
         8
           9           1.235172150    9    0
         9
          10           1.234388015   10    0
        10
          11           1.047542139   11    0
        11
          12           0.842325607   12    0
        12
          13           0.774147079   13    0
        13
          14           0.731349239   14    0
        14
          15           0.637094493   15    0
        15
          16           0.420136949   16    0
        16
          17           0.345280427   17    0
        17
          18           0.328212102   18    0
        18
          19           0.279821916   20    0
        20
          20           0.247751754   21    0
        21
          21           0.139969786   22    0
        22
          22           0.068320327   23    0
        23
          23           0.061152742   24    0
        24
          24           0.000000000    0    1
         0.000000000         0.000000000         0.000000000         0.000000000
         0.000000000         0.000000000         0.000000000         0.000000000
         0.000000000         0.000000000         0.000000000         0.000000000
         0.000000000         0.000000000         0.000000000         0.000000000
         0.000000000         0.000000000         0.000000000         0.000000000
         0.000000000         0.000000000         0.000000000         0.000000000
         1.000000000
$end
