$energy      SCF               SCFKIN            SCFPOT            MP2
     1 -229.0254378465      228.753591     -457.779029     -.8133301106389
     2 -229.0260845234      228.782296     -457.808381     -.8130754795063
     3 -229.0261960352      228.794954     -457.821150     -.8130426277746
     4 -229.0261330477      228.789529     -457.815662     -.8131120693709
     5 -229.0261303047      228.789634     -457.815764     -.8131150226564
     6 -229.0261340772      228.789813     -457.815947     -.8131112394947
     7 -229.0261340774      228.789814     -457.815948     -.8131112619502
     8 -229.0261352114      228.789819     -457.815954     -.8131101075307
     9 -229.0261369308      228.789853     -457.815990     -.8131083826315
    10 -229.0261369309      228.789852     -457.815989     -.8131083593377
    11 -229.0261369156      228.789857     -457.815994     -.8131084057975
    12 -229.0261369690      228.789857     -457.815994     -.8131083518283
$end
