$grad          cartesian gradients
  cycle =      1 MP2 energy =     -229.8387679571 |dE/dxyz| =  0.011570
    0.31071502988906     -1.13896485665498     -4.20449700001037      h
   -0.30696239790664     -1.09252318221010     -2.49539612953739      o
    0.50517722483732      1.19928939066120     -1.33970541051522      c
   -0.22639734962478      2.85650968962446     -2.34497158917363      h
    2.57202106687760      1.33271900953185     -1.28995839973325      h
   -0.50518654807560      1.19929553081090      1.33969054666125      c
    0.22633909702930      2.85652749527711      2.34494303416372      h
   -2.57204705289080      1.33268647764999      1.28991125786550      h
    0.30703469454265     -1.09246028708516      2.49543374801045      o
   -0.31166725068360     -1.13943392612311      4.20415270321941      h
  -.17311151563093D-02  -.19617170561065D-02  0.14516517648882D-02
  0.19920413905647D-02  -.42291678933495D-02  -.21533363253328D-02
  0.37186681330370D-03  0.46824809943775D-02  -.19667170072402D-02
  0.31910614105224D-03  -.49492445281674D-03  -.10465825811452D-02
  0.27618179528011D-03  0.20039988238344D-02  0.13738420624665D-03
  -.36630945089033D-03  0.46844971377018D-02  0.19687853352912D-02
  -.32027230857024D-03  -.50023403068167D-03  0.10441346720371D-02
  -.28183260288417D-03  0.20060432782820D-02  -.13801500112254D-03
  -.19898679079726D-02  -.42299974387996D-02  0.21522496488240D-02
  0.17302012865628D-02  -.19609794093715D-02  -.14495547128814D-02
  cycle =      2 MP2 energy =     -229.8391600029 |dE/dxyz| =  0.009169
    0.33354421494383     -1.09761836297215     -4.22462909074409      h
   -0.30824286377192     -1.08666118994293     -2.52055704694860      o
    0.49106240960061      1.18373607713481     -1.33983332300816      c
   -0.23753188146160      2.85510792492335     -2.32360846643728      h
    2.55805360288233      1.30246255327699     -1.30010762714272      h
   -0.49111349017354      1.18373567440288      1.33981238831204      c
    0.23747135891324      2.85509590308134      2.32361267392072      h
   -2.55810531784249      1.30246284886415      1.30005489605664      h
    0.30820265813771     -1.08665660096213      2.52053222777929      o
   -0.33431417723367     -1.09801948632414      4.22432612916263      h
  -.62781901568409D-03  -.93093223811569D-03  0.10033926304942D-04
  0.33471056702696D-02  -.17049633974864D-02  0.50281448882394D-03
  -.38417932576076D-02  0.26255257912551D-02  -.17473462301292D-02
  0.28378644492422D-03  -.58379390395968D-03  -.88312533912038D-03
  -.39220936358397D-03  0.59349583417356D-03  0.50530204709909D-05
  0.38420276337432D-02  0.26267175464234D-02  0.17483141905370D-02
  -.28383805874033D-03  -.58497941363189D-03  0.88338115058595D-03
  0.39135035236626D-03  0.59424489022308D-03  -.57075992765387D-05
  -.33454039604370D-02  -.17044537668252D-02  -.50322145521342D-03
  0.62679355473483D-03  -.93086145946641D-03  -.10196151894348D-04
  cycle =      3 MP2 energy =     -229.8392386630 |dE/dxyz| =  0.011349
    0.35649250128815     -1.08024397957065     -4.22804071168141      h
   -0.31409296057269     -1.08428130205110     -2.53426168999468      o
    0.48072646991637      1.17539981203901     -1.34003542845667      c
   -0.25063242826176      2.85849815788694     -2.30269839304673      h
    2.54947817280435      1.28766660642830     -1.30970518524155      h
   -0.48082261368762      1.17538235816452      1.34000244701701      c
    0.25057599549186      2.85843237752895      2.30272645552590      h
   -2.54956794793135      1.28770736428265      1.30964701176898      h
    0.31392633335172     -1.08435137357645      2.53417368596196      o
   -0.35705700840452     -1.08056467965001      4.22779456909765      h
  -.67972634264279D-04  -.13272722940949D-03  -.15021077774913D-03
  0.38752298939571D-02  -.12640246222499D-02  0.15277950291868D-02
  -.62952502897280D-02  0.17557072445760D-02  -.15744641422701D-02
  0.11838247274332D-03  -.26214053387275D-03  -.34296773178055D-03
  -.13248189431625D-03  -.97309383028099D-04  0.35589123961732D-05
  0.62942194980022D-02  0.17559715176958D-02  0.15742258550331D-02
  -.11814803797383D-03  -.26169894204209D-03  0.34384240475149D-03
  0.13319569561476D-03  -.97300978949666D-04  -.41534565510815D-05
  -.38747404431008D-02  -.12633762646121D-02  -.15274830693039D-02
  0.67565739093833D-04  -.13310085387941D-03  0.14985697727843D-03
  cycle =      4 MP2 energy =     -229.8392451171 |dE/dxyz| =  0.011163
    0.36671589118451     -1.08364185425520     -4.22586981055418      h
   -0.31726308880773     -1.08505229112676     -2.53764388598032      o
    0.47856762770520      1.17489537925100     -1.34134470189677      c
   -0.25733900459727      2.86100543293979     -2.29607273635010      h
    2.54775231729529      1.28984181799170     -1.31519191427207      h
   -0.47869208036698      1.17486550336645      1.34130422564461      c
    0.25728841969514      2.86089943919365      2.29611030640373      h
   -2.54787056006118      1.28991016150612      1.31513818578970      h
    0.31702563280070     -1.08516745671134      2.53751548932032      o
   -0.36715864085317     -1.08391079067324      4.22565760284555      h
  -.23445893667651D-04  -.80491710101604D-05  0.16751809496451D-04
  0.36309640251395D-02  -.19769202644060D-02  0.12149851992600D-02
  -.60002635111469D-02  0.20148769214119D-02  -.19129629864687D-02
  0.31980614913607D-04  -.19191301626975D-04  -.46452803329267D-04
  0.95125810217755D-04  -.10906544511302D-04  0.70314621097856D-05
  0.60003555071422D-02  0.20149963482350D-02  0.19129542272767D-02
  -.32017809236673D-04  -.19314274927851D-04  0.46804085912955D-04
  -.95050812437769D-04  -.10915153648483D-04  -.74036032310931D-05
  -.36309525495515D-02  -.19762483433272D-02  -.12147396008366D-02
  0.23304618587794D-04  -.83282363815274D-05  -.16967790914535D-04
  cycle =      5 MP2 energy =     -229.8392453274 |dE/dxyz| =  0.010984
    0.36869886402779     -1.08478770002012     -4.22485137720516      h
   -0.31784172046615     -1.08493053170329     -2.53762280077985      o
    0.47829220352767      1.17498324824171     -1.34158660285142      c
   -0.25867763822350      2.86127578102715     -2.29525340270424      h
    2.54723657802075      1.29051080334655     -1.31627891205539      h
   -0.47842835580190      1.17494857706082      1.34154327028975      c
    0.25862970706395      2.86115494537789      2.29529421206299      h
   -2.54736597508103      1.29059012652471      1.31622825842223      h
    0.31757765987740     -1.08506329102572      2.53747782265378      o
   -0.36909480895047     -1.08503661734752      4.22465229311779      h
  -.35461487102317D-06  0.11853378385163D-04  0.87057968638504D-05
  0.35900917026961D-02  -.19950821772188D-02  0.12639157074377D-02
  -.58188419125698D-02  0.19887846782058D-02  -.20109620780377D-02
  0.95382514511133D-05  -.34921871621130D-05  -.15216878268554D-05
  0.34666991688415D-04  -.21168413952832D-05  -.37678642512695D-05
  0.58189739125820D-02  0.19886533222300D-02  0.20110748334647D-02
  -.95634792696142D-05  -.36574612876095D-05  0.16849424715470D-05
  -.34624212511325D-04  -.21364756177533D-05  0.35085792877698D-05
  -.35901416006587D-02  -.19944827113187D-02  -.12638129924332D-02
  0.25496141486947D-06  0.11676454503395D-04  -.88252350862739D-05
  cycle =      6 MP2 energy =     -229.8392453167 |dE/dxyz| =  0.010915
    0.36925804146022     -1.08527852029344     -4.22455345161233      h
   -0.31799562427924     -1.08478935651623     -2.53759559205466      o
    0.47821564611033      1.17504622816095     -1.34168620011613      c
   -0.25905463531164      2.86132787005483     -2.29518606013716      h
    2.54703190465512      1.29074716235920     -1.31656381568137      h
   -0.47836043213843      1.17500831945240      1.34164077986412      c
    0.25900857103253      2.86119685317193      2.29522934739516      h
   -2.54716949387459      1.29083481065056      1.31651575959408      h
    0.31771242978730     -1.08493490125489      2.53743822779254      o
   -0.36961989344708     -1.08551312430313      4.22436376590624      h
  0.42125005379479D-05  0.81976612813506D-05  -.20008294807639D-05
  0.35898184067658D-02  -.19649796827848D-02  0.12865379348961D-02
  -.57561458142681D-02  0.19602469368873D-02  -.20480871030488D-02
  0.10318342256177D-05  -.21917377717173D-05  -.20644235365630D-06
  -.31694111544134D-05  -.12822964319259D-05  -.50835420931650D-05
  0.57562535944702D-02  0.19599585260819D-02  0.20481884977284D-02
  -.10332461792828D-05  -.22193903594925D-05  0.33957630396486D-06
  0.31632601595888D-05  -.12615639956026D-05  0.48760470978126D-05
  -.35898810455341D-02  -.19645383580817D-02  -.12865210032880D-02
  -.42500791501698D-05  0.80698843886173D-05  0.19568648301771D-05
  cycle =      7 MP2 energy =     -229.8392453394 |dE/dxyz| =  0.010915
    0.39509179523705     -1.08045773830901     -4.22214804243681      h
   -0.30241037815091     -1.07994721282329     -2.53940174017978      o
    0.48643973720401      1.17994466479579     -1.33872995839624      c
   -0.24507088435795      2.86617813637371     -2.29674045760216      h
    2.55506121962637      1.29571257935493     -1.30102711483423      h
   -0.48644043296264      1.17994511429893      1.33872884631039      c
    0.24506076435895      2.86618182092764      2.29674123753793      h
   -2.55506208996577      1.29570462511252      1.30101740955284      h
    0.30241616888900     -1.07994181697051      2.53940499681071      o
   -0.39516442988121     -1.08049868166251      4.22211852744092      h
  0.42974326381895D-05  0.82160497124617D-05  -.19337341452541D-05
  0.35819119158131D-02  -.19648268099521D-02  0.13084520822533D-02
  -.57436663015771D-02  0.19599981327847D-02  -.20831590661123D-02
  0.10097068587900D-05  -.21619148213858D-05  -.23212982913634D-06
  -.31819874073413D-05  -.13204365836295D-05  -.51714561551397D-05
  0.57436471485377D-02  0.19601793899753D-02  0.20831505270711D-02
  -.10100039614658D-05  -.21892225974263D-05  0.36636591294048D-06
  0.31805139535379D-05  -.12979659274048D-05  0.49619370786069D-05
  -.35818426261702D-02  -.19646759531105D-02  -.13083272746064D-02
  -.43457987140005D-05  0.80787098952761D-05  0.18927482665632D-05
  cycle =      8 MP2 energy =     -229.8392453189 |dE/dxyz| =  0.010922
    0.39515652943894     -1.08056072907416     -4.22211741739790      h
   -0.30244752658138     -1.07990783719385     -2.53941940398878      o
    0.48641037714498      1.17995824054087     -1.33874380665248      c
   -0.24510900555247      2.86620974341687     -2.29672613537283      h
    2.55503935827170      1.29573179239844     -1.30103269698691      h
   -0.48641414839189      1.17995741313323      1.33874185016014      c
    0.24509965324072      2.86620949252960      2.29672761216500      h
   -2.55504310907939      1.29572653450705      1.30102450178598      h
    0.30244649713486     -1.07990697874821      2.53941806173757      o
   -0.39521715562915     -1.08059618041164      4.22209113875378      h
  0.22475872891725D-05  0.47545842764007D-05  -.71282899227754D-06
  0.35863878984910D-02  -.19585165683225D-02  0.13052034883509D-02
  -.57511032793391D-02  0.19558919929166D-02  -.20850654026123D-02
  0.12515056957429D-06  -.10890946766651D-05  -.91796039125569D-06
  -.11428674051572D-05  -.11126004912931D-05  -.27274738276239D-05
  0.57510972296317D-02  0.19560141855779D-02  0.20850929938301D-02
  -.13066417636765D-06  -.11285510321812D-05  0.10127201226506D-05
  0.11619708351063D-05  -.11014439689205D-05  0.25799625426592D-05
  -.35863959910083D-02  -.19583980652991D-02  -.13051455623634D-02
  -.22470348526316D-05  0.46855417621394D-05  0.68006501185991D-06
  cycle =      9 MP2 energy =     -229.8392453134 |dE/dxyz| =  0.010931
    0.39526916295978     -1.08074549688422     -4.22203563949496      h
   -0.30251410467391     -1.07984380781668     -2.53941897612329      o
    0.48636587251930      1.17998617934984     -1.33876578278210      c
   -0.24516997997536      2.86626270851742     -2.29669854385548      h
    2.55500216248297      1.29577262464418     -1.30105430470326      h
   -0.48637275772857      1.17998390658756      1.33876285817788      c
    0.24516177384184      2.86625888276516      2.29669942587290      h
   -2.55500896724749      1.29576981883935      1.30104927632540      h
    0.30250707638895     -1.07984741965689      2.53941323652858      o
   -0.39531876857058     -1.08077590524752      4.22201215425790      h
  -.79243567929765D-07  -.11233025531965D-06  0.35624855865279D-06
  0.35924611456699D-02  -.19478030965416D-02  0.13040052020710D-02
  -.57599653866778D-02  0.19487351274954D-02  -.20903614768359D-02
  -.59386272166506D-06  -.24838195766819D-06  -.62646278742307D-06
  0.71406961232867D-06  -.56156481575975D-06  0.37529607105347D-06
  0.57599986963672D-02  0.19487121925001D-02  0.20903645351564D-02
  0.59334337787487D-06  -.24749152727210D-06  0.61372215420796D-06
  -.72500275383192D-06  -.55318372782498D-06  -.39692882231046D-06
  -.35924583197238D-02  -.19477790181304D-02  -.13039922043729D-02
  0.54560340023713D-07  -.14227316758042D-06  -.33793133180637D-06
  cycle =     10 MP2 energy =     -229.8392452902 |dE/dxyz| =  0.010931
    0.39541153815957     -1.08081220893497     -4.22201900287833      h
   -0.30242643813768     -1.07990910015659     -2.53942502906271      o
    0.48641260306318      1.17992298073745     -1.33874888070579      c
   -0.24509351910940      2.86619775366150     -2.29670743642112      h
    2.55504756855340      1.29571120827116     -1.30097028142922      h
   -0.48641308332087      1.17992308273444      1.33874813140348      c
    0.24508888559126      2.86619981515540      2.29670647343270      h
   -2.55504816276854      1.29570721274419      1.30096715230904      h
    0.30242961043191     -1.07990614978117      2.53942685244732      o
   -0.39545094107722     -1.08083321571787      4.22200308141792      h
  0.20208780382447D-06  0.69758368304029D-07  0.49567094118075D-06
  0.35927836618717D-02  -.19481116868389D-02  0.13036432969047D-02
  -.57597675681020D-02  0.19488629633466D-02  -.20901825019173D-02
  -.39413787011888D-06  -.26828441113125D-06  -.77956039068461D-06
  0.66900393536073D-06  -.56648503388157D-06  0.72907908532649D-06
  0.57597433301575D-02  0.19488317029230D-02  0.20901220601779D-02
  0.37149685150339D-06  -.25031204042847D-06  0.74428230734114D-06
  -.68045608037082D-06  -.57957619525872D-06  -.75483041356295D-06
  -.35926850244148D-02  -.19480408811239D-02  -.13035285839589D-02
  -.24239428331185D-06  0.52780935622110D-07  -.48891362158798D-06
  cycle =     11 MP2 energy =     -229.8392453214 |dE/dxyz| =  0.010931
    0.39542593641106     -1.08082865497236     -4.22200498765559      h
   -0.30243475716670     -1.07990553712955     -2.53941951382360      o
    0.48641054713430      1.17992599749623     -1.33875095715431      c
   -0.24509421393651      2.86620348290420     -2.29670389832356      h
    2.55504440856880      1.29571538872203     -1.30097900811712      h
   -0.48641320396247      1.17992556917880      1.33874981000337      c
    0.24508983362810      2.86620290943820      2.29670443527531      h
   -2.55504702343072      1.29571367689080      1.30097580773681      h
    0.30243268254246     -1.07990572702108      2.53941783911251      o
   -0.39545614840271     -1.08084572679373      4.22199153345948      h
  0.19794301908682D-06  0.29780829025050D-07  -.10517360005124D-06
  0.35922342426344D-02  -.19477763023614D-02  0.13053300004806D-02
  -.57589144578938D-02  0.19483763659078D-02  -.20917611105071D-02
  -.20511412257562D-06  -.29910379728548D-06  -.16107533507004D-06
  0.35078482563122D-06  -.37303098199271D-06  0.10539271683152D-06
  0.57589428174474D-02  0.19484305182482D-02  0.20918298204475D-02
  0.20955912372056D-06  -.32203233280015D-06  0.20138044010132D-06
  -.34210307209293D-06  -.36239979894770D-06  -.13949877891717D-06
  -.35924093510795D-02  -.19478110926707D-02  -.13054443033305D-02
  -.64321123316446D-07  0.10727626831297D-06  0.14456725816459D-06
  cycle =     12 MP2 energy =     -229.8392453208 |dE/dxyz| =  0.010930
    0.39543044615833     -1.08083496352281     -4.22200194201854      h
   -0.30243476245427     -1.07990688267407     -2.53941825055624      o
    0.48640918498096      1.17992522041651     -1.33875320317675      c
   -0.24509818414293      2.86620420206619     -2.29670118450923      h
    2.55504140649073      1.29572247897728     -1.30098815617428      h
   -0.48640765830288      1.17992613669841      1.33875302048731      c
    0.24509339637584      2.86620936530231      2.29669851028970      h
   -2.55504016736475      1.29571637097184      1.30098617378290      h
    0.30244336005790     -1.07990067563395      2.53942308525373      o
   -0.39547896041332     -1.08085987388817      4.22198300713470      h
  -.30476638102073D-07  0.19881662882693D-06  -.24345624893840D-06
  0.35925528735938D-02  -.19477798260432D-02  0.13056677946599D-02
  -.57585882058755D-02  0.19478702739155D-02  -.20927484877507D-02
  0.61173522691860D-07  -.21676858352748D-06  0.88900588668395D-07
  -.13987093794299D-06  -.73213908935443D-07  -.10166525826749D-06
  0.57585668547404D-02  0.19478341569812D-02  0.20926985609011D-02
  -.97608687021911D-07  -.20203849748768D-06  -.14688775484828D-06
  0.11200223193342D-06  -.10039212616775D-06  0.11388159332215D-06
  -.35920918513499D-02  -.19475556656738D-02  -.13054342122993D-02
  -.34489061984111D-06  0.24636991224902D-07  0.10557184371152D-06
$end
