$hessapprox internal
  0.157721727593D-01  0.222639671257D-02  0.621956534677D+00 -0.580726881160D-03
 -0.122621977204D-02  0.373546057106D+00  0.145289047373D-02  0.214777361668D-02
  0.586846546993D-03  0.418063828470D+00 -0.134031154941D-02 -0.378644305023D-02
  0.816418846709D-03 -0.161598227056D-02  0.424277112519D+00  0.300349093806D-02
  0.462695268152D-02  0.107252588546D-02 -0.836196122867D-02 -0.342732746663D-02
  0.331531159738D+00  0.600875807666D-03  0.189027850108D-02 -0.511015663536D-03
  0.132322937225D-02 -0.113290764565D-02  0.272635589404D-02  0.349219208506D+00
 -0.255815940679D-02 -0.321361012130D-02 -0.146057582729D-02  0.938112869810D-02
  0.258194430649D-02  0.182293684570D-01 -0.235748731966D-02  0.300781920029D+00
  0.901680343926D-03  0.418966137129D-02 -0.178463169018D-02  0.618838339388D-02
 -0.232740744904D-02  0.124427126666D-01  0.682275638847D-03 -0.119602561400D-01
  0.345185538425D+00  0.143357835380D-02  0.210078001298D-02  0.592920381826D-03
 -0.432566452048D-02 -0.158595037396D-02 -0.836465787223D-02  0.130653779541D-02
  0.937124718321D-02  0.614067887875D-02  0.418064613353D+00 -0.136126709774D-02
 -0.381215401896D-02  0.803992616266D-03 -0.153722885382D-02  0.234855535284D-02
 -0.327421034593D-02 -0.115224921033D-02  0.241385071937D-02 -0.242653152089D-02
 -0.150728818103D-02  0.424317411045D+00  0.330122536755D-02  0.535473442449D-02
  0.976416540486D-03 -0.835500179939D-02 -0.389185037973D-02 -0.160704775563D-01
  0.298352983269D-02  0.183612781106D-01  0.131720225662D-01 -0.836247197533D-02
 -0.373749692813D-02  0.331729268098D+00 -0.313373876956D-03 -0.238963506346D-03
 -0.295287919975D-03  0.162969698771D-02  0.244560150542D-03  0.318794710905D-02
 -0.296315495320D-03 -0.341955216386D-02 -0.175493181728D-02  0.162589606500D-02
  0.215953991734D-03  0.324336706671D-02  0.348152004011D+00 -0.259946611721D-02
 -0.326717430660D-02 -0.148290071041D-02  0.952740706326D-02  0.262441116209D-02
  0.185133873454D-01 -0.239547236072D-02 -0.203670810206D-01 -0.121502432418D-01
  0.951739401965D-02  0.245369007993D-02  0.186470021457D-01 -0.347314689896D-02
  0.300150249706D+00  0.200872063653D-03  0.267607103010D-02 -0.170844684287D-02
  0.679154465273D-02 -0.132649288413D-02  0.135282970980D-01  0.672379097139D-04
 -0.135123544350D-01 -0.360120851583D-02  0.675173613532D-02 -0.143886076015D-02
  0.141330425344D-01 -0.207853305149D-02 -0.137259591955D-01  0.341126044633D+00
 -0.210086357561D-02 -0.437648172669D-02  0.107342588377D-03  0.230795321974D-02
  0.292590520201D-02  0.424754528292D-02 -0.185156913431D-02 -0.565449979327D-02
 -0.656771018624D-02  0.232892912491D-02  0.287786660616D-02  0.391496756833D-02
 -0.112590858623D-02 -0.574111566054D-02 -0.634347350955D-02  0.152720814063D-01
  0.201340068871D-02  0.561115250721D-02 -0.116864677232D-02  0.218897061200D-02
 -0.346102111874D-02  0.467447520249D-02  0.170557599385D-02 -0.340051639800D-02
  0.364007161822D-02  0.214514300868D-02 -0.348838673790D-02  0.535278589816D-02
 -0.293006460206D-03 -0.345676155701D-02  0.220276732800D-02 -0.418019167666D-02
  0.620977452404D+00 -0.539297677525D-03 -0.121195865187D-02  0.941274550387D-04
  0.317564733849D-03  0.792122408479D-03  0.544098791772D-03 -0.470998769633D-03
 -0.900619373237D-03 -0.152015757970D-02  0.324431261602D-03  0.784375878832D-03
  0.436264459844D-03 -0.203320939637D-03 -0.914155505047D-03 -0.138623936619D-02
  0.304725393552D-03 -0.114375169798D-02  0.373635459499D+00  0.204697639713D-03
 -0.180421374550D-02  0.166742880536D-02 -0.715328706228D-02  0.749139741874D-03
 -0.141817459253D-01  0.288893500193D-03  0.144359972652D-01  0.481855417386D-02
 -0.711797972085D-02  0.869383575742D-03 -0.147154400464D-01  0.226976066661D-02
  0.146636712843D-01  0.672118198927D-02  0.622513877700D-02 -0.137423598262D-02
  0.131119314794D-02  0.498842376185D+00 -0.797321295574D-02 -0.203311808204D-01
  0.320672378984D-02 -0.279998829541D-02  0.128298868045D-01 -0.684960392649D-02
 -0.684609436438D-02  0.170539381824D-02 -0.179543252206D-01 -0.265806490812D-02
  0.128403724567D-01 -0.905626724324D-02 -0.669282483621D-03  0.174243292251D-02
 -0.138925632940D-01  0.112627672887D-01 -0.188369492347D-01  0.339358589693D-02
  0.115651315876D-01  0.449902226665D+00 -0.489343241913D-03 -0.344896967686D-02
  0.185253514662D-02 -0.700875175881D-02  0.180797998418D-02 -0.140064350791D-01
 -0.313115061268D-03  0.138063346943D-01  0.302152337080D-02 -0.696318361099D-02
  0.192266045507D-02 -0.147004877916D-01  0.209045337043D-02  0.140249470439D-01
  0.516986696899D-02  0.685546062022D-02 -0.291409169338D-02  0.153145071109D-02
 -0.642368610415D-02  0.164152209401D-01  0.502005796370D+00 -0.956910305603D-02
 -0.242106629641D-01  0.370570083787D-02 -0.277048093767D-02  0.153098089399D-01
 -0.704828303462D-02 -0.822562179144D-02  0.864449640277D-03 -0.219038030128D-01
 -0.260333105578D-02  0.153125533430D-01 -0.964842186979D-02 -0.987169143160D-03
  0.890234886798D-03 -0.171929192509D-01  0.129851841194D-01 -0.224555916924D-01
  0.395865992337D-02  0.144955010205D-01  0.755761556616D-01  0.201909241645D-01
  0.475393165493D+00 -0.204163785825D-02 -0.196663405405D-02 -0.161556926753D-02
  0.934472120859D-02  0.178330835821D-02  0.182403027301D-01 -0.191057260555D-02
 -0.197276909997D-01 -0.106657806626D-01  0.932681974099D-02  0.161816825103D-02
  0.184973692052D-01 -0.330829258898D-02 -0.200365871757D-01 -0.124205119874D-01
 -0.618775790207D-02 -0.223622211142D-02 -0.107831194304D-02  0.134595394562D-01
 -0.203420867970D-02  0.125619891986D-01 -0.353609051231D-02  0.386583441886D+00
  0.000000000000D+00  0.000000000000D+00  0.000000000000D+00  0.000000000000D+00
  0.000000000000D+00  0.000000000000D+00  0.000000000000D+00  0.000000000000D+00
  0.000000000000D+00  0.000000000000D+00  0.000000000000D+00  0.000000000000D+00
  0.000000000000D+00  0.000000000000D+00  0.000000000000D+00  0.000000000000D+00
  0.000000000000D+00  0.000000000000D+00  0.000000000000D+00  0.000000000000D+00
  0.000000000000D+00  0.000000000000D+00  0.000000000000D+00  0.000000000000D+00
$end
