$coord
    0.06632099425744     -1.07837997569807     -4.24793906086840  h
   -0.16189665201708     -1.17242081549625     -2.44580768878373  o
    0.25320815243887      1.27168711950202     -1.42678965447058  c
   -0.96696169909811      2.70080289517145     -2.30308349641300  h
    2.22232000234918      1.83356375155113     -1.76665998197072  h
   -0.25320815474274      1.27168711820307      1.42678965509805  c
    0.96696169461210      2.70080289635982      2.30308349698996  h
   -2.22232000535233      1.83356374894661      1.76665998228871  h
    0.16189665252051     -1.17242081622939      2.44580768871461  o
   -0.06632105303151     -1.07837998908492      4.24793905403897  h
$user-defined bonds
$intdef
# definitions of internal coordinates
   1 f  1.0000000000000 tors    2    3    6    9 val=  27.00000
$redundant
     number_of_atoms            10
     degrees_of_freedom         24
     internal_coordinates       25
     frozen_coordinates          1
# definitions of redundant internals
   1 k  1.0000000000000 tors   1    2    3    6 val= 176.36448
   2 k  1.0000000000000 stre   2    1           val=   1.81896
   3 k  1.0000000000000 bend   3    1    2      val= 108.06451
   4 k  1.0000000000000 stre   3    4           val=   2.07342
   5 k  1.0000000000000 stre   3    5           val=   2.07572
   6 k  0.0779914665045 bend   5    4    3      val=   0.89948
       -0.5277431333762 bend   2    4    3
       -0.4887115339833 bend   2    5    3
        0.4815397035413 bend   6    4    3
        0.4946565139487 bend   6    5    3
   7 k  0.0134714115439 bend   5    4    3      val=   0.38915
       -0.5318065787489 bend   2    4    3
        0.5620340238169 bend   2    5    3
       -0.4608647344470 bend   6    4    3
        0.4344211510570 bend   6    5    3
   8 k  0.8944148496436 bend   5    4    3      val=  -0.02471
       -0.1657044518503 bend   2    4    3
       -0.1957243895649 bend   2    5    3
       -0.2623993816233 bend   6    4    3
       -0.2557393970961 bend   6    5    3
   9 k -0.0118966388574 bend   5    4    3      val=   1.57398
        0.4480526787541 bend   2    4    3
       -0.4469753794513 bend   2    5    3
       -0.5352287286485 bend   6    4    3
        0.5593303900547 bend   6    5    3
  10 k  1.0000000000000 stre   6    7           val=   2.07342
  11 k  1.0000000000000 stre   6    8           val=   2.07572
  12 k  0.0779914690333 bend   8    7    6      val=   0.89948
       -0.5277431341486 bend   9    7    6
       -0.4887115333232 bend   9    8    6
        0.4815397023327 bend   3    7    6
        0.4946565145545 bend   3    8    6
  13 k  0.0134714102112 bend   8    7    6      val=   0.38915
       -0.5318065791296 bend   9    7    6
        0.5620340261922 bend   9    8    6
       -0.4608647332962 bend   3    7    6
        0.4344211487800 bend   3    8    6
  14 k  0.8944148497102 bend   8    7    6      val=  -0.02471
       -0.1657044504394 bend   9    7    6
       -0.1957243879468 bend   9    8    6
       -0.2623993838155 bend   3    7    6
       -0.2557393967665 bend   3    8    6
  15 k -0.0118966398159 bend   8    7    6      val=   1.57398
        0.4480526776412 bend   9    7    6
       -0.4469753771425 bend   9    8    6
       -0.5352287297401 bend   3    7    6
        0.5593303917263 bend   3    8    6
  16 k  1.0000000000000 tors  10    9    6    3 val= 176.36448
  17 k  1.0000000000000 stre   9   10           val=   1.81896
  18 k  1.0000000000000 bend   6   10    9      val= 108.06451
  19 k  1.0000000000000 tors   2    3    6    9 val=  27.00000
  20 k  1.0000000000000 stre   3    2           val=   2.68037
  21 k  1.0000000000000 bend   6    2    3      val= 110.32032
  22 k  1.0000000000000 stre   6    9           val=   2.68037
  23 k  1.0000000000000 bend   3    9    6      val= 110.32032
  24 k  1.0000000000000 stre   3    6           val=   2.89817
  25 f  1.0000000000000 tors   2    3    6    9 val=  27.00000
        24 non zero eigenvalues  of BmBt
           1           4.601454734    1    0
         1
           2           3.792089151    2    0
         2
           3           3.743096171    3    0
         3
           4           3.076171014    4    0
         4
           5           2.660776844    5    0
         5
           6           2.472529275    6    0
         6
           7           2.100841116    7    0
         7
           8           1.740478340    8    0
         8
           9           1.233865114    9    0
         9
          10           1.220387478   10    0
        10
          11           1.045905000   11    0
        11
          12           0.841765911   12    0
        12
          13           0.762472766   13    0
        13
          14           0.725636314   14    0
        14
          15           0.676286521   15    0
        15
          16           0.394473695   16    0
        16
          17           0.348240652   17    0
        17
          18           0.300326957   18    0
        18
          19           0.267029999   20    0
        20
          20           0.246678413   21    0
        21
          21           0.176603851   22    0
        22
          22           0.066614779   23    0
        23
          23           0.055453318   24    0
        24
          24           0.000000000    0    1
         0.000000000         0.000000000         0.000000000         0.000000000
         0.000000000         0.000000000         0.000000000         0.000000000
         0.000000000         0.000000000         0.000000000         0.000000000
         0.000000000         0.000000000         0.000000000         0.000000000
         0.000000000         0.000000000         0.000000000         0.000000000
         0.000000000         0.000000000         0.000000000         0.000000000
         1.000000000
$end
