$energy      SCF               SCFKIN            SCFPOT
     1 -230.2150416329      229.3234299339     -459.5384715668
     2 -230.2167840855      229.2635038023     -459.4802878878
     3 -230.2169309974      229.2805446849     -459.4974756823
     4 -230.2169570613      229.2865480202     -459.5035050815
     5 -230.2169586879      229.2835635675     -459.5005222555
     6 -230.2169588130      229.2844985886     -459.5014574015
     7 -230.2169588456      229.2842227871     -459.5011816327
     8 -230.2169588481      229.2843195830     -459.5012784311
     9 -230.2169588650      229.2843230636     -459.5012819286
    10 -230.2169588652      229.2843361206     -459.5012949857
    11 -230.2169588652      229.2843432865     -459.5013021517
    12 -230.2169588652      229.2843291707     -459.5012880359
    13 -230.2169588653      229.2843325967     -459.5012914620
    14 -230.2169588653      229.2843322638     -459.5012911291
$end
