$grad          cartesian gradients
  cycle =      1    SCF energy =     -230.2150416329   |dE/dxyz| =  0.018768
    0.14279055156177     -1.24358115151112     -4.08750843530300      h
   -0.17993339162534     -1.19225364340589     -2.29922437946597      o
    0.26377822301250      1.30882244273110     -1.40729073230141      c
   -0.98399170408088      2.67764514480380     -2.33546689361466      h
    2.22398898023413      1.89420442323332     -1.73443428426127      h
   -0.26377868542515      1.30882586099943      1.40728655516791      c
    0.98396720341370      2.67766879347661      2.33546984626910      h
   -2.22399786929135      1.89418426585125      1.73440867463509      h
    0.17996511992171     -1.19223945277326      2.29923420409744      o
   -0.14325527150060     -1.24368088768575      4.08742492241681      h
  -.17171971370494D-03  -.14741346737064D-02  0.98904326614265D-03
  0.21276397596976D-02  -.50975935621317D-02  0.72248227316860D-02
  -.39987583594478D-02  0.52869809565043D-02  0.54111612659088D-02
  -.10809881993115D-02  -.11650640228698D-02  0.58232446681187D-03
  -.97828534503179D-03  0.24495879278004D-02  0.26807859831523D-02
  0.39980851940504D-02  0.52872668132154D-02  -.54111089120617D-02
  0.10811057159281D-02  -.11649563651629D-02  -.58190781151231D-03
  0.97866631365493D-03  0.24498043880615D-02  -.26811992715956D-02
  -.21266683341557D-02  -.50981060698957D-02  -.72248546816666D-02
  0.17092404516608D-03  -.14739748619378D-02  -.98906995094286D-03
  cycle =      2    SCF energy =     -230.2167840855   |dE/dxyz| =  0.016968
    0.12436771473922     -1.09810269216144     -4.27602932743866      h
   -0.14619136877549     -1.19229511237676     -2.47927920571741      o
    0.25905180392593      1.24703278081401     -1.43054268867349      c
   -0.95859035469557      2.66101359675236     -2.33267525460209      h
    2.22267849966489      1.82719608611183     -1.75633600700034      h
   -0.25908528260230      1.24702994673134      1.43053273985127      c
    0.95856180728048      2.66099817852589      2.33268151989205      h
   -2.22270939530859      1.82720501974939      1.75631299755563      h
    0.14613831032628     -1.19230409119792      2.47926109837685      o
   -0.12468857833435     -1.09817791722920      4.27597360539624      h
  -.94716072119570D-04  -.85996920710930D-03  -.56322442944769D-03
  0.52449260789262D-02  -.13204282667257D-02  -.18048717713520D-02
  -.98508803960789D-02  0.25826407255788D-02  -.98404192734130D-03
  0.39060528250921D-03  -.99866944991323D-03  -.18315031236644D-02
  -.89784541393544D-03  0.59326848098417D-03  0.21128880632450D-03
  0.98506154569108D-02  0.25827498583790D-02  0.98393021046215D-03
  -.39057466399632D-03  -.99867582246062D-03  0.18319263687708D-02
  0.89810209671884D-03  0.59329071107362D-03  -.21172732340027D-03
  -.52446191877745D-02  -.13202079601110D-02  0.18053188731308D-02
  0.94385584024792D-04  -.86016690204464D-03  0.56290346101958D-03
  cycle =      3    SCF energy =     -230.2169309974   |dE/dxyz| =  0.016833
    0.11944502708694     -1.10569279671730     -4.24960745970810      h
   -0.14715235063850     -1.19236424338317     -2.45254634832437      o
    0.26134864306236      1.25168424997148     -1.42632173171876      c
   -0.95529635943663      2.67038926262725     -2.32295595058510      h
    2.22975904411242      1.82082766660200     -1.75232303105121      h
   -0.26139285681451      1.25168024063333      1.42631103412065      c
    0.95526889931310      2.67036200545990      2.32296139396681      h
   -2.22979660670178      1.82084904155915      1.75230453786686      h
    0.14707184144679     -1.19237952570154      2.45252147608887      o
   -0.11972212520970     -1.10576010533160      4.24955555698440      h
  -.35787139733429D-04  -.32592447892193D-03  -.23432670673455D-04
  0.56885689756787D-02  -.12632790651865D-02  0.14750798489423D-03
  -.10052238818056D-01  0.19276080363917D-02  -.12240283532532D-02
  0.10352451268803D-03  -.61362897779967D-03  -.85647465403723D-03
  -.32872440603685D-03  0.27156816681512D-03  0.18161888922216D-03
  0.10052097121455D-01  0.19275970118449D-02  0.12240161758361D-02
  -.10350017652389D-03  -.61367742643291D-03  0.85676531871754D-03
  0.32881507886593D-03  0.27160055418206D-03  -.18192911203941D-03
  -.56882811793786D-02  -.12629968614982D-02  -.14733509318832D-03
  0.35524437178156D-04  -.32604817548866D-03  0.23290630148670D-04
  cycle =      4    SCF energy =     -230.2169570613   |dE/dxyz| =  0.017708
    0.11173408730290     -1.10406409189475     -4.24150889080374      h
   -0.14449853036020     -1.19354990237022     -2.44302249303092      o
    0.26382487259343      1.25148100530291     -1.42437008859546      c
   -0.94921586355754      2.67899416204305     -2.31300825903199      h
    2.23611060476860      1.81198279944593     -1.74919026432499      h
   -0.26388678990021      1.25147477544789      1.42435793952086      c
    0.94918950017082      2.67894779700884      2.31301294110026      h
   -2.23615893531886      1.81202416462115      1.74917816055006      h
    0.14437248611495     -1.19357603610276      2.44298691048677      o
   -0.11193827559342     -1.10411887778254      4.24146352176922      h
  0.24993766830175D-04  0.54889094311389D-04  0.77051947067649D-04
  0.62106777134942D-02  -.14507335573066D-02  0.13472272344165D-02
  -.10435662217229D-01  0.14986162443920D-02  -.17622987313857D-02
  -.14816702400877D-04  -.83661451393331D-04  -.90763685924433D-04
  0.79843647968874D-04  -.22775830865257D-04  0.21760942914137D-04
  0.10435672619756D-01  0.14983845417992D-02  0.17623752831992D-02
  0.14842380265045D-04  -.83688442030909D-04  0.90891650888382D-04
  -.79867524953214D-04  -.22760228311034D-04  -.21912826833818D-04
  -.62105798513023D-02  -.14504256771126D-02  -.13472591565037D-02
  -.25105997876499D-04  0.54849977951409D-04  -.77073525556999D-04
  cycle =      5    SCF energy =     -230.2169586879   |dE/dxyz| =  0.017715
    0.10843532797107     -1.10068076446785     -4.24728770078022      h
   -0.14175478806916     -1.19437803225067     -2.44799852666136      o
    0.26484688887031      1.24960452674858     -1.42472976513884      c
   -0.94746575263712      2.67919000809417     -2.31117040189468      h
    2.23689058329703      1.81110852162678     -1.74819614016743      h
   -0.26491606668325      1.24959722430628      1.42471681789448      c
    0.94743964246748      2.67913596517466      2.31117426199578      h
   -2.23694298785279      1.81115785961846      1.74818700330724      h
    0.14161059066914     -1.19440871202811      2.44795903003923      o
   -0.10861028181224     -1.10073080110281      4.24724489904587      h
  0.17792270894472D-04  0.18652333875372D-04  -.24254475038052D-04
  0.62592671769275D-02  -.15987254474798D-02  0.11363879284568D-02
  -.10380445768626D-01  0.15703299165691D-02  -.19126085403059D-02
  0.17710047234891D-04  0.13540870920398D-04  -.18558497304869D-04
  0.21134354439231D-04  -.72823462359935D-05  -.12847260356811D-04
  0.10380484632508D-01  0.15699882185620D-02  0.19126532784662D-02
  -.17701051615692D-04  0.13529719272370D-04  0.18599914355212D-04
  -.21143334237230D-04  -.72718130464928D-05  0.12777678581145D-04
  -.62592585892885D-02  -.15984722882892D-02  -.11363943872048D-02
  -.17842117289605D-04  0.18632226553374D-04  0.24243345329109D-04
  cycle =      6    SCF energy =     -230.2169588130   |dE/dxyz| =  0.017577
    0.10668796342710     -1.10100385989040     -4.24649672270476      h
   -0.14084784183253     -1.19441195990177     -2.44688612018235      o
    0.26551061652649      1.24977311712645     -1.42448528507144      c
   -0.94700636261607      2.67891806912834     -2.31130192924036      h
    2.23749878783788      1.81156874289050     -1.74729000849087      h
   -0.26558261536813      1.24976554988829      1.42447208295696      c
    0.94698035077087      2.67886112227134      2.31130561454541      h
   -2.23755277219071      1.81162128869745      1.74728211718322      h
    0.14069657301478     -1.19444425348045      2.44684500935062      o
   -0.10685154334922     -1.10105202101026      4.24645471929364      h
  0.82523131202835D-05  0.12451488287322D-04  0.68845459354896D-05
  0.62485045295609D-02  -.15513995457275D-02  0.11857443974423D-02
  -.10277018667598D-01  0.15369742025080D-02  -.19054621423988D-02
  -.54673891624786D-06  0.18382501019961D-06  0.92025519464358D-05
  -.14302200772280D-05  -.16903265469044D-05  0.22856534112905D-05
  0.10277057632919D-01  0.15366211118506D-02  0.19055029349853D-02
  0.55347223650272D-06  0.18198984844530D-06  -.91794192748708D-05
  0.14296702395587D-05  -.16865280861100D-05  -.23202213658514D-05
  -.62485301275837D-02  -.15511591898910D-02  -.11857643377056D-02
  -.82743207096993D-05  0.12446952231416D-04  -.68950244998964D-05
  cycle =      7    SCF energy =     -230.2169588456   |dE/dxyz| =  0.017567
    0.10523267352351     -1.10048793989751     -4.24728129813952      h
   -0.14006578573645     -1.19446961927843     -2.44738526576030      o
    0.26591312184883      1.24956688328642     -1.42450949512213      c
   -0.94637806062243      2.67874777748113     -2.31160143756615      h
    2.23795267906462      1.81148702730361     -1.74675665173732      h
   -0.26598704282346      1.24955907995331      1.42449606051979      c
    0.94635211446580      2.67868881932245      2.31160487657637      h
   -2.23800774333967      1.81154172543332      1.74674963151609      h
    0.13990973461584     -1.19450305643849      2.44734314451842      o
   -0.10538853477614     -1.10053490144631      4.24723991283483      h
  0.23851285793305D-05  -.98601329330107D-06  -.35343792045368D-05
  0.62555770246697D-02  -.15297519506420D-02  0.11604918802164D-02
  -.10268551961040D-01  0.15256980080100D-02  -.19270015852997D-02
  -.83007691065808D-06  0.21383278717914D-05  -.19501883172525D-05
  -.54538283707272D-05  -.54422121501252D-06  -.82235383679553D-06
  0.10268600638134D-01  0.15253251933560D-02  0.19270212026842D-02
  0.83026433726652D-06  0.21357193399019D-05  0.19526394656113D-05
  0.54535334896823D-05  -.54146819297068D-06  0.81636421740967D-06
  -.62556234337655D-02  -.15295244256635D-02  -.11605107886635D-02
  -.23897981440489D-05  -.98611219225832D-06  0.35361034163686D-05
  cycle =      9    SCF energy =     -230.2169588650   |dE/dxyz| =  0.017571
    0.06643909587066     -1.07842210005942     -4.24793557235755      h
   -0.16191894839444     -1.17241038770211     -2.44581913020135      o
    0.25319335651418      1.27168125532731     -1.42680338277928      c
   -0.96701089480252      2.70080328750503     -2.30305562191183      h
    2.22229114629647      1.83358309790842     -1.76669037025919      h
   -0.25319335647115      1.27168126177239      1.42680337081967      c
    0.96701090838986      2.70080330737953      2.30305557068123      h
   -2.22229114049874      1.83358313477494      1.76669037608060      h
    0.16191895076670     -1.17241038106914      2.44581914160426      o
   -0.06643915342315     -1.07842208814742      4.24793557928249      h
  0.67142993048397D-06  -.17298071492233D-05  -.12483186684460D-06
  0.62674818583605D-02  -.15248038021329D-02  0.11126926022002D-02
  -.10288779198206D-01  0.15228438958411D-02  -.18319592848416D-02
  -.13288097856290D-05  0.48547129123404D-06  0.23875584607515D-06
  -.77183691133116D-06  -.54501686974114D-06  0.66414264453268D-06
  0.10288778389333D-01  0.15228427616437D-02  0.18319576726905D-02
  0.13289590259228D-05  0.48671033554405D-06  -.24013254889944D-06
  0.77100896827831D-06  -.54342837650465D-06  -.66349857649781D-06
  -.62674801317463D-02  -.15248076888380D-02  -.11126921186407D-02
  -.67167066883409D-06  -.17300838293684D-05  0.12669535932878D-06
  cycle =     10    SCF energy =     -230.2169588652   |dE/dxyz| =  0.017575
    0.06639295106425     -1.07840878669965     -4.24793333972332      h
   -0.16190668768672     -1.17241633162316     -2.44581066863413      o
    0.25320151926291      1.27168291324157     -1.42679576303180      c
   -0.96698288893307      2.70080473029935     -2.30306675839946      h
    2.22230764220304      1.83357261962718     -1.76666819826511      h
   -0.25320151990708      1.27168292373787      1.42679575386800      c
    0.96698290143681      2.70080474259197      2.30306672733057      h
   -2.22230763701621      1.83357265523239      1.76666819740489      h
    0.16190666902648     -1.17241631867777      2.44581067081118      o
   -0.06639298520255     -1.07840876004022      4.24793333959824      h
  0.45176001164187D-06  -.13784447043324D-05  -.10745131074557D-06
  0.62678571598538D-02  -.15266379900247D-02  0.11127824429581D-02
  -.10291581634591D-01  0.15247869416601D-02  -.18295178673960D-02
  -.37509551224677D-06  -.35106646126982D-07  0.32184909351685D-06
  -.16942504654548D-06  -.48542074525359D-06  0.83885638955218D-06
  0.10291582296071D-01  0.15247872211733D-02  0.18295180628749D-02
  0.37487029777916D-06  -.34852736216337D-07  -.32238083763059D-06
  0.16907257588171D-06  -.48509798843414D-06  -.83830121472088D-06
  -.62678573207380D-02  -.15266388666854D-02  -.11127830327641D-02
  -.45168546877478D-06  -.13783009461369D-05  0.10781918870736D-06
  cycle =     12    SCF energy =     -230.2169588652   |dE/dxyz| =  0.017577
    0.06635596075725     -1.07839370924120     -4.24793289032203      h
   -0.16191317712691     -1.17241699963772     -2.44580740160151      o
    0.25319820286783      1.27168864437480     -1.42679203078881      c
   -0.96697695150849      2.70080755099111     -2.30307285736211      h
    2.22230804369225      1.83356748814862     -1.76667219729155      h
   -0.25319820292696      1.27168864121029      1.42679203253806      c
    0.96697694656654      2.70080755344132      2.30307285755974      h
   -2.22230804435860      1.83356748184598      1.76667220136163      h
    0.16191318174667     -1.17241699863446      2.44580740067910      o
   -0.06635602777326     -1.07839371927327      4.24793287985136      h
  0.66819272554259D-06  -.10661743677544D-05  0.20241123080219D-06
  0.62676237508731D-02  -.15281775727611D-02  0.11122145484710D-02
  -.10293546083677D-01  0.15267530792111D-02  -.18275358865377D-02
  0.37060843532162D-06  -.67013350666404D-06  0.28579103913121D-06
  0.29147006971485D-06  -.58867348205249D-06  0.43085998065149D-06
  0.10293546352659D-01  0.15267517479603D-02  0.18275366234985D-02
  -.37079697188540D-06  -.67004480641849D-06  -.28593405184613D-06
  -.29136434751432D-06  -.58874770749459D-06  -.43063870975359D-06
  -.62676237824151D-02  -.15281768064419D-02  -.11122148002447D-02
  -.66834917840295D-06  -.10659600698300D-05  -.20297623274061D-06
  cycle =     13    SCF energy =     -230.2169588653   |dE/dxyz| =  0.017577
    0.06632900779429     -1.07838255637334     -4.24793959184730      h
   -0.16190054306039     -1.17241964440037     -2.44580950236281      o
    0.25320548968454      1.27168650720981     -1.42679058694203      c
   -0.96696513457830      2.70080437060576     -2.30308039393639      h
    2.22231691108808      1.83356429789044     -1.76666194212587      h
   -0.25320549538238      1.27168650460175      1.42679058771819      c
    0.96696512981168      2.70080436765161      2.30308039525666      h
   -2.22231691585388      1.83356429927233      1.76666194367904      h
    0.16190053311453     -1.17241964751373      2.44580949990078      o
   -0.06632905068184     -1.07838256571879      4.24793958528361      h
  0.53426437695256D-06  -.90455070095000D-06  -.26717429761059D-07
  0.62677949013722D-02  -.15283855778571D-02  0.11123085965076D-02
  -.10293356883518D-01  0.15267528197154D-02  -.18272527866956D-02
  0.28646165245033D-06  -.58349229786251D-06  -.28831647048125D-07
  0.22970286115567D-06  -.62846204037297D-06  0.44416471691356D-06
  0.10293357051362D-01  0.15267521418051D-02  0.18272530107686D-02
  -.28648599321813D-06  -.58334839173997D-06  0.28757465660297D-07
  -.22969031611057D-06  -.62837330326245D-06  -.44410745077607D-06
  -.62677951445780D-02  -.15283854573666D-02  -.11123086814111D-02
  -.53417906262603D-06  -.90442514786081D-06  0.26595326825751D-07
$end
