$hessapprox internal
  0.143296564833D-01 -0.638493410176D-03  0.619763198288D+00 -0.356319476053D-02
  0.105043522981D-02  0.368111655688D+00 -0.131237734221D-02  0.115571330799D-02
  0.579355345372D-03  0.422954274305D+00 -0.145498237254D-03 -0.127060594060D-03
 -0.788291255534D-03 -0.272274732801D-03  0.419485918069D+00  0.587889795820D-02
 -0.184726775812D-02  0.852884523425D-02 -0.115465623230D-02  0.129791561674D-02
  0.331312548609D+00  0.153644645384D-02 -0.997398231037D-03  0.509813827402D-03
 -0.119784382641D-02  0.327117821061D-03 -0.635394242354D-03  0.346938841271D+00
  0.328670660569D-03 -0.324861973238D-03 -0.263442492173D-03 -0.450391716784D-03
  0.673558634922D-04  0.487121960794D-03  0.363833962073D-03  0.319557152049D+00
  0.125524387242D-02 -0.112187501419D-02 -0.609171793091D-03 -0.151321493084D-02
  0.260034332491D-03  0.119644605659D-02  0.117538852467D-02  0.438356322956D-03
  0.344480531509D+00 -0.131320372141D-02  0.115638514180D-02  0.579533417424D-03
  0.155297750799D-02 -0.272447492435D-03 -0.115507096124D-02 -0.119849734522D-02
 -0.450649628854D-03 -0.151407406835D-02  0.422956034513D+00 -0.146015196714D-03
 -0.126554969141D-03 -0.787894744804D-03 -0.271575625870D-03 -0.362881835166D-04
  0.129717929277D-02  0.326555185095D-03  0.671552953384D-04  0.259353809191D-03
 -0.271747985500D-03  0.419485706157D+00  0.588148256955D-02 -0.184862359622D-02
  0.853077851275D-02 -0.115611058795D-02  0.129847346011D-02 -0.134366777013D-01
 -0.634693698848D-03  0.487586013148D-03  0.119788352133D-02 -0.115652607516D-02
  0.129773642129D-02  0.331306813045D+00  0.153721783199D-02 -0.998006047846D-03
  0.509712089956D-03 -0.119863164302D-02  0.327279535914D-03 -0.635114970145D-03
  0.761985537456D-03  0.364065836908D-03  0.117615812318D-02 -0.119928560335D-02
  0.326716540451D-03 -0.634413773225D-03  0.346939992444D+00  0.330546488513D-03
 -0.325442863498D-03 -0.260692618990D-03 -0.450745285086D-03  0.677702005036D-04
  0.482787848181D-03  0.363615843819D-03  0.129229583050D-03  0.438723778883D-03
 -0.451003320448D-03  0.675694035429D-04  0.483250961368D-03  0.363847799437D-03
  0.319557453638D+00  0.125290476247D-02 -0.112150265719D-02 -0.613776748412D-03
 -0.151338695751D-02  0.259509394016D-03  0.120381745008D-02  0.117629490432D-02
  0.438329179527D-03  0.147508842312D-02 -0.151424631415D-02  0.258828902816D-03
  0.120525707781D-02  0.117706474564D-02  0.438699004419D-03  0.344480791731D+00
 -0.568465176809D-03 -0.641286030221D-03 -0.356380250828D-02 -0.131601665413D-02
 -0.144768039914D-03  0.588040782916D-02  0.153912722257D-02  0.329739466149D-03
  0.125879793861D-02 -0.131684507662D-02 -0.145286656736D-03  0.588299551969D-02
  0.153990042225D-02  0.331615737955D-03  0.125645983892D-02  0.143366411330D-01
 -0.637196069502D-03  0.792651422303D-03  0.105474045802D-02  0.115672146639D-02
 -0.126757130786D-03 -0.185428517950D-02 -0.998845662879D-03 -0.325087844321D-03
 -0.112282690753D-02  0.115739397700D-02 -0.126251146584D-03 -0.185564369433D-02
 -0.999454125948D-03 -0.325670980096D-03 -0.112245148601D-02 -0.639991578567D-03
  0.619763832787D+00 -0.356078954227D-02  0.105050356144D-02 -0.539423530874D-02
  0.580317907374D-03 -0.787740879275D-03  0.851874426652D-02  0.508068630986D-03
 -0.263621965302D-03 -0.610063808143D-03  0.580496682713D-03 -0.787344076964D-03
  0.852067404946D-02  0.507966203503D-03 -0.260875329952D-03 -0.614664114002D-03
 -0.356140033332D-02  0.105480529959D-02  0.368124135728D+00  0.527047157653D-02
 -0.200125862565D-02  0.649304388689D-02 -0.163618558345D-02  0.115547979897D-02
 -0.101147876818D-01  0.524510605294D-04  0.595353548520D-03  0.165126330468D-02
 -0.163692302800D-02  0.115457137491D-02 -0.101163862528D-01  0.530383050374D-04
  0.592081440832D-03  0.165718757241D-02  0.527335859567D-02 -0.200729050729D-02
  0.648458839776D-02  0.496918614505D+00 -0.413471975879D-02  0.279213082689D-02
 -0.101102410646D-02  0.341163301422D-02 -0.877765812724D-03  0.110620995436D-02
 -0.224374112995D-02 -0.102876754884D-02 -0.334419645424D-02  0.341350613980D-02
 -0.876173986868D-03  0.110402028920D-02 -0.224539458565D-02 -0.102837258576D-02
 -0.334642143724D-02 -0.414241391908D-02  0.279594484321D-02 -0.100651545375D-02
 -0.707144188785D-03  0.385887771308D+00  0.527369151939D-02 -0.200017322315D-02
  0.650472133494D-02 -0.163316629905D-02  0.115623995903D-02 -0.101338639334D-01
  0.483234021182D-04  0.594656459870D-03  0.164840292789D-02 -0.163390174923D-02
  0.115533264031D-02 -0.101354699848D-01  0.489087528156D-04  0.591378251142D-03
  0.165433539027D-02  0.527657004888D-02 -0.200621052367D-02  0.649625666734D-02
 -0.727623859203D-02 -0.696216389075D-03  0.496885551452D+00 -0.413671025665D-02
  0.279301321583D-02 -0.101305348281D-02  0.341247134914D-02 -0.878199228489D-03
  0.110932274522D-02 -0.224398905807D-02 -0.102905057114D-02 -0.334503227420D-02
  0.341434488731D-02 -0.876606968496D-03  0.110713332713D-02 -0.224564285909D-02
 -0.102865459724D-02 -0.334725924371D-02 -0.414440606957D-02  0.279682941513D-02
 -0.100854185677D-02 -0.705065504761D-03  0.657075797350D-02 -0.694131674479D-03
  0.385889551390D+00 -0.360468393664D-02  0.187758442529D-02 -0.274093544539D-02
  0.200507768372D-02 -0.778322289838D-03  0.407462834712D-02 -0.952942011189D-03
 -0.641058145894D-03 -0.198238720883D-02  0.200612106726D-02 -0.777334936319D-03
  0.407428783595D-02 -0.953840266276D-03 -0.639724564321D-03 -0.198543036091D-02
 -0.360891900878D-02  0.188132763599D-02 -0.273603705356D-02  0.229949433445D-02
  0.298808649777D-02  0.230994921468D-02  0.298771435353D-02  0.369029628956D+00
  0.000000000000D+00  0.000000000000D+00  0.000000000000D+00  0.000000000000D+00
  0.000000000000D+00  0.000000000000D+00  0.000000000000D+00  0.000000000000D+00
  0.000000000000D+00  0.000000000000D+00  0.000000000000D+00  0.000000000000D+00
  0.000000000000D+00  0.000000000000D+00  0.000000000000D+00  0.000000000000D+00
  0.000000000000D+00  0.000000000000D+00  0.000000000000D+00  0.000000000000D+00
  0.000000000000D+00  0.000000000000D+00  0.000000000000D+00  0.000000000000D+00
$end
