$coord
    0.80170385275265     -1.26563929483290     -4.19712991945811  h
   -0.38061147330837     -0.87045373064660     -2.87350120678118  o
    0.70760645300263      0.97699442804357     -1.24200158175969  c
    0.56661964011522      2.85955316660081     -2.10317122272892  h
    2.70331907925899      0.58066155665503     -0.86221756949790  h
   -0.70760577396260      0.97699501850417      1.24200184283359  c
   -0.56661761649670      2.85955373370490      2.10317133130287  h
   -2.70331870744563      0.58066344772072      0.86221793818464  h
    0.38061101778228     -0.87045392694116      2.87350131593921  o
   -0.80170186588712     -1.26563369208235      4.19713396866541  h
$user-defined bonds
$intdef
# definitions of internal coordinates
   1 f  1.0000000000000 tors    2    3    6    9 val=  87.00000
$redundant
     number_of_atoms            10
     degrees_of_freedom         24
     internal_coordinates       25
     frozen_coordinates          1
# definitions of redundant internals
   1 k  1.0000000000000 tors   1    2    3    6 val= 198.38501
   2 k  1.0000000000000 stre   2    1           val=   1.81825
   3 k  1.0000000000000 bend   3    1    2      val= 109.09970
   4 k  1.0000000000000 stre   3    5           val=   2.06983
   5 k  1.0000000000000 stre   3    4           val=   2.07497
   6 k  0.0757144870277 bend   4    5    3      val=   0.93967
       -0.5209987089529 bend   2    5    3
       -0.4948051792078 bend   2    4    3
        0.4843011517349 bend   6    5    3
        0.4934043886924 bend   6    4    3
   7 k  0.0115364868612 bend   4    5    3      val=   0.17208
       -0.5304435385570 bend   2    5    3
        0.5481462767304 bend   2    4    3
       -0.4674653822236 bend   6    5    3
        0.4466635619829 bend   6    4    3
   8 k -0.8908276132930 bend   4    5    3      val=   0.90723
        0.1746570411826 bend   2    5    3
        0.1970886705859 bend   2    4    3
        0.2614317911227 bend   6    5    3
        0.2621651309331 bend   6    4    3
   9 k -0.0067446089617 bend   4    5    3      val=   0.93810
        0.4567900503377 bend   2    5    3
       -0.4572410679239 bend   2    4    3
       -0.5319888763797 bend   6    5    3
        0.5470062169432 bend   6    4    3
  10 k  1.0000000000000 stre   6    8           val=   2.06983
  11 k  1.0000000000000 stre   6    7           val=   2.07497
  12 k  0.0757145623898 bend   7    8    6      val=   0.93967
       -0.5209986520494 bend   9    8    6
       -0.4948052515145 bend   9    7    6
        0.4843011737618 bend   3    8    6
        0.4934043430814 bend   3    7    6
  13 k  0.0115364454923 bend   7    8    6      val=   0.17207
       -0.5304436011386 bend   9    8    6
        0.5481462420524 bend   9    7    6
       -0.4674653141379 bend   3    8    6
        0.4466636025447 bend   3    7    6
  14 k -0.8908275834719 bend   7    8    6      val=   0.90724
        0.1746570807664 bend   9    8    6
        0.1970886019586 bend   9    7    6
        0.2614318412680 bend   3    8    6
        0.2621652074800 bend   3    7    6
  15 k -0.0067445618329 bend   7    8    6      val=   0.93810
        0.4567900273265 bend   9    8    6
       -0.4572410643608 bend   9    7    6
       -0.5319889250338 bend   3    8    6
        0.5470061924004 bend   3    7    6
  16 k  1.0000000000000 tors  10    9    6    3 val= 198.38479
  17 k  1.0000000000000 stre   9   10           val=   1.81825
  18 k  1.0000000000000 bend   6   10    9      val= 109.09970
  19 k  1.0000000000000 tors   2    3    6    9 val=  87.00000
  20 k  1.0000000000000 stre   3    2           val=   2.69427
  21 k  1.0000000000000 bend   6    2    3      val= 109.03848
  22 k  1.0000000000000 stre   6    9           val=   2.69427
  23 k  1.0000000000000 bend   3    9    6      val= 109.03847
  24 k  1.0000000000000 stre   3    6           val=   2.85886
  25 f  1.0000000000000 tors   2    3    6    9 val=  87.00000
        24 non zero eigenvalues  of BmBt
           1           4.297356213    1    0
         1
           2           3.804379055    2    0
         2
           3           3.751524126    3    0
         3
           4           3.026355201    4    0
         4
           5           2.889277489    5    0
         5
           6           2.437903329    6    0
         6
           7           2.076452518    7    0
         7
           8           1.731923739    8    0
         8
           9           1.255518503    9    0
         9
          10           1.236846225   10    0
        10
          11           1.043583827   11    0
        11
          12           0.835695002   12    0
        12
          13           0.769861679   13    0
        13
          14           0.727652914   14    0
        14
          15           0.579129689   15    0
        15
          16           0.473483586   16    0
        16
          17           0.355020136   17    0
        17
          18           0.351028524   18    0
        18
          19           0.280738484   20    0
        20
          20           0.253327309   21    0
        21
          21           0.107286778   22    0
        22
          22           0.074174120   23    0
        23
          23           0.065973182   24    0
        24
          24           0.000000000    0    1
         0.000000000         0.000000000         0.000000000         0.000000000
         0.000000000         0.000000000         0.000000000         0.000000000
         0.000000000         0.000000000         0.000000000         0.000000000
         0.000000000         0.000000000         0.000000000         0.000000000
         0.000000000         0.000000000         0.000000000         0.000000000
         0.000000000         0.000000000         0.000000000         0.000000000
         1.000000000
$end
