$energy      SCF               SCFKIN            SCFPOT
     1 -230.2248546309      229.3062322685     -459.5310868995
     2 -230.2254600955      229.2829520084     -459.5084121039
     3 -230.2256242302      229.2892197255     -459.5148439557
     4 -230.2256676859      229.2937384491     -459.5194061350
     5 -230.2256754951      229.2916674875     -459.5173429826
     6 -230.2256758129      229.2922568330     -459.5179326459
     7 -230.2256758377      229.2921948321     -459.5178706698
     8 -230.2256754628      229.2921852823     -459.5178607451
     9 -230.2256754638      229.2921756921     -459.5178511559
    10 -230.2256754641      229.2921452669     -459.5178207310
    11 -230.2256754641      229.2921447046     -459.5178201687
    12 -230.2256754641      229.2921497148     -459.5178251788
    13 -230.2256754641      229.2921512798     -459.5178267438
$end
