$grad          cartesian gradients
  cycle =      1    SCF energy =     -230.2248546309   |dE/dxyz| =  0.011241
    0.53049557954134     -0.92773280619985     -4.39725548338053      h
   -0.37304179031481     -0.88941653716841     -2.82026556402852      o
    0.73643928342142      0.97637212203187     -1.22788004519826      c
    0.63652457356667      2.86051050787469     -2.08354117009204      h
    2.72472194991661      0.55015257853256     -0.83140795519012      h
   -0.73645712521393      0.97636243435586      1.22787600296280      c
   -0.63660875962728      2.86051016092769      2.08352934803780      h
   -2.72472100507371      0.55007762907694      0.83139069340624      h
    0.37307849975307     -0.88937648142943      2.82028168928443      o
   -0.53078241733421     -0.92805942084974      4.39707678075379      h
  -.68676112131213D-03  0.10356732175352D-02  0.75326685067740D-03
  -.18837554452618D-02  -.76109827483819D-03  0.30532280047516D-02
  0.63102001757637D-02  -.10436243719284D-04  -.27574422598479D-03
  0.11901862064781D-02  -.58520462596087D-04  0.21315046418158D-02
  0.74748089867107D-03  -.20577387155791D-03  -.10772434734141D-02
  -.63105517548642D-02  -.10086648600792D-04  0.27532718565403D-03
  -.11902707580576D-02  -.58432371910249D-04  -.21312072081891D-02
  -.74720105094256D-03  -.20565562542557D-03  0.10769415137098D-02
  0.18846024100277D-02  -.76065804369915D-03  -.30523630718698D-02
  0.68606748245512D-03  0.10352651750296D-02  -.75370573517299D-03
  cycle =      2    SCF energy =     -230.2254600955   |dE/dxyz| =  0.005185
    0.60703196543187     -0.99740052038514     -4.38004110862545      h
   -0.39143758083073     -0.86703815689097     -2.86453191542593      o
    0.70906748253767      0.98500870246866     -1.24535733168778      c
    0.58082344790407      2.87061924282343     -2.09967269940579      h
    2.70536792275409      0.57869956170826     -0.87603674168007      h
   -0.70911314520679      0.98498757972732      1.24534934296367      c
   -0.58090571867595      2.87059041446171      2.09969088651853      h
   -2.70540276737287      0.57864765013153      0.87601253442595      h
    0.39142404933754     -0.86705611118684      2.86450451945453      o
   -0.60720686724374     -0.99765817570578      4.37988681001793      h
  -.24348289654193D-03  0.26172474284898D-03  -.45316139525614D-03
  -.10614896406210D-02  0.33623020577701D-04  -.67421602266638D-04
  0.32485672939488D-02  -.41885615778427D-03  -.68092344105184D-06
  0.81864649702950D-03  0.45092196872810D-04  0.43404541162555D-03
  0.11992568034798D-04  0.76173603640595D-04  -.61710033174550D-03
  -.32491021472322D-02  -.41794355414401D-03  0.11938377835008D-05
  -.81872368120417D-03  0.45358945411320D-04  -.43353141106407D-03
  -.11695363342174D-04  0.76271095731620D-04  0.61669616786571D-03
  0.10623688507227D-02  0.34119587935224D-04  0.66967913240142D-04
  0.24291847143223D-03  0.26149784617250D-03  0.45298751677578D-03
  cycle =      3    SCF energy =     -230.2256242302   |dE/dxyz| =  0.004324
    0.66148894170127     -1.08694623461523     -4.31504050714612      h
   -0.41760065415581     -0.84265521910737     -2.87088234540817      o
    0.69023292167145      1.00324989791979     -1.25206937604134      c
    0.53672580887801      2.88799867209492     -2.10645306270962      h
    2.69243419279978      0.60825665457351     -0.90184642372776      h
   -0.69029404887335      1.00321250547098      1.25205330221697      c
   -0.53680417346545      2.88793856541463      2.10648997293869      h
   -2.69249048935717      0.60821421576515      0.90181207656469      h
    0.41754989332968     -0.84272564620042      2.87082215482354      o
   -0.66159360389324     -1.08714322416379      4.31491850504471      h
  0.36932400578623D-04  0.14187333659438D-03  -.35215048229518D-03
  -.10929620828367D-02  0.11907276864905D-02  -.59462466238293D-03
  0.17651316045325D-02  -.13797096886475D-02  0.10923980407543D-02
  0.10866158842496D-03  0.45904158902107D-05  -.59181623525429D-04
  0.15139288304267D-04  0.41903614851098D-04  -.79248944450669D-04
  -.17652442164060D-02  -.13793779025576D-02  -.10925647926103D-02
  -.10870707092912D-03  0.45211346201722D-05  0.59358538042192D-04
  -.15018002052569D-04  0.41979564895626D-04  0.79020727133466D-04
  0.10930952758198D-02  0.11909237699138D-02  0.59482876045776D-03
  -.37028953432254D-04  0.14166910195188D-03  0.35216593752970D-03
  cycle =      4    SCF energy =     -230.2256676859   |dE/dxyz| =  0.005051
    0.69258784985541     -1.16683863290921     -4.24826451386647      h
   -0.43912199685338     -0.82283838501665     -2.86689758466126      o
    0.68023094516856      1.02270568023179     -1.25606612736175      c
    0.51493908475315      2.90663599766399     -2.11080276210715      h
    2.68503471928559      0.63024845698081     -0.91853423152991      h
   -0.68030112437738      1.02265815289263      1.25604505838560      c
   -0.51501419122380      2.90655670175241      2.11085158245609      h
   -2.68510368467561      0.63020943501013      0.91849626203909      h
    0.43905352772146     -0.82294148971189      2.86681176175554      o
   -0.69265634101883     -1.16699572974184      4.24816485144582      h
  0.11154316960613D-03  0.12785722146116D-03  -.48802603543810D-04
  -.13472491465644D-02  0.15644285169927D-02  -.60848091544167D-03
  0.17531582046614D-02  -.17304533598436D-02  0.13936494256165D-02
  -.21682197153410D-03  0.55247330635975D-04  -.30566842110523D-04
  0.11733524482990D-03  -.18002357533010D-04  0.13866511245512D-03
  -.17530812748608D-02  -.17304391790597D-02  -.13939441099608D-02
  0.21682396444119D-03  0.55073922216516D-04  0.30597888240710D-04
  -.11731199488006D-03  -.17975994529184D-04  -.13872003266999D-03
  0.13469904654423D-02  0.15644931196844D-02  0.60883020542536D-03
  -.11138679860146D-03  0.12780045196383D-03  0.48770890872954D-04
  cycle =      5    SCF energy =     -230.2256754951   |dE/dxyz| =  0.004919
    0.70049324914047     -1.20199633287441     -4.22004126236336      h
   -0.44766796630106     -0.81438747839948     -2.86445032530303      o
    0.67822119962995      1.03288812224600     -1.25847410342266      c
    0.51520113459167      2.91612556805122     -2.11449059810702      h
    2.68249249346282      0.63728309402283     -0.92587614910513      h
   -0.67829395122951      1.03283968228579      1.25845324230988      c
   -0.51527544937117      2.91604472785982      2.11454163018126      h
   -2.68256499126012      0.63724500302427      0.92584041154897      h
    0.44759797595779     -0.81449645759771      2.86435744155554      o
   -0.70055490598566     -1.20214574146616      4.21994400926115      h
  0.23362563490922D-04  0.34401390607316D-04  0.15122983405415D-04
  -.13467276972939D-02  0.13351564940248D-02  -.71406354607049D-03
  0.22320659053279D-02  -.14087847404304D-02  0.10081274774065D-02
  -.61587104327352D-04  0.46576367567624D-04  0.51872014816865D-04
  0.65659704951597D-06  -.84893039853012D-05  0.15213739316543D-04
  -.22320648499325D-02  -.14087074693207D-02  -.10080928836078D-02
  0.61596642807338D-04  0.46608413257411D-04  -.51839531592035D-04
  -.67765130959458D-06  -.85056009553772D-05  -.15232946933997D-04
  0.13467478451983D-02  0.13351676153413D-02  0.71399182108484D-03
  -.23372102905460D-04  0.34413664800218D-04  -.15100049227986D-04
  cycle =      6    SCF energy =     -230.2256758129   |dE/dxyz| =  0.004830
    0.70168393812106     -1.20853020583484     -4.21443879430134      h
   -0.44930516505762     -0.81250722966114     -2.86371420959204      o
    0.67761210064482      1.03486039486661     -1.25865555124410      c
    0.51559539205148      2.91756960559843     -2.11575671345769      h
    2.68179740658240      0.63852123932167     -0.92683819786047      h
   -0.67768435347550      1.03481147642677      1.25863451165744      c
   -0.51566975556193      2.91748835646159      2.11580703583085      h
   -2.68186933620359      0.63848260382774      0.92680238145412      h
    0.44923514105107     -0.81261635403843      2.86362235520240      o
   -0.70174657951701     -1.20867969981623      4.21434147886643      h
  0.12728115871823D-04  0.34772454530703D-05  0.11125505905808D-05
  -.12984574411436D-02  0.13881939532147D-02  -.67658685714730D-03
  0.21248051754893D-02  -.13851110945478D-02  0.10771465236434D-02
  -.19380120160653D-04  0.30127529462085D-05  0.22937406918368D-04
  -.16103589671091D-04  -.10587061855651D-04  0.54991885960456D-06
  -.21247786567321D-02  -.13851180373755D-02  -.10772207112415D-02
  0.19377987067695D-04  0.30060198372659D-05  -.22973933803838D-04
  0.16093233262314D-04  -.10588355419144D-04  -.53688084533481D-06
  0.12984345206735D-02  0.13881367030170D-02  0.67665998535755D-03
  -.12719079212065D-04  0.34810372949428D-05  -.10888535728963D-05
  cycle =      8    SCF energy =     -230.2256754628   |dE/dxyz| =  0.004795
    0.80172005046965     -1.26563984536671     -4.19716314540742      h
   -0.38060355680504     -0.87044019604853     -2.87354604092390      o
    0.70759075586867      0.97698335775095     -1.24202150719499      c
    0.56655836885108      2.85955681206185     -2.10312033707582      h
    2.70327978171485      0.58057941557735     -0.86226529039102      h
   -0.70759007327579      0.97698387365154      1.24202172796812      c
   -0.56655574143326      2.85955718382718      2.10312061212596      h
   -2.70327957139535      0.58058187965355      0.86226571401781      h
    0.38060267192871     -0.87044124811357      2.87354547290421      o
   -0.80171697655795     -1.26563193744740      4.19716883207436      h
  0.30878349713755D-06  -.14237570346135D-05  -.84217537430374D-06
  -.12620469181840D-02  0.13878973997148D-02  -.72157648900214D-03
  0.20512568996512D-02  -.13797685709516D-02  0.11602109785088D-02
  -.30079605418590D-05  -.29870816610968D-05  0.35805308528204D-05
  -.56108124715150D-05  -.52537718655178D-05  -.10560464961248D-05
  -.20512557871487D-02  -.13797792636280D-02  -.11601946362787D-02
  0.30054239130917D-05  -.29798149151034D-05  -.35929066137674D-05
  0.56089372115420D-05  -.52551000916397D-05  0.10622125154783D-05
  0.12620481032271D-02  0.13878764854665D-02  0.72156286253335D-03
  -.30670328882782D-06  -.14111634970642D-05  0.84573465073769D-06
  cycle =      9    SCF energy =     -230.2256754638   |dE/dxyz| =  0.004800
    0.80169468122769     -1.26564658601166     -4.19714815106592      h
   -0.38061369638692     -0.87046006125040     -2.87351525117383      o
    0.70760027244864      0.97698033361922     -1.24201065498769      c
    0.56657445664088      2.85954874930929     -2.10314258476504      h
    2.70330620876478      0.58061684997547     -0.86223906713433      h
   -0.70759943992850      0.97698107520460      1.24201099663836      c
   -0.56657186333164      2.85954952613526      2.10314261154438      h
   -2.70330580055256      0.58061927172669      0.86223965128873      h
    0.38061311098797     -0.87046035497654      2.87351530975947      o
   -0.80169222050476     -1.26563950818572      4.19715317799318      h
  -.25352990359966D-07  -.69158523604628D-06  -.13751270789858D-06
  -.12659249566260D-02  0.13860886599771D-02  -.72222040607211D-03
  0.20511691419339D-02  -.13831523672040D-02  0.11639108111024D-02
  -.21494596680614D-05  -.79527499165931D-06  0.18802454962974D-05
  -.11863406457772D-05  -.29893743229558D-05  0.19848474998373D-06
  -.20511675743445D-02  -.13831604201578D-02  -.11638954421536D-02
  0.21472638971069D-05  -.78837795831011D-06  -.18898416696463D-05
  0.11829195067882D-05  -.29918897218507D-05  -.19426846585597D-06
  0.12659345339465D-02  0.13860852880485D-02  0.72221099298788D-03
  0.19791875410080D-07  -.68879550788684D-06  0.13699171321938D-06
  cycle =     11    SCF energy =     -230.2256754641   |dE/dxyz| =  0.004804
    0.80170830433569     -1.26564519037900     -4.19712693512490      h
   -0.38060986401687     -0.87045377241173     -2.87350423162282      o
    0.70760751826963      0.97699482135295     -1.24200267004396      c
    0.56660388691310      2.85955702336896     -2.10316367495049      h
    2.70332135352953      0.58066344877689     -0.86221745669011      h
   -0.70760697897808      0.97699522522392      1.24200281857427      c
   -0.56660182791941      2.85955723779337      2.10316401618491      h
   -2.70332116900931      0.58066539061072      0.86221768569809      h
    0.38060915851768     -0.87045459762719      2.87350379337028      o
   -0.80170577583061     -1.26563887998271      4.19713155130463      h
  0.12796390650792D-06  -.24526604687532D-06  0.52966611638678D-06
  -.12684273439497D-02  0.13851887942501D-02  -.72358666351931D-03
  0.20504841763559D-02  -.13857660310861D-02  0.11667164308497D-02
  -.60581779808187D-06  0.23915070716802D-07  0.47081147347165D-06
  0.33221416861534D-06  -.73888047273508D-06  0.59402034533856D-06
  -.20504866618823D-02  -.13857696488774D-02  -.11667160130953D-02
  0.60446789006111D-06  0.23944063100564D-07  -.47073018644809D-06
  -.33167675265533D-06  -.73946025727752D-06  -.59231617952748D-06
  0.12684259685438D-02  0.13851792058492D-02  0.72357913390634D-03
  -.12331950504278D-06  -.24023347578661D-06  -.52428535235226D-06
  cycle =     12    SCF energy =     -230.2256754641   |dE/dxyz| =  0.004803
    0.80170502230175     -1.26563592565011     -4.19713470739885      h
   -0.38060881674393     -0.87045507806216     -2.87350374221777      o
    0.70760739313054      0.97699293717011     -1.24200205744728      c
    0.56661202044309      2.85955343517408     -2.10316705126548      h
    2.70332015774954      0.58066076300521     -0.86221670076840      h
   -0.70760672626543      0.97699351939323      1.24200232565844      c
   -0.56660998754268      2.85955400375202      2.10316715086814      h
   -2.70331981304954      0.58066265412520      0.86221710509253      h
    0.38060836008053     -0.87045531523371      2.87350380467650      o
   -0.80170300429251     -1.26563028694768      4.19713876950208      h
  0.38179793630319D-06  -.30079010822067D-06  0.88434594566257D-07
  -.12684576535845D-02  0.13854492716109D-02  -.72304416551471D-03
  0.20498474397719D-02  -.13859278318155D-02  0.11669408668842D-02
  -.23894659240837D-06  -.20797542292724D-06  0.27441386954770D-06
  0.25526352170445D-07  -.55427464597815D-06  0.40257209944100D-06
  -.20498467411118D-02  -.13859282102381D-02  -.11669356649494D-02
  0.23747234891875D-06  -.20567738027352D-06  -.27776169122281D-06
  -.27869441262050D-07  -.55647923961994D-06  -.40124971901136D-06
  0.12684630257595D-02  0.13854484070968D-02  0.72304074380565D-03
  -.38407883422348D-06  -.30031571815728D-06  -.88144183931723D-07
$end
