$hessapprox internal
  0.155083365616D-01 -0.341759535808D-02  0.625853608406D+00 -0.539800220042D-03
  0.195236343226D-02  0.371908827973D+00  0.248460248801D-02 -0.476968648197D-02
 -0.131734110885D-02  0.428040962118D+00  0.933874866146D-03 -0.132698127292D-02
 -0.618459941788D-03  0.112231580605D-02  0.420362854083D+00 -0.118375424918D-02
 -0.213727057858D-02  0.179513414552D-02  0.731756453256D-03  0.126856896860D-02
  0.336465276055D+00 -0.112877475458D-02 -0.231413195736D-02  0.178486568992D-02
  0.853525799079D-03  0.132256768905D-02 -0.989075035509D-02  0.337001169832D+00
  0.107805261394D-03 -0.107758376164D-01  0.274102927231D-02  0.612151126970D-02
  0.437066238145D-02 -0.225122740653D-01 -0.226937343002D-01  0.273801643902D+00
 -0.529948141111D-03 -0.423240478637D-02  0.167088721989D-02  0.217526376409D-02
  0.190741220656D-02 -0.113540803907D-01 -0.114728117287D-01 -0.246343092701D-01
  0.332622055544D+00  0.245225787190D-02 -0.467495832284D-02 -0.130883261476D-02
  0.361858158458D-02  0.109435942506D-02  0.791845416599D-03  0.912606222760D-03
  0.618684917342D-02  0.222330727565D-02  0.427908828213D+00  0.926104501875D-03
 -0.129899175952D-02 -0.617801186487D-03  0.110341743678D-02  0.222511914347D-03
  0.129416540182D-02  0.134801428513D-02  0.440961019785D-02  0.193119644247D-02
  0.107558427394D-02  0.420345143067D+00 -0.115137481852D-02 -0.223503897184D-02
  0.178739442185D-02  0.799865463492D-03  0.129775699739D-02 -0.982123994019D-02
 -0.995621378774D-02 -0.225907392879D-01 -0.114090504776D-01  0.859319204880D-03
  0.132324113574D-02  0.336333045215D+00 -0.113088351566D-02 -0.230852152568D-02
  0.178557014303D-02  0.849517033329D-03  0.132097628947D-02 -0.988803905886D-02
 -0.100226119587D-01 -0.226919875619D-01 -0.114710026547D-01  0.908643712255D-03
  0.134643304690D-02 -0.995354826258D-02  0.337006442885D+00  0.111770047045D-03
 -0.107749864554D-01  0.273668666678D-02  0.612261813436D-02  0.436899277307D-02
 -0.224930556971D-01 -0.226741720966D-01 -0.466526563145D-01 -0.246110382040D-01
  0.618779549120D-02  0.440787859104D-02 -0.225713470431D-01 -0.226724332930D-01
  0.273896351346D+00 -0.467757793286D-03 -0.445071876864D-02  0.166410548609D-02
  0.232330169111D-02  0.197595874768D-02 -0.115467817930D-01 -0.116642131738D-01
 -0.249206956558D-01 -0.129241512066D-01  0.237032222503D-02  0.199964218792D-02
 -0.116008092056D-01 -0.116624864624D-01 -0.248969539109D-01  0.332268980268D+00
  0.125145750768D-02 -0.311414761258D-02 -0.475090368033D-03  0.225752682175D-02
  0.856342591569D-03 -0.114957908206D-02 -0.110082131309D-02 -0.794334177805D-04
 -0.569625170290D-03  0.222868604269D-02  0.849501795995D-03 -0.112075657522D-02
 -0.110271112740D-02 -0.756889559989D-04 -0.514778970447D-03  0.152423388841D-01
 -0.344259109175D-02  0.611137348102D-02  0.195694865427D-02 -0.482522464286D-02
 -0.135165962005D-02 -0.207480068362D-02 -0.225230864244D-02 -0.106919425255D-01
 -0.417768979418D-02 -0.473003999231D-02 -0.132360316755D-02 -0.217300206591D-02
 -0.224666383098D-02 -0.106912490921D-01 -0.439658607915D-02 -0.313630944274D-02
  0.626015312989D+00 -0.476156800352D-03  0.176382813679D-02  0.274816337750D-04
 -0.118551891810D-02 -0.562575226696D-03  0.167233038503D-02  0.166400855418D-02
  0.260294812348D-02  0.157134215272D-02 -0.117828243770D-02 -0.562150864384D-03
  0.166582406590D-02  0.166462238163D-02  0.259893101146D-02  0.156651395773D-02
 -0.418377279965D-03  0.176753262621D-02  0.371878950832D+00  0.186082379169D-02
 -0.253775145845D-02 -0.126049531915D-02  0.217630782281D-02  0.417521472177D-03
  0.275462241546D-02  0.286409885117D-02  0.918159251426D-02  0.404955843382D-02
  0.211991581922D-02  0.399475265172D-03  0.281360145421D-02  0.286090852389D-02
  0.917778938069D-02  0.418909011165D-02  0.170811953696D-02 -0.258779373819D-02
 -0.114769307691D-02  0.491475556506D+00 -0.322606160758D-02  0.905267004113D-02
  0.953363008447D-03 -0.639766082720D-02 -0.262662645788D-02  0.514957202141D-02
  0.504199101869D-02  0.475911438215D-02  0.386639302281D-02 -0.632992905100D-02
 -0.261284831726D-02  0.508316760351D-02  0.504667641261D-02  0.474487254686D-02
  0.375340241335D-02 -0.288322660244D-02  0.910143062467D-02  0.821110183159D-03
 -0.528446447350D-02  0.389524796767D+00  0.188716528339D-02 -0.261635977985D-02
 -0.126703767664D-02  0.223119235077D-02  0.440886877683D-03  0.270256821647D-02
  0.281284018268D-02  0.912188623532D-02  0.400701194011D-02  0.217427758317D-02
  0.422745821285D-03  0.276205332082D-02  0.280961245069D-02  0.911822039602D-02
  0.414733623856D-02  0.173158296859D-02 -0.266676189137D-02 -0.115321939166D-02
  0.787671788611D-03 -0.533892876736D-02  0.491570353074D+00 -0.323722955127D-02
  0.903496456367D-02  0.969648076172D-03 -0.639214382773D-02 -0.261566360937D-02
  0.506278533488D-02  0.495396534283D-02  0.455764982373D-02  0.376502649598D-02
 -0.632386101881D-02 -0.260165323299D-02  0.499577321511D-02  0.495867586931D-02
  0.454357829358D-02  0.365028598135D-02 -0.289403086684D-02  0.908429443558D-02
  0.836270125387D-03 -0.526059004677D-02  0.699149943091D-02 -0.531553099653D-02
  0.389618849522D+00 -0.110655457990D-02  0.747156442240D-02 -0.829042255944D-03
 -0.465742825281D-02 -0.268653325015D-02  0.110802226339D-01  0.111204736059D-01
  0.210359002725D-01  0.115426653186D-01 -0.466237972397D-02 -0.269823705220D-02
  0.110910838401D-01  0.111212872056D-01  0.210114632717D-01  0.116248811125D-01
 -0.915674828291D-03  0.745263333196D-02 -0.814995374471D-03 -0.556689030702D-02
  0.300978690696D-03 -0.555992075995D-02  0.400573470029D-03  0.389202704863D+00
  0.000000000000D+00  0.000000000000D+00  0.000000000000D+00  0.000000000000D+00
  0.000000000000D+00  0.000000000000D+00  0.000000000000D+00  0.000000000000D+00
  0.000000000000D+00  0.000000000000D+00  0.000000000000D+00  0.000000000000D+00
  0.000000000000D+00  0.000000000000D+00  0.000000000000D+00  0.000000000000D+00
  0.000000000000D+00  0.000000000000D+00  0.000000000000D+00  0.000000000000D+00
  0.000000000000D+00  0.000000000000D+00  0.000000000000D+00  0.000000000000D+00
$end
