$coord
    0.11268480621340     -1.05815758828386     -4.21957802729808  h
   -0.19854949623797     -1.16050853265966     -2.42708851207225  o
    0.30990184509093      1.26019598722185     -1.40391840964207  c
   -0.79692746807534      2.75284745166521     -2.31810107775198  h
    2.31773422180650      1.70916941051802     -1.65553911808797  h
   -0.30990164023214      1.26019604814360      1.40391833328886  c
    0.79692693290207      2.75284811439126      2.31810095986573  h
   -2.31773424949885      1.70916863151654      1.65553865043082  h
    0.19855068521657     -1.16050806357586      2.42708882296222  o
   -0.11269544638833     -1.05816021446735      4.21957645340281  h
$intdef
# definitions of internal coordinates
   1 f  1.0000000000000 tors    2    3    6    9 val=  33.00000
$user-defined bonds
$redundant
     number_of_atoms            10
     degrees_of_freedom         24
     internal_coordinates       25
     frozen_coordinates          1
# definitions of redundant internals
   1 k  1.0000000000000 tors   1    2    3    6 val= 176.44195
   2 k  1.0000000000000 stre   2    1           val=   1.82219
   3 k  1.0000000000000 bend   3    1    2      val= 107.02380
   4 k  1.0000000000000 stre   3    4           val=   2.07094
   5 k  1.0000000000000 stre   3    5           val=   2.07275
   6 k  0.0813967602600 bend   5    4    3      val=   0.96490
       -0.5299480124234 bend   2    4    3
       -0.4866641042621 bend   2    5    3
        0.4806739616890 bend   6    4    3
        0.4946112248267 bend   6    5    3
   7 k  0.0147484054095 bend   5    4    3      val=   0.43430
       -0.5278649271466 bend   2    4    3
        0.5612843105125 bend   2    5    3
       -0.4647984699469 bend   6    4    3
        0.4359626226340 bend   6    5    3
   8 k  0.8915565304383 bend   5    4    3      val=  -0.73246
       -0.1661726908065 bend   2    4    3
       -0.1973360758674 bend   2    5    3
       -0.2657699947539 bend   6    4    3
       -0.2606499048775 bend   6    5    3
   9 k -0.0113553563324 bend   5    4    3      val=   1.61425
        0.4500054897084 bend   2    4    3
       -0.4504880037236 bend   2    5    3
       -0.5321304101721 bend   6    4    3
        0.5579102976160 bend   6    5    3
  10 k  1.0000000000000 stre   6    7           val=   2.07094
  11 k  1.0000000000000 stre   6    8           val=   2.07275
  12 k  0.0813968513123 bend   8    7    6      val=   0.96491
       -0.5299479662138 bend   9    7    6
       -0.4866641635527 bend   9    8    6
        0.4806740754102 bend   3    7    6
        0.4946110904987 bend   3    8    6
  13 k  0.0147485427625 bend   8    7    6      val=   0.43430
       -0.5278650324978 bend   9    7    6
        0.5612842708422 bend   9    8    6
       -0.4647983493519 bend   3    7    6
        0.4359626700732 bend   3    8    6
  14 k  0.8915565225641 bend   8    7    6      val=  -0.73245
       -0.1661726362279 bend   9    7    6
       -0.1973360428218 bend   9    8    6
       -0.2657699340715 bend   3    7    6
       -0.2606500534999 bend   3    8    6
  15 k -0.0113552678326 bend   8    7    6      val=   1.61424
        0.4500053745215 bend   9    7    6
       -0.4504880432675 bend   9    8    6
       -0.5321304412042 bend   3    7    6
        0.5579103307979 bend   3    8    6
  16 k  1.0000000000000 tors  10    9    6    3 val= 176.44235
  17 k  1.0000000000000 stre   9   10           val=   1.82219
  18 k  1.0000000000000 bend   6   10    9      val= 107.02380
  19 k  1.0000000000000 tors   2    3    6    9 val=  33.00000
  20 k  1.0000000000000 stre   3    2           val=   2.67679
  21 k  1.0000000000000 bend   6    2    3      val= 109.40895
  22 k  1.0000000000000 stre   6    9           val=   2.67679
  23 k  1.0000000000000 bend   3    9    6      val= 109.40896
  24 k  1.0000000000000 stre   3    6           val=   2.87543
  25 f  1.0000000000000 tors   2    3    6    9 val=  33.00000
        24 non zero eigenvalues  of BmBt
           1           4.576257625    1    0
         1
           2           3.780199738    2    0
         2
           3           3.765760424    3    0
         3
           4           3.078705134    4    0
         4
           5           2.678261229    5    0
         5
           6           2.461773519    6    0
         6
           7           2.105799261    7    0
         7
           8           1.738013537    8    0
         8
           9           1.228742153    9    0
         9
          10           1.217915469   10    0
        10
          11           1.036156576   11    0
        11
          12           0.834732821   12    0
        12
          13           0.768206466   13    0
        13
          14           0.729934892   14    0
        14
          15           0.667761583   15    0
        15
          16           0.397422235   16    0
        16
          17           0.345564341   17    0
        17
          18           0.306783696   18    0
        18
          19           0.271018505   20    0
        20
          20           0.247109738   21    0
        21
          21           0.168326126   22    0
        22
          22           0.067678094   23    0
        23
          23           0.056746307   24    0
        24
          24           0.000000000    0    1
         0.000000000         0.000000000         0.000000000         0.000000000
         0.000000000         0.000000000         0.000000000         0.000000000
         0.000000000         0.000000000         0.000000000         0.000000000
         0.000000000         0.000000000         0.000000000         0.000000000
         0.000000000         0.000000000         0.000000000         0.000000000
         0.000000000         0.000000000         0.000000000         0.000000000
         1.000000000
$end
