$energy      SCF               SCFKIN            SCFPOT            MP2
     1 -229.0185762321      228.776871     -457.795447     -.8138090335931
     2 -229.0204980543      228.766786     -457.787284     -.8129758795399
     3 -229.0205237340      228.784054     -457.804578     -.8130672151603
     4 -229.0203775265      228.784842     -457.805220     -.8132343617592
     5 -229.0203314882      228.781843     -457.802175     -.8132814784582
     6 -229.0203296124      228.781783     -457.802112     -.8132834470329
     7 -229.0203291345      228.781764     -457.802094     -.8132838860043
     8 -229.0203291345      228.781765     -457.802095     -.8132838983795
     9 -229.0203288890      228.781759     -457.802088     -.8132841292166
    10 -229.0203287199      228.781761     -457.802089     -.8132843508516
    11 -229.0203287197      228.781759     -457.802088     -.8132843495945
    12 -229.0203286921      228.781759     -457.802088     -.8132843695780
    13 -229.0203286610      228.781759     -457.802087     -.8132844000883
$end
