$grad          cartesian gradients
  cycle =      1 MP2 energy =     -229.8323852657 |dE/dxyz| =  0.016532
    0.17675802052398     -1.22589189875285     -4.10827721637789      h
   -0.21391953349089     -1.17565612019075     -2.33357852848370      o
    0.32026771200567      1.29056923942912     -1.39550970736879      c
   -0.81733900136720      2.73066227982348     -2.35682315477704      h
    2.31945347671741      1.77738236739134     -1.63715173447013      h
   -0.32026876948511      1.29057815042629      1.39549560614743      c
    0.81730290407974      2.73068147094680      2.35680367698600      h
   -2.31947756525373      1.77737640406985      1.63710487085025      h
    0.21399171282687     -1.17561360385671      2.33360773603584      o
   -0.17783092846672     -1.22616967854666      4.10804798210239      h
  -.11047516066559D-02  -.32180306601665D-02  0.21502272091904D-02
  0.32373818573364D-02  -.50800506786972D-02  0.40193971021463D-03
  -.43726767433572D-02  0.59019390215962D-02  0.38486943408103D-02
  -.12799320827879D-02  -.66782609683758D-03  -.61409184283567D-03
  -.10498182664165D-03  0.30643357832878D-02  0.18301101322872D-02
  0.43785870568669D-02  0.59033141279636D-02  -.38471036903700D-02
  0.12777179367953D-02  -.67267631158030D-03  0.61191853180453D-03
  0.10008438980336D-03  0.30674084164375D-02  -.18299030068321D-02
  -.32351829502915D-02  -.50811630685637D-02  -.40386980699925D-03
  0.11037539689310D-02  -.32172505659879D-02  -.21479215773441D-02
  cycle =      2 MP2 energy =     -229.8334739338 |dE/dxyz| =  0.017327
    0.15713186707344     -1.10668902188887     -4.22414539394349      h
   -0.18774183658448     -1.17529431904847     -2.43689846840798      o
    0.31614377674544      1.24643334200257     -1.40715378238353      c
   -0.79215101306970      2.72068113721503     -2.34805063859437      h
    2.31954365127343      1.71194449225157     -1.64765112549145      h
   -0.31621221180180      1.24643064541129      1.40712780519591      c
    0.79210901197184      2.72063493764169      2.34805890419977      h
   -2.31960609598950      1.71199140101356      1.64759564091328      h
    0.18762180838947     -1.17531312178521      2.43685440618118      o
   -0.15790092991814     -1.10690088207326      4.22398218297503      h
  -.38009422322960D-03  -.15944065432525D-02  -.13952190688649D-03
  0.60170153689074D-02  -.90837077668660D-03  -.10397510428310D-02
  -.96964592317614D-02  0.27553204553881D-02  -.17836796350550D-02
  0.11170078831690D-03  -.95668811502181D-03  -.15715990914540D-02
  -.72816055482994D-03  0.70391086850363D-03  0.28826540284732D-03
  0.96968909660002D-02  0.27558164341688D-02  0.17839020317210D-02
  -.11195699831723D-03  -.95801382825877D-03  0.15720012037148D-02
  0.72741395830489D-03  0.70486769349265D-03  -.28903875685049D-03
  -.60156078198479D-02  -.90777429953093D-03  0.10403310931384D-02
  0.37925774663805D-03  -.15946618263443D-02  0.13909070132900D-03
  cycle =      3 MP2 energy =     -229.8335909492 |dE/dxyz| =  0.018790
    0.14973913476678     -1.08920087075867     -4.21813539629303      h
   -0.18594707410420     -1.17685879184452     -2.42968378311316      o
    0.31691561971812      1.24176173042817     -1.40370882817257      c
   -0.78492980336422      2.72709517297507     -2.33461546006817      h
    2.32477360421638      1.69427882711864     -1.64319556224090      h
   -0.31701996960716      1.24175356780629      1.40367875591987      c
    0.78488961453853      2.72701324737557      2.33463127967082      h
   -2.32485847171258      1.69436240651837      1.64314530954770      h
    0.18572226432061     -1.17690854522074      2.42960919465551      o
   -0.15034689068227     -1.08937813365829      4.21799402073827      h
  -.12421685416475D-03  -.54452889373957D-03  -.10681690243430D-04
  0.67157229504959D-02  -.70359410953280D-03  0.93454491106026D-03
  -.10985566531075D-01  0.16984835628442D-02  -.22982953385655D-02
  0.10394500773669D-03  -.54062919769526D-03  -.71150558310906D-03
  -.28353281443660D-03  0.90001953944041D-04  0.83491599015106D-04
  0.10984934246965D-01  0.16983288087422D-02  0.22984581553604D-02
  -.10377386534777D-03  -.54074840036522D-03  0.71228528030343D-03
  0.28385082368665D-03  0.90097556540547D-04  -.84298406461292D-04
  -.67150113384029D-02  -.70265094569777D-03  -.93420929916821D-03
  0.12364837441436D-03  -.54476035653395D-03  0.10210372726860D-04
  cycle =      4 MP2 energy =     -229.8336118883 |dE/dxyz| =  0.019437
    0.14475066688542     -1.08155158133216     -4.21648451528847      h
   -0.18405922284471     -1.18025698724619     -2.42708129317505      o
    0.31824204848705      1.23946971431766     -1.40182433056560      c
   -0.78121959236248      2.73192586433134     -2.32495987591449      h
    2.32825797307679      1.68749041338032     -1.63992670159935      h
   -0.31838132388774      1.23945545350387      1.40178997364993      c
    0.78118223780299      2.73180641554357      2.32497689252126      h
   -2.32836690437805      1.68761246572028      1.63988725754504      h
    0.18374098108930     -1.18033520660147      2.42698063867507      o
   -0.14520883577858     -1.08169794087731      4.21636148479600      h
  -.82304577434522D-05  -.44030558090047D-04  0.48534464050398D-04
  0.68366547855336D-02  -.16159067662862D-02  0.16178821179524D-02
  -.11311940202617D-01  0.17520322802582D-02  -.24256238455351D-02
  0.44821456779864D-04  -.73571602075440D-04  -.10317798972626D-03
  0.66149266513271D-04  -.18637387591225D-04  0.29079009900457D-04
  0.11311841274345D-01  0.17513688774775D-02  0.24257906290703D-02
  -.44704083172586D-04  -.73471063813724D-04  0.10366374601123D-03
  -.66072450802590D-04  -.18649560804329D-04  -.29515071400033D-04
  -.68365751303485D-02  -.16149789625519D-02  -.16178729328766D-02
  0.80555414504468D-05  -.44155289450398D-04  -.48760128153802D-04
  cycle =      5 MP2 energy =     -229.8336129667 |dE/dxyz| =  0.019179
    0.14353746309124     -1.08031835393138     -4.21814313250505      h
   -0.18272503966033     -1.18154047108617     -2.42828151314025      o
    0.31905453582708      1.23900002780886     -1.40182371651502      c
   -0.78095609378289      2.73214203068169     -2.32343138453707      h
    2.32876780840828      1.68779624981383     -1.63968346372848      h
   -0.31920620190307      1.23898269974938      1.40178728312206      c
    0.78091997081374      2.73200838391794      2.32344565220443      h
   -2.32888485341143      1.68793120060625      1.63965041284180      h
    0.18237660311781     -1.18162881861338      2.42817300402474      o
   -0.14394616441045     -1.08045433820709      4.21802638887719      h
  0.20888523101226D-05  -.10556092439995D-04  0.62081205260966D-05
  0.67472375952118D-02  -.20205981559052D-02  0.15434419127978D-02
  -.11035049960051D-01  0.19946284235246D-02  -.24837430175215D-02
  0.22956211303660D-04  0.17176553679388D-04  -.38597871689916D-05
  0.39462637656751D-04  0.19558688102217D-04  0.11905069708384D-04
  0.11035240853880D-01  0.19937123727836D-02  0.24838154993114D-02
  -.22978900442450D-04  0.17113869460683D-04  0.39779961844566D-05
  -.39428739966763D-04  0.19530119538924D-04  -.12212077049378D-04
  -.67473420756887D-02  -.20198789237327D-02  -.15434116074013D-02
  -.21864743904310D-05  -.10686887458089D-04  -.61221091200991D-05
  cycle =      6 MP2 energy =     -229.8336130594 |dE/dxyz| =  0.019020
    0.14270868622412     -1.07959552716411     -4.21865288240391      h
   -0.18193923522711     -1.18174394443880     -2.42852740306705      o
    0.31951066086246      1.23885972488144     -1.40178702263712      c
   -0.78086628866632      2.73169005773152     -2.32345260401730      h
    2.32901392028740      1.68786732329321     -1.63952147591785      h
   -0.31967044009185      1.23884201072206      1.40175018589693      c
    0.78083133284312      2.73154951780080      2.32346583489652      h
   -2.32913643856552      1.68801117705276      1.63949526460327      h
    0.18157441821564     -1.18183668043752      2.42841249434248      o
   -0.14308858779196     -1.07972504870143      4.21853713894838      h
  0.28501661294422D-05  0.15537569219015D-05  -.20137961485034D-05
  0.67300013316958D-02  -.20405153468488D-02  0.15418950323447D-02
  -.10893610763972D-01  0.20275631196958D-02  -.25034182815675D-02
  0.54918873166887D-05  0.59589357856993D-05  0.47559769442707D-05
  -.66829149067971D-05  0.55506640770364D-05  -.15841875996569D-05
  0.10893815274526D-01  0.20266126761932D-02  0.25036230672073D-02
  -.54833991842695D-05  0.59279283561864D-05  -.46625913689979D-05
  0.66376873815166D-05  0.55514932983947D-05  0.14629437301572D-05
  -.67301529072870D-02  -.20397618346681D-02  -.15419762442592D-02
  -.28663618748537D-05  0.15585831757980D-05  0.19180812493858D-05
  cycle =      7 MP2 energy =     -229.8336130205 |dE/dxyz| =  0.019009
    0.14230711231702     -1.07947300829329     -4.21871483412566      h
   -0.18174668230653     -1.18177019300158     -2.42849509073780      o
    0.31963321897454      1.23887652646203     -1.40174569333072      c
   -0.78074747482356      2.73160549939760     -2.32357447214203      h
    2.32916625627968      1.68783935423796     -1.63933000935840      h
   -0.31979506122896      1.23885822517394      1.40170825377267      c
    0.78071279091228      2.73146300040767      2.32358634788290      h
   -2.32928989738403      1.68798518223315      1.63930569194222      h
    0.18137759312371     -1.18186464160615      2.42837916355605      o
   -0.14267982777417     -1.07960133427140      4.21860017318512      h
  0.72911249637819D-06  0.11694475998691D-07  0.20632271002796D-07
  0.67289978685405D-02  -.20421583420944D-02  0.15367526749479D-02
  -.10885910083862D-01  0.20375142207190D-02  -.24909819984715D-02
  -.73260289812360D-06  0.24908217381991D-05  0.11551415661781D-05
  -.38630404102236D-05  0.23301452634072D-05  -.56716786578370D-06
  0.10886086679550D-01  0.20364942882205D-02  0.24910497606048D-02
  0.73217286988836D-06  0.24822867681351D-05  -.11199733127576D-05
  0.38516776412756D-05  0.23449524064745D-05  0.52179283249743D-06
  -.67291503838578D-02  -.20415187566307D-02  -.15367917039155D-02
  -.74140032735315D-06  0.86650023267687D-08  -.39156430986509D-07
  cycle =      8 MP2 energy =     -229.8336130329 |dE/dxyz| =  0.019009
    0.11291391776349     -1.05821701145079     -4.21955345548435      h
   -0.19857916265466     -1.16049884087456     -2.42710462953528      o
    0.30988107250094      1.26018619775255     -1.40393367413891      c
   -0.79699832401423      2.75285283740930     -2.31805076718316      h
    2.31768008769797      1.70923144461519     -1.65560496136021      h
   -0.30988099635281      1.26018627482647      1.40393340558524      c
    0.79699734954855      2.75285338639632      2.31805100714851      h
   -2.31768039201832      1.70923081379227      1.65560313262073      h
    0.19857992110691     -1.16049827789460      2.42710503139001      o
   -0.11292558520345     -1.05821961563008      4.21955186579460      h
  0.91263086654525D-06  -.42752276718794D-07  0.95722549886545D-08
  0.67395389875649D-02  -.20417447778165D-02  0.14895433163584D-02
  -.10903228288747D-01  0.20369514386553D-02  -.24146177429349D-02
  -.71061988182741D-06  0.25056247947575D-05  0.11560648542908D-05
  -.38608021233344D-05  0.23252681664587D-05  -.47746773423896D-06
  0.10903228234689D-01  0.20369467449690D-02  0.24146192858732D-02
  0.71102872523099D-06  0.24972162280257D-05  -.11198761467046D-05
  0.38500795636054D-05  0.23410420975090D-05  0.43135620786394D-06
  -.67395078174901D-02  -.20417315992862D-02  -.14895150518504D-02
  -.93343317109085D-06  -.48228989968369D-07  -.29454016114983D-07
  cycle =      9 MP2 energy =     -229.8336130182 |dE/dxyz| =  0.019017
    0.11280294701452     -1.05818144218108     -4.21956909370307      h
   -0.19854709595924     -1.16050358377120     -2.42709794935190      o
    0.30990123844368      1.26018952944150     -1.40392325336939      c
   -0.79693874838464      2.75285518723029     -2.31808070575439      h
    2.31772284581983      1.70919486509886     -1.65554754290445      h
   -0.30990191702833      1.26018956098614      1.40392293403547      c
    0.79693788139460      2.75285507995285      2.31808079448122      h
   -2.31772362653448      1.70919501851944      1.65554623958020      h
    0.19854611387532     -1.16050349280921      2.42709780408480      o
   -0.11281175026686     -1.05818351352553      4.21956772773869      h
  0.89214265530657D-07  -.54252396297638D-07  0.15527679586569D-07
  0.67411068824472D-02  -.20430503039783D-02  0.14891586872769D-02
  -.10909496655724D-01  0.20400955885878D-02  -.24121771884928D-02
  -.17889224346312D-06  0.16929691417644D-05  0.63386532067611D-06
  -.12764298245038D-05  0.13185946265981D-05  0.30915136339793D-07
  0.10909500253529D-01  0.20400982504629D-02  0.24121881293544D-02
  0.17761102988345D-06  0.16744987760831D-05  -.62761853691917D-06
  0.12719649467030D-05  0.13273453118856D-05  -.61305146403789D-07
  -.67411123556957D-02  -.20430411803982D-02  -.14891614195740D-02
  -.81592824885401D-07  -.61533099338096D-07  0.40574388293635D-09
  cycle =     10 MP2 energy =     -229.8336130708 |dE/dxyz| =  0.019022
    0.11276164545922     -1.05816958959090     -4.21957092187107      h
   -0.19853848095701     -1.16050372772919     -2.42709182026264      o
    0.30990750193100      1.26019747460419     -1.40391769300553      c
   -0.79691654848512      2.75285465304621     -2.31809933859255      h
    2.31774105443252      1.70917567004045     -1.65552736165703      h
   -0.30990788210496      1.26019757656081      1.40391738853385      c
    0.79691573828883      2.75285505446423      2.31809911119408      h
   -2.31774158251465      1.70917537608190      1.65552652614576      h
    0.19853848384450     -1.16050335314371      2.42709181580304      o
   -0.11277204151992     -1.05817192539193      4.21956924854926      h
  -.11009957273656D-06  -.21815285017324D-06  -.82845502902273D-07
  0.67415804680253D-02  -.20442499357198D-02  0.14885844236341D-02
  -.10913075486183D-01  0.20434982261559D-02  -.24096376235745D-02
  0.18641423582544D-06  0.55550895394774D-06  0.28898333970240D-06
  0.27797032720045D-06  0.41436471387435D-06  0.97557968703477D-07
  0.10913067877637D-01  0.20434940322245D-02  0.24096388939090D-02
  -.18700792270288D-06  0.55342997828944D-06  -.28908103866243D-06
  -.27870565277865D-06  0.41218595625558D-06  -.10410583972664D-06
  -.67415304237766D-02  -.20442291794822D-02  -.14885679975665D-02
  0.68992744239882D-07  -.23050469222241D-06  0.71797847667199D-07
  cycle =     11 MP2 energy =     -229.8336130693 |dE/dxyz| =  0.019022
    0.11271699793953     -1.05817113548627     -4.21957202997677      h
   -0.19856402412536     -1.16050530756115     -2.42708961255499      o
    0.30989274646429      1.26019590786890     -1.40392087708730      c
   -0.79694111544631      2.75285304373115     -2.31809071303126      h
    2.31772359661727      1.70917420101183     -1.65555193508178      h
   -0.30989271907248      1.26019595041075      1.40392080864220      c
    0.79694057162587      2.75285347082896      2.31809075366855      h
   -2.31772375960820      1.70917365232209      1.65555134522536      h
    0.19856466355639     -1.16050496623352      2.42708979221478      o
   -0.11272676715415     -1.05817357242300      4.21957054307931      h
  0.25493075761496D-06  -.36059656244314D-06  -.12528974302484D-07
  0.67410890500506D-02  -.20439240785475D-02  0.14885081608043D-02
  -.10913115840260D-01  0.20432080958059D-02  -.24097786666384D-02
  -.15022633359507D-07  0.59721555301095D-06  0.42569291958117D-06
  0.16724621820785D-06  0.48019354648154D-06  -.60793471479137D-07
  0.10913111143870D-01  0.20432042057159D-02  0.24097819243338D-02
  0.14530584735439D-07  0.59361309734385D-06  -.42421883073018D-06
  -.16752224718530D-06  0.47942505321252D-06  0.52599649302820D-07
  -.67410599614197D-02  -.20439088994877D-02  -.14884969357496D-02
  -.27855492867879D-06  -.36919854451423D-06  0.47651687040684D-08
  cycle =     12 MP2 energy =     -229.8336130617 |dE/dxyz| =  0.019022
    0.11266682482758     -1.05814802723151     -4.21958640555796      h
   -0.19854135476081     -1.16051017653211     -2.42709302935195      o
    0.30990608821508      1.26019198151219     -1.40391770043818      c
   -0.79691809121567      2.75284647931577     -2.31810239376018      h
    2.31773947436060      1.70916638385553     -1.65552922129802      h
   -0.30990683554934      1.26019194798436      1.40391758020211      c
    0.79691757312627      2.75284608138621      2.31810264481840      h
   -2.31774017245375      1.70916675936655      1.65552873492933      h
    0.19853993800084     -1.16051041186574      2.42709264226763      o
   -0.11267325375397     -1.05814977332151      4.21958522328691      h
  -.44680105859563D-06  0.29320585015480D-07  -.18903574705575D-07
  0.67419648047571D-02  -.20444086949780D-02  0.14881776287750D-02
  -.10912736204157D-01  0.20436763765304D-02  -.24095348780211D-02
  0.83465505840152D-07  0.39500028314876D-06  0.60615298558275D-07
  -.68308527723104D-07  0.30341892576224D-06  0.20035354819647D-06
  0.10912746144030D-01  0.20436795016945D-02  0.24095485177003D-02
  -.76412035143747D-07  0.39118297801011D-06  -.51589457150669D-07
  0.70056296319621D-07  0.30907774650757D-06  -.20955949842083D-06
  -.67420347218112D-02  -.20444172970180D-02  -.14881969304827D-02
  0.49797704620991D-06  0.42090277097007D-07  0.24747377480594D-07
  cycle =     13 MP2 energy =     -229.8336130611 |dE/dxyz| =  0.019021
    0.11268480621340     -1.05815758828386     -4.21957802729808      h
   -0.19854949623797     -1.16050853265966     -2.42708851207225      o
    0.30990184509093      1.26019598722185     -1.40391840964207      c
   -0.79692746807534      2.75284745166521     -2.31810107775198      h
    2.31773422180650      1.70916941051802     -1.65553911808797      h
   -0.30990164023214      1.26019604814360      1.40391833328886      c
    0.79692693290207      2.75284811439126      2.31810095986573      h
   -2.31773424949885      1.70916863151654      1.65553865043082      h
    0.19855068521657     -1.16050806357586      2.42708882296222      o
   -0.11269544638833     -1.05816021446735      4.21957645340281      h
  0.66164503376154D-06  -.36006907777608D-06  0.11558985590909D-06
  0.67407023923272D-02  -.20442318343878D-02  0.14882174565969D-02
  -.10912660972381D-01  0.20441458786316D-02  -.24094329395838D-02
  -.25525870528398D-07  0.24885766869431D-06  0.17428435672429D-06
  -.50081794267243D-07  0.20013890056347D-06  -.12185755959848D-07
  0.10912648705263D-01  0.20441402920808D-02  0.24094226435070D-02
  0.19944387474879D-07  0.25625338206936D-06  -.18256226708147D-06
  0.46982177703825D-07  0.19461339140214D-06  0.10351910328943D-07
  -.67405931846993D-02  -.20442053052054D-02  -.14881863732423D-02
  -.74990457310520D-06  -.38884838593489D-06  -.12626428969043D-06
$end
