$hessapprox internal
  0.204562324500D-01  0.377789351867D-03  0.615124113111D+00 -0.673814749793D-03
 -0.431724700503D-04  0.372352962755D+00 -0.145384172154D-02 -0.991952129854D-04
 -0.848008506376D-03  0.423005329580D+00  0.165943219950D-03  0.140880291290D-04
 -0.702567562778D-03 -0.591045465047D-03  0.421598498364D+00  0.553289664528D-02
  0.375143640440D-03  0.391061368860D-02  0.218548286099D-02  0.261106697711D-02
  0.335685715662D+00  0.231529154710D-02  0.162466508991D-03  0.513942765767D-04
 -0.354864976171D-03  0.253598958276D-03  0.116834660755D-02  0.348575447126D+00
  0.222626103213D-02  0.151445728430D-03  0.142902552338D-02  0.763659181266D-03
  0.974130464630D-03 -0.381352273327D-02  0.508621174810D-03  0.319078782398D+00
  0.176969889211D-02  0.126603428645D-03 -0.660647377099D-03 -0.831791473818D-03
 -0.176663225457D-03  0.339773940370D-02  0.883254562926D-03  0.131805058865D-02
  0.345476997570D+00 -0.147790570146D-02 -0.100878902282D-03 -0.849960649634D-03
 -0.427911089659D-03 -0.594431839228D-03  0.217841389983D-02 -0.363960087564D-03
  0.760255448691D-03 -0.841453376171D-03  0.423010507491D+00  0.159933308183D-03
  0.136591782129D-04 -0.700640576746D-03 -0.588474230339D-03 -0.355239380890D-03
  0.260066110419D-02  0.250683812254D-03  0.970074668501D-03 -0.178255855384D-03
 -0.591829018365D-03  0.421599374502D+00  0.552216524585D-02  0.374360432651D-03
  0.391909630817D-02  0.219411186732D-02  0.261450784008D-02 -0.107992767437D-01
  0.116179723622D-02 -0.382745868117D-02  0.339660865552D-02  0.218711882791D-02
  0.260410755998D-02  0.335612454451D+00  0.253735129120D-02  0.177907465073D-03
  0.971376371587D-04 -0.356213513718D-03  0.299526254016D-03  0.113434891858D-02
  0.987983005509D-03  0.503214912257D-03  0.981835295593D-03 -0.366022911306D-03
  0.296294455067D-03  0.112694542259D-02  0.348733528029D+00  0.219521336472D-02
  0.149334492551D-03  0.140885284001D-02  0.752814224657D-03  0.960416327459D-03
 -0.375946813598D-02  0.501592762294D-03 -0.132356832506D-02  0.129958623507D-02
  0.749457018692D-03  0.956417314853D-03 -0.377320838439D-02  0.496275830589D-03
  0.319116606088D+00  0.190176994679D-02  0.135663434022D-03 -0.597725968208D-03
 -0.803990385528D-03 -0.130442153966D-03  0.324971135454D-02  0.919254031364D-03
  0.126741661784D-02  0.508063521280D-03 -0.813938828238D-03 -0.132255545842D-03
  0.324787486802D-02  0.101876547538D-02  0.124967344773D-02  0.345616878606D+00
  0.622442326155D-02  0.439261298470D-03 -0.580562761073D-03 -0.152962400503D-02
  0.301320741504D-03  0.571296746311D-02  0.264192995048D-02  0.232162120975D-02
  0.213033022125D-02 -0.155685809996D-02  0.294136311908D-03  0.569933952265D-02
  0.288884707965D-02  0.228928221844D-02  0.227152314203D-02  0.223279795610D-01
  0.399947595632D-03  0.281974539788D-04 -0.294746465880D-04 -0.920152270025D-04
  0.235055300117D-04  0.339067481542D-03  0.167668948866D-03  0.138780129171D-03
  0.139543611990D-03 -0.937348284843D-04  0.230367883921D-04  0.338148476769D-03
  0.183086183745D-03  0.136848645461D-03  0.148132119484D-03  0.462451974788D-03
  0.615127032808D+00 -0.706909469494D-03 -0.454581079927D-04 -0.121410747539D-02
 -0.851420263302D-03 -0.711800230096D-03  0.393182337831D-02  0.411901873160D-04
  0.143582047808D-02 -0.676872130604D-03 -0.853283418895D-03 -0.709821955392D-03
  0.394045826866D-02  0.864461625235D-04  0.141555010237D-02 -0.613810682442D-03
 -0.616646941462D-03 -0.316989783683D-04  0.372330333822D+00  0.432392392129D-02
  0.293732047945D-03  0.289436961327D-02  0.157840099676D-02  0.195491126171D-02
 -0.783212052010D-02  0.956175100881D-03 -0.276549111516D-02  0.260035277555D-02
  0.157225037384D-02  0.194692601426D-02 -0.785984553299D-02  0.938868353173D-03
 -0.272627332019D-02  0.249466471692D-02  0.449029144467D-02  0.267610218226D-03
  0.290899782457D-02  0.502008222190D+00 -0.764969338628D-02 -0.532188888781D-03
 -0.149881980223D-02  0.108109587656D-03 -0.154138953885D-02  0.895690135117D-03
 -0.265711733798D-02  0.840285429495D-04 -0.336983108689D-02  0.133013967919D-03
 -0.153055112849D-02  0.924687474213D-03 -0.283389063108D-02  0.823911914730D-04
 -0.340665002855D-02 -0.851820548875D-02 -0.532357625107D-03 -0.148110327749D-02
  0.390573299345D-03  0.388935649645D+00  0.439480445309D-02  0.298603253309D-03
  0.292558425699D-02  0.159127575377D-02  0.197836530160D-02 -0.790242425576D-02
  0.976176403249D-03 -0.278927427443D-02  0.263746424684D-02  0.158496145902D-02
  0.197026389400D-02 -0.793051388529D-02  0.959515421086D-03 -0.274971720970D-02
  0.253104667724D-02  0.456647249648D-02  0.272261089836D-03  0.294025687827D-02
 -0.573862021980D-02  0.365927117647D-03  0.501908171362D+00 -0.738773212820D-02
 -0.513873644684D-03 -0.147368092662D-02  0.834345992705D-04 -0.150246739760D-02
  0.958730599332D-03 -0.255914407195D-02  0.115919951517D-03 -0.326333032573D-02
  0.107384742054D-03 -0.149197636541D-02  0.986879926566D-03 -0.272836424670D-02
  0.113848830621D-03 -0.329727021488D-02 -0.822235061158D-02 -0.513701228804D-03
 -0.145688632631D-02  0.447145008237D-03  0.597321500736D-02  0.424159344626D-03
  0.388418523196D+00 -0.279671146962D-02 -0.193163371567D-03 -0.953673815738D-03
 -0.285392841282D-03 -0.778286969594D-03  0.177929533408D-02 -0.863282213693D-03
  0.569372142743D-03 -0.136985376416D-02 -0.277858698434D-03 -0.773956068085D-03
  0.179214297010D-02 -0.904678263425D-03  0.561184773217D-03 -0.135824502189D-02
 -0.304991808963D-02 -0.188029341988D-03 -0.952080302109D-03  0.122643034297D-02
  0.150413668152D-02  0.123006950334D-02  0.142606348228D-02  0.385403119973D+00
  0.000000000000D+00  0.000000000000D+00  0.000000000000D+00  0.000000000000D+00
  0.000000000000D+00  0.000000000000D+00  0.000000000000D+00  0.000000000000D+00
  0.000000000000D+00  0.000000000000D+00  0.000000000000D+00  0.000000000000D+00
  0.000000000000D+00  0.000000000000D+00  0.000000000000D+00  0.000000000000D+00
  0.000000000000D+00  0.000000000000D+00  0.000000000000D+00  0.000000000000D+00
  0.000000000000D+00  0.000000000000D+00  0.000000000000D+00  0.000000000000D+00
$end
