$coord
    0.00005250846487     -1.10886799808982     -4.23003333433801  h
    0.00000004435183     -1.20299227187012     -2.41327409863472  o
   -0.00000041285063      1.30398565375872     -1.46404328895638  c
   -1.67023684143084      2.33271250281475     -2.13442349078748  h
    1.67023432627882      2.33271397082157     -2.13442446084530  h
    0.00000178538970      1.30398566234424      1.46404328189086  c
    1.67023748113672      2.33271382878942      2.13442311264958  h
   -1.67023368846803      2.33271266913819      2.13442482104254  h
    0.00000366783988     -1.20299226103513      2.41327410206018  o
   -0.00002557315499     -1.10886798480802      4.23003334075448  h
$user-defined bonds
$intdef
# definitions of internal coordinates
   1 f  1.0000000000000 tors    2    3    6    9 val=  -0.00000
$redundant
     number_of_atoms            10
     degrees_of_freedom         24
     internal_coordinates       25
     frozen_coordinates          1
# definitions of redundant internals
   1 k  1.0000000000000 tors   1    2    3    6 val= 180.00178
   2 k  1.0000000000000 stre   2    1           val=   1.81920
   3 k  1.0000000000000 bend   3    1    2      val= 107.77267
   4 k  1.0000000000000 stre   3    5           val=   2.07301
   5 k  1.0000000000000 stre   3    4           val=   2.07301
   6 k  0.0684164595886 bend   4    5    3      val=   0.69240
       -0.5085938942846 bend   2    5    3
       -0.5085930656923 bend   2    4    3
        0.4888682179778 bend   6    5    3
        0.4888684871565 bend   6    4    3
   7 k  0.0000005739924 bend   4    5    3      val=   0.00001
       -0.5480060314001 bend   2    5    3
        0.5480064138640 bend   2    4    3
       -0.4468663816620 bend   6    5    3
        0.4468655243505 bend   6    4    3
   8 k  0.8966419922734 bend   4    5    3      val=   0.27631
       -0.1835085023847 bend   2    5    3
       -0.1835095829212 bend   2    4    3
       -0.2536552000039 bend   6    5    3
       -0.2536553562050 bend   6    4    3
   9 k -0.0000002922956 bend   4    5    3      val=   0.00003
        0.4468659633040 bend   2    5    3
       -0.4468659427083 bend   2    4    3
       -0.5480059636355 bend   6    5    3
        0.5480064816292 bend   6    4    3
  10 k  1.0000000000000 stre   6    8           val=   2.07301
  11 k  1.0000000000000 stre   6    7           val=   2.07301
  12 k  0.0684164481827 bend   7    8    6      val=   0.69240
       -0.5085936152136 bend   9    8    6
       -0.5085933437386 bend   9    7    6
        0.4888680479185 bend   3    8    6
        0.4888686598782 bend   3    7    6
  13 k  0.0000003061369 bend   7    8    6      val=   0.00003
        0.5480060692961 bend   9    8    6
       -0.5480063679616 bend   9    7    6
        0.4468662129843 bend   3    8    6
       -0.4468657028473 bend   3    7    6
  14 k  0.8966419935830 bend   7    8    6      val=   0.27631
       -0.1835090203344 bend   9    8    6
       -0.1835090751047 bend   9    7    6
       -0.2536555293816 bend   3    8    6
       -0.2536550148682 bend   3    7    6
  15 k -0.0000002573241 bend   7    8    6      val=   0.00002
        0.4468661564288 bend   9    8    6
       -0.4468657594029 bend   9    7    6
       -0.5480062130187 bend   3    8    6
        0.5480062242389 bend   3    7    6
  16 k  1.0000000000000 tors  10    9    6    3 val= 180.00101
  17 k  1.0000000000000 stre   9   10           val=   1.81920
  18 k  1.0000000000000 bend   6   10    9      val= 107.77267
  19 k  1.0000000000000 tors   2    3    6    9 val=  -0.00000
  20 k  1.0000000000000 stre   3    2           val=   2.68067
  21 k  1.0000000000000 bend   6    2    3      val= 110.73844
  22 k  1.0000000000000 stre   6    9           val=   2.68067
  23 k  1.0000000000000 bend   3    9    6      val= 110.73844
  24 k  1.0000000000000 stre   3    6           val=   2.92809
  25 f  1.0000000000000 tors   2    3    6    9 val=  -0.00000
        24 non zero eigenvalues  of BmBt
           1           4.657887155    1    0
         1
           2           3.813031518    2    0
         2
           3           3.693278863    3    0
         3
           4           3.061839440    4    0
         4
           5           2.639516827    5    0
         5
           6           2.483941234    6    0
         6
           7           2.097926706    7    0
         7
           8           1.757710306    8    0
         8
           9           1.228905786    9    0
         9
          10           1.209447882   10    0
        10
          11           1.041917206   11    0
        11
          12           0.834056162   12    0
        12
          13           0.751761290   13    0
        13
          14           0.725145967   14    0
        14
          15           0.699574828   15    0
        15
          16           0.385825434   16    0
        16
          17           0.348949064   17    0
        17
          18           0.291907787   18    0
        18
          19           0.247234002   20    0
        20
          20           0.230009154   21    0
        21
          21           0.221727559   22    0
        22
          22           0.066231113   23    0
        23
          23           0.053480129   24    0
        24
          24           0.000000000    0    1
         0.000000000         0.000000000         0.000000000         0.000000000
         0.000000000         0.000000000         0.000000000         0.000000000
         0.000000000         0.000000000         0.000000000         0.000000000
         0.000000000         0.000000000         0.000000000         0.000000000
         0.000000000         0.000000000         0.000000000         0.000000000
         0.000000000         0.000000000         0.000000000         0.000000000
         1.000000000
$end
