$energy      SCF               SCFKIN            SCFPOT
     1 -230.2092086193      229.3442101016     -459.5534187209
     2 -230.2119734253      229.2513184532     -459.4632918785
     3 -230.2123282680      229.2746679637     -459.4869962317
     4 -230.2123573457      229.2824527163     -459.4948100620
     5 -230.2123596460      229.2796658973     -459.4920255433
     6 -230.2123597301      229.2793487818     -459.4917085120
     7 -230.2123597375      229.2792909739     -459.4916507114
     8 -230.2123597375      229.2792906528     -459.4916503903
     9 -230.2123597381      229.2792690205     -459.4916287586
    10 -230.2123597383      229.2792687043     -459.4916284426
    11 -230.2123597383      229.2792816335     -459.4916413718
    12 -230.2123597383      229.2792907892     -459.4916505275
    13 -230.2123597384      229.2792914538     -459.4916511922
$end
