$grad          cartesian gradients
  cycle =      1    SCF energy =     -230.2092086193   |dE/dxyz| =  0.025627
    0.00003761990234     -1.27961348305739     -4.04374205227085      h
   -0.00000858990196     -1.22681595876041     -2.22657496992166      o
   -0.00001557963028      1.34677254648616     -1.43183417040522      c
   -1.67933611597159      2.35210779199061     -2.11456659064161      h
    1.67912260745816      2.35223252783376     -2.11483629483636      h
    0.00001616974261      1.34677266576063      1.43183315909895      c
    1.67932080930960      2.35212881980011      2.11458024073275      h
   -1.67913833513054      2.35221349899334      2.11481703905528      h
    0.00004078201331     -1.22681513679905      2.22657604049646      o
   -0.00052459939198     -1.27960957420779      4.04374271574704      h
  -.51465672913885D-07  -.20642004286567D-02  0.13859637065857D-02
  -.16611938319486D-05  -.50538732980080D-02  0.10329895927356D-01
  0.16028327616216D-04  0.51594889932997D-02  0.12029659716824D-01
  -.82654210207298D-03  0.97996218299332D-03  0.27732575294923D-02
  0.82584510370442D-03  0.98187190168028D-03  0.27620298278637D-02
  -.16584091435809D-04  0.51592351008594D-02  -.12029488704042D-01
  0.82687342211505D-03  0.97994497672736D-03  -.27727793959583D-02
  -.82556350053355D-03  0.98194292141768D-03  -.27626896722285D-02
  0.25432273103759D-05  -.50539961429911D-02  -.10329662695244D-01
  -.88936418375957D-06  -.20641213079569D-02  -.13861862472448D-02
  cycle =      2    SCF energy =     -230.2119734253   |dE/dxyz| =  0.008585
    0.00000832000371     -1.09375476876056     -4.30481761481447      h
   -0.00003445196037     -1.22380310570164     -2.48947557132801      o
   -0.00002704620635      1.26102487368849     -1.46692129592852      c
   -1.66365818254787      2.30058324797854     -2.13507989685826      h
    1.66350804400026      2.30063222701995     -2.13522216681778      h
    0.00000926783527      1.26102560426104      1.46692020920881      c
    1.66363208034294      2.30059264347131      2.13508976846713      h
   -1.66353445534435      2.30062545245375      2.13520749875092      h
    0.00002717572461     -1.22380153380716      2.48947620732504      o
   -0.00041598344817     -1.09375094256375      4.30481797904992      h
  -.99297295732808D-08  -.10801061774397D-02  -.91248122016876D-03
  -.52352274834629D-06  0.65900601674892D-03  -.47282979182753D-02
  0.82064418196372D-05  0.63950161272852D-03  0.29661667170253D-02
  0.61693284179856D-03  -.11078682840205D-03  -.10132511967246D-02
  -.61913722912166D-03  -.11140785193044D-03  -.10175250597140D-02
  -.82495198134933D-05  0.63940913388607D-03  -.29660383621735D-02
  -.61684336874221D-03  -.11084496718062D-03  0.10136179861770D-02
  0.61919808626806D-03  -.11134149644191D-03  0.10170721079382D-02
  0.97448008338924D-06  0.65897852425477D-03  0.47282959099081D-02
  -.54871029949794D-06  -.10800576533490D-02  0.91244108837065D-03
  cycle =      3    SCF energy =     -230.2123282680   |dE/dxyz| =  0.003723
   -0.00000513183403     -1.12323137178740     -4.24889555619720      h
   -0.00005341855583     -1.22446381704812     -2.43275807657945      o
   -0.00003322387301      1.27685444721713     -1.46289709249067      c
   -1.66855837544574      2.30776171736642     -2.13353236530127      h
    1.66845051338971      2.30776138357520     -2.13361839780834      h
   -0.00000172006417      1.27685532688447      1.46289587225468      c
    1.66852879353137      2.30775055835747      2.13353899261072      h
   -1.66848028759645      2.30777541268622      2.13360710300475      h
   -0.00000102854985     -1.22446216614368      2.43275864787390      o
   -0.00033135260233     -1.12322779306773      4.24889598968765      h
  -.14970665881603D-07  -.47729700203161D-03  -.56799405374212D-04
  0.31525920009867D-07  0.29910625948757D-03  -.16837211766115D-02
  0.39853164018590D-05  0.35273077776536D-03  0.18577059614543D-02
  0.15115399550855D-03  -.87941054039842D-04  -.26192913468435D-03
  -.15264195881407D-03  -.88834416556873D-04  -.26400211819623D-03
  -.41932035019730D-05  0.35267477527920D-03  -.18576248925649D-02
  -.15107766917634D-03  -.88001943269706D-04  0.26219990696214D-03
  0.15270102142921D-03  -.88768974564392D-04  0.26367616110023D-03
  0.44471095955589D-06  0.29908643337540D-03  0.16837023419859D-02
  -.38972142544129D-06  -.47726648209542D-03  0.56792403869325D-04
  cycle =      4    SCF energy =     -230.2123573457   |dE/dxyz| =  0.000733
   -0.00001350218636     -1.13522077380150     -4.22433904172067      h
   -0.00007321815047     -1.22505320848895     -2.40755765222567      o
   -0.00003782173224      1.28346093237518     -1.46290537250483      c
   -1.67058428984503      2.31076841859203     -2.13483954988885      h
    1.67052031581490      2.31072681654103     -2.13486736406446      h
   -0.00001913788646      1.28346198442951      1.46290401022261      c
    1.67054947102273      2.31073167564930      2.13484225008442      h
   -1.67055519483044      2.31076670598674      2.13486017661575      h
   -0.00004246942510     -1.22505142937101      2.40755817242971      o
   -0.00022938438186     -1.13521742387235      4.22433948810676      h
  0.12366316218422D-07  -.50814025563854D-04  0.10228027484101D-03
  0.21835954009341D-06  0.92531054239019D-04  0.17852751070047D-03
  0.28708998866083D-06  0.33081812659742D-04  0.45670794052682D-03
  -.38541663556792D-04  -.37740811437806D-04  0.11906628824855D-05
  0.38145152162563D-04  -.38198508511736D-04  0.88926761644204D-06
  -.48215941042543D-06  0.33067349142443D-04  -.45668285862445D-03
  0.38571125434339D-04  -.37757461374611D-04  -.10349391755477D-05
  -.38120759228404D-04  -.38180987707750D-04  -.10597358355888D-05
  0.12669981852024D-06  0.92523081105641D-04  -.17853949763688D-03
  -.21721567961931D-06  -.50802437220718D-04  -.10227859197042D-03
  cycle =      5    SCF energy =     -230.2123596460   |dE/dxyz| =  0.000251
   -0.00001322099196     -1.13194260128224     -4.22937570999307      h
   -0.00007797806699     -1.22540936706651     -2.41261557400615      o
   -0.00003796312243      1.28175900316158     -1.46380526626786      c
   -1.67023257324176      2.31016223319782     -2.13487576554353      h
    1.67018040301714      2.31011287614316     -2.13488930790277      h
   -0.00002701551397      1.28176009440306      1.46380386958461      c
    1.67019575133607      2.31011641126168      2.13487687109193      h
   -1.67021725238436      2.31016191357676      2.13488374121880      h
   -0.00005993441041     -1.22540755047152      2.41261609648700      o
   -0.00019544822166     -1.13193931488381      4.22937616238581      h
  0.26329232751131D-07  -.20924347011370D-04  0.12012484291671D-04
  0.11543390977911D-06  0.37008002934073D-04  -.84350335321899D-05
  -.12189462985964D-06  0.10627334796298D-04  0.16285426423639D-03
  -.35248477595976D-05  -.13944154480363D-04  -.34125517374758D-04
  0.34108620334095D-05  -.14097016735712D-04  -.34231075346856D-04
  -.27081092388787D-07  0.10623259454410D-04  -.16284422351643D-03
  0.35239847261863D-05  -.13936037415984D-04  0.34223672737487D-04
  -.34137896367240D-05  -.14105035375213D-04  0.34125112557071D-04
  0.15248353176873D-06  0.37003036680794D-04  0.84288194415363D-05
  -.14268077510217D-06  -.20920602470034D-04  -.12008459229498D-04
  cycle =      6    SCF energy =     -230.2123597301   |dE/dxyz| =  0.000042
   -0.00001307550283     -1.13159545437061     -4.22969302461041      h
   -0.00008202925983     -1.22560220811059     -2.41292788407156      o
   -0.00003734584585      1.28152157315891     -1.46399969363062      c
   -1.67024617917202      2.31020780642016     -2.13453128975377      h
    1.67020636761504      2.31015038932762     -2.13453126312632      h
   -0.00003619995473      1.28152269059102      1.46399827626005      c
    1.67020721322873      2.31015210859709      2.13453097191639      h
   -1.67024533734666      2.31020934368500      2.13452716447576      h
   -0.00008014062049     -1.22560036051713      2.41292839725540      o
   -0.00015850474168     -1.13159219074150      4.22969346233986      h
  0.39498339648858D-07  0.49867735523137D-05  0.25635385497031D-05
  0.73930625416359D-09  -.14969847617196D-04  0.16832279177172D-04
  -.16297280122242D-06  0.62284210383909D-05  0.15773212070594D-04
  0.76480874838201D-07  0.11869583369483D-05  -.40169126344550D-05
  -.98607185611438D-07  0.12324183929178D-05  -.39986629297767D-05
  0.78903514012903D-07  0.62276452347936D-05  -.15772898789742D-04
  -.11116461574968D-06  0.12231624718233D-05  0.40611851581742D-05
  0.63808687776010D-07  0.11954905701423D-05  0.39537869454396D-05
  0.15980450725522D-06  -.14970396927638D-04  -.16830879480082D-04
  -.47814098271392D-07  0.49873942611936D-05  -.25646085448416D-05
  cycle =      8    SCF energy =     -230.2123597375   |dE/dxyz| =  0.000020
    0.00005647931614     -1.10886853218823     -4.22995072130932      h
   -0.00000459434745     -1.20301753941382     -2.41319085453761      o
   -0.00000264842018      1.30400816533135     -1.46402549947395      c
   -1.67022940054890      2.33272085161071     -2.13445390100353      h
    1.67022015400613      2.33272291626734     -2.13445926526736      h
    0.00000280626292      1.30400816507753      1.46402549815776      c
    1.67022787251611      2.33272255285647      2.13445539051091      h
   -1.67022168437085      2.33272120940253      2.13445777441270      h
    0.00000439674691     -1.20301753885907      2.41319085560975      o
   -0.00005216530856     -1.10886852290630      4.22995072132263      h
  0.22500972529948D-07  0.34532028824996D-05  0.39389881559847D-06
  0.19418540868364D-06  -.10025777813230D-04  0.47420567200995D-05
  -.11851259703694D-06  0.39272284270750D-05  0.68534747387441D-05
  0.92044134501138D-06  0.53414680676388D-06  -.15174237977540D-05
  -.11202544109144D-05  0.76923818632784D-06  -.15007338553376D-05
  0.17884419823169D-07  0.39215958014360D-05  -.68462541227145D-05
  -.11045601883574D-05  0.75508546471655D-06  0.15201281130003D-05
  0.93463637322909D-06  0.54633160124693D-06  0.15018141168899D-05
  0.26281371693407D-06  -.10024704355717D-04  -.47544109145189D-05
  -.91364197414942D-08  0.34485410714041D-05  -.39254750550075D-06
  cycle =      9    SCF energy =     -230.2123597381   |dE/dxyz| =  0.000011
    0.00006694464113     -1.10883092584232     -4.23003962485889      h
   -0.00001190812517     -1.20300460275761     -2.41328071013419      o
   -0.00000488731103      1.30398384612459     -1.46403840425393      c
   -1.67023092002184      2.33271155735302     -2.13444470072815      h
    1.67022252506182      2.33270601572846     -2.13444834525321      h
   -0.00000119853458      1.30398383290043      1.46403838741758      c
    1.67022769103104      2.33270572697008      2.13444623833407      h
   -1.67022574974730      2.33271180479551      2.13444678586721      h
   -0.00000582756450     -1.20300461590804      2.41328073197621      o
   -0.00003545357730     -1.10883091218561      4.23003964005527      h
  0.78406962311718D-07  0.18658291378117D-05  -.53238000967074D-06
  -.11459268256832D-06  -.52798573487060D-05  0.73140321995794D-08
  0.16544846003281D-07  0.21322861272606D-05  0.40122168123182D-05
  0.75173242305229D-06  -.64193409059414D-07  -.17159015280254D-05
  -.79993154393786D-06  -.31355384156135D-08  -.17335265826925D-05
  0.97080748855879D-07  0.21323934786837D-05  -.40167451049661D-05
  -.79032199790549D-06  -.11155402344507D-07  0.17737741483446D-05
  0.76255920009261D-06  -.58237788591046D-07  0.16754031478664D-05
  -.23742560896849D-07  -.52819358905943D-05  0.68637693041193D-09
  0.22177623925065D-07  0.18649124231656D-05  0.52915558437369D-06
  cycle =     11    SCF energy =     -230.2123597383   |dE/dxyz| =  0.000005
    0.00006035928160     -1.10884853146544     -4.23004355345591      h
   -0.00000463530503     -1.20299740693018     -2.41328448511377      o
   -0.00000216618766      1.30398201042241     -1.46404091695039      c
   -1.67023579459940      2.33270814074906     -2.13443013872931      h
    1.67022971020279      2.33270765534982     -2.13443379384806      h
    0.00000212019677      1.30398201483729      1.46404090622063      c
    1.67023586100836      2.33270741506645      2.13443053340178      h
   -1.67022964568143      2.33270838069280      2.13443337892912      h
    0.00000243025235     -1.20299740159592      2.41328449400864      o
   -0.00002494161104     -1.10884850526249      4.23004356037300      h
  0.34462388865728D-07  0.60046425012839D-06  -.32741383613781D-06
  -.26763005813027D-07  -.22915623870167D-05  -.42297016331454D-06
  -.13758603413644D-07  0.10747140071124D-05  0.24449316668017D-05
  0.17542820933992D-06  -.38537261679470D-06  -.77814396468861D-06
  -.22784210875417D-06  -.34974436189211D-06  -.78153217126391D-06
  0.71891192417217D-07  0.10763065051174D-05  -.24487926757606D-05
  -.21486554794946D-06  -.35515072778265D-06  0.79466091365066D-06
  0.18798149446415D-06  -.38098896597113D-06  0.76700207503663D-06
  -.66863415800461D-08  -.22929448354423D-05  0.42522574562940D-06
  0.20187139763537D-07  0.60045021471860D-06  0.32703229201646D-06
  cycle =     12    SCF energy =     -230.2123597383   |dE/dxyz| =  0.000004
    0.00005695978446     -1.10886191549899     -4.23003186401027      h
   -0.00000262341401     -1.20299513586716     -2.41327258632786      o
   -0.00000140819118      1.30398601196528     -1.46404110715439      c
   -1.67023684973283      2.33271126390776     -2.13442680440428      h
    1.67023227264861      2.33271163657242     -2.13442926603741      h
    0.00000201348609      1.30398601965390      1.46404110382145      c
    1.67023716415405      2.33271145233259      2.13442685411397      h
   -1.67023196075551      2.33271146060222      2.13442919611019      h
    0.00000301674825     -1.20299512755487      2.41327259111776      o
   -0.00002528717061     -1.10886189424935      4.23003186760657      h
  0.21898809349588D-07  0.23540108536264D-06  -.92282671731425D-07
  -.20122899920777D-07  -.16442094196623D-05  0.18232159157899D-06
  -.24994196545864D-08  0.76698488225283D-06  0.16259707782310D-05
  0.36796795274745D-07  -.35949557861133D-06  -.36141571446336D-06
  -.74041701705584D-07  -.35003157833586D-06  -.34108677851468D-06
  0.75101753534182D-07  0.76858627245318D-06  -.16227485545130D-05
  -.66530663576696D-07  -.35327600917864D-06  0.36298521881990D-06
  0.45368842173555D-07  -.35787012232197D-06  0.33735769695275D-06
  -.17809547509373D-07  -.16452060231268D-05  -.18175968512932D-06
  0.18925576682106D-08  0.23626191721000D-06  0.90658908104523D-07
$end
