$hessapprox internal
  0.148455058565D-01 -0.223152116433D-03  0.617867832545D+00  0.112075836094D-02
  0.613584472868D-02  0.340929733847D+00 -0.209882075872D-04 -0.792074869197D-04
  0.579291051959D-03  0.421730248267D+00 -0.414245409846D-04 -0.284243619180D-03
  0.124937588735D-02 -0.265036787511D-04  0.421696369117D+00 -0.109248205577D-02
 -0.532669080650D-02  0.311511701506D-01 -0.506679539316D-03 -0.127480535968D-02
  0.314423957007D+00  0.380399836187D-04  0.218413184192D-03 -0.111198003916D-02
  0.205619163428D-04  0.415216215052D-04  0.107912441241D-02  0.345037139176D+00
  0.546925769017D-03  0.215292083386D-02 -0.151692506839D-01  0.208121507868D-03
  0.682916678573D-03  0.133943338893D-01 -0.536469222115D-03  0.313614073496D+00
 -0.123937534449D-04 -0.135674560715D-03  0.415768137638D-03 -0.124172214064D-04
 -0.791320391235D-05 -0.490171206145D-03  0.127942738935D-04  0.312046516465D-03
  0.341211797101D+00 -0.314240151619D-04 -0.190674607859D-03  0.927077592470D-03
 -0.178940726055D-04 -0.334081811619D-04 -0.913455836545D-03  0.313146202060D-04
  0.464969857875D-03 -0.923951842853D-05  0.421712104117D+00 -0.301361367517D-04
 -0.157338753988D-03  0.867927724903D-03 -0.148987042114D-04 -0.342602075150D-04
 -0.821196079662D-03  0.298439820372D-04  0.391614160187D-03 -0.121718791299D-04
 -0.250424168644D-04  0.421714614730D+00 -0.109318329059D-02 -0.532026021905D-02
  0.311630008592D-01 -0.506131769841D-03 -0.127648087928D-02 -0.289570472120D-01
  0.107974480891D-02  0.133819750974D-01 -0.491763689594D-03 -0.914189193835D-03
 -0.821349364841D-03  0.314429310402D+00  0.435913965252D-04  0.292856134783D-03
 -0.130954338673D-02  0.273355789626D-04  0.438762111552D-04  0.132805020641D-02
 -0.436476576291D-04 -0.705329004205D-03  0.913874080354D-05  0.352490995538D-04
  0.358148828676D-04  0.132967854846D-02  0.345028291159D+00  0.546365009298D-03
  0.214366100272D-02 -0.151478519508D-01  0.207283049340D-03  0.682830293068D-03
  0.133654512299D-01 -0.535867441327D-03 -0.559171265210D-02  0.312641535653D-03
  0.464598405421D-03  0.390944982437D-03  0.133529531199D-01 -0.705161389139D-03
  0.313655657588D+00 -0.288562267661D-04 -0.193146974589D-03  0.866286504606D-03
 -0.180319622250D-04 -0.291070128017D-04 -0.877593967345D-03  0.288882227044D-04
  0.465385450937D-03 -0.614236620207D-05 -0.233445471721D-04 -0.236812589597D-04
 -0.878656468516D-03  0.309466138534D-04  0.465265724664D-03  0.341187073861D+00
  0.138466684963D-05  0.422294273195D-07 -0.339213903920D-04  0.475517109669D-07
  0.219967278442D-05  0.222929444566D-04 -0.131851379414D-05 -0.270230135364D-05
  0.149167916732D-05  0.125791259817D-05  0.786198862208D-06  0.221450978139D-04
 -0.221174372066D-05 -0.258342532391D-05  0.145233505036D-05  0.148838258732D-01
 -0.222271636598D-03 -0.803639215929D-03  0.610570088607D-02 -0.782604620780D-04
 -0.283745155825D-03 -0.529029554720D-02  0.217498880057D-03  0.212919495983D-02
 -0.136067994292D-03 -0.190029138993D-03 -0.156446255729D-03 -0.528373605083D-02
  0.292264560619D-03  0.211988388132D-02 -0.192747705796D-03 -0.757936343491D-07
  0.617888611793D+00  0.112159878846D-02  0.614731886078D-02 -0.325439520291D-01
  0.580334616583D-03  0.124971457367D-02  0.311892936883D-01 -0.111286430969D-02
 -0.151952488529D-01  0.415188231599D-03  0.927670184006D-03  0.868839409495D-03
  0.312012813910D-01 -0.130998395939D-02 -0.151739183523D-01  0.866587773598D-03
 -0.340599785194D-04  0.611722606466D-02  0.340869646502D+00 -0.966102982247D-03
 -0.526106762509D-02  0.280039515290D-01 -0.496864779555D-03 -0.107941638939D-02
 -0.267922444025D-01  0.958329970628D-03  0.130162734169D-01 -0.362038737826D-03
 -0.799567752058D-03 -0.747095126413D-03 -0.268018373828D-01  0.113104933186D-02
  0.129974831910D-01 -0.748169345742D-03  0.287782133703D-04 -0.523478246692D-02
  0.280302571542D-01  0.479759354090D+00 -0.535268833964D-03  0.305988688818D-02
  0.105630702113D-01  0.254268624981D-03 -0.111806027576D-02 -0.200967795609D-02
  0.487126735801D-03 -0.550036789277D-02 -0.975732426909D-03 -0.532190999148D-03
 -0.187170016590D-03 -0.188622874235D-02  0.109731829514D-02 -0.558404300229D-02
 -0.717334986507D-03 -0.824189216607D-04  0.313847526689D-02  0.106580333956D-01
 -0.874982298462D-02  0.446301788253D+00 -0.966850787184D-03 -0.525949981184D-02
  0.280209526908D-01 -0.496749480661D-03 -0.108074278582D-02 -0.268008671139D-01
  0.959030378881D-03  0.130143485992D-01 -0.363050696930D-03 -0.800270846552D-03
 -0.747459354013D-03 -0.268103459680D-01  0.113236910947D-02  0.129954746684D-01
 -0.749034311027D-03  0.287076352447D-04 -0.523313386907D-02  0.280473545633D-01
 -0.241322722984D-01 -0.868516758501D-02  0.479730777589D+00 -0.536007184193D-03
  0.306448373402D-02  0.105773292217D-01  0.254652692080D-03 -0.111963525690D-02
 -0.201164233722D-02  0.487795919905D-03 -0.550875516322D-02 -0.977127138375D-03
 -0.532930717233D-03 -0.187413927569D-03 -0.188801473349D-02  0.109886155888D-02
 -0.559255030530D-02 -0.718343537061D-03 -0.825388011005D-04  0.314318454716D-02
  0.106724284577D-01 -0.876160218558D-02  0.709211783448D-01 -0.869685303190D-02
  0.446506834954D+00  0.524195744518D-03  0.668212214152D-02 -0.183672506350D-01
  0.608834316605D-03  0.252552058077D-03  0.227591476700D-01 -0.548059844601D-03
 -0.152059828322D-01 -0.300131468834D-03  0.376698740644D-03  0.550629006619D-03
  0.228468409386D-01 -0.312181276663D-03 -0.152427217295D-01  0.211961686965D-03
 -0.786277934732D-04  0.670887555242D-02 -0.183300256531D-01  0.160410865218D-01
  0.532206576151D-01  0.160953528115D-01  0.532968604295D-01  0.367479987720D+00
  0.000000000000D+00  0.000000000000D+00  0.000000000000D+00  0.000000000000D+00
  0.000000000000D+00  0.000000000000D+00  0.000000000000D+00  0.000000000000D+00
  0.000000000000D+00  0.000000000000D+00  0.000000000000D+00  0.000000000000D+00
  0.000000000000D+00  0.000000000000D+00  0.000000000000D+00  0.000000000000D+00
  0.000000000000D+00  0.000000000000D+00  0.000000000000D+00  0.000000000000D+00
  0.000000000000D+00  0.000000000000D+00  0.000000000000D+00  0.000000000000D+00
$end
