$coord
    0.76736368456399     -0.79468795144645     -4.50680160641220  h
   -0.38595530679178     -0.66060214242615     -3.10191921327576  o
    0.85004572079960      0.73428290379037     -1.15662509343535  c
    1.21979019364763      2.66774996719386     -1.79311697357863  h
    2.64542799986335     -0.13879622919557     -0.62097342385901  h
   -0.85003085668434      0.73430014066598      1.15662571017237  c
   -1.21973831667612      2.66777486948101      1.79311597066869  h
   -2.64542975783564     -0.13874495702186      0.62097473002040  h
    0.38594357180766     -0.66060645927584      3.10192126387528  o
   -0.76737687757181     -0.79466669247512      4.50680488559385  h
$intdef
# definitions of internal coordinates
   1 f  1.0000000000000 tors    2    3    6    9 val= 114.00000
$user-defined bonds
$redundant
     number_of_atoms            10
     degrees_of_freedom         24
     internal_coordinates       25
     frozen_coordinates          1
# definitions of redundant internals
   1 k  1.0000000000000 tors   1    2    3    6 val= 185.46927
   2 k  1.0000000000000 stre   2    1           val=   1.82259
   3 k  1.0000000000000 bend   3    1    2      val= 107.71998
   4 k  1.0000000000000 stre   3    5           val=   2.06702
   5 k  1.0000000000000 stre   3    4           val=   2.06885
   6 k  0.0661673205958 bend   4    5    3      val=   0.70721
       -0.5215935398371 bend   2    5    3
       -0.4945864957272 bend   2    4    3
        0.4688702034095 bend   6    5    3
        0.5090255351987 bend   6    4    3
   7 k  0.0167837637891 bend   4    5    3      val=   0.51969
        0.5203468109379 bend   2    5    3
       -0.5529416960955 bend   2    4    3
        0.4753695314224 bend   6    5    3
       -0.4441134888001 bend   6    4    3
   8 k -0.8888681299665 bend   4    5    3      val=   1.61466
        0.1915074365435 bend   2    5    3
        0.1927873632088 bend   2    4    3
        0.2753401231051 bend   6    5    3
        0.2454774907684 bend   6    4    3
   9 k -0.0128158537811 bend   4    5    3      val=   1.81977
        0.4706141640774 bend   2    5    3
       -0.4498039823154 bend   2    4    3
       -0.5343149344021 bend   6    5    3
        0.5390194716610 bend   6    4    3
  10 k  1.0000000000000 stre   6    8           val=   2.06702
  11 k  1.0000000000000 stre   6    7           val=   2.06885
  12 k  0.0661672419729 bend   7    8    6      val=   0.70720
       -0.5215935859887 bend   9    8    6
       -0.4945864504169 bend   9    7    6
        0.4688700711933 bend   3    8    6
        0.5090256639388 bend   3    7    6
  13 k  0.0167838515143 bend   7    8    6      val=   0.51971
        0.5203467217061 bend   9    8    6
       -0.5529417128827 bend   9    7    6
        0.4753696800398 bend   3    8    6
       -0.4441134100557 bend   3    7    6
  14 k -0.8888680962566 bend   7    8    6      val=   1.61467
        0.1915074963615 bend   9    8    6
        0.1927874398786 bend   9    7    6
        0.2753401801107 bend   3    8    6
        0.2454774420108 bend   3    7    6
  15 k -0.0128159056958 bend   7    8    6      val=   1.81978
        0.4706142753079 bend   9    8    6
       -0.4498039512544 bend   9    7    6
       -0.5343149192631 bend   3    8    6
        0.5390194142388 bend   3    7    6
  16 k  1.0000000000000 tors  10    9    6    3 val= 185.46918
  17 k  1.0000000000000 stre   9   10           val=   1.82259
  18 k  1.0000000000000 bend   6   10    9      val= 107.71998
  19 k  1.0000000000000 tors   2    3    6    9 val= 114.00000
  20 k  1.0000000000000 stre   3    2           val=   2.69399
  21 k  1.0000000000000 bend   6    2    3      val= 108.06848
  22 k  1.0000000000000 stre   6    9           val=   2.69399
  23 k  1.0000000000000 bend   3    9    6      val= 108.06848
  24 k  1.0000000000000 stre   3    6           val=   2.87078
  25 f  1.0000000000000 tors   2    3    6    9 val= 114.00000
        24 non zero eigenvalues  of BmBt
           1           3.977797969    1    0
         1
           2           3.884184048    2    0
         2
           3           3.773085722    3    0
         3
           4           3.002049027    4    0
         4
           5           2.950090293    5    0
         5
           6           2.455025470    6    0
         6
           7           2.109760279    7    0
         7
           8           1.717991645    8    0
         8
           9           1.248488913    9    0
         9
          10           1.208629586   10    0
        10
          11           1.040623283   11    0
        11
          12           0.838986548   12    0
        12
          13           0.771778255   13    0
        13
          14           0.736035034   14    0
        14
          15           0.531738960   15    0
        15
          16           0.498703468   16    0
        16
          17           0.351457978   17    0
        17
          18           0.342248523   18    0
        18
          19           0.279934633   20    0
        20
          20           0.255473950   21    0
        21
          21           0.097358483   22    0
        22
          22           0.083816927   23    0
        23
          23           0.067046565   24    0
        24
          24           0.000000000    0    1
         0.000000000         0.000000000         0.000000000         0.000000000
         0.000000000         0.000000000         0.000000000         0.000000000
         0.000000000         0.000000000         0.000000000         0.000000000
         0.000000000         0.000000000         0.000000000         0.000000000
         0.000000000         0.000000000         0.000000000         0.000000000
         0.000000000         0.000000000         0.000000000         0.000000000
         1.000000000
$end
