$energy      SCF               SCFKIN            SCFPOT            MP2
     1 -229.0238292629      228.795184     -457.819013     -.8131323212642
     2 -229.0243415384      228.781513     -457.805854     -.8130520333355
     3 -229.0243503639      228.788376     -457.812726     -.8131504766515
     4 -229.0242349612      228.787329     -457.811564     -.8132789097109
     5 -229.0242027857      228.785733     -457.809936     -.8133117042020
     6 -229.0241962019      228.785480     -457.809676     -.8133184153088
     7 -229.0241962018      228.785480     -457.809676     -.8133184297230
     8 -229.0241966611      228.785515     -457.809712     -.8133180222749
     9 -229.0241967985      228.785564     -457.809761     -.8133178718701
    10 -229.0241967985      228.785562     -457.809759     -.8133178517843
    11 -229.0241963026      228.785518     -457.809714     -.8133183299298
    12 -229.0241960711      228.785510     -457.809706     -.8133185629202
$end
