$grad          cartesian gradients
  cycle =      1 MP2 energy =     -229.8369615842 |dE/dxyz| =  0.009805
    0.67755717885239     -0.69511606600687     -4.55437686897233      h
   -0.38086005579323     -0.66809500552636     -3.07663168214523      o
    0.86176805913760      0.73360409577195     -1.14305684523510      c
    1.21456765620938      2.68862765333172     -1.73089686194428      h
    2.67590698369873     -0.12545135382663     -0.63017740738577      h
   -0.86267903912207      0.73253457521882      1.14304873100758      c
   -1.21794765102230      2.68710118781043      1.73086985325087      h
   -2.67573922022744     -0.12881866997712      0.63014838931236      h
    0.38172389969932     -0.66753005528247      3.07666471099648      o
   -0.67720124973271     -0.69687848172619      4.55400532289593      h
  -.26087524964491D-02  -.43636351772541D-03  0.12175028753743D-02
  0.11025193687804D-02  -.23440876797487D-03  -.66056157769445D-04
  0.16541859488677D-02  -.73445147405815D-03  0.36403761006242D-02
  0.46384192808779D-04  0.16806353374972D-02  0.33731584611489D-02
  0.24822036296150D-02  -.27505497278146D-03  -.11720628472030D-02
  -.16510120940301D-02  -.72922411195631D-03  -.36384583626615D-02
  -.46294809428860D-04  0.16752402857199D-02  -.33732720293742D-02
  -.24871407181490D-02  -.27922592108443D-03  0.11695421861366D-02
  -.10992615242271D-02  -.23275877535411D-03  0.65906792796611D-04
  0.26071685015683D-02  -.43438814591334D-03  -.12166370193043D-02
  cycle =      2 MP2 energy =     -229.8373935717 |dE/dxyz| =  0.004690
    0.71444124911285     -0.72210952607480     -4.55158327719540      h
   -0.38749303847329     -0.65299063551590     -3.10232319788772      o
    0.84822449965194      0.74099311109425     -1.15937957578416      c
    1.20494413084239      2.68658732539148     -1.77037591809134      h
    2.65757774877847     -0.11886894081215     -0.65002084346843      h
   -0.84920497803223      0.73987640809455      1.15935201281214      c
   -1.20834534570475      2.68498298322467      1.77047696865714      h
   -2.65748444539773     -0.12219658911441      0.64991170479862      h
    0.38823449085650     -0.65268162224874      3.10222056038005      o
   -0.71379774993448     -0.72361463425169      4.55131890755961      h
  -.95340417910261D-03  -.43789155122598D-03  -.50085867347027D-03
  0.11337450780955D-02  0.81273562668116D-03  -.26021569885426D-03
  0.95023901579916D-03  -.13331218907799D-02  0.91474816922654D-03
  0.23762846811470D-03  0.67337792793376D-03  0.13544590369579D-02
  0.50978129708179D-03  0.28462449009670D-03  -.11988644497122D-02
  -.94886478840372D-03  -.13316297407280D-02  -.91402935500717D-03
  -.23836017865464D-03  0.67226619726179D-03  -.13534175837957D-02
  -.51049029648365D-03  0.28413329447741D-03  0.11974446813237D-02
  -.11333897928107D-02  0.81291735400058D-03  0.26022061737230D-03
  0.95311537660070D-03  -.43741173972756D-03  0.50051325393063D-03
  cycle =      3 MP2 energy =     -229.8375008406 |dE/dxyz| =  0.003515
    0.73156606981780     -0.75583858798901     -4.52499739753408      h
   -0.40199058731656     -0.64001690553126     -3.10208370316881      o
    0.84088711638044      0.75259937242032     -1.16387385357682      c
    1.20072684471883      2.68995045598360     -1.79508878467543      h
    2.64451948136465     -0.11305676477171     -0.64759129487889      h
   -0.84191163597350      0.75144862640292      1.16383139273748      c
   -1.20413693996141      2.68829014966988      1.79525283709478      h
   -2.64447274388808     -0.11636512051665      0.64744015107743      h
    0.40266104787413     -0.63984681181146      3.10190255369959      o
   -0.73075209131663     -0.75718653406937      4.52480544100526      h
  -.65085968536938D-04  -.14828918125465D-03  -.40356280175180D-03
  0.28212446034903D-03  0.15322625802421D-02  0.17635962977014D-03
  0.52855268783025D-03  -.16852842891786D-02  0.19095457323293D-03
  0.37959818667721D-04  0.57268421375767D-04  0.24623902419396D-03
  -.16034004783272D-03  0.24397104689911D-03  -.47373998957850D-03
  -.52698815595642D-03  -.16858815520062D-02  -.19168283604754D-03
  -.38563240183698D-04  0.57827418770362D-04  -.24556125989772D-03
  0.16116573728508D-03  0.24451316560881D-03  0.47327303138300D-03
  -.28430905342791D-03  0.15317822415950D-02  -.17562414304173D-03
  0.65483761197083D-04  -.14816986964061D-03  0.40334476962167D-03
  cycle =      4 MP2 energy =     -229.8375138709 |dE/dxyz| =  0.002928
    0.73373454681774     -0.77085229770393     -4.51248329017828      h
   -0.40928721770121     -0.63588645350375     -3.09926491352341      o
    0.83977310413983      0.75862171390515     -1.16378612101354      c
    1.20223944471431      2.69307306933394     -1.80197316068096      h
    2.64080842207543     -0.11131856763462     -0.64226781655113      h
   -0.84081341807572      0.75746642643911      1.16374193717078      c
   -1.20564933733184      2.69140255198912      1.80214174608542      h
   -2.64078053125920     -0.11462120755412      0.64212303557307      h
    0.40995037885632     -0.63572605736131      3.09906751390411      o
   -0.73287883053598     -0.77218129812233      4.51229841099445      h
  0.98730640174516D-05  -.18363325481996D-04  -.31757981428626D-04
  -.38330715790735D-03  0.12972420319262D-02  -.21032836945700D-03
  0.61701894606037D-03  -.13710531859439D-02  0.38157151301554D-03
  -.34963869980364D-05  0.25043756743948D-04  0.10132108088978D-04
  -.15961222229688D-04  0.67165178178508D-04  0.17152874243864D-04
  -.61536010271412D-03  -.13717071403381D-02  -.38158156974322D-03
  0.33047335845637D-05  0.25200481196030D-04  -.99930157748673D-05
  0.16142884049941D-04  0.67181985133447D-04  -.17356409981961D-04
  0.38149439445512D-03  0.12974838076953D-02  0.21041440344405D-03
  -.97091517972103D-05  -.18193628167684D-04  0.31746447750614D-04
  cycle =      5 MP2 energy =     -229.8375144899 |dE/dxyz| =  0.002786
    0.73282926793522     -0.77072627380560     -4.51232026027516      h
   -0.40983383849798     -0.63608251897920     -3.09886167784830      o
    0.84031481010036      0.75924992008153     -1.16340663586888      c
    1.20373844131579      2.69323478132307     -1.80223821380190      h
    2.64067122264983     -0.11204223734694     -0.64129390481678      h
   -0.84135406379898      0.75809847156649      1.16336384848138      c
   -1.20714655569543      2.69156991802746      1.80239679772569      h
   -2.64064170980307     -0.11534470178217      0.64115947281467      h
    0.41050402298475     -0.63590322540892      3.09867250755213      o
   -0.73198503549081     -0.77207625388846      4.51212540781766      h
  -.15705132435428D-04  -.69089949835677D-05  0.11099748228105D-04
  -.52615770629671D-03  0.11110241586385D-02  -.37524473673667D-03
  0.79446143687756D-03  -.11498605538249D-02  0.51944486412514D-03
  0.98054940940173D-05  0.24387599758313D-04  0.16129940917597D-04
  0.28711173818863D-04  0.21515726712495D-04  0.46029328184316D-04
  -.79302714870488D-03  -.11506934333116D-02  -.51935410777182D-03
  -.98151783392009D-05  0.24333036325430D-04  -.16157632001024D-04
  -.28797091672583D-04  0.21433393880388D-04  -.46110008791844D-04
  0.52483008046522D-03  0.11116205593593D-02  0.37523268174411D-03
  0.15694072509564D-04  -.68515308306871D-05  -.11070076544772D-04
  cycle =      6 MP2 energy =     -229.8375146172 |dE/dxyz| =  0.002774
    0.73266249969806     -0.76974843185500     -4.51270621872536      h
   -0.40973065836790     -0.63626182985868     -3.09886600124180      o
    0.84052773313279      0.75929101847027     -1.16325204886180      c
    1.20424916261577      2.69300613270864     -1.80245080822878      h
    2.64052966645046     -0.11265387591988     -0.64138703145757      h
   -0.84156581476548      0.75814058101997      1.16320935620826      c
   -1.20765678066155      2.69134291770732      1.80260627507302      h
   -2.64049785389725     -0.11595635035879      0.64125521594645      h
    0.41040262954573     -0.63607722837529      3.09868009148023      o
   -0.73182402205094     -0.77110505375130      4.51250851158786      h
  -.16922500134520D-05  -.22117891587126D-05  -.20556934856586D-05
  -.55701385805662D-03  0.10602377823323D-02  -.39303969700555D-03
  0.87821760582329D-03  -.10630448548157D-02  0.59821919261738D-03
  0.59366555836826D-05  -.10020746175066D-05  0.39818571129224D-05
  0.24569775480821D-05  0.62484760896542D-05  0.11775324335273D-04
  -.87692269897488D-03  -.10641146134027D-02  -.59832656815229D-03
  -.59134875904920D-05  -.10234145002563D-05  -.40138882386742D-05
  -.24759006160835D-05  0.62468560173556D-05  -.11762091370993D-04
  0.55571012714228D-03  0.10608718884821D-02  0.39315401590923D-03
  0.16968291367547D-05  -.22082939060697D-05  0.20675501191114D-05
  cycle =      7 MP2 energy =     -229.8375146315 |dE/dxyz| =  0.002775
    0.76727752879539     -0.79480883380887     -4.50678171557404      h
   -0.38598242753132     -0.66054687568859     -3.10186529072256      o
    0.85005998960026      0.73433576293412     -1.15666176970850      c
    1.21992656322911      2.66779394137849     -1.79310553406948      h
    2.64541626450334     -0.13868965584428     -0.62078825895840      h
   -0.85005671380105      0.73433957084437      1.15666178990637      c
   -1.21991368577031      2.66779957438217      1.79310544392710      h
   -2.64541735721717     -0.13867716618468      0.62078868147808      h
    0.38597933936946     -0.66054897605976      3.10186513908571      o
   -0.76727933048413     -0.79480149718491      4.50678354943082      h
  -.13849890141415D-05  -.27698312394797D-05  -.19946848417440D-05
  -.55357453261973D-03  0.10610332761836D-02  -.39763668217496D-03
  0.87300453784600D-03  -.10636005290721D-02  0.60507233444917D-03
  0.58719731346191D-05  -.95498545205075D-06  0.39641708031724D-05
  0.23067331906823D-05  0.63262069267545D-05  0.11790444074233D-04
  -.87301002087825D-03  -.10636410660982D-02  -.60506536766336D-03
  -.58559279751957D-05  -.96420834960753D-06  -.39949067445200D-05
  -.23217215869842D-05  0.63199477595699D-05  -.11773798522796D-04
  0.55356892270630D-03  0.10609782564535D-02  0.39761251396531D-03
  0.13950253157091D-05  -.27271044567012D-05  0.20259766699837D-05
  cycle =      8 MP2 energy =     -229.8375146834 |dE/dxyz| =  0.002774
    0.76730589711503     -0.79461555523256     -4.50685787575671      h
   -0.38592980754722     -0.66058880331276     -3.10190084406819      o
    0.85005384333740      0.73428803433998     -1.15664253580869      c
    1.21987074716631      2.66775377880390     -1.79310028666563      h
    2.64542037598259     -0.13875406597295     -0.62085199923350      h
   -0.85004988809809      0.73429284682887      1.15664294127927      c
   -1.21985786888843      2.66776096506271      1.79309869405831      h
   -2.64542046086964     -0.13874163710424      0.62085355673461      h
    0.38592772977526     -0.66058746116625      3.10190257732937      o
   -0.76731039727963     -0.79461225747865      4.50685780692625      h
  -.18686461875639D-05  0.10739083794453D-05  -.19248607063815D-05
  -.54840288636004D-03  0.10576972766794D-02  -.40050720297735D-03
  0.86814861776041D-03  -.10622265247093D-02  0.62186399849695D-03
  0.32047556793868D-05  -.13983362689984D-06  0.15945023605912D-05
  0.71402369528073D-06  0.35994143856577D-05  0.61082548884484D-05
  -.86816064999207D-03  -.10622717587685D-02  -.62187091004462D-03
  -.31942858013112D-05  -.13274353083403D-06  -.16212408957550D-05
  -.72514613957964D-06  0.35928161554732D-05  -.60909564747469D-05
  0.54845907942536D-03  0.10578194280946D-02  0.40056408112221D-03
  0.18251382258860D-05  0.98797932657213D-06  0.18843351128339D-05
  cycle =      9 MP2 energy =     -229.8375146704 |dE/dxyz| =  0.002785
    0.76746636721428     -0.79485900847302     -4.50668715969530      h
   -0.38596065602409     -0.66052073052818     -3.10191921169411      o
    0.85002010996452      0.73435707308577     -1.15662795387174      c
    1.21973753455541      2.66783204192807     -1.79312406461741      h
    2.64541483824549     -0.13872468334988     -0.62102573594514      h
   -0.85001749694911      0.73436025478461      1.15662766064562      c
   -1.21972519261308      2.66783632135469      1.79312628435101      h
   -2.64541656085730     -0.13871184775175      0.62102441299694      h
    0.38595647271218     -0.66052628610514      3.10191694732337      o
   -0.76746524555472     -0.79484729017713      4.50669085530185      h
  0.23277427274593D-06  -.17059817022380D-05  0.76197065634886D-06
  -.54768709700870D-03  0.10606238220259D-02  -.40341351711870D-03
  0.86711697918673D-03  -.10579158635919D-02  0.64711847899901D-03
  -.96681243200170D-06  0.99428671918034D-06  -.10698085790573D-05
  -.38118142109411D-06  -.20154845843390D-05  -.27464727655468D-05
  -.86713657169879D-03  -.10578932569896D-02  -.64711970047893D-03
  0.94279433660027D-06  0.10095876192828D-05  0.11026579804785D-05
  0.41809693618333D-06  -.20083552938477D-05  0.27334273342561D-05
  0.54764789579309D-03  0.10605644544190D-02  0.40338858336586D-03
  -.18687744329782D-06  -.16532462340235D-05  -.75561898649212D-06
  cycle =     10 MP2 energy =     -229.8375146503 |dE/dxyz| =  0.002784
    0.76743570279751     -0.79488557870591     -4.50669058781540      h
   -0.38598246061903     -0.66053842610542     -3.10191621394672      o
    0.85001928758272      0.73433124489172     -1.15663245622824      c
    1.21974707315225      2.66780329469144     -1.79313141569429      h
    2.64541073138076     -0.13876323904631     -0.62103997564108      h
   -0.85000532423975      0.73434760385922      1.15663270841612      c
   -1.21969550768217      2.66782658930200      1.79313263718972      h
   -2.64541369003947     -0.13871177109841      0.62103989515551      h
    0.38596951885577     -0.66054706952645      3.10191560863763      o
   -0.76744527606603     -0.79485919897165      4.50669604969638      h
  0.26764282345937D-07  -.15239082706842D-05  0.57469021497170D-06
  -.54780484540373D-03  0.10606324234326D-02  -.40310907322016D-03
  0.86731946836238D-03  -.10580885548541D-02  0.64701022035707D-03
  -.91017991343811D-06  0.94540618755801D-06  -.10828704970489D-05
  -.38761448140079D-06  -.21299513763839D-05  -.27694634541775D-05
  -.86714927464770D-03  -.10577042260600D-02  -.64700922999972D-03
  0.10420231361108D-05  0.99647924312052D-06  0.11232661842886D-05
  0.36260642355401D-06  -.19554847621173D-05  0.27509633187539D-05
  0.54748799074655D-03  0.10601413974687D-02  0.40308023232516D-03
  0.13061575376838D-07  -.13136188325991D-05  -.56873557774395D-06
  cycle =     11 MP2 energy =     -229.8375146325 |dE/dxyz| =  0.002783
    0.76736618804322     -0.79467658193163     -4.50680947987036      h
   -0.38594737392727     -0.66060669698352     -3.10192217661228      o
    0.85004218814469      0.73427953222614     -1.15662432856366      c
    1.21978323644508      2.66774723430790     -1.79312049743139      h
    2.64542601017390     -0.13880069247308     -0.62098142106606      h
   -0.85002552979038      0.73430050639816      1.15662645508702      c
   -1.21973058167756      2.66777843049720      1.79311287435536      h
   -2.64542551626917     -0.13874943657991      0.62098873555847      h
    0.38594048226724     -0.66059675207375      3.10193112535181      o
   -0.76738904828721     -0.79467209409728      4.50680496296074      h
  -.71636637644090D-06  -.13043764990339D-06  0.76388544378858D-08
  -.55003866727699D-03  0.10560601745437D-02  -.40642615907682D-03
  0.87142405443874D-03  -.10557211013698D-02  0.64513154943313D-03
  -.25654190438651D-06  0.39134997154022D-06  -.46050164415057D-06
  -.23170683816076D-06  -.62802059264122D-06  -.92655121386453D-06
  -.87155645202097D-03  -.10558650594659D-02  -.64508092630600D-03
  0.33528186882403D-06  0.43103436020431D-06  0.46837102263275D-06
  0.19163133035960D-06  -.57664073516150D-06  0.93592683136912D-06
  0.55026732602581D-03  0.10563283879499D-02  0.40637967548918D-03
  0.58144042602848D-06  -.28972451704412D-06  -.29020785774492D-07
  cycle =     12 MP2 energy =     -229.8375146340 |dE/dxyz| =  0.002784
    0.76736368456399     -0.79468795144645     -4.50680160641220      h
   -0.38595530679178     -0.66060214242615     -3.10191921327576      o
    0.85004572079960      0.73428290379037     -1.15662509343535      c
    1.21979019364763      2.66774996719386     -1.79311697357863      h
    2.64542799986335     -0.13879622919557     -0.62097342385901      h
   -0.85003085668434      0.73430014066598      1.15662571017237      c
   -1.21973831667612      2.66777486948101      1.79311597066869      h
   -2.64542975783564     -0.13874495702186      0.62097473002040      h
    0.38594357180766     -0.66060645927584      3.10192126387528      o
   -0.76737687757181     -0.79466669247512      4.50680488559385      h
  -.83939188488813D-07  -.57472700421002D-06  0.19297782483108D-06
  -.55221170844622D-03  0.10560931627959D-02  -.40633286062253D-03
  0.87376976473497D-03  -.10553360503844D-02  0.64349734932145D-03
  -.10975652031675D-06  0.70335044011216D-07  -.19579354804122D-07
  0.67517629709357D-07  -.21563462881957D-06  -.29808738627457D-06
  -.87379938898779D-03  -.10553348685693D-02  -.64348566586381D-03
  0.13277613897245D-06  0.67244802171018D-07  0.88563082423221D-07
  -.40736625184223D-07  -.15477494974547D-06  0.26875638142743D-06
  0.55202991929182D-03  0.10556301683362D-02  0.40611990629458D-03
  0.24555195743403D-06  -.24489279637496D-06  -.31358773355805D-07
$end
