$hessapprox internal
  0.157181239746D-01  0.961983981739D-03  0.614597090080D+00 -0.211475667416D-02
  0.102829099843D-03  0.371022864494D+00  0.345437362352D-03 -0.356050863979D-04
  0.984142422868D-04  0.426652935388D+00 -0.679026337412D-03  0.301371236077D-03
 -0.721107594398D-03  0.139863536020D-03  0.424616632968D+00 -0.213628070508D-02
  0.134106922490D-02 -0.316472076768D-02  0.598544915542D-03 -0.218041132320D-02
  0.337583220216D+00  0.315001469642D-03  0.952241234602D-04 -0.201451728970D-03
  0.299370490291D-04 -0.223184328863D-04 -0.818364080569D-05  0.346984236944D+00
  0.698923719223D-03 -0.556807233465D-03  0.130460721891D-02 -0.243451374891D-03
  0.851906704772D-03  0.331419838232D-02 -0.159596444176D-04  0.319999301768D+00
  0.105189607207D-02 -0.955711280176D-03  0.223188044951D-02 -0.413885834977D-03
  0.142027548272D-02  0.549860116596D-02 -0.426017771446D-04 -0.210850836435D-02
  0.341710329670D+00  0.335087000166D-03 -0.295531988275D-04  0.840973161210D-04
 -0.209433778822D-04  0.129822365391D-03  0.558983051774D-03  0.298270441104D-04
 -0.228113039916D-03 -0.388413410422D-03  0.426658230398D+00 -0.755160262864D-03
  0.288444316433D-03 -0.695423459831D-03  0.136697869584D-03 -0.552924139014D-03
 -0.222220086995D-02 -0.321961916430D-04  0.872042135826D-03  0.145702392494D-02
  0.126478625575D-03  0.424605527708D+00 -0.202106605873D-02  0.137129737804D-02
 -0.322791138712D-02  0.607638478175D-03 -0.218317485863D-02 -0.854752356997D-02
  0.844833321811D-05  0.330093701420D-02  0.547095522048D-02  0.568129719284D-03
 -0.222832538879D-02  0.337622939207D+00 -0.657617872616D-03 -0.118332230680D-03
  0.237070326029D-03 -0.300364720183D-04 -0.478386508614D-04 -0.332007827998D-03
 -0.863742318505D-04  0.163153547342D-03  0.299920139606D-03 -0.314392082643D-04
 -0.316225085855D-04 -0.361474699016D-03  0.347079930108D+00  0.741848477119D-03
 -0.547942423461D-03  0.128653114731D-02 -0.241030521195D-03  0.853690329140D-03
  0.333091977907D-02 -0.101416143131D-04 -0.128359584571D-02 -0.212509356979D-02
 -0.225623770933D-03  0.872704819269D-03  0.331965631759D-02  0.153282548289D-03
  0.319982362080D+00  0.114614652157D-02 -0.938993870986D-03  0.219845535356D-02
 -0.409678643425D-03  0.142741587466D-02  0.554723514037D-02 -0.302607544323D-04
 -0.213228231607D-02 -0.352559973033D-02 -0.384000266097D-03  0.146185345706D-02
  0.552379660561D-02  0.279515245778D-03 -0.214745964497D-02  0.341625999706D+00
  0.653229631677D-03  0.764350091121D-03 -0.171049743961D-02  0.290781779797D-03
 -0.711570677203D-03 -0.247637981066D-02  0.187910784380D-03  0.881611890281D-03
  0.139805390909D-02  0.279053228716D-03 -0.763090666036D-03 -0.240486627920D-02
 -0.440973748849D-03  0.909705397797D-03  0.146140116186D-02  0.141800798007D-01
  0.730816280953D-03 -0.704812642593D-04  0.197157189301D-03 -0.481082816631D-04
  0.290211951348D-03  0.124527379517D-02  0.641006152326D-04 -0.507233001344D-03
 -0.862921681345D-03 -0.424516971973D-04  0.283249283216D-03  0.126482885347D-02
 -0.657843329642D-04 -0.501974366456D-03 -0.853698099563D-03  0.612253922025D-03
  0.614523516615D+00 -0.199278657211D-02  0.121739718197D-03 -0.376953899865D-03
  0.102760041632D-03 -0.708670897655D-03 -0.308996739694D-02 -0.185911096333D-03
  0.126944662986D-02  0.216829086622D-02  0.887648922255D-04 -0.685828153253D-03
 -0.314789105173D-02  0.211922271494D-03  0.125311549404D-02  0.213844806497D-02
 -0.162687171459D-02  0.206790638670D-03  0.370953170426D+00 -0.100284045158D-02
 -0.211255250125D-02  0.476757242920D-02 -0.825284304093D-03  0.219455192054D-02
  0.787611410296D-02 -0.436742171870D-03 -0.286879979513D-02 -0.460873185327D-02
 -0.788226464577D-03  0.232506143503D-02  0.770499195201D-02  0.111078758635D-02
 -0.293848250039D-02 -0.476852979794D-02  0.496408332963D-03 -0.173400763118D-02
  0.455404075416D-02  0.487931813522D+00 -0.452058585228D-02  0.453023871947D-03
 -0.125843084735D-02  0.304460491776D-03 -0.181516448547D-02 -0.777682105273D-02
 -0.393813270275D-03  0.316508623407D-02  0.538245276898D-02  0.269124843615D-03
 -0.177302922690D-02 -0.789666856262D-02  0.399043998322D-03  0.313304016557D-02
  0.532653434540D-02 -0.379751364123D-02  0.618643776250D-03 -0.131647421980D-02
  0.107681644205D-01  0.377169496551D+00 -0.799053841201D-03 -0.207634091544D-02
  0.469515190805D-02 -0.816161162911D-03  0.220991386736D-02  0.798098539634D-02
 -0.410048294897D-03 -0.292009770054D-02 -0.470287362728D-02 -0.778659345009D-03
  0.233542329625D-02  0.781896471075D-02  0.106663823600D-02 -0.298673446850D-02
 -0.485637887829D-02  0.633336982227D-03 -0.171400918045D-02  0.448937174504D-02
 -0.343021281570D-02  0.106469141613D-01  0.487254745196D+00 -0.416842401668D-02
  0.486378238277D-03 -0.131693967259D-02  0.308436666585D-03 -0.175432219438D-02
 -0.746881194312D-02 -0.352297247019D-03  0.302928579933D-02  0.514314370197D-02
  0.274461097981D-03 -0.171922763414D-02 -0.757483982967D-02  0.336248535944D-03
  0.300167712509D-02  0.509615335287D-02 -0.354320949988D-02  0.628493768619D-03
 -0.136423730981D-02  0.100990901010D-01 -0.397224965243D-02  0.999716340030D-02
  0.377082481578D+00  0.183160404977D-02 -0.160377013932D-02  0.374860880714D-02
 -0.696326156738D-03  0.240221115132D-02  0.931254554955D-02 -0.646518703577D-04
 -0.357403558815D-02 -0.590471505568D-02 -0.653196935106D-03  0.246289475877D-02
  0.926834899489D-02  0.494354489725D-03 -0.360120794683D-02 -0.597664767546D-02
  0.239783592312D-02 -0.145152261424D-02  0.364335620880D-02 -0.787563613525D-02
  0.905478802099D-02 -0.803087495889D-02  0.865600199068D-02  0.378765650058D+00
  0.000000000000D+00  0.000000000000D+00  0.000000000000D+00  0.000000000000D+00
  0.000000000000D+00  0.000000000000D+00  0.000000000000D+00  0.000000000000D+00
  0.000000000000D+00  0.000000000000D+00  0.000000000000D+00  0.000000000000D+00
  0.000000000000D+00  0.000000000000D+00  0.000000000000D+00  0.000000000000D+00
  0.000000000000D+00  0.000000000000D+00  0.000000000000D+00  0.000000000000D+00
  0.000000000000D+00  0.000000000000D+00  0.000000000000D+00  0.000000000000D+00
$end
