$coord
    0.34589668006817     -1.08531485360185     -4.25673914747273  h
   -0.28189100785280     -1.09506294908579     -2.55005034920652  o
    0.44907264500188      1.19400970525224     -1.35966624069834  c
   -0.36153523630642      2.85641968739634     -2.30188610701665  h
    2.51580679565224      1.38352818382543     -1.38743926957291  h
   -0.44907369089115      1.19400945453384      1.35966590870375  c
    0.36153467633318      2.85641888153953      2.30188635028425  h
   -2.51580776774997      1.38352855750055      1.38743887157645  h
    0.28188923064408     -1.09506377188286      2.55004933384017  o
   -0.34590001302393     -1.08531682283011      4.25673755687678  h
$user-defined bonds
$intdef
# definitions of internal coordinates
   1 f  1.0000000000000 tors    2    3    6    9 val=  50.00000
$redundant
     number_of_atoms            10
     degrees_of_freedom         24
     internal_coordinates       25
     frozen_coordinates          1
# definitions of redundant internals
   1 k  1.0000000000000 tors   1    2    3    6 val= 181.69646
   2 k  1.0000000000000 stre   2    1           val=   1.81852
   3 k  1.0000000000000 bend   3    1    2      val= 108.53771
   4 k  1.0000000000000 stre   3    5           val=   2.07559
   5 k  1.0000000000000 stre   3    4           val=   2.07569
   6 k  0.0893665061829 bend   4    5    3      val=   1.15894
       -0.4937286764415 bend   2    5    3
       -0.5228429713929 bend   2    4    3
        0.4953138350069 bend   6    5    3
        0.4791086032913 bend   6    4    3
   7 k  0.0029814747586 bend   4    5    3      val=   0.12127
        0.5589963008141 bend   2    5    3
       -0.5332415863998 bend   2    4    3
        0.4382342169345 bend   6    5    3
       -0.4594762541481 bend   6    4    3
   8 k  0.8913018488329 bend   4    5    3      val=  -0.56137
       -0.1855289665331 bend   2    5    3
       -0.1695162682178 bend   2    4    3
       -0.2612370688139 bend   6    5    3
       -0.2723590379099 bend   6    4    3
   9 k -0.0094138455058 bend   4    5    3      val=   1.28793
       -0.4465561831381 bend   2    5    3
        0.4511700234740 bend   2    4    3
        0.5538699319636 bend   6    5    3
       -0.5386767706139 bend   6    4    3
  10 k  1.0000000000000 stre   6    8           val=   2.07559
  11 k  1.0000000000000 stre   6    7           val=   2.07569
  12 k  0.0893665391794 bend   7    8    6      val=   1.15894
       -0.4937287330363 bend   9    8    6
       -0.5228429187593 bend   9    7    6
        0.4953137333571 bend   3    8    6
        0.4791087013410 bend   3    7    6
  13 k  0.0029815660471 bend   7    8    6      val=   0.12128
        0.5589962527409 bend   9    8    6
       -0.5332416643721 bend   9    7    6
        0.4382342809122 bend   3    8    6
       -0.4594761605313 bend   3    7    6
  14 k  0.8913018530666 bend   7    8    6      val=  -0.56137
       -0.1855289391885 bend   9    8    6
       -0.1695162531464 bend   9    7    6
       -0.2612371542066 bend   3    8    6
       -0.2723589701568 bend   3    7    6
  15 k -0.0094137721762 bend   7    8    6      val=   1.28793
       -0.4465562250578 bend   9    8    6
        0.4511699489308 bend   9    7    6
        0.5538699401236 bend   3    8    6
       -0.5386767911882 bend   3    7    6
  16 k  1.0000000000000 tors  10    9    6    3 val= 181.69653
  17 k  1.0000000000000 stre   9   10           val=   1.81852
  18 k  1.0000000000000 bend   6   10    9      val= 108.53772
  19 k  1.0000000000000 tors   2    3    6    9 val=  50.00000
  20 k  1.0000000000000 stre   3    2           val=   2.68164
  21 k  1.0000000000000 bend   6    2    3      val= 109.63458
  22 k  1.0000000000000 stre   6    9           val=   2.68164
  23 k  1.0000000000000 bend   3    9    6      val= 109.63458
  24 k  1.0000000000000 stre   3    6           val=   2.86381
  25 f  1.0000000000000 tors   2    3    6    9 val=  50.00000
        24 non zero eigenvalues  of BmBt
           1           4.491450841    1    0
         1
           2           3.794200115    2    0
         2
           3           3.768679199    3    0
         3
           4           3.076396270    4    0
         4
           5           2.712952774    5    0
         5
           6           2.464481553    6    0
         6
           7           2.096395821    7    0
         7
           8           1.719352900    8    0
         8
           9           1.240555025    9    0
         9
          10           1.237558599   10    0
        10
          11           1.055946840   11    0
        11
          12           0.848936532   12    0
        12
          13           0.770027451   13    0
        13
          14           0.727017537   14    0
        14
          15           0.643864805   15    0
        15
          16           0.414209689   16    0
        16
          17           0.347567876   17    0
        17
          18           0.325231577   18    0
        18
          19           0.280276178   20    0
        20
          20           0.246998070   21    0
        21
          21           0.143860230   22    0
        22
          22           0.067227309   23    0
        23
          23           0.059863404   24    0
        24
          24           0.000000000    0    1
         0.000000000         0.000000000         0.000000000         0.000000000
         0.000000000         0.000000000         0.000000000         0.000000000
         0.000000000         0.000000000         0.000000000         0.000000000
         0.000000000         0.000000000         0.000000000         0.000000000
         0.000000000         0.000000000         0.000000000         0.000000000
         0.000000000         0.000000000         0.000000000         0.000000000
         1.000000000
$end
