$energy      SCF               SCFKIN            SCFPOT
     1 -230.2226280474      229.2938122380     -459.5164402854
     2 -230.2232213680      229.2794658782     -459.5026872462
     3 -230.2232981399      229.2882430373     -459.5115411772
     4 -230.2233127834      229.2911731721     -459.5144859555
     5 -230.2233138352      229.2900530846     -459.5133669197
     6 -230.2233139249      229.2902261256     -459.5135400505
     7 -230.2233139422      229.2903362266     -459.5136501687
     8 -230.2233139605      229.2903258423     -459.5136398027
     9 -230.2233139613      229.2903237356     -459.5136376969
    10 -230.2233139616      229.2903264960     -459.5136404576
    11 -230.2233139618      229.2903348365     -459.5136487983
    12 -230.2233139620      229.2903183770     -459.5136323390
    13 -230.2233139623      229.2903139376     -459.5136279000
$end
