$grad          cartesian gradients
  cycle =      1    SCF energy =     -230.2226280474   |dE/dxyz| =  0.011089
    0.28512314534533     -1.15911113183471     -4.18352476443934      h
   -0.29261649289308     -1.11125707038187     -2.46054129866548      o
    0.47177033005160      1.21990300144194     -1.35184261607782      c
   -0.33860573876607      2.83984310714907     -2.35742756386213      h
    2.53368517592834      1.42143822556776     -1.35531381457366      h
   -0.47177367983490      1.21990629576283      1.35183752551249      c
    0.33856986003217      2.83986516769164      2.35742274743873      h
   -2.53368956833274      1.42140988949523      1.35528868193521      h
    0.29264761093384     -1.11123304091014      2.46055588829239      o
   -0.28553689092556     -1.15929945364598      4.18338379399642      h
  -.36637388194333D-03  -.37831213475096D-03  0.53093049723569D-03
  0.69433241894453D-03  -.44438583824010D-02  0.35726417836098D-02
  0.14091771288072D-03  0.42235991129305D-02  -.17056420869151D-02
  0.13111590935830D-03  -.13463790563060D-02  -.36578414730238D-03
  -.85953543478644D-03  0.19474407438641D-02  0.81440061427865D-03
  -.14149324865541D-03  0.42238297346896D-02  0.17054840763246D-02
  -.13114242331813D-03  -.13462433989974D-02  0.36604705016177D-03
  0.85985355100487D-03  0.19476627101909D-02  -.81464780260581D-03
  -.69342643692428D-03  -.44442867006490D-02  -.35723521333621D-02
  0.36575202992900D-03  -.37824296462285D-03  -.53108001538776D-03
  cycle =      2    SCF energy =     -230.2232213680   |dE/dxyz| =  0.011654
    0.30407617334458     -1.09713573840205     -4.25811592717544      h
   -0.27959232332875     -1.10822062256269     -2.53546445590245      o
    0.45755263414907      1.19342891801868     -1.36043076310137      c
   -0.34475683974458      2.83723782986960     -2.33787502105023      h
    2.52190215936645      1.38551021164211     -1.37562300564643      h
   -0.45757655631202      1.19342645741849      1.36042120829588      c
    0.34472205119608      2.83723470011454      2.33787887325669      h
   -2.52192558132245      1.38550002570969      1.37559809434703      h
    0.27957437925548     -1.10822217424545      2.53545103753552      o
   -0.30440234506494     -1.09729461722715      4.25799853899762      h
  -.18720527395707D-03  -.36035006959742D-03  -.25457654203094D-03
  0.32800827646107D-02  -.27868395572222D-02  0.92738854332608D-03
  -.51915976914755D-02  0.33283347574268D-02  -.26409164803660D-02
  0.41243387322617D-03  -.82788128598095D-03  -.12136462026511D-02
  -.69141450489484D-03  0.64650539712945D-03  0.25770890649686D-03
  0.51912854137044D-02  0.33287584518632D-02  0.26409594967364D-02
  -.41243373966831D-03  -.82782763625352D-03  0.12140002838654D-02
  0.69163061584215D-03  0.64659652325835D-03  -.25800580106059D-03
  -.32795850104177D-02  -.27866954832121D-02  -.92728541173249D-03
  0.18680289467031D-03  -.36047104582915D-03  0.25437421459424D-03
  cycle =      3    SCF energy =     -230.2232981399   |dE/dxyz| =  0.013216
    0.31970052287748     -1.08535669679713     -4.26405916926181      h
   -0.28132510742024     -1.10530522698233     -2.54774391433831      o
    0.45074738404391      1.18645888444471     -1.35980274225596      c
   -0.35410546622678      2.84180125817736     -2.31733807237059      h
    2.51742283681615      1.37322556547290     -1.38339810339203      h
   -0.45078756994757      1.18645116865020      1.35978973148839      c
    0.35407326700871      2.84177806704343      2.31734710715313      h
   -2.51746124341038      1.37323126677573      1.38337497965275      h
    0.28126716653966     -1.10532788860797      2.54771123529462      o
   -0.31995803874203     -1.08549140784112      4.26395752758664      h
  -.68502683994638D-04  -.69649133098162D-04  -.90351725235678D-04
  0.42190640069666D-02  -.20797471625348D-02  0.11551452251930D-02
  -.72153735010603D-02  0.25378205005477D-02  -.21523339732615D-02
  0.21319458626616D-03  -.43556815188866D-03  -.67467398352833D-03
  -.16558723833895D-03  0.46268383185861D-04  0.66407829222064D-04
  0.72152385892907D-02  0.25380449336539D-02  0.21523826832569D-02
  -.21317551796271D-03  -.43558756439728D-03  0.67493237021500D-03
  0.16565831149639D-03  0.46307814112584D-04  -.66663920963711D-04
  -.42187839816980D-02  -.20794484980751D-02  -.11550905198065D-02
  0.68266195728993D-04  -.69798734192601D-04  0.90246242077824D-04
  cycle =      4    SCF energy =     -230.2233127834   |dE/dxyz| =  0.013482
    0.33220901908746     -1.08809273372786     -4.26028999131140      h
   -0.28457560444199     -1.10432526667102     -2.54967180555374      o
    0.44746698791511      1.18482382256194     -1.35946496100209      c
   -0.36255494923133      2.84628304030225     -2.30331352306734      h
    2.51483135976593      1.37213832027361     -1.38907298171168      h
   -0.44752220066845      1.18481069870578      1.35944850066466      c
    0.36252550654218      2.84624080001122      2.30332705669359      h
   -2.51488324869047      1.37215882473499      1.38905228465427      h
    0.28448043887121     -1.10436860695538      2.54962063958522      o
   -0.33240355761073     -1.08820390889976      4.26020336060534      h
  -.30215912066020D-05  0.52290225060860D-04  0.21621280286685D-04
  0.43948723848401D-02  -.21325679789895D-02  0.13906806288031D-02
  -.74842462244068D-02  0.22588461966746D-02  -.19801527759488D-02
  0.25645166226567D-04  -.98758313548742D-04  -.10461694052978D-03
  0.12004115308634D-03  -.80771235778573D-04  -.57088426365528D-05
  0.74842276344790D-02  0.22588135963781D-02  0.19801770184478D-02
  -.25625619978574D-04  -.98793995292107D-04  0.10475650691384D-03
  -.12001233764621D-03  -.80767515429392D-04  0.55414474499118D-05
  -.43948179487308D-02  -.21322562076914D-02  -.13906106340389D-02
  0.29355205073944D-05  0.52168872910271D-04  -.21688535411304D-04
  cycle =      5    SCF energy =     -230.2233138352   |dE/dxyz| =  0.013078
    0.33598306856095     -1.09203215308510     -4.25837007398747      h
   -0.28574036256631     -1.10419715273501     -2.54945338241951      o
    0.44710927286896      1.18525788569128     -1.36012529390097      c
   -0.36492197323959      2.84743192075182     -2.30141483139559      h
    2.51389418144144      1.37436824989075     -1.39122927802689      h
   -0.44717178150147      1.18524212220376      1.36010717269934      c
    0.36489390499338      2.84738054942476      2.30143029118329      h
   -2.51395252832088      1.37439598157967      1.39121057414007      h
    0.28562769695162     -1.10425071467857      2.54939273299335      o
   -0.33614772764917     -1.09213169870758      4.25829066827121      h
  0.52254608734426D-05  0.24199086021470D-04  -.11583610489525D-05
  0.43147706314432D-02  -.22308084516370D-02  0.14158590178016D-02
  -.70710787166978D-02  0.22302078536526D-02  -.22225015397032D-02
  -.37868189997175D-05  -.10273212931301D-04  0.32761219816365D-05
  0.25293378962723D-04  -.14235949527707D-04  -.15352872680863D-04
  0.70710991135010D-02  0.22300738559748D-02  0.22225448511864D-02
  0.37952430038299D-05  -.10293877740181D-04  -.32016798880054D-05
  -.25272299268251D-04  -.14234690588243D-04  0.15253984509804D-04
  -.43147816754323D-02  -.22305670607198D-02  -.14158350367862D-02
  -.52664257794521D-05  0.24131411920935D-04  0.11142190694072D-05
  cycle =      6    SCF energy =     -230.2233139249   |dE/dxyz| =  0.013047
    0.33727125884366     -1.09298385656334     -4.25798121352810      h
   -0.28619297679110     -1.10385551951282     -2.54969770057299      o
    0.44678047111042      1.18527381890442     -1.36041269751744      c
   -0.36557894057058      2.84766992784261     -2.30114058024647      h
    2.51341572419923      1.37472526370732     -1.39188845096577      h
   -0.44684713746761      1.18525657217836      1.36039360063857      c
    0.36555168449491      2.84761342069960      2.30115702151915      h
   -2.51347778090298      1.37475707422918      1.39187107558649      h
    0.28607057769975     -1.10391485276415      2.54963158567698      o
   -0.33741912907677     -1.09307685838539      4.25790593896640      h
  0.34798461854300D-05  0.11373437054954D-04  -.35352713172752D-05
  0.43374333467734D-02  -.21650175280167D-02  0.14264629783263D-02
  -.70390796958253D-02  0.21603996785739D-02  -.23153525782712D-02
  -.53782841926760D-05  0.57586767390987D-06  0.57340304902152D-05
  -.12541119866244D-04  -.82377633636410D-05  -.11503134328585D-04
  0.70391207108009D-02  0.21602066547579D-02  0.23154021511865D-02
  0.53816507500433D-05  0.56470045086043D-06  -.56965227718389D-05
  0.12549934134274D-04  -.82351917470839D-05  0.11448362800772D-04
  -.43374692307393D-02  -.21648207143144D-02  -.14264783056303D-02
  -.34994048785677D-05  0.11339189173506D-04  0.35167608279942D-05
  cycle =      8    SCF energy =     -230.2233139605   |dE/dxyz| =  0.013075
    0.34559954116303     -1.08507639114454     -4.25691335212515      h
   -0.28179137260340     -1.09509668676634     -2.55007891947938      o
    0.44912350203620      1.19396853743457     -1.35966102831880      c
   -0.36153968475499      2.85636546576106     -2.30186478409955      h
    2.51583729271127      1.38351938790025     -1.38739000744846      h
   -0.44912356884441      1.19396857489098      1.35966092286628      c
    0.36153864454025      2.85636590580954      2.30186487519991      h
   -2.51583742691741      1.38351852158115      1.38738903168101      h
    0.28179207787851     -1.09509609532718      2.55007926257602      o
   -0.34560876540000     -1.08508094598246      4.25691004744699      h
  -.75983416189706D-06  0.14893681910118D-05  0.17812415985453D-06
  0.43453133341070D-02  -.21336334405959D-02  0.14363224209529D-02
  -.70667574186629D-02  0.21325402534410D-02  -.23446805631031D-02
  -.33465766856479D-05  -.15053671145184D-06  0.84504456083948D-06
  -.55311237990967D-05  -.12628555617730D-05  -.62109541040276D-06
  0.70667521566911D-02  0.21325470110112D-02  0.23446885817632D-02
  0.33440411939995D-05  -.15796693764504D-06  -.83437001141562D-06
  0.55340105365958D-05  -.12615687500120D-05  0.59922606261895D-06
  -.43453012024922D-02  -.21336060018384D-02  -.14363107168031D-02
  0.75261313409583D-06  0.14806796270377D-05  -.18661524191910D-06
  cycle =      9    SCF energy =     -230.2233139613   |dE/dxyz| =  0.013084
    0.34564964271594     -1.08514877547948     -4.25685912062154      h
   -0.28184139860050     -1.09508128702854     -2.55006053056359      o
    0.44909906774441      1.19399124753962     -1.35966147048133      c
   -0.36154056998567      2.85639634664585     -2.30186654896020      h
    2.51582731105301      1.38352285395348     -1.38740927413069      h
   -0.44909953920722      1.19399115934349      1.35966126407353      c
    0.36153961424617      2.85639632304305      2.30186672486353      h
   -2.51582780749032      1.38352238300361      1.38740844663228      h
    0.28184115607121     -1.09508125591668      2.55006033268609      o
   -0.34565723673798     -1.08515272094737      4.25685622480079      h
  -.39760370785860D-06  0.33713381668849D-06  -.40786701448838D-06
  0.43449090733420D-02  -.21347626411428D-02  0.14364644340477D-02
  -.70750994001944D-02  0.21342482218366D-02  -.23414037821736D-02
  -.21228527874476D-05  0.38003252676958D-07  0.97096285743048D-06
  -.15927968955233D-05  -.87429179071869D-06  -.39946410070795D-06
  0.70750974612178D-02  0.21342543653901D-02  0.23414106350824D-02
  0.21248230508390D-05  0.35982168364769D-07  -.96056882887143D-06
  0.15957312969270D-05  -.87092339100380D-06  0.38356288869881D-06
  -.43449164444045D-02  -.21347525069298D-02  -.14364648594741D-02
  0.40199183237689D-06  0.33271780527845D-06  0.40696263588528D-06
  cycle =     11    SCF energy =     -230.2233139618   |dE/dxyz| =  0.013090
    0.34574192362347     -1.08518583022592     -4.25684223181081      h
   -0.28180533311627     -1.09509586259255     -2.55006520366566      o
    0.44911685158946      1.19397665851305     -1.35965155501801      c
   -0.36147661267839      2.85638693980286     -2.30188331570314      h
    2.51585273779515      1.38349772728303     -1.38735878549978      h
   -0.44911691188558      1.19397670194291      1.35965143225434      c
    0.36147589624127      2.85638734921935      2.30188316675082      h
   -2.51585285508743      1.38349710149213      1.38735826667314      h
    0.28180589429343     -1.09509538422300      2.55006550171095      o
   -0.34574927889983     -1.08518932856454      4.25683963162238      h
  -.89331390321898D-06  0.15686557008262D-06  -.51094307996969D-06
  0.43462200037551D-02  -.21352592881071D-02  0.14356442935383D-02
  -.70807087654693D-02  0.21345161776970D-02  -.23393178016100D-02
  -.86088462561815D-06  0.11894678086427D-07  0.31067502883002D-06
  -.16910582315857D-07  -.43401289403189D-06  -.63950085378410D-07
  0.70807116340967D-02  0.21345172100498D-02  0.23393131750845D-02
  0.85992141797078D-06  0.10995634247122D-07  -.31029986068277D-06
  0.13693812279344D-07  -.43313688430100D-06  0.58696635610561D-07
  -.43462086657787D-02  -.21352530538624D-02  -.14356330798607D-02
  0.88328422821134D-06  0.15068992226055D-06  0.50926406501697D-06
  cycle =     12    SCF energy =     -230.2233139620   |dE/dxyz| =  0.013090
    0.34579028237792     -1.08522994076402     -4.25680337816237      h
   -0.28183302034760     -1.09508529685351     -2.55005456260912      o
    0.44910397893556      1.19398892653119     -1.35965543153406      c
   -0.36149480395080      2.85639760087117     -2.30188406128734      h
    2.51583936709244      1.38350835843597     -1.38738445999963      h
   -0.44910438544961      1.19398888787475      1.35965524775068      c
    0.36149413650471      2.85639760622818      2.30188408433677      h
   -2.51583978181701      1.38350809207186      1.38738396998846      h
    0.28183276366079     -1.09508525780441      2.55005438518055      o
   -0.34579622513112     -1.08523290394386      4.25680111365031      h
  -.96420827786463D-06  0.12809150943224D-06  -.12673369199950D-06
  0.43461029520522D-02  -.21351286529742D-02  0.14359618880602D-02
  -.70805545873361D-02  0.21347265347188D-02  -.23392998140082D-02
  -.72218931401109D-06  -.29899123310669D-06  0.50703917715009D-06
  -.11896560349347D-06  -.43903056091458D-06  -.43602378632101D-06
  0.70805533585044D-02  0.21347319250703D-02  0.23393002614237D-02
  0.72306996963487D-06  -.29806514454696D-06  -.50138560145432D-06
  0.11940200292769D-06  -.43865223268630D-06  0.43036272218595D-06
  -.43460975943567D-02  -.21351226281020D-02  -.14359590257132D-02
  0.95875172115118D-06  0.12420440370777D-06  0.12344190301216D-06
$end
