$hessapprox internal
  0.100741232176D-01  0.220852547684D-03  0.620960235152D+00 -0.225774289121D-02
  0.124685794548D-02  0.373223108093D+00  0.700943596111D-03  0.227140800355D-05
  0.359984803220D-03  0.419525035915D+00 -0.623816137528D-03  0.203588933699D-02
  0.126330091049D-02  0.139560932108D-03  0.422210449608D+00 -0.171077347797D-02
 -0.658240025123D-03 -0.138581985199D-02  0.234771187563D-03 -0.123201065973D-02
  0.346043175367D+00  0.266955246020D-02 -0.170065961955D-02  0.426892281271D-04
 -0.431012199977D-03 -0.180288788477D-02  0.175223716904D-02  0.347656113264D+00
  0.447393353232D-02 -0.599115328605D-03  0.182084251966D-02 -0.668973861330D-03
  0.527674375536D-04  0.180652716671D-02 -0.209268897255D-02  0.315742946496D+00
  0.381985195270D-02 -0.277927259121D-02 -0.207644135772D-03 -0.624931497224D-03
 -0.305201216844D-02  0.268087050184D-02  0.646323959639D-03 -0.290234906634D-02
  0.346657301087D+00  0.701361747936D-03  0.170348599116D-04  0.371671286430D-03
 -0.102242134569D-03  0.159804804044D-03  0.227500371998D-03 -0.447107574153D-03
 -0.673303371177D-03 -0.651441023589D-03  0.419525770041D+00 -0.603368538964D-03
  0.200886541911D-02  0.125275024520D-02  0.135927732757D-03  0.262604720296D-02
 -0.121156220998D-02 -0.178639612288D-02  0.404652444739D-04 -0.302227843250D-02
  0.155907508615D-03  0.422144952130D+00 -0.171848303640D-02 -0.669148620043D-03
 -0.139823699679D-02  0.235640894586D-03 -0.124840943054D-02 -0.242451247530D-03
  0.176865482403D-02  0.181678287303D-02  0.270701376657D-02  0.228257416138D-03
 -0.122772790839D-02  0.346049012266D+00  0.263047376635D-02 -0.166683404218D-02
  0.490040258250D-04 -0.424491051190D-03 -0.176430004081D-02  0.172210361736D-02
  0.180005676248D-03 -0.206443246681D-02  0.621051486680D-03 -0.440260975026D-03
 -0.174820814753D-02  0.173821247158D-02  0.347631694358D+00  0.448657537263D-02
 -0.602231606004D-03  0.182488149465D-02 -0.670897901192D-03  0.509726316737D-04
  0.181234637276D-02 -0.209707507009D-02 -0.411772860370D-02 -0.290803000281D-02
 -0.675253963622D-03  0.386609321634D-04  0.182264197139D-02 -0.206876972609D-02
  0.315720466309D+00  0.374121030455D-02 -0.273666620340D-02 -0.214724492908D-03
 -0.612412052400D-03 -0.300913442854D-02  0.263301339133D-02  0.648695128777D-03
 -0.283870609353D-02  0.153130759053D-02 -0.638522806094D-03 -0.297975357015D-02
  0.265873046108D-02  0.623624660626D-03 -0.284424492622D-02  0.346645485171D+00
 -0.465814431539D-02  0.231837794068D-03 -0.220039811294D-02  0.687226661687D-03
 -0.590220809599D-03 -0.168414493660D-02  0.259937226177D-02  0.437994222407D-02
  0.371580218425D-02  0.687791557685D-03 -0.570457664392D-03 -0.169181784750D-02
  0.256141463420D-02  0.439230353813D-02  0.363914931881D-02  0.102633767820D-01
  0.214996540266D-03  0.147379286748D-02  0.125516983045D-02  0.347330933544D-05
  0.205461622314D-02 -0.667513850822D-03 -0.171268663184D-02 -0.597404636942D-03
 -0.279984119618D-02  0.183808792248D-04  0.202736420896D-02 -0.678541390110D-03
 -0.167859824601D-02 -0.600529907381D-03 -0.275695329479D-02  0.226249253619D-03
  0.620989472666D+00 -0.224523352230D-02  0.125122504579D-02 -0.175098409181D-03
  0.358257556054D-03  0.127170037451D-02 -0.138380203704D-02  0.303552122782D-04
  0.180775174379D-02 -0.226457263352D-03  0.369992717384D-03  0.126100810181D-02
 -0.139623683261D-02  0.368806342249D-04  0.181174893567D-02 -0.233199506836D-03
 -0.218808813592D-02  0.125960040928D-02  0.373242668289D+00  0.832879540743D-03
  0.155654455907D-02  0.163524803631D-02 -0.849935900649D-04  0.228791905140D-02
 -0.501100484387D-03 -0.217926069971D-02 -0.120860591667D-02 -0.349368862341D-02
 -0.690191286590D-04  0.225603160214D-02 -0.511980485299D-03 -0.213766495925D-02
 -0.121356619710D-02 -0.343762435559D-02  0.832888211778D-03  0.157306695347D-02
  0.163842795196D-02  0.504518543974D+00 -0.762954148525D-03  0.728653418352D-02
  0.527250803004D-02  0.284398873313D-03  0.980269877709D-02 -0.391476867548D-02
 -0.735123130668D-02 -0.121255244254D-02 -0.122251796623D-01  0.357410167978D-03
  0.967732218874D-02 -0.397160048927D-02 -0.719955423974D-02 -0.122300218175D-02
 -0.120455943922D-01 -0.671526144085D-03  0.735603233608D-02  0.529893240832D-02
  0.800517798805D-02  0.419231725233D+00  0.822927152094D-03  0.158694990151D-02
  0.165379004482D-02 -0.828162278708D-04  0.232750615032D-02 -0.519714180960D-03
 -0.220579743672D-02 -0.120721150558D-02 -0.353870613704D-02 -0.665396721128D-04
  0.229513022316D-02 -0.530839896959D-03 -0.216363127053D-02 -0.121219684890D-02
 -0.348201280723D-02  0.823450024057D-03  0.160375090550D-02  0.165709697763D-02
  0.162005211219D-02  0.815133025362D-02  0.504587645333D+00 -0.749222776413D-03
  0.735876636847D-02  0.533565764913D-02  0.284101631175D-03  0.990401957893D-02
 -0.394640921766D-02 -0.743712492585D-02 -0.124487760964D-02 -0.123652323623D-01
  0.357844773878D-03  0.977729096722D-02 -0.400377746054D-02 -0.728374765917D-02
 -0.125548927166D-02 -0.121834883336D-01 -0.657305880195D-03  0.742898930693D-02
  0.536229126906D-02  0.808187715641D-02  0.360188618900D-01  0.822954298691D-02
  0.419958845076D+00 -0.870027319770D-03  0.228388741644D-02  0.133019492617D-02
  0.181473711565D-03  0.294973230920D-02 -0.143937618908D-02 -0.191842504332D-02
  0.221506757027D-03 -0.327300114298D-02  0.204118969563D-03  0.291366814055D-02
 -0.145798798079D-02 -0.187670831990D-02  0.219959618579D-03 -0.322792602113D-02
 -0.829002731410D-03  0.230460896347D-02  0.134003886983D-02  0.258785691770D-02
  0.109304526851D-01  0.263174871890D-02  0.110442152298D-01  0.397330639670D+00
  0.000000000000D+00  0.000000000000D+00  0.000000000000D+00  0.000000000000D+00
  0.000000000000D+00  0.000000000000D+00  0.000000000000D+00  0.000000000000D+00
  0.000000000000D+00  0.000000000000D+00  0.000000000000D+00  0.000000000000D+00
  0.000000000000D+00  0.000000000000D+00  0.000000000000D+00  0.000000000000D+00
  0.000000000000D+00  0.000000000000D+00  0.000000000000D+00  0.000000000000D+00
  0.000000000000D+00  0.000000000000D+00  0.000000000000D+00  0.000000000000D+00
$end
