$coord
    0.72469411469814     -0.41862424635724     -4.69264848557486  h
   -0.37767983679003     -0.49834206653784     -3.24749744990294  o
    0.90985505751306      0.54451898810243     -1.11848507873086  c
    1.58121110332577      2.45832642046676     -1.53530861494844  h
    2.54073775559875     -0.61809251594981     -0.59553384819048  h
   -0.90985505335459      0.54451899403242      1.11848507752355  c
   -1.58121111027003      2.45832642694133      1.53530859115885  h
   -2.54073774494401     -0.61809252557910      0.59553386158787  h
    0.37767984546372     -0.49834202559992      3.24749746188570  o
   -0.72469416405837     -0.41862433970142      4.69264845989529  h
$user-defined bonds
$intdef
# definitions of internal coordinates
   1 f  1.0000000000000 tors    2    3    6    9 val= 132.00000
$redundant
     number_of_atoms            10
     degrees_of_freedom         24
     internal_coordinates       25
     frozen_coordinates          1
# definitions of redundant internals
   1 k  1.0000000000000 tors   1    2    3    6 val= 176.80888
   2 k  1.0000000000000 stre   2    1           val=   1.81935
   3 k  1.0000000000000 bend   3    1    2      val= 108.70776
   4 k  1.0000000000000 stre   3    5           val=   2.07001
   5 k  1.0000000000000 stre   3    4           val=   2.07054
   6 k  0.0647554721180 bend   4    5    3      val=   0.67047
       -0.5135475683499 bend   2    5    3
       -0.5027853379265 bend   2    4    3
        0.4661170463652 bend   6    5    3
        0.5118763785589 bend   6    4    3
   7 k  0.0329117870223 bend   4    5    3      val=   0.93940
        0.5248843109096 bend   2    5    3
       -0.5501897708122 bend   2    4    3
        0.4705230418099 bend   6    5    3
       -0.4464443500096 bend   6    4    3
   8 k -0.8890307807909 bend   4    5    3      val=   1.66507
        0.2006025148620 bend   2    5    3
        0.1837131871707 bend   2    4    3
        0.2801019936430 bend   6    5    3
        0.2391134455738 bend   6    4    3
   9 k -0.0119597092825 bend   4    5    3      val=   1.60089
        0.4739836455799 bend   2    5    3
       -0.4444090295634 bend   2    4    3
       -0.5413657529704 bend   6    5    3
        0.5334980834360 bend   6    4    3
  10 k  1.0000000000000 stre   6    8           val=   2.07001
  11 k  1.0000000000000 stre   6    7           val=   2.07054
  12 k  0.0647554783646 bend   7    8    6      val=   0.67047
       -0.5135475686718 bend   9    8    6
       -0.5027853375374 bend   9    7    6
        0.4661170405979 bend   3    8    6
        0.5118763830797 bend   3    7    6
  13 k  0.0329117966252 bend   7    8    6      val=   0.93940
        0.5248843102537 bend   9    8    6
       -0.5501897753615 bend   9    7    6
        0.4705230406425 bend   3    8    6
       -0.4464443456968 bend   3    7    6
  14 k -0.8890307803676 bend   7    8    6      val=   1.66507
        0.2006025144831 bend   9    8    6
        0.1837131804476 bend   9    7    6
        0.2801020021353 bend   3    8    6
        0.2391134426830 bend   3    7    6
  15 k -0.0119597122460 bend   7    8    6      val=   1.60089
        0.4739836469829 bend   9    8    6
       -0.4444090233827 bend   9    7    6
       -0.5413657560929 bend   3    8    6
        0.5334980841032 bend   3    7    6
  16 k  1.0000000000000 tors  10    9    6    3 val= 176.80888
  17 k  1.0000000000000 stre   9   10           val=   1.81935
  18 k  1.0000000000000 bend   6   10    9      val= 108.70776
  19 k  1.0000000000000 tors   2    3    6    9 val= 132.00000
  20 k  1.0000000000000 stre   3    2           val=   2.69778
  21 k  1.0000000000000 bend   6    2    3      val= 108.12104
  22 k  1.0000000000000 stre   6    9           val=   2.69778
  23 k  1.0000000000000 bend   3    9    6      val= 108.12104
  24 k  1.0000000000000 stre   3    6           val=   2.88364
  25 f  1.0000000000000 tors   2    3    6    9 val= 132.00000
        24 non zero eigenvalues  of BmBt
           1           3.924975022    1    0
         1
           2           3.846783425    2    0
         2
           3           3.750000981    3    0
         3
           4           2.995404511    4    0
         4
           5           2.988171607    5    0
         5
           6           2.455210887    6    0
         6
           7           2.130832807    7    0
         7
           8           1.702071717    8    0
         8
           9           1.251062749    9    0
         9
          10           1.197023342   10    0
        10
          11           1.051122032   11    0
        11
          12           0.861313714   12    0
        12
          13           0.768130999   13    0
        13
          14           0.744558445   14    0
        14
          15           0.554489589   15    0
        15
          16           0.447911723   16    0
        16
          17           0.353890540   17    0
        17
          18           0.341986172   18    0
        18
          19           0.282762712   20    0
        20
          20           0.254480457   21    0
        21
          21           0.114929812   22    0
        22
          22           0.072653621   23    0
        23
          23           0.066576642   24    0
        24
          24           0.000000000    0    1
         0.000000000         0.000000000         0.000000000         0.000000000
         0.000000000         0.000000000         0.000000000         0.000000000
         0.000000000         0.000000000         0.000000000         0.000000000
         0.000000000         0.000000000         0.000000000         0.000000000
         0.000000000         0.000000000         0.000000000         0.000000000
         0.000000000         0.000000000         0.000000000         0.000000000
         1.000000000
$end
