$energy      SCF               SCFKIN            SCFPOT
     1 -230.2226241518      229.3270662095     -459.5496903614
     2 -230.2231409274      229.2859649710     -459.5091058984
     3 -230.2232203757      229.2880080451     -459.5112284208
     4 -230.2232396788      229.2910727924     -459.5143124712
     5 -230.2232403543      229.2904723286     -459.5137126829
     6 -230.2232403989      229.2905781706     -459.5138185695
     7 -230.2232404224      229.2906021979     -459.5138426203
     8 -230.2232404247      229.2905858666     -459.5138262913
     9 -230.2232404263      229.2905598942     -459.5138003204
    10 -230.2232404262      229.2905590585     -459.5137994847
    11 -230.2232404262      229.2905611077     -459.5138015338
    12 -230.2232404262      229.2905610360     -459.5138014622
$end
