$grad          cartesian gradients
  cycle =      1    SCF energy =     -230.2226241518   |dE/dxyz| =  0.009220
    0.74875645156154     -0.52027577200901     -4.64135474297978      h
   -0.37817760072503     -0.49871248287484     -3.21506592675213      o
    0.91713254476449      0.54744531334272     -1.09952043994058      c
    1.53497876765390      2.48935010541888     -1.47286771835924      h
    2.58351776568967     -0.57695850656458     -0.59852390843716      h
   -0.91709472851632      0.54751037712784      1.09951841930336      c
   -1.53483974918697      2.48945177014152      1.47285434598918      h
   -2.58353535707846     -0.57680604627958      0.59851861549938      h
    0.37815349522901     -0.49869827843396      3.21507658742169      o
   -0.74894587982641     -0.52065419345586      4.64122827089285      h
  -.31041806777587D-03  -.14992193697226D-03  0.11326324784035D-02
  -.99250571997805D-03  -.91208135914586D-03  0.32768058320645D-02
  -.49994603150780D-04  -.89017304329439D-04  0.33873314976748D-02
  -.14030991552810D-02  0.80013204415680D-03  0.32056478439748D-02
  0.18602383846008D-02  0.35114374527480D-03  -.77177186156195D-03
  0.49137484224817D-04  -.87333569333819D-04  -.33874497355947D-02
  0.14029789712835D-02  0.80036525470900D-03  -.32049765158187D-02
  -.18597619906244D-02  0.35156015962483D-03  0.77140200370994D-03
  0.99328744287928D-03  -.91074234515681D-03  -.32765517440517D-02
  0.31014199401213D-03  -.15097352877764D-03  -.11330723635639D-02
  cycle =      2    SCF energy =     -230.2231409274   |dE/dxyz| =  0.003933
    0.75601948067017     -0.45018706665971     -4.69035162736883      h
   -0.35950183389019     -0.50571212371222     -3.25382644771300      o
    0.91362818505666      0.53562617063830     -1.11628467683139      c
    1.56120857728788      2.46511005418270     -1.50649430773184      h
    2.56456084062618     -0.60395449999570     -0.60939522717178      h
   -0.91360218119267      0.53565816274993      1.11627405682080      c
   -1.56107487686806      2.46517030219458      1.50652777226940      h
   -2.56459698253437     -0.60381356846907      0.60934614235567      h
    0.35945400166274     -0.50580250037714      3.25380022260994      o
   -0.75614950125292     -0.45044264413855      4.69026759539860      h
  -.12814077348185D-03  -.24933227441483D-03  -.36023227026570D-03
  0.86191278504890D-03  -.14286150274191D-02  0.17575075407788D-03
  -.85159633870248D-03  0.42836657569405D-03  -.29501317788149D-03
  -.18712552102309D-03  0.65701062741171D-03  0.12534560850112D-02
  0.51551461540566D-03  0.59500764163445D-03  -.10294682797333D-02
  0.85164466505559D-03  0.42923539256768D-03  0.29457971323739D-03
  0.18693019755822D-03  0.65706831661533D-03  -.12530588966215D-02
  -.51514360254183D-03  0.59517773474193D-03  0.10291710605972D-02
  -.86204800979593D-03  -.14280471356228D-02  -.17521331284194D-03
  0.12805489099561D-03  -.24982584735517D-03  0.36003020326806D-03
  cycle =      3    SCF energy =     -230.2232203757   |dE/dxyz| =  0.003645
    0.74864212920266     -0.42276462052667     -4.69422582442702      h
   -0.35841305934229     -0.50689974687736     -3.25277668686826      o
    0.91493484413309      0.53455907119883     -1.11606776382119      c
    1.57893221653659      2.45496628482344     -1.51905192529052      h
    2.55239770751898     -0.61896489169539     -0.59648711939051      h
   -0.91492069811983      0.53457580084028      1.11605417189601      c
   -1.57880202935921      2.45500849653305      1.51910985355565      h
   -2.55245240606427     -0.61882698513074      0.59642186098703      h
    0.35835483793781     -0.50704227146600      3.25272797932578      o
   -0.74872783287812     -0.42295885128634      4.69415895667061      h
  -.69734453466029D-04  -.80748624736309D-04  -.18769929071712D-03
  0.97287027882740D-03  -.14684960292301D-02  0.43328219519927D-03
  -.81270281161644D-03  0.93969169749916D-03  -.10037926683751D-02
  0.13091477214099D-04  0.31847411955739D-03  0.44728182966665D-03
  0.11384780524353D-03  0.29403098033061D-03  -.59329987582424D-03
  0.81288465340401D-03  0.94009164876513D-03  0.10038545233971D-02
  -.13204700143785D-04  0.31848787367271D-03  -.44710227398904D-03
  -.11369226617570D-03  0.29403204898224D-03  0.59303793695055D-03
  -.97301586250423D-03  -.14682250118780D-02  -.43317860070919D-03
  0.69661141380157D-04  -.80897118814755D-04  0.18761769184158D-03
  cycle =      4    SCF energy =     -230.2232396788   |dE/dxyz| =  0.003726
    0.74318368625167     -0.41406832457033     -4.69218896891483      h
   -0.36100602256729     -0.50594353962958     -3.24921882608178      o
    0.91550720226422      0.53650177592407     -1.11428330208363      c
    1.58930051772113      2.45062462461530     -1.52626572167531      h
    2.54389156924707     -0.62621075110511     -0.58382828325248      h
   -0.91550228698488      0.53650931169620      1.11426771298609      c
   -1.58917252474501      2.45065642251990      1.52633827379265      h
   -2.54396101607798     -0.62607370851037      0.58375619370976      h
    0.36094242172139     -0.50611751045015      3.24915501817893      o
   -0.74323783726491     -0.41422601407683      4.69213140597818      h
  -.30167062451579D-04  0.22887602702634D-04  0.10602056658267D-05
  0.66579786489339D-03  -.15377418536632D-02  0.57744488763776D-03
  -.85901636412918D-03  0.14786290739628D-02  -.93244342401957D-03
  0.27308610578072D-04  0.33698957211604D-04  0.42281595341051D-04
  -.73230715443463D-05  0.56955278820150D-05  -.43948320930190D-04
  0.85913454738197D-03  0.14786068267587D-02  0.93275579512280D-03
  -.27314546619889D-04  0.33693019038406D-04  -.42288386163466D-04
  0.73273573909302D-05  0.56571594877454D-05  0.43814197512518D-04
  -.66587412115682D-03  -.15376888837798D-02  -.57761125842824D-03
  0.30133420804104D-04  0.22938093972284D-04  -.10650152530205D-05
  cycle =      5    SCF energy =     -230.2232403543   |dE/dxyz| =  0.003601
    0.74526016151526     -0.42379053951398     -4.68960865220782      h
   -0.36318847154948     -0.50372925847048     -3.24912114373064      o
    0.91483889175364      0.53906831738149     -1.11430426731022      c
    1.58813946869279      2.45287782902943     -1.52766942596523      h
    2.54338343661258     -0.62352335974362     -0.58362048667266      h
   -0.91483371244726      0.53907686962460      1.11428826650627      c
   -1.58801085765162      2.45291117855684      1.52773936776003      h
   -2.54345317263434     -0.62338598116444      0.58355223634156      h
    0.36312663558315     -0.50389892217394      3.24905819346504      o
   -0.74531667030931     -0.42395384711280      4.68954941445125      h
  -.11848181266500D-04  -.62718123086829D-05  -.12506312345502D-04
  0.51176500448015D-03  -.15351027297398D-02  0.41547628883894D-03
  -.88441199933563D-03  0.15634149744281D-02  -.67921946708207D-03
  -.54051420924153D-05  -.11557670712626D-04  0.33041706231072D-04
  0.27012789161770D-04  -.73159372744959D-05  0.38097289050593D-04
  0.88449312962219D-03  0.15632771408738D-02  0.67928809540573D-03
  0.54277520267829D-05  -.11566322005514D-04  -.33062857894940D-04
  -.27017719900174D-04  -.73042360993928D-05  -.38092663950278D-04
  -.51187358590253D-03  -.15350443521259D-02  -.41552684059196D-03
  0.11864300294335D-04  -.62783927844420D-05  0.12505064666141D-04
  cycle =      7    SCF energy =     -230.2232404224   |dE/dxyz| =  0.003559
    0.72449772772608     -0.41843267083620     -4.69276661880314      h
   -0.37766131942739     -0.49834008239199     -3.24746667542320      o
    0.90985281936882      0.54449637007239     -1.11850368025775      c
    1.58126474794373      2.45829863033314     -1.53523243500881      h
    2.54074879934230     -0.61808309321819     -0.59545503973443      h
   -0.90985278588051      0.54449640726687      1.11850370100187      c
   -1.58126447546985      2.45829877820089      1.53523234838623      h
   -2.54074887870097     -0.61808290143729      0.59545510266299      h
    0.37766128038959     -0.49834009942974      3.24746665975954      o
   -0.72449770025116     -0.41843266121447      4.69276664393417      h
  -.54601697167675D-05  -.15857462410187D-05  -.34225370992353D-05
  0.53829017380630D-03  -.15209068304793D-02  0.43796873057136D-03
  -.84799571882802D-03  0.15258500108473D-02  -.69997431364086D-03
  0.18668001716635D-05  -.23071096691953D-05  0.51167928969180D-05
  0.36073026346828D-05  0.19744612287020D-05  0.57742938852327D-05
  0.84799002529189D-03  0.15258290563860D-02  0.69997678807004D-03
  -.18606998524642D-05  -.23058119605721D-05  -.51228028435600D-05
  -.36044885533447D-05  0.19740309135794D-05  -.57694427306333D-05
  -.53829773092066D-03  -.15208988280015D-02  -.43797228366868D-03
  0.54645089628867D-05  -.15878053092545D-05  0.34247705387032D-05
  cycle =      8    SCF energy =     -230.2232404247   |dE/dxyz| =  0.003551
    0.72455832301908     -0.41851771157625     -4.69271570865818      h
   -0.37768476473078     -0.49832398617485     -3.24747316333410      o
    0.90984851603776      0.54452009363941     -1.11850342088114      c
    1.58123701231181      2.45832937496602     -1.53527407033192      h
    2.54074381816562     -0.61806861997100     -0.59550683895597      h
   -0.90984846897021      0.54452012897989      1.11850344058754      c
   -1.58123677839407      2.45832948957854      1.53527406353882      h
   -2.54074387857229     -0.61806841912962      0.59550682681284      h
    0.37768470473472     -0.49832410108629      3.24747313294466      o
   -0.72455826856100     -0.41851757188044      4.69271574479492      h
  -.34208067597644D-05  -.85956739999780D-06  -.18005483486233D-05
  0.53485133798737D-03  -.15222257423206D-02  0.43553304898020D-03
  -.84258230314923D-03  0.15242460087535D-02  -.69256937449750D-03
  0.16767331215105D-05  0.10837977956745D-06  0.26968072395059D-05
  0.19178972911337D-05  0.17508769538838D-05  0.29694670664880D-05
  0.84258510539802D-03  0.15242348807260D-02  0.69257828647160D-03
  -.16755561899410D-05  0.11122512055008D-06  -.27007082405332D-05
  -.19178517022737D-05  0.17507844355894D-05  -.29686765750508D-05
  -.53485767604494D-03  -.15222240939383D-02  -.43553768486729D-03
  0.34231292788230D-05  -.85948247603285D-06  0.17993784104327D-05
  cycle =     10    SCF energy =     -230.2232404262   |dE/dxyz| =  0.003543
    0.72469353658518     -0.41862328948136     -4.69264960630213      h
   -0.37767613755918     -0.49834357135878     -3.24749575470426      o
    0.90985570635538      0.54451512235301     -1.11848720400184      c
    1.58121181015244      2.45832840055707     -1.53530785342526      h
    2.54074148524310     -0.61809008124729     -0.59553822402310      h
   -0.90985570619037      0.54451512399161      1.11848720225002      c
   -1.58121183123499      2.45832839498484      1.53530784777891      h
   -2.54074148073436     -0.61809008200203      0.59553820777886      h
    0.37767613964460     -0.49834356612423      3.24749575769086      o
   -0.72469355507939     -0.41862334185522      4.69264960166162      h
  -.34274946350929D-06  0.53604057284100D-06  0.36799426853445D-07
  0.52826413339189D-03  -.15256118797069D-02  0.42986335173160D-03
  -.83471617002871D-03  0.15252458312031D-02  -.67996465853220D-03
  0.49175975026911D-06  0.17305238541253D-05  -.12201054209692D-06
  -.23220985209786D-06  0.11149943842472D-05  -.31939321355433D-06
  0.83471647136901D-03  0.15252468950392D-02  0.67996456501245D-03
  -.49314462739814D-06  0.17299973423606D-05  0.12183194753197D-06
  0.23195943881629D-06  0.11149881162312D-05  0.31842515763238D-06
  -.52826176451649D-03  -.15256112553150D-02  -.42986392333138D-03
  0.34171345821575D-06  0.53545705911812D-06  -.34987110152054D-07
  cycle =     11    SCF energy =     -230.2232404262   |dE/dxyz| =  0.003544
    0.72469311134559     -0.41862462614729     -4.69264888900385      h
   -0.37767841533632     -0.49834262559164     -3.24749594163772      o
    0.90985541151836      0.54451734666147     -1.11848581462745      c
    1.58121134993897      2.45832742220490     -1.53530701644569      h
    2.54073998764726     -0.61809092398419     -0.59553499717385      h
   -0.90985541992575      0.54451733512083      1.11848581066835      c
   -1.58121137018857      2.45832740085824      1.53530703461135      h
   -2.54073999343503     -0.61809093099511      0.59553497129444      h
    0.37767840426169     -0.49834266383381      3.24749592658275      o
   -0.72469309864379     -0.41862462447579      4.69264889043535      h
  -.27731772528908D-06  0.54122392998273D-06  -.14822926242342D-06
  0.52763790622970D-03  -.15259195859411D-02  0.42962909776434D-03
  -.83469762795271D-03  0.15266130163965D-02  -.67949686617917D-03
  0.15570931509385D-06  0.96537776395676D-06  0.78423374407408D-07
  0.48658972877663D-07  0.81540361511765D-06  -.10733176197471D-06
  0.83469834304625D-03  0.15266142120476D-02  0.67949729044529D-03
  -.15635980850260D-06  0.96504550022943D-06  -.78330769373520D-07
  -.48826318992914D-07  0.81551229377937D-06  0.10677424590941D-06
  -.52763797389761D-03  -.15259204628022D-02  -.42962941576957D-03
  0.27748739356495D-06  0.54177305196996D-06  0.14858960105110D-06
$end
