$hessapprox internal
  0.139276990905D-01  0.109849519021D-03  0.620897315053D+00  0.280029035526D-03
  0.237930369458D-02  0.367016819606D+00  0.822710639693D-04  0.364534021565D-02
  0.687820238465D-02  0.428131470131D+00  0.109350007685D-03 -0.440809636290D-02
 -0.164048380056D-01 -0.754656591506D-03  0.409998806338D+00 -0.388317741389D-03
 -0.485936631662D-02  0.162210456053D-02 -0.105436570391D-01  0.205963958578D-01
  0.348564517500D+00  0.108086925183D-03  0.143621894786D-03 -0.378928808637D-02
  0.215544603663D-02 -0.740093546815D-02  0.352394949313D-02  0.343498938584D+00
  0.252632228445D-03  0.140127761802D-02 -0.591478830226D-02  0.572485609080D-02
 -0.158280686667D-01  0.425087891429D-02 -0.424535618664D-02  0.313397278086D+00
 -0.164065586434D-03 -0.855533512267D-03  0.399164990843D-02 -0.368273570581D-02
  0.103543175368D-01 -0.296443914680D-02  0.281749218528D-02  0.482927316992D-02
  0.340679563418D+00  0.824833145575D-04  0.364690868362D-02  0.687431301649D-02
  0.392514614039D-02 -0.767414943946D-03 -0.105415487669D-01  0.215231325408D-02
  0.571977783488D-02 -0.367932301001D-02  0.428141589266D+00  0.109202040380D-03
 -0.441054458714D-02 -0.164058669713D-01 -0.759058796432D-03 -0.137626719287D-01
  0.205999934885D-01 -0.740025453675D-02 -0.158279599272D-01  0.103541710930D-01
 -0.771817601849D-03  0.410012859205D+00 -0.388349173424D-03 -0.485364124364D-02
  0.163912790511D-02 -0.105405663288D-01  0.206065045239D-01  0.356286000503D-02
  0.353102266451D-02  0.426672005521D-02 -0.297476211030D-02 -0.105384450012D-01
  0.206100939319D-01  0.348519321970D+00  0.106256879568D-03  0.119766032469D-03
 -0.378427976315D-02  0.210514084044D-02 -0.730518716412D-02  0.354441839345D-02
 -0.230659082306D-02 -0.422774139054D-02  0.280509511939D-02  0.210201598281D-02
 -0.730448794924D-02  0.355138570065D-02  0.343530147884D+00  0.253125586996D-03
  0.140195329483D-02 -0.593202881060D-02  0.573470751038D-02 -0.158618221880D-01
  0.426688858741D-02 -0.425593317732D-02 -0.724303846254D-02  0.484210034520D-02
  0.572961499736D-02 -0.158617103684D-01  0.428276200050D-02 -0.423824776590D-02
  0.313358576171D+00 -0.163145400025D-03 -0.849815015047D-03  0.397180243109D-02
 -0.366148739399D-02  0.102975132621D-01 -0.295125417092D-02  0.280271065253D-02
  0.480451797365D-02 -0.320947083618D-02 -0.365809190116D-02  0.102973663593D-01
 -0.296151983321D-02  0.279036694803D-02  0.481727786413D-02  0.340712633532D+00
 -0.123622867696D-05  0.799262271922D-04  0.268539316806D-03  0.279297656258D-04
  0.197186905802D-03 -0.345400282544D-03  0.117053838601D-03  0.255157958767D-03
 -0.166648443791D-03  0.281373716205D-04  0.197065611732D-03 -0.345534077653D-03
  0.115442569807D-03  0.255691898400D-03 -0.165729687202D-03  0.139243487835D-01
  0.109441579407D-03  0.238684698342D-02  0.235147099694D-02  0.362736718383D-02
 -0.440121971400D-02 -0.481558395339D-02  0.135454805289D-03  0.137864574835D-02
 -0.841016990204D-03  0.362891533691D-02 -0.440364927159D-02 -0.480987567904D-02
  0.111808453195D-03  0.137928407990D-02 -0.835382970261D-03  0.797484360908D-04
  0.620865785296D+00  0.280049342606D-03  0.237621846871D-02 -0.428488125998D-02
  0.687660109694D-02 -0.164105223573D-01  0.163440736120D-02 -0.379317713200D-02
 -0.592346868888D-02  0.399730810576D-02  0.687270458622D-02 -0.164115468643D-01
  0.165143405292D-02 -0.378811119567D-02 -0.594072694089D-02  0.397742924717D-02
  0.268615143932D-03  0.234839458416D-02  0.366998208231D+00 -0.463592793088D-03
 -0.527591002732D-04  0.178075761844D-01 -0.888177757567D-02  0.325202626001D-01
 -0.172212118678D-01  0.105847053000D-01  0.196352667808D-01 -0.130126488508D-01
 -0.886715470556D-02  0.325165582584D-01 -0.172519144815D-01  0.105081200337D-01
  0.196834838739D-01 -0.129440730068D-01 -0.511795639217D-03 -0.196025362542D-04
  0.178244730419D-01  0.439307778021D+00 -0.116729813295D-03 -0.296069332718D-02
 -0.365353133020D-02 -0.413638761950D-02  0.412189149717D-02  0.668812579747D-02
 -0.604770904781D-03 -0.252132568086D-02  0.158076223679D-02 -0.413891259519D-02
  0.412506019158D-02  0.668230643786D-02 -0.572258733968D-03 -0.252410705117D-02
  0.157093974559D-02 -0.778823614170D-04 -0.294254513446D-02 -0.365040948761D-02
  0.200835438562D-02  0.382519921457D+00 -0.463741715017D-03 -0.617459626021D-04
  0.177885319543D-01 -0.889041305191D-02  0.325183335245D-01 -0.171931933542D-01
  0.105781540071D-01  0.196188547934D-01 -0.130020467327D-01 -0.887580437410D-02
  0.325146404748D-01 -0.172239000138D-01  0.105017017705D-01  0.196670419626D-01
 -0.129335313017D-01 -0.511804882905D-03 -0.285489242973D-04  0.178054307925D-01
 -0.480691469098D-01  0.201832469745D-02  0.439362828522D+00 -0.116900646129D-03
 -0.296226805654D-02 -0.365126320543D-02 -0.414066313026D-02  0.413172932112D-02
  0.668759713217D-02 -0.602595944218D-03 -0.251802945342D-02  0.157853018797D-02
 -0.414318599273D-02  0.413489881472D-02  0.668176746732D-02 -0.570084663264D-03
 -0.252080092996D-02  0.156871867224D-02 -0.780440533308D-04 -0.294410247466D-02
 -0.364813573408D-02  0.199808108285D-02  0.357218653743D-02  0.200806313984D-02
  0.382524633779D+00  0.578953044144D-04 -0.380077005546D-02 -0.127354473703D-01
 -0.134517516359D-02 -0.931423405827D-02  0.163914819946D-01 -0.554584602964D-02
 -0.120956250407D-01  0.789951745229D-02 -0.135501921148D-02 -0.930847336952D-02
  0.163977852985D-01 -0.546937368151D-02 -0.121209224732D-01  0.785596021192D-02
  0.129775215222D-03 -0.379225203478D-02 -0.127390206757D-01  0.242446678824D-01
  0.370733447753D-02  0.242451602745D-01  0.371500356059D-02  0.373038416902D+00
  0.000000000000D+00  0.000000000000D+00  0.000000000000D+00  0.000000000000D+00
  0.000000000000D+00  0.000000000000D+00  0.000000000000D+00  0.000000000000D+00
  0.000000000000D+00  0.000000000000D+00  0.000000000000D+00  0.000000000000D+00
  0.000000000000D+00  0.000000000000D+00  0.000000000000D+00  0.000000000000D+00
  0.000000000000D+00  0.000000000000D+00  0.000000000000D+00  0.000000000000D+00
  0.000000000000D+00  0.000000000000D+00  0.000000000000D+00  0.000000000000D+00
$end
