$coord
    0.74384132648742     -0.34574696888539     -4.67736837028373  h
   -0.37740914005698     -0.47032384014648     -3.24631285280568  o
    0.92079676471139      0.51194790380305     -1.10172208826786  c
    1.64264400456123      2.41221152249358     -1.47928862493593  h
    2.51111739683587     -0.70170746388647     -0.57735498657112  h
   -0.92079578238980      0.51194958619429      1.10172190662749  c
   -1.64263910417290      2.41221473111593      1.47928848596236  h
   -2.51111888602172     -0.70170240900739      0.57735461940271  h
    0.37740804972536     -0.47032464023943      3.24631275153108  o
   -0.74384734055884     -0.34575818352309      4.67736532824431  h
$intdef
# definitions of internal coordinates
   1 f  1.0000000000000 tors    2    3    6    9 val= 135.00000
$user-defined bonds
$redundant
     number_of_atoms            10
     degrees_of_freedom         24
     internal_coordinates       25
     frozen_coordinates          1
# definitions of redundant internals
   1 k  1.0000000000000 tors   1    2    3    6 val= 175.47198
   2 k  1.0000000000000 stre   2    1           val=   1.82226
   3 k  1.0000000000000 bend   3    1    2      val= 107.69184
   4 k  1.0000000000000 stre   3    4           val=   2.06752
   5 k  1.0000000000000 stre   3    5           val=   2.06810
   6 k  0.0690257359987 bend   5    4    3      val=   0.74145
       -0.5046889386437 bend   2    4    3
       -0.5121360321794 bend   2    5    3
        0.5137298398316 bend   6    4    3
        0.4629501692307 bend   6    5    3
   7 k  0.0390303095935 bend   5    4    3      val=   1.04826
       -0.5503808291066 bend   2    4    3
        0.5245696743023 bend   2    5    3
       -0.4465843805058 bend   6    4    3
        0.4700495992719 bend   6    5    3
   8 k -0.8870010593400 bend   5    4    3      val=   2.09322
        0.1797556764895 bend   2    4    3
        0.2031317656015 bend   2    5    3
        0.2405574907386 bend   6    4    3
        0.2859835606336 bend   6    5    3
   9 k -0.0118063346811 bend   5    4    3      val=   1.62361
       -0.4423972453228 bend   2    4    3
        0.4759757656103 bend   2    5    3
        0.5312390891503 bend   6    4    3
       -0.5434863277973 bend   6    5    3
  10 k  1.0000000000000 stre   6    7           val=   2.06752
  11 k  1.0000000000000 stre   6    8           val=   2.06810
  12 k  0.0690257444421 bend   8    7    6      val=   0.74145
       -0.5046889536751 bend   9    7    6
       -0.5121360158981 bend   9    8    6
        0.5137297352899 bend   3    7    6
        0.4629502856049 bend   3    8    6
  13 k  0.0390301629271 bend   8    7    6      val=   1.04825
       -0.5503807866140 bend   9    7    6
        0.5245697299397 bend   9    8    6
       -0.4465844417444 bend   3    7    6
        0.4700495409325 bend   3    8    6
  14 k -0.8870010798682 bend   8    7    6      val=   2.09322
        0.1797557036149 bend   9    7    6
        0.2031317141923 bend   9    8    6
        0.2405575550418 bend   3    7    6
        0.2859834623403 bend   3    8    6
  15 k -0.0118062901768 bend   8    7    6      val=   1.62360
       -0.4423973106259 bend   9    7    6
        0.4759756894736 bend   9    8    6
        0.5312391265844 bend   3    7    6
       -0.5434863056961 bend   3    8    6
  16 k  1.0000000000000 tors  10    9    6    3 val= 175.47244
  17 k  1.0000000000000 stre   9   10           val=   1.82226
  18 k  1.0000000000000 bend   6   10    9      val= 107.69184
  19 k  1.0000000000000 tors   2    3    6    9 val= 135.00000
  20 k  1.0000000000000 stre   3    2           val=   2.69248
  21 k  1.0000000000000 bend   6    2    3      val= 107.57513
  22 k  1.0000000000000 stre   6    9           val=   2.69248
  23 k  1.0000000000000 bend   3    9    6      val= 107.57513
  24 k  1.0000000000000 stre   3    6           val=   2.87169
  25 f  1.0000000000000 tors   2    3    6    9 val= 135.00000
        24 non zero eigenvalues  of BmBt
           1           3.954595573    1    0
         1
           2           3.828328099    2    0
         2
           3           3.748812749    3    0
         3
           4           2.999182579    4    0
         4
           5           2.999029303    5    0
         5
           6           2.447926998    6    0
         6
           7           2.135093177    7    0
         7
           8           1.703129337    8    0
         8
           9           1.245765271    9    0
         9
          10           1.187766156   10    0
        10
          11           1.041140961   11    0
        11
          12           0.852788628   12    0
        12
          13           0.770342462   13    0
        13
          14           0.748585669   14    0
        14
          15           0.561670735   15    0
        15
          16           0.440241827   16    0
        16
          17           0.352946233   17    0
        17
          18           0.339813546   18    0
        18
          19           0.282029767   20    0
        20
          20           0.254422297   21    0
        21
          21           0.118504548   22    0
        22
          22           0.071914665   23    0
        23
          23           0.067138427   24    0
        24
          24           0.000000000    0    1
         0.000000000         0.000000000         0.000000000         0.000000000
         0.000000000         0.000000000         0.000000000         0.000000000
         0.000000000         0.000000000         0.000000000         0.000000000
         0.000000000         0.000000000         0.000000000         0.000000000
         0.000000000         0.000000000         0.000000000         0.000000000
         0.000000000         0.000000000         0.000000000         0.000000000
         1.000000000
$end
