$energy      SCF               SCFKIN            SCFPOT            MP2
     1 -229.0247382866      228.790013     -457.814751     -.8127831953873
     2 -229.0251814964      228.784824     -457.810005     -.8128016308100
     3 -229.0251313757      228.790241     -457.815373     -.8129784140191
     4 -229.0250432315      228.786316     -457.811360     -.8130758214923
     5 -229.0250257364      228.786007     -457.811033     -.8130942707747
     6 -229.0250262740      228.786111     -457.811137     -.8130937951282
     7 -229.0250258954      228.786103     -457.811129     -.8130942139885
     8 -229.0250258953      228.786101     -457.811127     -.8130941986487
     9 -229.0250254906      228.786087     -457.811113     -.8130946216389
    10 -229.0250250401      228.786070     -457.811095     -.8130950260234
    11 -229.0250250403      228.786071     -457.811096     -.8130950413444
    12 -229.0250249696      228.786069     -457.811094     -.8130951271322
    13 -229.0250249796      228.786068     -457.811093     -.8130951121318
$end
