$grad          cartesian gradients
  cycle =      1 MP2 energy =     -229.8375214820 |dE/dxyz| =  0.009744
    0.75800863071233     -0.48837253030802     -4.65406668540541      h
   -0.37745309492865     -0.46925518814108     -3.23453534925773      o
    0.92434361046149      0.51499847024735     -1.09346862339026      c
    1.58354931229631      2.45002286093277     -1.43002321569414      h
    2.56443081043187     -0.65105278091504     -0.60096474644230      h
   -0.92425812821211      0.51514892246231      1.09346284179406      c
   -1.58318649827450      2.45025505230424      1.43000074859573      h
   -2.56451695028973     -0.65068074042774      0.60094321847919      h
    0.37739843386387     -0.46922013065319      3.23456026175696      o
   -0.75843629734602     -0.48927326383776      4.65378414156104      h
  -.24503532071365D-02  -.10855975991736D-02  0.86754032117575D-03
  0.21626952845528D-02  -.11035168351969D-02  -.89864272937401D-03
  -.15821209615847D-02  0.19520304211218D-03  0.31637263943201D-02
  -.10201135517676D-02  0.18001292546570D-02  0.27691779977734D-02
  0.27343931910955D-02  0.19191752340708D-03  -.91609799413073D-03
  0.15826765153708D-02  0.20336418906619D-03  -.31620202015956D-02
  0.10232774221153D-02  0.17952228839557D-02  -.27681881176722D-02
  -.27390313489204D-02  0.19046298579739D-03  0.91363929891508D-03
  -.21600106046851D-02  -.10998452321260D-02  0.89751102333402D-03
  0.24485872607163D-02  -.10873403079930D-02  -.86664599240560D-03
  cycle =      2 MP2 energy =     -229.8379831272 |dE/dxyz| =  0.005144
    0.75417476001275     -0.39294400073634     -4.68021269069396      h
   -0.36668428968032     -0.48101155753525     -3.24720340416829      o
    0.92388818161372      0.50002241725781     -1.10033165928927      c
    1.61583496868709      2.41814092677687     -1.45429223451034      h
    2.53910322777353     -0.68779523934817     -0.59606136649835      h
   -0.92382903871917      0.50009955264407      1.10030650556493      c
   -1.61550299724081      2.41829255035213      1.45438349416405      h
   -2.53921154828284     -0.68745023787676      0.59593256663852      h
    0.36657335665922     -0.48123940684097      3.24714058828253      o
   -0.75446679210832     -0.39354433302953      4.68003079250731      h
  -.86944194489602D-03  -.56769252353814D-03  -.37373365134297D-03
  0.20464017750141D-02  -.14211260796615D-02  0.45835174056208D-03
  -.10028726665205D-02  0.62104914060912D-03  -.12962824524965D-03
  -.32260806204731D-03  0.78393926042919D-03  0.11833455035120D-02
  0.72831761072933D-03  0.58251588854885D-03  -.10958794868392D-02
  0.10033040926660D-02  0.62391112879423D-03  0.12905928098950D-03
  0.32300473246671D-03  0.78280793673446D-03  -.11822673085169D-02
  -.72867725227077D-03  0.58250607815702D-03  0.10945522390666D-02
  -.20464586125923D-02  -.14190255802018D-02  -.45716307112809D-03
  0.86903032743146D-03  -.56888527635283D-03  0.37336299939694D-03
  cycle =      3 MP2 energy =     -229.8381097897 |dE/dxyz| =  0.005228
    0.74486796931894     -0.33610945939467     -4.68296510543280      h
   -0.36680729783310     -0.48591416239216     -3.24649437830375      o
    0.92386535393627      0.49491069731759     -1.10027002740056      c
    1.64276868710917      2.39819650193245     -1.46959960741621      h
    2.51657893762419     -0.71462679828733     -0.57812901789933      h
   -0.92384842181679      0.49493743356110      1.10023646448432      c
   -1.64246227693295      2.39829514401310      1.46977585639803      h
   -2.51674243949980     -0.71429357907195      0.57794364448205      h
    0.36665719057030     -0.48633170924700      3.24635619494720      o
   -0.74499787376139     -0.33649339676728      4.68283856813818      h
  0.29081011989618D-05  0.15517643290386D-04  -.27997653990663D-03
  0.12245058378486D-02  -.19904917120703D-02  0.14290507862400D-02
  -.97262083358407D-03  0.16263605818363D-02  -.14617083062404D-02
  -.13947351845456D-04  0.69484616127546D-04  0.23165580210471D-03
  -.16476801041820D-03  0.27844110998965D-03  -.43799162725899D-03
  0.97283645337143D-03  0.16263252678663D-02  0.14624735968352D-02
  0.13162425059443D-04  0.70363832058717D-04  -.23122165852596D-03
  0.16584924613694D-03  0.27866630016060D-03  0.43741441276007D-03
  -.12249792953227D-02  -.19903176103129D-02  -.14293655906261D-02
  -.29465726658628D-05  0.15649960160458D-04  0.27966912247601D-03
  cycle =      4 MP2 energy =     -229.8381190530 |dE/dxyz| =  0.005205
    0.74648663484232     -0.34405855234500     -4.67992669299229      h
   -0.37109452649688     -0.48276988404396     -3.24734239538716      o
    0.92260498430341      0.49890637231350     -1.10052738758152      c
    1.64601665916767      2.39933552403883     -1.47443389041226      h
    2.51200529376730     -0.71494999712220     -0.57366016456036      h
   -0.92259426209300      0.49892749540180      1.10049138986419      c
   -1.64570705471725      2.39942827596462      1.47461110608412      h
   -2.51218452893876     -0.71461859066097      0.57348153595010      h
    0.37094640367521     -0.48319750616293      3.24719638333928      o
   -0.74659977479517     -0.34443246571984      4.67980270769305      h
  -.39816403586634D-04  0.19176428271143D-04  -.36196606570282D-04
  0.83729832886537D-03  -.21981521261076D-02  0.67067006796862D-03
  -.12175217107901D-02  0.21564969651817D-02  -.11893521183496D-02
  0.38691935190460D-04  0.98665910965856D-05  0.92052532764231D-04
  -.31595528655615D-05  0.12643634054621D-04  -.10538898497781D-04
  0.12179015733702D-02  0.21563325661207D-02  0.11899763509091D-02
  -.38749188492782D-04  0.98884938863897D-05  -.92153396257344D-04
  0.32539761001260D-05  0.12580840880405D-04  0.10316688664691D-04
  -.83772510741831D-03  -.21981186022475D-02  -.67096971466185D-03
  0.39826149182076D-04  0.19285197452361D-04  0.36195093415348D-04
  cycle =      5 MP2 energy =     -229.8381200072 |dE/dxyz| =  0.005023
    0.74858299301287     -0.35325016311756     -4.67718141455150      h
   -0.37315333785843     -0.48060981395067     -3.24683421741404      o
    0.92222696487093      0.50138939630885     -1.10055737370090      c
    1.64524744065549      2.40154978411646     -1.47636923700583      h
    2.51168977982968     -0.71261785836601     -0.57367685144555      h
   -0.92221583337386      0.50141277644432      1.10052092781780      c
   -1.64493596922624      2.40164556454469      1.47654166771173      h
   -2.51187041133461     -0.71228577885705      0.57350632392747      h
    0.37300985949242     -0.48102680360841      3.24668945021940      o
   -0.74870165735339     -0.35363643185078      4.67705331643858      h
  -.30677055420369D-04  -.28612317874016D-06  0.15578226172153D-04
  0.70980630183204D-03  -.21662020873445D-02  0.56168265097156D-03
  -.11528171295843D-02  0.21903865456663D-02  -.98455236058331D-03
  0.17140985864694D-04  -.10733070863189D-05  0.39050341317459D-04
  0.38814702136403D-04  -.22682057894796D-04  0.40507495120856D-04
  0.11531683363031D-02  0.21900678691544D-02  0.98492088556579D-03
  -.17027920943713D-04  -.11914218807085D-05  -.39133642219302D-04
  -.38933595820634D-04  -.22730862510922D-04  -.40555493434846D-04
  -.71017303559540D-03  -.21660278637903D-02  -.56191336507627D-03
  0.30698410942609D-04  -.26070336819201D-06  -.15584740334251D-04
  cycle =      6 MP2 energy =     -229.8381200691 |dE/dxyz| =  0.004893
    0.74951486417830     -0.35586836472524     -4.67647442979694      h
   -0.37352536671553     -0.48004716059588     -3.24678854859785      o
    0.92214203508574      0.50198437164262     -1.10063667604605      c
    1.64471051010393      2.40218670313633     -1.47714253534446      h
    2.51173255950745     -0.71179590351066     -0.57425809264250      h
   -0.92213014551884      0.50200942875948      1.10060025854115      c
   -1.64439921923052      2.40228459841718      1.47731312687996      h
   -2.51191182234991     -0.71146326635890      0.57409009403489      h
    0.37338334835848     -0.48045956346148      3.24664481348592      o
   -0.74963693470426     -0.35626017163960      4.67634458148304      h
  -.21239563809949D-05  -.31661940660746D-05  -.26578200236216D-05
  0.68696908542787D-03  -.21360523056035D-02  0.58383851665766D-03
  -.10820543556731D-02  0.21396144657770D-02  -.92134229823182D-03
  0.53993978414990D-05  -.20556822786233D-05  0.50060368240734D-05
  0.59486592158819D-05  0.17333497066563D-05  0.81564708310777D-05
  0.10823613221302D-02  0.21392554662332D-02  0.92156730231852D-03
  -.53813567952865D-05  -.20354725753791D-05  -.50165999075924D-05
  -.59462409263134D-05  0.17477729636894D-05  -.81301762261399D-05
  -.68730028280406D-03  -.21358695917360D-02  -.58408476881944D-03
  0.21277279644849D-05  -.31718214454739D-05  0.26633356338124D-05
  cycle =      7 MP2 energy =     -229.8381201094 |dE/dxyz| =  0.004883
    0.74952754770179     -0.35561324948760     -4.67652037682934      h
   -0.37347355627788     -0.48011911275933     -3.24682990355403      o
    0.92215442301511      0.50191957938049     -1.10062080073839      c
    1.64466434025553      2.40213585081454     -1.47718058413059      h
    2.51173271548644     -0.71186344463824     -0.57430086561458      h
   -0.92214229771222      0.50194471739698      1.10058440321746      c
   -1.64435313853455      2.40223367342959      1.47735126051140      h
   -2.51191159088029     -0.71153081487887      0.57413251210277      h
    0.37333134556896     -0.48053163279186      3.24668636789706      o
   -0.74964995990805     -0.35600489480184      4.67639057913540      h
  -.51978725323920D-06  -.52904877679075D-06  -.23635195742777D-05
  0.68531911701708D-03  -.21392301002079D-02  0.57842402711561D-03
  -.10726417333493D-02  0.21371542825674D-02  -.90708479098589D-03
  0.28461289081072D-05  -.31651381471320D-06  0.34466087239782D-06
  -.30721307275883D-07  0.29781215140634D-05  0.27701054858831D-05
  0.10729731875228D-02  0.21368541120541D-02  0.90730451491122D-03
  -.28456118768005D-05  -.30398328432213D-06  -.34578423313558D-06
  0.38049090100856D-07  0.29852458505175D-05  -.27561896424055D-05
  -.68566002154302D-03  -.21390606632523D-02  -.57866119490768D-03
  0.52139280315444D-06  -.53146549248290D-06  0.23681733498648D-05
  cycle =      8 MP2 energy =     -229.8381200939 |dE/dxyz| =  0.004882
    0.74381015241981     -0.34579370355001     -4.67737804723482      h
   -0.37741376833387     -0.47031009594114     -3.24629432275941      o
    0.92078766566018      0.51194752826954     -1.10174113781598      c
    1.64268201468362      2.41220016268424     -1.47929670121014      h
    2.51111070403833     -0.70168166111170     -0.57731967020965      h
   -0.92078785645589      0.51194737767279      1.10174118364311      c
   -1.64268236108475      2.41219998813539      1.47929676947477      h
   -2.51111078544598     -0.70168200033432      0.57731999704122      h
    0.37741391710416     -0.47031004944123      3.24629425687844      o
   -0.74380981247031     -0.34579383940510      4.67737815177604      h
  -.71015896541127D-06  -.87526263794352D-06  -.22689730481140D-05
  0.68613984694910D-03  -.21387597270026D-02  0.57782901532466D-03
  -.10738195469000D-02  0.21369970951173D-02  -.90598900879335D-03
  0.28423611477812D-05  -.28052800260525D-06  0.32650505299436D-06
  0.16142941205999D-07  0.29271550059384D-05  0.27911683234683D-05
  0.10737777191698D-02  0.21369045059654D-02  0.90595830253171D-03
  -.28403870500071D-05  -.29080836894124D-06  -.32771840263734D-06
  -.13828436618013D-07  0.29186021619498D-05  -.27852607010770D-05
  -.68610980490735D-03  -.21386708088724D-02  -.57781235185317D-03
  0.71765520592848D-06  -.87023637356659D-06  0.22783203257326D-05
  cycle =      9 MP2 energy =     -229.8381201122 |dE/dxyz| =  0.004883
    0.74381654910082     -0.34577274678276     -4.67737598319299      h
   -0.37741410399590     -0.47031898899678     -3.24630291867853      o
    0.92078985374465      0.51194492761319     -1.10173258199296      c
    1.64266295472933      2.41220377568835     -1.47928877495571      h
    2.51111491601516     -0.70169441906866     -0.57733181350444      h
   -0.92079009686496      0.51194452207981      1.10173263004938      c
   -1.64266352932123      2.41220317800902      1.47928944423420      h
   -2.51111496904005     -0.70169486676208      0.57733152213285      h
    0.37741376233480     -0.47032047086751      3.24630251996671      o
   -0.74381546658730     -0.34577120393412      4.67737643552506      h
  -.90249442763479D-06  -.49921033421982D-06  -.79841846289952D-06
  0.68422786962774D-03  -.21411957864608D-02  0.57281850811375D-03
  -.10720871155101D-02  0.21403001971012D-02  -.89940837520425D-03
  0.16633565274038D-05  0.13711623836343D-07  0.55760457462473D-06
  0.67694257399609D-06  0.13799784090995D-05  0.20455577809386D-05
  0.10721008336434D-02  0.21403149846413D-02  0.89941434366758D-03
  -.16843102466080D-05  0.23158586159866D-07  -.55929357756224D-06
  -.66024283640331D-06  0.13729896004566D-05  -.20379586453956D-05
  -.68425606276268D-03  -.21412609555957D-02  -.57284229175014D-03
  0.92122323147592D-06  -.44908031455668D-06  0.81032379428692D-06
  cycle =     10 MP2 energy =     -229.8381200661 |dE/dxyz| =  0.004881
    0.74383325439358     -0.34577858127150     -4.67736198819893      h
   -0.37741876435551     -0.47032414414383     -3.24630616236202      o
    0.92079419444057      0.51195121358011     -1.10172358651252      c
    1.64264018414854      2.41221513311956     -1.47929168443913      h
    2.51111795042966     -0.70170270477920     -0.57735603271035      h
   -0.92079296639801      0.51195275296606      1.10172394348361      c
   -1.64263975818751      2.41221710148461      1.47928827145307      h
   -2.51111626227933     -0.70170283477146      0.57735881122855      h
    0.37742035049336     -0.47031777626238      3.24630852523129      o
   -0.74383831257003     -0.34578645294352      4.67736038241001      h
  -.41289033259062D-06  -.56463544688065D-06  0.28622953252011D-06
  0.68180199444612D-03  -.21429626505292D-02  0.56974363096352D-03
  -.10679454932014D-02  0.21437292178978D-02  -.89276961843654D-03
  0.14657126046203D-06  0.10128048621993D-07  0.32611864164700D-06
  0.50009828278519D-06  -.21176129849643D-06  0.37122893703501D-06
  0.10679428379103D-02  0.21437096632191D-02  0.89272335552470D-03
  -.12587518471996D-06  0.15191847779761D-10  -.35195947589717D-06
  -.52266914618571D-06  -.21561301966067D-06  -.34111716051832D-06
  -.68175168661977D-03  -.21427967101988D-02  -.56967052256329D-03
  0.36711237116904D-06  -.69766686321485D-06  -.31734593575194D-06
  cycle =     11 MP2 energy =     -229.8381200816 |dE/dxyz| =  0.004882
    0.74384123872128     -0.34577232507122     -4.67736145745238      h
   -0.37741368493488     -0.47031760225589     -3.24630788279150      o
    0.92079633595451      0.51195457701628     -1.10172207268612      c
    1.64264535325584      2.41221790533124     -1.47928735792204      h
    2.51111761321452     -0.70170165980595     -0.57735236741207      h
   -0.92079506546707      0.51195669572306      1.10172191312780      c
   -1.64264028291190      2.41222163546993      1.47928627538049      h
   -2.51111882177073     -0.70169657353202      0.57735281110435      h
    0.37741293471176     -0.47031701198670      3.24630825749085      o
   -0.74384833165230     -0.34578540297013      4.67735805006424      h
  -.43273817862399D-06  -.58608126281626D-06  0.28026648690727D-06
  0.68191711803500D-03  -.21428185269428D-02  0.56982358574142D-03
  -.10680296211638D-02  0.21436232089949D-02  -.89291768523997D-03
  0.20366891972934D-06  0.10638761427373D-07  0.34105925661443D-06
  0.49964836934535D-06  -.23311159025319D-06  0.43029547780460D-06
  0.10680634015423D-02  0.21436949699165D-02  0.89289878930815D-03
  -.15556498933478D-06  0.10574200626223D-07  -.33959798961813D-06
  -.53981856051877D-06  -.20191505001321D-06  -.41518661786366D-06
  -.68194130799171D-03  -.21428440508959D-02  -.56980776813198D-03
  0.41521404670064D-06  -.65571933399733D-06  -.29376073396037D-06
  cycle =     12 MP2 energy =     -229.8381200967 |dE/dxyz| =  0.004882
    0.74383011444157     -0.34570006588868     -4.67737995551311      h
   -0.37740083076738     -0.47033496706176     -3.24631427994521      o
    0.92079916512563      0.51193605686131     -1.10172009113918      c
    1.64264800250541      2.41219969125606     -1.47928391795732      h
    2.51111854313967     -0.70171930097763     -0.57734833691139      h
   -0.92079848018605      0.51193741447909      1.10171984945264      c
   -1.64264325640012      2.41220247992566      1.47928444783209      h
   -2.51112042190200     -0.70171428558693      0.57734751973560      h
    0.37739947554651     -0.47033701704249      3.24631368283047      o
   -0.74383502238221     -0.34570976804603      4.67737725051904      h
  -.44332225757060D-06  0.77607454535694D-06  -.28108660066195D-06
  0.68209296721200D-03  -.21442284522504D-02  0.56983495203689D-03
  -.10676428343270D-02  0.21433604637031D-02  -.89258850494589D-03
  0.16506134858929D-06  0.39914700433741D-07  0.68810850573087D-07
  0.93299024062077D-07  0.60865376738661D-07  0.26703988742494D-06
  0.10676385122363D-02  0.21433415317511D-02  0.89258812237836D-03
  -.14443959561738D-06  0.51048483218352D-07  -.57460074143201D-07
  -.10187656940275D-06  0.84034843528258D-07  -.26610818115724D-06
  -.68211807440477D-03  -.21442980900903D-02  -.56985887140470D-03
  0.46070771553275D-06  0.81259621092719D-06  0.29310727622800D-06
  cycle =     13 MP2 energy =     -229.8381200917 |dE/dxyz| =  0.004881
    0.74384132648742     -0.34574696888539     -4.67736837028373      h
   -0.37740914005698     -0.47032384014648     -3.24631285280568      o
    0.92079676471139      0.51194790380305     -1.10172208826786      c
    1.64264400456123      2.41221152249358     -1.47928862493593      h
    2.51111739683587     -0.70170746388647     -0.57735498657112      h
   -0.92079578238980      0.51194958619429      1.10172190662749      c
   -1.64263910417290      2.41221473111593      1.47928848596236      h
   -2.51111888602172     -0.70170240900739      0.57735461940271      h
    0.37740804972536     -0.47032464023943      3.24631275153108      o
   -0.74384734055884     -0.34575818352309      4.67736532824431      h
  0.87788036839953D-07  -.83641910245819D-06  -.26776318939881D-08
  0.68134953003529D-03  -.21427086963488D-02  0.56967973843314D-03
  -.10675209337005D-02  0.21435091828081D-02  -.89263219677943D-03
  0.12231382595651D-06  0.93177336957240D-08  0.92253805039633D-07
  0.85608947930638D-07  0.28015853636987D-07  0.12529940107697D-06
  0.10675152917057D-02  0.21434660264479D-02  0.89261299157706D-03
  -.10561638319473D-06  0.17721636158541D-07  -.96861621612376D-07
  -.92933006179408D-07  0.40866287687180D-07  -.11457466897458D-06
  -.68133239702384D-03  -.21426390707608D-02  -.56965466500447D-03
  -.10865287158879D-06  -.88695731722405D-06  -.93079313145950D-08
$end
