$hessapprox internal
  0.277722173175D-01 -0.550592308402D-03  0.613326772145D+00 -0.157268775621D-02
  0.279139371417D-02  0.367399995144D+00 -0.672477886028D-03  0.224583267181D-03
 -0.238103861344D-03  0.426278321856D+00 -0.291038686950D-03  0.215245010757D-02
 -0.339646446194D-02 -0.233659046837D-03  0.423096407792D+00  0.263664994163D-02
 -0.300643135845D-02  0.434015711929D-02  0.205241437060D-03  0.358971845916D-02
  0.341772607659D+00  0.703385463333D-03 -0.983987487822D-03  0.144940504775D-02
  0.758410067665D-04  0.118647027301D-02 -0.149065155007D-02  0.346495889337D+00
 -0.122625501022D-02  0.106926674860D-02 -0.149137498270D-02 -0.573271215380D-04
 -0.125578901347D-02  0.149805123855D-02  0.508619038955D-03  0.320873691779D+00
 -0.222036826549D-02  0.631393700821D-03 -0.609689776115D-03  0.474130819750D-04
 -0.632986776424D-03  0.490068128643D-03  0.188592516726D-03 -0.123320172770D-03
  0.345391748246D+00 -0.692145535635D-03  0.154020075557D-03 -0.121469172978D-03
  0.197404953057D-04 -0.143489514542D-03  0.798592699504D-04  0.347639408820D-04
 -0.128064283033D-04  0.733251495234D-04  0.426293862893D+00 -0.265832368887D-03
  0.220538466856D-02 -0.348585334351D-02 -0.241163064484D-03 -0.275428443810D-02
  0.368653261112D-02  0.121806573406D-02 -0.129038688627D-02 -0.654272145758D-03
 -0.148767864335D-03  0.422957932410D+00  0.255891464832D-02 -0.293442356326D-02
  0.423884593352D-02  0.201117733060D-03  0.350479821696D-02 -0.432375596441D-02
 -0.145603774189D-02  0.146384497670D-02  0.480907344590D-03  0.787349506631D-04
  0.359928520926D-02  0.341974589685D+00  0.827125509653D-03 -0.103748303972D-02
  0.151272065747D-02  0.753206012261D-04  0.124477146381D-02 -0.154914891178D-02
 -0.520585666762D-03  0.526457222471D-03  0.183738171567D-03  0.320318815175D-04
  0.127813353669D-02 -0.151328400243D-02  0.346454064666D+00 -0.121899882679D-02
  0.110439400119D-02 -0.154897822454D-02 -0.617924077579D-04 -0.130049267775D-02
  0.155979977455D-02  0.528878436013D-03 -0.521554798980D-03 -0.135771673632D-03
 -0.157971530431D-04 -0.133619996561D-02  0.152411907836D-02  0.547791542876D-03
  0.320829213454D+00 -0.226648946578D-02  0.454445337633D-03 -0.317789062015D-03
  0.704260201091D-04 -0.407104450568D-03  0.176495867097D-03  0.858241472220D-04
 -0.120446137488D-04  0.255978153410D-03  0.889077898836D-04 -0.422806776769D-03
  0.174832919521D-03  0.754566240454D-04 -0.207994098806D-04  0.345501944739D+00
  0.143696291506D-01 -0.527178488311D-03 -0.175737977609D-02 -0.719331212020D-03
 -0.379443290957D-03  0.289082082781D-02  0.777222638540D-03 -0.133356046646D-02
 -0.237141670579D-02 -0.737812419586D-03 -0.354514484614D-03  0.280614315151D-02
  0.909987420820D-03 -0.132704344413D-02 -0.241437527249D-02  0.294445074233D-01
 -0.549539796734D-03 -0.169737844383D-02  0.281945805156D-02  0.226569680035D-03
  0.217454896223D-02 -0.303618876306D-02 -0.993806275896D-03  0.107970677632D-02
  0.636814300615D-03  0.155267500996D-03  0.222804308949D-02 -0.296347549407D-02
 -0.104779311457D-02  0.111520064566D-02  0.458014400368D-03 -0.525479819156D-03
  0.613291327332D+00 -0.166697481730D-02  0.285905751627D-02 -0.427959507635D-02
 -0.240825158436D-03 -0.347472080170D-02  0.443055430415D-02  0.148034440133D-02
 -0.152107967232D-02 -0.614544689897D-03 -0.121377381082D-03 -0.356630859918D-02
  0.432720163828D-02  0.154461719249D-02 -0.158006181694D-02 -0.315616827614D-03
 -0.185943520120D-02  0.288777420443D-02  0.367215550196D+00  0.228707895838D-02
 -0.287876081499D-02  0.419887569674D-02  0.209430201447D-03  0.345451504858D-02
 -0.430061509533D-02 -0.144509426260D-02  0.146170681427D-02  0.511240362901D-03
  0.893126144336D-04  0.354708204350D-02 -0.420103982324D-02 -0.150355099611D-02
  0.152090679443D-02  0.210778732552D-03  0.251653211353D-02 -0.290737271677D-02
  0.428744850423D-02  0.488268663448D+00 -0.586193022742D-02 -0.166980816176D-02
  0.373728232826D-02  0.511896104574D-03  0.252526175855D-02 -0.438993272146D-02
 -0.137506460461D-02  0.167293662874D-02  0.156672114653D-02  0.440411124613D-03
  0.257484417091D-02 -0.427914612258D-02 -0.148289885426D-02  0.170950333105D-02
  0.138622383033D-02 -0.615010347959D-02 -0.168997946505D-02  0.384960317216D-02
 -0.411158876955D-02  0.381554096205D+00  0.226446543607D-02 -0.281979234632D-02
  0.410847739584D-02  0.203824011344D-03  0.338199472491D-02 -0.420613141897D-02
 -0.141368309853D-02  0.142898361959D-02  0.496485930703D-03  0.861730172695D-04
  0.347267943763D-02 -0.410877462129D-02 -0.147069317396D-02  0.148696343708D-02
  0.202199906614D-03  0.249063870670D-02 -0.284780610960D-02  0.419503041512D-02
 -0.408266758167D-02 -0.403674288070D-02  0.488449106503D+00 -0.536370887260D-02
 -0.171568756641D-02  0.372057990155D-02  0.490154506693D-03  0.254681795415D-02
 -0.433671813532D-02 -0.136360985379D-02  0.164323115211D-02  0.149327609395D-02
  0.416871552763D-03  0.259813967453D-02 -0.422775099219D-02 -0.146762688956D-02
  0.168059820945D-02  0.130838957843D-02 -0.562116430831D-02 -0.173608520644D-02
  0.383039742900D-02 -0.406951139006D-02  0.151960275644D-03 -0.399462194057D-02
  0.381083671880D+00 -0.230375326876D-02 -0.639731397689D-03  0.144230924527D-02
  0.199263270085D-03  0.971673920599D-03 -0.169713607575D-02 -0.531137966170D-03
  0.647581308422D-03  0.610476500996D-03  0.171861577084D-03  0.990636634245D-03
 -0.165426439328D-02 -0.573047023835D-03  0.661608584562D-03  0.541274851816D-03
 -0.241755326299D-02 -0.647488181634D-03  0.148583253819D-02 -0.158884669273D-02
  0.174184523227D-03 -0.155999505247D-02  0.784725100208D-04  0.388150363675D+00
  0.000000000000D+00  0.000000000000D+00  0.000000000000D+00  0.000000000000D+00
  0.000000000000D+00  0.000000000000D+00  0.000000000000D+00  0.000000000000D+00
  0.000000000000D+00  0.000000000000D+00  0.000000000000D+00  0.000000000000D+00
  0.000000000000D+00  0.000000000000D+00  0.000000000000D+00  0.000000000000D+00
  0.000000000000D+00  0.000000000000D+00  0.000000000000D+00  0.000000000000D+00
  0.000000000000D+00  0.000000000000D+00  0.000000000000D+00  0.000000000000D+00
$end
