$coord
    0.01063026797538     -1.08519865912525     -4.20153422420243  h
   -0.07497496616705     -1.20031127698340     -2.38465677105573  o
    0.11474937493829      1.30141848579401     -1.44942904835349  c
   -1.36255014186541      2.51824068550399     -2.23689663823749  h
    1.94355791484134      2.11138375539191     -1.98607473529721  h
   -0.11474949604716      1.30141846983012      1.44942903976359  c
    1.36254997702480      2.51824069466586      2.23689665550047  h
   -1.94355806898141      2.11138369123937      1.98607470083749  h
    0.07497486287368     -1.20031129760608      2.38465675349654  o
   -0.01062878347755     -1.08519855087051      4.20153427378353  h
$intdef
# definitions of internal coordinates
   1 f  1.0000000000000 tors    2    3    6    9 val=  12.00000
$user-defined bonds
$redundant
     number_of_atoms            10
     degrees_of_freedom         24
     internal_coordinates       25
     frozen_coordinates          1
# definitions of redundant internals
   1 k  1.0000000000000 tors   1    2    3    6 val= 177.71057
   2 k  1.0000000000000 stre   2    1           val=   1.82253
   3 k  1.0000000000000 bend   3    1    2      val= 106.61021
   4 k  1.0000000000000 stre   3    4           val=   2.06958
   5 k  1.0000000000000 stre   3    5           val=   2.07089
   6 k  0.0682080871471 bend   5    4    3      val=   0.69257
       -0.5205006799307 bend   2    4    3
       -0.4963871536283 bend   2    5    3
        0.4860732680438 bend   6    4    3
        0.4916902183748 bend   6    5    3
   7 k  0.0107936001898 bend   5    4    3      val=   0.31822
       -0.5362549629244 bend   2    4    3
        0.5538601464856 bend   2    5    3
       -0.4578693595790 bend   6    4    3
        0.4426157482823 bend   6    5    3
   8 k  0.8946774811152 bend   5    4    3      val=  -0.26997
       -0.1757612128661 bend   2    4    3
       -0.1956689612031 bend   2    5    3
       -0.2559485509480 bend   6    4    3
       -0.2546845062554 bend   6    5    3
   9 k -0.0065766913742 bend   5    4    3      val=   0.90730
        0.4495882176028 bend   2    4    3
       -0.4507780308937 bend   2    5    3
       -0.5373979742539 bend   6    4    3
        0.5530187753185 bend   6    5    3
  10 k  1.0000000000000 stre   6    7           val=   2.06958
  11 k  1.0000000000000 stre   6    8           val=   2.07089
  12 k  0.0682081039280 bend   8    7    6      val=   0.69257
       -0.5205007329385 bend   9    7    6
       -0.4963871009620 bend   9    8    6
        0.4860733152729 bend   3    7    6
        0.4916901664129 bend   3    8    6
  13 k  0.0107937610020 bend   8    7    6      val=   0.31822
       -0.5362549473788 bend   9    7    6
        0.5538601644979 bend   9    8    6
       -0.4578693629356 bend   3    7    6
        0.4426157371835 bend   3    8    6
  14 k  0.8946774774104 bend   8    7    6      val=  -0.26997
       -0.1757611289914 bend   9    7    6
       -0.1956690344611 bend   9    8    6
       -0.2559484963968 bend   3    7    6
       -0.2546845756923 bend   3    8    6
  15 k -0.0065766843738 bend   8    7    6      val=   0.90730
        0.4495881644541 bend   9    7    6
       -0.4507780744385 bend   9    8    6
       -0.5373979242378 bend   3    7    6
        0.5530188317190 bend   3    8    6
  16 k  1.0000000000000 tors  10    9    6    3 val= 177.71052
  17 k  1.0000000000000 stre   9   10           val=   1.82253
  18 k  1.0000000000000 bend   6   10    9      val= 106.61021
  19 k  1.0000000000000 tors   2    3    6    9 val=  12.00000
  20 k  1.0000000000000 stre   3    2           val=   2.67755
  21 k  1.0000000000000 bend   6    2    3      val= 110.03552
  22 k  1.0000000000000 stre   6    9           val=   2.67755
  23 k  1.0000000000000 bend   3    9    6      val= 110.03552
  24 k  1.0000000000000 stre   3    6           val=   2.90793
  25 f  1.0000000000000 tors   2    3    6    9 val=  12.00000
        24 non zero eigenvalues  of BmBt
           1           4.653130124    1    0
         1
           2           3.805795608    2    0
         2
           3           3.707683752    3    0
         3
           4           3.062879281    4    0
         4
           5           2.649387181    5    0
         5
           6           2.474211220    6    0
         6
           7           2.104187544    7    0
         7
           8           1.759748074    8    0
         8
           9           1.222450309    9    0
         9
          10           1.204493907   10    0
        10
          11           1.028491210   11    0
        11
          12           0.823956563   12    0
        12
          13           0.757691704   13    0
        13
          14           0.728804695   14    0
        14
          15           0.693733979   15    0
        15
          16           0.385026303   16    0
        16
          17           0.346653617   17    0
        17
          18           0.290161435   18    0
        18
          19           0.249341720   20    0
        20
          20           0.247567523   21    0
        21
          21           0.204375963   22    0
        22
          22           0.067117145   23    0
        23
          23           0.054287244   24    0
        24
          24           0.000000000    0    1
         0.000000000         0.000000000         0.000000000         0.000000000
         0.000000000         0.000000000         0.000000000         0.000000000
         0.000000000         0.000000000         0.000000000         0.000000000
         0.000000000         0.000000000         0.000000000         0.000000000
         0.000000000         0.000000000         0.000000000         0.000000000
         0.000000000         0.000000000         0.000000000         0.000000000
         1.000000000
$end
