$energy      SCF               SCFKIN            SCFPOT            MP2
     1 -229.0114320011      228.807781     -457.819213     -.8140597545925
     2 -229.0149599434      228.744911     -457.759871     -.8124865245026
     3 -229.0150081734      228.771095     -457.786103     -.8127700183998
     4 -229.0147724254      228.777514     -457.792286     -.8130430851109
     5 -229.0147399062      228.771834     -457.786574     -.8130792404671
     6 -229.0147252007      228.772506     -457.787231     -.8130942037615
     7 -229.0147247763      228.772244     -457.786969     -.8130946639744
     8 -229.0147236479      228.772415     -457.787139     -.8130957975632
     9 -229.0147236478      228.772416     -457.787140     -.8130958014949
    10 -229.0147236886      228.772415     -457.787139     -.8130957724100
    11 -229.0147239725      228.772416     -457.787140     -.8130955176993
    12 -229.0147239724      228.772414     -457.787138     -.8130955066824
    13 -229.0147241808      228.772419     -457.787143     -.8130952662537
    14 -229.0147241453      228.772426     -457.787150     -.8130953227438
$end
