$grad          cartesian gradients
  cycle =      1 MP2 energy =     -229.8254917557 |dE/dxyz| =  0.022550
    0.06006682667337     -1.27175848592738     -4.05265486175984      h
   -0.08359641224511     -1.21941528245740     -2.24121094036920      o
    0.11851583918873      1.33863112756381     -1.42687324935547      c
   -1.38370355175135      2.51336891986991     -2.23648338217341      h
    1.94297988311034      2.16253016675143     -1.96039264046546      h
   -0.11851318854168      1.33863562725668      1.42686375400529      c
    1.38367794360277      2.51338000264584      2.23647943518240      h
   -1.94300353587148      2.16253243685843      1.96035452958694      h
    0.08366923713812     -1.21939624395623      2.24122585705397      o
   -0.06120509308346     -1.27184589758479      4.05257329697099      h
  -.46769774684294D-03  -.40777161481331D-02  0.28049386496498D-02
  0.20840464651317D-02  -.45462020902907D-02  0.37414469989363D-02
  -.32565447988082D-02  0.57494476618549D-02  0.11310571013662D-01
  -.17814149927586D-02  0.40488889478185D-03  0.13294726526603D-02
  0.63303351304755D-03  0.24699836822943D-02  0.27044735004160D-02
  0.32628492619756D-02  0.57492913949586D-02  -.11309673044489D-01
  0.17783474254767D-02  0.40045898272512D-03  -.13309778728163D-02
  -.63722963874913D-03  0.24738820851669D-02  -.27039931853923D-02
  -.20821438282358D-02  -.45468310888026D-02  -.37434150208187D-02
  0.46675433968005D-03  -.40772034757043D-02  -.28028436902368D-02
  cycle =      2 MP2 energy =     -229.8274464679 |dE/dxyz| =  0.013508
    0.04883569521192     -1.09630569333044     -4.26414260224820      h
   -0.06675991897703     -1.21763433408887     -2.44960244476624      o
    0.11579403579037      1.26407985989472     -1.45514521545359      c
   -1.35992093305116      2.47898644625744     -2.24798555327235      h
    1.93658346929138      2.09423240275419     -1.98375975409626      h
   -0.11589339381262      1.26407995874761      1.45513020530731      c
    1.35987382137988      2.47890330021710      2.24799593753729      h
   -1.93664974872330      2.09432589030840      1.98372009049367      h
    0.06654452196919     -1.21764467562841      2.44957920904508      o
   -0.04951960085838     -1.09636078411143      4.26409192612950      h
  -.13091025750331D-03  -.19161180776980D-02  -.66137917989550D-03
  0.36442036692208D-02  0.16977274346921D-02  -.46476197066383D-02
  -.66208226216796D-02  0.67988894191906D-03  0.11034856947023D-02
  0.43359438459722D-03  -.69997792970167D-03  -.15520133127602D-02
  -.71763232638622D-03  0.23853819049835D-03  -.41509483077284D-03
  0.66213891144219D-02  0.67960571555581D-03  -.11031075399046D-02
  -.43409449627108D-03  -.70124564652341D-03  0.15525580860365D-02
  0.71692554285052D-03  0.23956051314644D-03  0.41416145586970D-03
  -.36427986657497D-02  0.16982182892171D-02  0.46478321852783D-02
  0.13014565653793D-03  -.19161973414452D-02  0.66117714621594D-03
  cycle =      3 MP2 energy =     -229.8277781918 |dE/dxyz| =  0.011267
    0.04456844169586     -1.11493265668867     -4.21470569575360      h
   -0.06826767736412     -1.21962755075957     -2.39949587107853      o
    0.11776441291854      1.27558815117264     -1.44988286078322      c
   -1.35936822595476      2.48833185196993     -2.24382312624261      h
    1.94442358588576      2.09399760786237     -1.97948431844547      h
   -0.11788245120363      1.27558784696596      1.44986703074438      c
    1.35932115699414      2.48823017719932      2.24383036225737      h
   -1.94449529193241      2.09411215715222      1.97945147135322      h
    0.06799298903584     -1.21964349443281      2.39946689793376      o
   -0.04516899185498     -1.11498171942107      4.21465790869090      h
  -.72844919286580D-04  -.99542866269065D-03  0.67542921533992D-04
  0.38639112459828D-02  0.10816644569438D-02  -.13994467494909D-02
  -.65977108744136D-02  0.17402177355130D-03  0.58197489641398D-03
  0.40221610397406D-04  -.39908128661814D-03  -.53212814146142D-03
  -.22859689664756D-03  0.13884879202619D-03  0.37158847389529D-04
  0.65974899464707D-02  0.17363371716872D-03  -.58170179421357D-03
  -.40323977408274D-04  -.39962420982853D-03  0.53270159515173D-03
  0.22852181597210D-03  0.13925653676927D-03  -.37926077649741D-04
  -.38629214787957D-02  0.10821425139227D-02  0.13995659995034D-02
  0.72253527792165D-04  -.99543366138677D-03  -.67741497985274D-04
  cycle =      4 MP2 energy =     -229.8278155105 |dE/dxyz| =  0.011329
    0.03797837691589     -1.11667585654838     -4.19496818890151      h
   -0.06728174345978     -1.22293034376642     -2.37889502259670      o
    0.11974223955675      1.27898920577206     -1.44860622474672      c
   -1.35503381341355      2.49485538132156     -2.24258808096257      h
    1.95069969427187      2.08911802766678     -1.97814802971143      h
   -0.11989244257674      1.27898781292031      1.44858889408100      c
    1.35498479747589      2.49472101438600      2.24258857647332      h
   -1.95078357458891      2.08926868647496      1.97812683203610      h
    0.06691508350332     -1.22295526551246      2.37885730643363      o
   -0.03844066946450     -1.11671629169409      4.19492573657107      h
  -.31232966269668D-05  -.16875165834318D-03  0.12828062477599D-03
  0.41339848833790D-02  0.11334230021554D-03  0.59916769942436D-03
  -.68130424932243D-02  0.41353730644289D-04  -.48144047823651D-03
  -.47520619272934D-04  -.25037924372473D-04  -.25671952297301D-06
  0.38742677026971D-04  0.39169615448031D-04  0.86770942165026D-04
  0.68129029431316D-02  0.40766767464007D-04  0.48149505182682D-03
  0.47658210307500D-04  -.25023065214125D-04  0.58661799573478D-06
  -.38797917734978D-04  0.39221495804043D-04  -.87147658932807D-04
  -.41337339314590D-02  0.11373357703093D-03  -.59913874668727D-03
  0.29295446731803D-05  -.16877486245603D-03  -.12831733194485D-03
  cycle =      5 MP2 energy =     -229.8278191467 |dE/dxyz| =  0.011440
    0.03475075133893     -1.10993242782268     -4.20236365448792      h
   -0.06532811950840     -1.22450586174823     -2.38617418780122      o
    0.12057474942965      1.27652578875463     -1.44931020561016      c
   -1.35283768232438      2.49441391491894     -2.24258173896578      h
    1.95170194060636      2.08685476435993     -1.97777580134725      h
   -0.12073726449346      1.27652383935861      1.44929219445273      c
    1.35278737773243      2.49426727384046      2.24257757162664      h
   -1.95178994294658      2.08701837164249      1.97776157230556      h
    0.06493121771546     -1.22453354821912      2.38613347404456      o
   -0.03516507932978     -1.10996974406471      4.20232257445902      h
  0.83127468954447D-05  -.24392183632094D-04  -.22511912717071D-04
  0.41706354833042D-02  -.34586292710870D-03  0.31867720673517D-03
  -.68713825071831D-02  0.29873364630273D-03  -.71724070172419D-03
  0.23980165687387D-04  0.41169331606472D-04  -.14202496764870D-04
  0.68122757381772D-05  0.30471952541022D-04  -.34641551589498D-05
  0.68714284757342D-02  0.29809417676940D-03  0.71729206878435D-03
  -.23990474404378D-04  0.41149326845069D-04  0.14297279823827D-04
  -.68047113015446D-05  0.30454764496035D-04  0.33327329862498D-05
  -.41706249247758D-02  -.34542413347083D-03  -.31868923691025D-03
  -.83665296515267D-05  -.24393979528692D-04  0.22509213853716D-04
  cycle =      6 MP2 energy =     -229.8278194045 |dE/dxyz| =  0.011353
    0.03317898468704     -1.11011742724751     -4.20114588801256      h
   -0.06453689946750     -1.22469221458042     -2.38484633680146      o
    0.12113878297400      1.27693872190190     -1.44896944529595      c
   -1.35240648336713      2.49422291729835     -2.24281248348919      h
    1.95240202967302      2.08700393188960     -1.97713248827753      h
   -0.12130478123675      1.27693673855417      1.44895128356795      c
    1.35235601012961      2.49407302775427      2.24280661892708      h
   -1.95249123977558      2.08717143252985      1.97712063891360      h
    0.06413219970017     -1.22472059810955      2.38480483381918      o
   -0.03358065509665     -1.11015415897035      4.20110506532505      h
  0.57157606036529D-05  -.32019056556143D-06  0.16285940214189D-05
  0.41578703368660D-02  -.42416772868314D-03  0.37685164269963D-03
  -.68042828540316D-02  0.38188461293220D-03  -.62832638545807D-03
  0.59228237585529D-05  0.24090989465542D-04  0.15553275109159D-04
  0.29641629293309D-05  0.18637109069131D-04  0.10885276550132D-04
  0.68043408108933D-02  0.38123790377753D-03  0.62834855407323D-03
  -.59305439710222D-05  0.24074414253228D-04  -.15523401762918D-04
  -.29768118179341D-05  0.18641377720341D-04  -.10931685308746D-04
  -.41578952755429D-02  -.42375732672539D-03  -.37685254866560D-03
  -.57284097914889D-05  -.32118423676231D-06  -.16333196706242D-05
  cycle =      7 MP2 energy =     -229.8278194403 |dE/dxyz| =  0.011311
    0.03158875651601     -1.10942371667335     -4.20177300006242      h
   -0.06369744970514     -1.22475847968189     -2.38538284533463      o
    0.12162027885764      1.27686948582958     -1.44890145999507      c
   -1.35183397542805      2.49381032609593     -2.24336870155174      h
    1.95296662116656      2.08685816577575     -1.97671456635564      h
   -0.12178815926447      1.27686749251701      1.44888319126154      c
    1.35178341422143      2.49365887022254      2.24336167311912      h
   -1.95305637810681      2.08702761558592      1.97670432019824      h
    0.06328887096766     -1.22478716630045      2.38534091622353      o
   -0.03198403100459     -1.10946022235072      4.20173227117323      h
  0.20776847111936D-05  0.16888203280829D-05  -.52522973348346D-05
  0.41528675778282D-02  -.44620920138527D-03  0.33164426598020D-03
  -.67739763447704D-02  0.44282094020787D-03  -.57513752121086D-03
  0.15041990097941D-05  0.89680070125553D-06  -.14533388537075D-05
  -.62949406558488D-05  0.93230775521924D-06  -.96220977274797D-06
  0.67740180464641D-02  0.44216436612654D-03  0.57513861680580D-03
  -.15085571494211D-05  0.88805914799650D-06  0.14408651056730D-05
  0.62926055570678D-05  0.93931906541833D-06  0.97456273184804D-06
  -.41529078614978D-02  -.44581029676216D-03  -.33164821818676D-03
  -.20724096191638D-05  0.16888621195976D-05  0.52552739520095D-05
  cycle =      8 MP2 energy =     -229.8278194455 |dE/dxyz| =  0.011315
    0.03114354528446     -1.10958191730060     -4.20145759255107      h
   -0.06353184310334     -1.22474251074744     -2.38503205652764      o
    0.12174237146979      1.27698364366175     -1.44885526804137      c
   -1.35166477356474      2.49383767847978     -2.24353667182068      h
    1.95317864846249      2.08685886221008     -1.97657171141575      h
   -0.12191010125431      1.27698167317641      1.44883700841792      c
    1.35161423469499      2.49368641506783      2.24352972349192      h
   -1.95326834357022      2.08702816027093      1.97656138645100      h
    0.06312345576307     -1.22477115180232      2.38499013966440      o
   -0.03153924596195     -1.10961848199609      4.20141684100743      h
  0.55922100206107D-06  0.16265318221742D-05  -.91761744869245D-07
  0.41550789062350D-02  -.44184566325001D-03  0.34875333391948D-03
  -.67757342808724D-02  0.44347159928559D-03  -.56712554883975D-03
  -.15773398578389D-05  -.15939068882531D-05  -.93840107551202D-06
  -.11944490396765D-05  -.15306982168450D-05  0.34093571299465D-07
  0.67757705188802D-02  0.44281196898854D-03  0.56712925310021D-03
  0.15788859117905D-05  -.15917059883463D-05  0.92991878930526D-06
  0.11977558846965D-05  -.15314867300997D-05  -.24094021444654D-07
  -.41551228753800D-02  -.44144428938075D-03  -.34875820930580D-03
  -.55634267481786D-06  0.16276269794169D-05  0.91415759406743D-07
  cycle =      9 MP2 energy =     -229.8278194493 |dE/dxyz| =  0.011315
    0.01077569539732     -1.08515728714230     -4.20154027258328      h
   -0.07500159465857     -1.20031385643494     -2.38467254475419      o
    0.11473264584837      1.30142562409695     -1.44942511488955      c
   -1.36260535883640      2.51820505747024     -2.23689011159619      h
    1.94352484027602      2.11138641350345     -1.98610377119686      h
   -0.11473267030175      1.30142561946569      1.44942512705196      c
    1.36260550887271      2.51820496488580      2.23688994396766      h
   -1.94352472117352      2.11138653848743      1.98610406873748      h
    0.07500150040321     -1.20031388536473      2.38467252431745      o
   -0.01077417703999     -1.08515719108640      4.20154032213196      h
  -.11888763519485D-06  0.17320474399729D-05  -.14080682753104D-06
  0.41572269271225D-02  -.44165196120360D-03  0.32832745093625D-03
  -.67783646772620D-02  0.44308901261747D-03  -.53390072377302D-03
  -.15138152540395D-05  -.16677304617296D-05  -.90156920751205D-06
  -.11273893005814D-05  -.15010016571892D-05  0.10893870894257D-06
  0.67783530241071D-02  0.44308565680229D-03  0.53389629121248D-03
  0.15162533673063D-05  -.16676807752525D-05  0.89762064203747D-06
  0.11307373677383D-05  -.14980718741064D-05  -.10064134348120D-06
  -.41572263560882D-02  -.44165321829581D-03  -.32832824053664D-03
  0.12418351559573D-06  0.17329237849695D-05  0.14167774420315D-06
  cycle =     10 MP2 energy =     -229.8278194610 |dE/dxyz| =  0.011318
    0.01078125719183     -1.08518225770361     -4.20152772485135      h
   -0.07500952160053     -1.20031204042914     -2.38465934750536      o
    0.11472866225358      1.30142899254985     -1.44942706492612      c
   -1.36259946051513      2.51822339696532     -2.23688500722416      h
    1.94352552215709      2.11138787584476     -1.98610689543675      h
   -0.11472848802155      1.30142899361255      1.44942708523977      c
    1.36259962260913      2.51822349375373      2.23688491192217      h
   -1.94352533883391      2.11138778529972      1.98610707440377      h
    0.07500980649324     -1.20031203562740      2.38465936857261      o
   -0.01078039294635     -1.08518220638458      4.20152777099187      h
  0.77404126389014D-06  0.76972284573928D-06  -.39282312513933D-07
  0.41570146451813D-02  -.44082408773605D-03  0.32916201279765D-03
  -.67808806354028D-02  0.44177913899812D-03  -.53542654569272D-03
  -.76522902903164D-06  -.89854204654571D-06  -.31343152850916D-06
  -.32161618923610D-06  -.82609798091049D-06  -.97170059998319D-07
  0.67808794469157D-02  0.44177859089523D-03  0.53542362415682D-03
  0.76437062901391D-06  -.89431340644097D-06  0.30986591625926D-06
  0.32245900216665D-06  -.82921901189970D-06  0.10297618868726D-06
  -.41570035667269D-02  -.44082410174617D-03  -.32916104841796D-03
  -.78391582380988D-06  0.76888548239396D-06  0.39000477514151D-07
  cycle =     11 MP2 energy =     -229.8278194902 |dE/dxyz| =  0.011328
    0.01067863100894     -1.08522719566752     -4.20151658651467      h
   -0.07497961359651     -1.20030976498646     -2.38464019775374      o
    0.11474813250871      1.30142737506418     -1.44943119412849      c
   -1.36253057533634      2.51827115743922     -2.23689872051810      h
    1.94356978713169      2.11138440740746     -1.98606952254270      h
   -0.11474792971209      1.30142737877555      1.44943123671585      c
    1.36253069520485      2.51827117157642      2.23689889925903      h
   -1.94356965805929      2.11138436836447      1.98606937326583      h
    0.07497953481664     -1.20030978848891      2.38464021945017      o
   -0.01067733517921     -1.08522711160321      4.20151666395328      h
  0.11920502360208D-06  -.10387793834554D-05  0.16459683216397D-06
  0.41596525371809D-02  -.43854820674838D-03  0.33017523385759D-03
  -.67880553848380D-02  0.43710263321817D-03  -.53922499322301D-03
  0.15279637111121D-05  0.11992917170467D-05  0.83165448994116D-06
  0.17370523548443D-05  0.12832878870661D-05  -.19821492469596D-06
  0.67880748660823D-02  0.43710765159322D-03  0.53923088326746D-03
  -.15314918697662D-05  0.12045467112642D-05  -.82808910595311D-06
  -.17406007950527D-05  0.12755881042548D-05  0.19177071775012D-06
  -.41596698757134D-02  -.43854757286077D-03  -.33017709584460D-03
  -.11427139900988D-06  -.10384630073079D-05  -.16574597694330D-06
  cycle =     12 MP2 energy =     -229.8278194791 |dE/dxyz| =  0.011328
    0.01065039486066     -1.08522980054687     -4.20151667239856      h
   -0.07499563562950     -1.20031237094606     -2.38463970790193      o
    0.11473829685354      1.30142477773739     -1.44943198243426      c
   -1.36254575063930      2.51826850106605     -2.23688958287642      h
    1.94355631334157      2.11138188127631     -1.98608260171935      h
   -0.11473828471713      1.30142477607720      1.44943199058107      c
    1.36254558390361      2.51826862830833      2.23688972409187      h
   -1.94355643879364      2.11138169402506      1.98608241594866      h
    0.07499556344461     -1.20031238248870      2.38463970150322      o
   -0.01064910150953     -1.08522970666869      4.20151672144098      h
  0.33760276217654D-06  -.98262197212318D-06  0.17818045172646D-06
  0.41593534568969D-02  -.43862350434765D-03  0.33009555912766D-03
  -.67880426017849D-02  0.43715847875614D-03  -.53915086683531D-03
  0.14311366562936D-05  0.11686394696397D-05  0.88011406340627D-06
  0.16417159343085D-05  0.12771690378610D-05  -.27894432785835D-06
  0.67880587119750D-02  0.43716378887826D-03  0.53915660949566D-03
  -.14351124231204D-05  0.11747045207677D-05  -.87686823135869D-06
  -.16456078273386D-05  0.12685448855798D-05  0.27284202874789D-06
  -.41593654573514D-02  -.43862282528728D-03  -.33009721861887D-03
  -.33384482187038D-06  -.98239675699885D-06  -.17940784058368D-06
  cycle =     13 MP2 energy =     -229.8278194471 |dE/dxyz| =  0.011324
    0.01060145599154     -1.08519528028787     -4.20154213010815      h
   -0.07496564334296     -1.20031259415208     -2.38466328572550      o
    0.11475467927172      1.30141475126585     -1.44943005242173      c
   -1.36253329669175      2.51824665027394     -2.23690281773447      h
    1.94356895614604      2.11137947378150     -1.98606329071208      h
   -0.11475466565999      1.30141473957593      1.44943004783232      c
    1.36253314449142      2.51824679894499      2.23690285918505      h
   -1.94356906151783      2.11137925565925      1.98606320362864      h
    0.07496581768236     -1.20031259084083      2.38466329650453      o
   -0.01060044525565     -1.08519520638065      4.20154217578667      h
  -.48056721572987D-06  -.16987550516268D-06  -.63332006305927D-09
  0.41599077904138D-02  -.43767105785442D-03  0.32896017854256D-03
  -.67847760619173D-02  0.43674457531750D-03  -.53806997448680D-03
  0.60740583451846D-06  0.57143064280396D-06  0.52490748636558D-07
  0.19289398833777D-06  0.52522349447415D-06  0.10122580018646D-06
  0.67847806660208D-02  0.43674625373047D-03  0.53807096361425D-03
  -.60980160787594D-06  0.57276536091777D-06  -.52282419060745D-07
  -.19535662287851D-06  0.52225737889877D-06  -.10344195633394D-06
  -.41599037254116D-02  -.43767093866265D-03  -.32895895757523D-03
  0.47675648871814D-06  -.17065766882984D-06  0.42891112883581D-09
  cycle =     14 MP2 energy =     -229.8278194680 |dE/dxyz| =  0.011321
    0.01063026797538     -1.08519865912525     -4.20153422420243      h
   -0.07497496616705     -1.20031127698340     -2.38465677105573      o
    0.11474937493829      1.30141848579401     -1.44942904835349      c
   -1.36255014186541      2.51824068550399     -2.23689663823749      h
    1.94355791484134      2.11138375539191     -1.98607473529721      h
   -0.11474949604716      1.30141846983012      1.44942903976359      c
    1.36254997702480      2.51824069466586      2.23689665550047      h
   -1.94355806898141      2.11138369123937      1.98607470083749      h
    0.07497486287368     -1.20031129760608      2.38465675349654      o
   -0.01062878347755     -1.08519855087051      4.20153427378353      h
  0.81591391952462D-06  -.34999341469444D-06  -.49455341155635D-07
  0.41581341395203D-02  -.43751844219031D-03  0.32968010698475D-03
  -.67833662141626D-02  0.43741579609780D-03  -.53761219782800D-03
  0.95055132209865D-07  0.25815330939594D-06  0.11779201125606D-06
  -.10226634472588D-06  0.19471643164515D-06  -.83104192860617D-07
  0.67833699332628D-02  0.43741644258244D-03  0.53761310289069D-03
  -.95473263073131D-07  0.25715519269554D-06  -.11722895387756D-06
  0.10141619277704D-06  0.19492446656777D-06  0.81633380277779D-07
  -.41581473759932D-02  -.43751946037318D-03  -.32968072500239D-03
  -.80512836850288D-06  -.34931560521922D-06  0.50077725077813D-07
$end
