$hessapprox internal
  0.192330316453D-01 -0.159426681254D-03  0.614617721276D+00  0.589974384459D-03
  0.587147230720D-03  0.368382235935D+00 -0.316353862427D-03 -0.229756565078D-03
  0.198531907334D-02  0.423778609157D+00  0.107104438271D-02  0.666013771767D-03
 -0.578265714794D-02  0.227267252451D-02  0.416872440918D+00  0.107857271568D-02
 -0.104704807634D-02  0.859495986749D-02 -0.343071303718D-02  0.100663329213D-01
  0.331280213915D+00  0.196286643992D-02 -0.116955412752D-02  0.946445442970D-02
 -0.379309101439D-02  0.111566631095D-01 -0.146458110641D-01  0.330798453093D+00
  0.190668794474D-02 -0.747004356264D-03  0.592777579754D-02 -0.238907015250D-02
  0.705053718408D-02 -0.883944971537D-02 -0.925762468788D-02  0.314758236729D+00
  0.179349902235D-02  0.101764050607D-03 -0.117622751748D-02  0.431144520976D-03
 -0.119732714644D-02  0.282341635472D-02  0.341202879395D-02  0.240175203761D-02
  0.343443791017D+00 -0.311204815782D-03 -0.229503964755D-03  0.198227423167D-02
 -0.780169374355D-03  0.226962008090D-02 -0.342315488967D-02 -0.378389127990D-02
 -0.238254192554D-02  0.432306193264D-03  0.423780825934D+00  0.106828813447D-02
  0.665639280781D-03 -0.577901885049D-02  0.227128376073D-02 -0.660177914374D-02
  0.100589740625D-01  0.111481334358D-01  0.704482234572D-02 -0.119738773312D-02
  0.226823088180D-02  0.416880366234D+00  0.108111590285D-02 -0.104791895780D-02
  0.860181314106D-02 -0.343348180455D-02  0.100745157152D-01 -0.136570012125D-01
 -0.146562683590D-01 -0.884546426618D-02  0.282632551664D-02 -0.342591572626D-02
  0.100671500629D-01  0.331260102081D+00  0.195358788747D-02 -0.118162265593D-02
  0.956742042514D-02 -0.383375169747D-02  0.112751943226D-01 -0.148202302767D-01
 -0.157568019514D-01 -0.937715282806D-02  0.343717586861D-02 -0.382448653274D-02
  0.112665887015D-01 -0.148308255385D-01  0.330413241621D+00  0.190317045013D-02
 -0.745193959163D-03  0.591321143937D-02 -0.238322334307D-02  0.703332262565D-02
 -0.881715673538D-02 -0.923403252907D-02 -0.536834775934D-02  0.239630720976D-02
 -0.237670983530D-02  0.702762118649D-02 -0.882315558658D-02 -0.935326622413D-02
  0.314786083201D+00  0.179667621031D-02  0.998476904290D-04 -0.116071262759D-02
  0.424927383294D-03 -0.117904201383D-02  0.279938782863D-02  0.338648362424D-02
  0.238655132805D-02  0.377886810407D-03  0.426104090705D-03 -0.117911656076D-02
  0.280227981612D-02  0.341131666194D-02  0.238114522431D-02  0.343454904044D+00
  0.412141583115D-02 -0.155681581204D-03  0.566689721625D-03 -0.306220601854D-03
  0.103982971880D-02  0.109463133030D-02  0.197174356323D-02  0.190455369740D-02
  0.176925053864D-02 -0.301140077658D-03  0.103711676572D-02  0.109716820114D-02
  0.196290957709D-02  0.190102818748D-02  0.177244273875D-02  0.191426878321D-01
 -0.160949496337D-03 -0.668943091720D-04  0.590393147497D-03 -0.231014051006D-03
  0.669636116590D-03 -0.105315231710D-02 -0.117648495766D-02 -0.751527940174D-03
  0.102075911529D-03 -0.230760779933D-03  0.669259908130D-03 -0.105402851978D-02
 -0.118862062655D-02 -0.749706743554D-03  0.100148200702D-03 -0.157176405360D-03
  0.614617013913D+00  0.586762565119D-03  0.587547160527D-03 -0.503707039283D-02
  0.198648535530D-02 -0.578617912385D-02  0.859796444260D-02  0.946711556822D-02
  0.592887687280D-02 -0.117825979875D-02  0.198343482993D-02 -0.578253687137D-02
  0.860481870620D-02  0.957013609783D-02  0.591430883456D-02 -0.116274051268D-02
  0.563505230742D-03  0.590795823942D-03  0.368376677517D+00  0.313982327041D-02
 -0.139794215758D-03  0.609594394230D-03 -0.303845923464D-03  0.998424418767D-03
  0.540509966204D-03  0.118285335305D-02  0.125430854854D-02  0.139757646840D-02
 -0.299844258094D-03  0.996217592105D-03  0.542216959777D-03  0.117249905354D-02
  0.125211158677D-02  0.139948479350D-02  0.310616296100D-02 -0.141053326661D-03
  0.607249170550D-03  0.509301601642D+00 -0.125890066550D-01  0.120378537046D-03
  0.125011008028D-02 -0.247158948575D-03  0.280480096825D-03 -0.826111609581D-02
 -0.113738263704D-01 -0.911314459153D-02 -0.457117797701D-02 -0.260479329892D-03
  0.286420312637D-03 -0.827264727362D-02 -0.114075845996D-01 -0.909418230421D-02
 -0.458970390017D-02 -0.124418782686D-01  0.122928220547D-03  0.126119174892D-02
 -0.958401001077D-02  0.414668743046D+00  0.313368936652D-02 -0.139953214738D-03
  0.612030417091D-03 -0.304691041097D-03  0.100067945656D-02  0.533471157927D-03
  0.117403220941D-02  0.124784855884D-02  0.139585972297D-02 -0.300694518818D-03
  0.998474086144D-03  0.535170215135D-03  0.116362423659D-02  0.124566585758D-02
  0.139775364367D-02  0.310010676210D-02 -0.141212318993D-03  0.609691422981D-03
  0.235590759302D-02 -0.956743599172D-02  0.509292153029D+00 -0.126027505889D-01
  0.120506806390D-03  0.125150134064D-02 -0.247439279720D-03  0.280816994422D-03
 -0.827017874885D-02 -0.113862911453D-01 -0.912312304078D-02 -0.457616112381D-02
 -0.260774183928D-03  0.286763674580D-03 -0.828172254930D-02 -0.114200867690D-01
 -0.910413997882D-02 -0.459470735038D-02 -0.124554614893D-01  0.123059255586D-03
  0.126259511961D-02 -0.959447412019D-02  0.362772460470D-01 -0.957788202369D-02
  0.414747879433D+00 -0.445623034983D-02  0.717985593636D-03 -0.522639387988D-02
  0.216122243849D-02 -0.647402036857D-02  0.642704386920D-02  0.614964545670D-02
  0.304118375328D-02 -0.320226213045D-02  0.215232705930D-02 -0.646745532166D-02
  0.643015445135D-02  0.625320424172D-02  0.303231502068D-02 -0.319213267867D-02
 -0.442282310195D-02  0.722722389478D-03 -0.522504702608D-02 -0.320972797434D-02
  0.161864653680D-01 -0.320020079462D-02  0.162041605576D-01  0.362315671541D+00
  0.000000000000D+00  0.000000000000D+00  0.000000000000D+00  0.000000000000D+00
  0.000000000000D+00  0.000000000000D+00  0.000000000000D+00  0.000000000000D+00
  0.000000000000D+00  0.000000000000D+00  0.000000000000D+00  0.000000000000D+00
  0.000000000000D+00  0.000000000000D+00  0.000000000000D+00  0.000000000000D+00
  0.000000000000D+00  0.000000000000D+00  0.000000000000D+00  0.000000000000D+00
  0.000000000000D+00  0.000000000000D+00  0.000000000000D+00  0.000000000000D+00
$end
