$coord
    0.74445148682981     -0.40737067993292     -4.66142211436097  h
   -0.37885073629398     -0.49871972820299     -3.22932295559555  o
    0.91255486295724      0.54496229191178     -1.10930410706624  c
    1.58923691396480      2.45373359947780     -1.52613278012627  h
    2.53292685950456     -0.62435755830037     -0.57699960100945  h
   -0.91255368539786      0.54496415314619      1.10930386431118  c
   -1.58923159622383      2.45373698245316      1.52613246500911  h
   -2.53292819262460     -0.62435209826524      0.57699920048457  h
    0.37884949189350     -0.49872052922160      3.22932284156931  o
   -0.74445724354670     -0.40738019116327      4.66141902601139  h
$intdef
# definitions of internal coordinates
   1 f  1.0000000000000 tors    2    3    6    9 val= 132.00000
$user-defined bonds
$redundant
     number_of_atoms            10
     degrees_of_freedom         24
     internal_coordinates       25
     frozen_coordinates          1
# definitions of redundant internals
   1 k  1.0000000000000 tors   1    2    3    6 val= 176.67641
   2 k  1.0000000000000 stre   2    1           val=   1.82238
   3 k  1.0000000000000 bend   3    1    2      val= 107.67655
   4 k  1.0000000000000 stre   3    4           val=   2.06762
   5 k  1.0000000000000 stre   3    5           val=   2.06791
   6 k  0.0677822095399 bend   5    4    3      val=   0.72074
       -0.5033335115007 bend   2    4    3
       -0.5133676770797 bend   2    5    3
        0.5137241789745 bend   6    4    3
        0.4632515993896 bend   6    5    3
   7 k  0.0371955631722 bend   5    4    3      val=   1.00654
       -0.5509024605911 bend   2    4    3
        0.5236479315319 bend   2    5    3
       -0.4461402313264 bend   6    4    3
        0.4710357807952 bend   6    5    3
   8 k -0.8873435770868 bend   5    4    3      val=   2.01216
        0.1813892927366 bend   2    4    3
        0.2023209825942 bend   2    5    3
        0.2401788830294 bend   6    4    3
        0.2847799586211 bend   6    5    3
   9 k -0.0121680473331 bend   5    4    3      val=   1.67964
       -0.4431114010461 bend   2    4    3
        0.4757805825098 bend   2    5    3
        0.5319716615470 bend   6    4    3
       -0.5423497151328 bend   6    5    3
  10 k  1.0000000000000 stre   6    7           val=   2.06762
  11 k  1.0000000000000 stre   6    8           val=   2.06791
  12 k  0.0677822267676 bend   8    7    6      val=   0.72074
       -0.5033336517373 bend   9    7    6
       -0.5133675356351 bend   9    8    6
        0.5137241076837 bend   3    7    6
        0.4632516803031 bend   3    8    6
  13 k  0.0371956059507 bend   8    7    6      val=   1.00654
       -0.5509023519936 bend   9    7    6
        0.5236480780540 bend   9    8    6
       -0.4461403118705 bend   3    7    6
        0.4710356652530 bend   3    8    6
  14 k -0.8873436004721 bend   8    7    6      val=   2.01216
        0.1813892025125 bend   9    7    6
        0.2023210201587 bend   9    8    6
        0.2401788922966 bend   3    7    6
        0.2847799087193 bend   3    8    6
  15 k -0.0121679897278 bend   8    7    6      val=   1.67964
       -0.4431113889521 bend   9    7    6
        0.4757805500709 bend   9    8    6
        0.5319716165825 bend   3    7    6
       -0.5423497988676 bend   3    8    6
  16 k  1.0000000000000 tors  10    9    6    3 val= 176.67681
  17 k  1.0000000000000 stre   9   10           val=   1.82238
  18 k  1.0000000000000 bend   6   10    9      val= 107.67654
  19 k  1.0000000000000 tors   2    3    6    9 val= 132.00000
  20 k  1.0000000000000 stre   3    2           val=   2.69286
  21 k  1.0000000000000 bend   6    2    3      val= 107.65715
  22 k  1.0000000000000 stre   6    9           val=   2.69286
  23 k  1.0000000000000 bend   3    9    6      val= 107.65716
  24 k  1.0000000000000 stre   3    6           val=   2.87285
  25 f  1.0000000000000 tors   2    3    6    9 val= 132.00000
        24 non zero eigenvalues  of BmBt
           1           3.946202817    1    0
         1
           2           3.840686869    2    0
         2
           3           3.755403736    3    0
         3
           4           2.998775785    4    0
         4
           5           2.990986141    5    0
         5
           6           2.449856585    6    0
         6
           7           2.132551772    7    0
         7
           8           1.705420599    8    0
         8
           9           1.245991218    9    0
         9
          10           1.190511731   10    0
        10
          11           1.041049189   11    0
        11
          12           0.850524070   12    0
        12
          13           0.770456041   13    0
        13
          14           0.746955015   14    0
        14
          15           0.558326647   15    0
        15
          16           0.447558642   16    0
        16
          17           0.352595841   17    0
        17
          18           0.339948383   18    0
        18
          19           0.281695335   20    0
        20
          20           0.254733549   21    0
        21
          21           0.115609452   22    0
        22
          22           0.073176835   23    0
        23
          23           0.067128762   24    0
        24
          24           0.000000000    0    1
         0.000000000         0.000000000         0.000000000         0.000000000
         0.000000000         0.000000000         0.000000000         0.000000000
         0.000000000         0.000000000         0.000000000         0.000000000
         0.000000000         0.000000000         0.000000000         0.000000000
         0.000000000         0.000000000         0.000000000         0.000000000
         0.000000000         0.000000000         0.000000000         0.000000000
         1.000000000
$end
