$energy      SCF               SCFKIN            SCFPOT            MP2
     1 -229.0243967807      228.792197     -457.816594     -.8128568658213
     2 -229.0248484535      228.784167     -457.809016     -.8128502796232
     3 -229.0248114319      228.789592     -457.814404     -.8130106000841
     4 -229.0247077486      228.786195     -457.810903     -.8131245408624
     5 -229.0246910732      228.785717     -457.810408     -.8131419742560
     6 -229.0246910378      228.785775     -457.810466     -.8131420648343
     7 -229.0246905790      228.785767     -457.810457     -.8131425631032
     8 -229.0246905790      228.785765     -457.810456     -.8131425428844
     9 -229.0246901694      228.785755     -457.810445     -.8131429710339
    10 -229.0246896543      228.785731     -457.810421     -.8131434271588
    11 -229.0246896544      228.785733     -457.810423     -.8131434489774
    12 -229.0246896773      228.785734     -457.810424     -.8131434483025
    13 -229.0246897145      228.785735     -457.810425     -.8131434032379
$end
