$grad          cartesian gradients
  cycle =      1 MP2 energy =     -229.8372536465 |dE/dxyz| =  0.009783
    0.74836419797861     -0.51915380231550     -4.64156646291768      h
   -0.37818757047236     -0.49874253496293     -3.21497173748313      o
    0.91718341478188      0.54736494892120     -1.09948838998102      c
    1.53522316149997      2.48921079565442     -1.47285432642883      h
    2.58347002931572     -0.57719472486783     -0.59851326985701      h
   -0.91708088562245      0.54753462700117      1.09948229917069      c
   -1.53479988338198      2.48947024948803      1.47283115919435      h
   -2.58355823272262     -0.57676250155620      0.59849067851704      h
    0.37811889501146     -0.49871654587757      3.21499793645574      o
   -0.74883095016445     -0.52002701744523      4.64126894718237      h
  -.24734081457578D-02  -.10092004864176D-02  0.95334356871479D-03
  0.20123621787578D-02  -.98179879492832D-03  -.67826879808042D-03
  -.12847884657687D-02  0.33071222623526D-04  0.33972229971604D-02
  -.93916123240523D-03  0.18107119228925D-02  0.29412785459979D-02
  0.27281912349073D-02  0.14534752134887D-03  -.93845243440371D-03
  0.12855181550067D-02  0.41225784934262D-04  -.33954831521193D-02
  0.94230401827589D-03  0.18056921309446D-02  -.29404158897169D-02
  -.27329613812852D-02  0.14406045561999D-03  0.93598065489259D-03
  -.20095967230702D-02  -.97808352232231D-03  0.67727807167639D-03
  0.24715403617646D-02  -.10110263286334D-02  -.95248356150979D-03
  cycle =      2 MP2 energy =     -229.8376987331 |dE/dxyz| =  0.004901
    0.74887300436305     -0.43902782320636     -4.66755161291484      h
   -0.36844455354437     -0.50696354465569     -3.23053664803490      o
    0.91536232039662      0.53530758297368     -1.10813426069169      c
    1.56377662641116      2.46120670144096     -1.50046560971621      h
    2.55933845414732     -0.60896767843627     -0.59665505320082      h
   -0.91529151460100      0.53540323415951      1.10810837579900      c
   -1.56338539110888      2.46138325276468      1.50056067173135      h
   -2.55945633273445     -0.60855854274183      0.59652617243104      h
    0.36831283458620     -0.50720558752745      3.23046677685815      o
   -0.74918327169186     -0.43959410073166      4.66735802159145      h
  -.89122151068288D-03  -.56088162634647D-03  -.40430202703901D-03
  0.20178455456241D-02  -.11379717235176D-02  0.38409219430147D-03
  -.89162343773230D-03  0.35407311625768D-03  -.36130941576951D-05
  -.26909304280975D-03  0.77858905483552D-03  0.12402032342164D-02
  0.70840535069161D-03  0.56487600471722D-03  -.11269225971197D-02
  0.89198051304651D-03  0.35683276291065D-03  0.31772059342350D-05
  0.26946953132523D-03  0.77746893413222D-03  -.12391071197330D-02
  -.70871069807277D-03  0.56492090920335D-03  0.11255611423940D-02
  -.20177786835172D-02  -.11358984456877D-02  -.38301528298046D-03
  0.89072643215271D-03  -.56200901584176D-03  0.40392634426167D-03
  cycle =      3 MP2 energy =     -229.8378220320 |dE/dxyz| =  0.004551
    0.74264761452047     -0.39400756916457     -4.66878226841385      h
   -0.37029635161581     -0.50932836379082     -3.22994163489834      o
    0.91461907724080      0.53260799571848     -1.10887470373383      c
    1.58802252856476      2.44446696543807     -1.51809335927826      h
    2.53798263834931     -0.63214167317615     -0.58029341969255      h
   -0.91458882040670      0.53265548987199      1.10883968778307      c
   -1.58765394964818      2.44459196285896      1.51826868988409      h
   -2.53815484090470     -0.63174161286124      0.58011197952575      h
    0.37012404898431     -0.50975299295869      3.22979574735948      o
   -0.74279976886046     -0.39436670789645      4.66864611531698      h
  -.97585815210799D-05  -.10746891955012D-04  -.32036347506192D-03
  0.12397174713046D-02  -.15470549318355D-02  0.13202393357012D-02
  -.91824059729229D-03  0.12029517280530D-02  -.13778255205969D-02
  -.72121477230347D-05  0.58964703763209D-04  0.21847961783428D-03
  -.18186550839960D-03  0.29523466207482D-03  -.46713093695161D-03
  0.91834006771219D-03  0.12028070932484D-02  0.13783707496557D-02
  0.64243214576987D-05  0.59881656657268D-04  -.21803883378990D-03
  0.18301321540326D-03  0.29548748708885D-03  0.46658324868276D-03
  -.12402087000360D-02  -.15468944802781D-02  -.13203730111524D-02
  0.97904586833231D-05  -.10631047881520D-04  0.32005882429686D-03
  cycle =      4 MP2 energy =     -229.8378322895 |dE/dxyz| =  0.004414
    0.74380439207870     -0.40231916649116     -4.66436517767677      h
   -0.37529993631636     -0.50612319405546     -3.22988061442917      o
    0.91348831215077      0.53693120234023     -1.10881323055536      c
    1.59166037181388      2.44579448100621     -1.52301432270970      h
    2.53321296998092     -0.63267928027786     -0.57485341387208      h
   -0.91346435480439      0.53697292797284      1.10877579367699      c
   -1.59128800980995      2.44591323859998      1.52319118640555      h
   -2.53340163944751     -0.63228093233427      0.57467902072573      h
    0.37512949555583     -0.50655887683409      3.22972592114366      o
   -0.74393942497810     -0.40266690588684      4.66423167114370      h
  -.36690335555090D-04  0.18575580896300D-04  -.23406787959868D-04
  0.75674850985052D-03  -.18010377014557D-02  0.61731070642868D-03
  -.11195368810530D-02  0.17630357374538D-02  -.10820563809157D-02
  0.40414546197853D-04  0.11117917505299D-04  0.72337317171600D-04
  0.97495884565646D-06  0.83661469325591D-05  0.11271006556957D-04
  0.11199272735385D-02  0.17628261348528D-02  0.10826047380348D-02
  -.40460501532280D-04  0.11114245663801D-04  -.72415872245823D-04
  -.91341392360889D-06  0.83000707828962D-05  -.11488954754113D-04
  -.75718447640138D-03  -.18010101116603D-02  -.61755913735873D-03
  0.36720320076178D-04  0.18711960327121D-04  0.23403364881602D-04
  cycle =      5 MP2 energy =     -229.8378330475 |dE/dxyz| =  0.004228
    0.74576680538628     -0.41067618220804     -4.66174201687267      h
   -0.37710285525532     -0.50424070561630     -3.22951443131809      o
    0.91316846344357      0.53914583595647     -1.10885316901590      c
    1.59075576306123      2.44784904074007     -1.52455968247438      h
    2.53309183987030     -0.63047712604916     -0.57518963159096      h
   -0.91314331447393      0.53919101615654      1.10881568869068      c
   -1.59038138967657      2.44797250292996      1.52472985254577      h
   -2.53328047632853     -0.63007799797745      0.57502449350721      h
    0.37693794632730     -0.50466225217106      3.22936267069739      o
   -0.74591060613055     -0.41104063772144      4.66160305968349      h
  -.26487155709631D-04  -.89171626083129D-06  0.11655266908495D-04
  0.63564734245602D-03  -.17843377343030D-02  0.50626685988941D-03
  -.10357440601427D-02  0.17991337926748D-02  -.88340205043830D-03
  0.18029562816713D-04  0.24413561763303D-05  0.35804530080563D-04
  0.36883267975796D-04  -.16222724807058D-04  0.40430684103088D-04
  0.10360690103415D-02  0.17988290224986D-02  0.88373385794094D-03
  -.17934846459955D-04  0.23500382164698D-05  -.35889000498113D-04
  -.36963345443564D-04  -.16260565127268D-04  -.40459540834648D-04
  -.63600499380811D-03  -.17841639019007D-02  -.50649650193435D-03
  0.26505218033712D-04  -.87758664429893D-06  -.11644104137343D-04
  cycle =      6 MP2 energy =     -229.8378331026 |dE/dxyz| =  0.004116
    0.74660152352736     -0.41280667596690     -4.66109583355315      h
   -0.37740803835551     -0.50377751936815     -3.22952739292648      o
    0.91308869144631      0.53964724815769     -1.10891795669392      c
    1.59026795017919      2.44835470744094     -1.52524062808770      h
    2.53309872762255     -0.62981825106748     -0.57575261533843      h
   -0.91306275226984      0.53969374158856      1.10888049161013      c
   -1.58989367307525      2.44847981950298      1.52540934451973      h
   -2.53328614044532     -0.62941873985351      0.57558941897171      h
    0.37724438885879     -0.50419520454497      3.22937678420793      o
   -0.74674850126451     -0.41317563184957      4.66095522114271      h
  -.18692323053848D-05  -.31420783559166D-05  -.27480324162887D-05
  0.61433916808440D-03  -.17621082532480D-02  0.51438043367380D-03
  -.96938883269004D-03  0.17646500363435D-02  -.81740579899964D-03
  0.57637374004660D-05  -.20501703934528D-05  0.52374503850539D-05
  0.49540851394525D-05  0.27146498537967D-05  0.87423892997096D-05
  0.96968754308824D-03  0.17643125784006D-02  0.81762202603686D-03
  -.57460252245178D-05  -.20272407987854D-05  -.52504317131774D-05
  -.49543203157754D-05  0.27230016663715D-05  -.87223810550929D-05
  -.61466814777766D-03  -.17619220566587D-02  -.51459374426344D-03
  0.18820251170837D-05  -.31504869640112D-05  0.27380868625748D-05
  cycle =      7 MP2 energy =     -229.8378331421 |dE/dxyz| =  0.004102
    0.74662591672514     -0.41254538071935     -4.66114505093129      h
   -0.37735073976274     -0.50385573206124     -3.22957159920835      o
    0.91310319272938      0.53958063519577     -1.10889270257609      c
    1.59019609789486      2.44830668624737     -1.52528444052364      h
    2.53311048264836     -0.62988658744087     -0.57581070482552      h
   -0.91307692574536      0.53962710569595      1.10885518248210      c
   -1.58982189816590      2.44843154496071      1.52545331072534      h
   -2.53329740723098     -0.62948711988823      0.57564694524885      h
    0.37718677881960     -0.50427375529930      3.22942127434745      o
   -0.74677332168860     -0.41291390265123      4.66100461911368      h
  -.52061052402408D-06  -.39051386380162D-06  -.18387960927235D-05
  0.61241959817337D-03  -.17657317224034D-02  0.50693069095509D-03
  -.95899405595246D-03  0.17632054258301D-02  -.79647788732889D-03
  0.21008557324897D-05  0.81861621481494D-07  -.34217104882828D-06
  -.72804327544418D-06  0.28925002648617D-05  0.20372760751730D-05
  0.95932300947821D-03  0.17629189639488D-02  0.79663844733224D-03
  -.21017717815042D-05  0.91607601504506D-07  0.33852373970689D-06
  0.72799177397442D-06  0.28971875001282D-05  -.20230885854344D-05
  -.61274116551679D-03  -.17655694239620D-02  -.50712746283299D-03
  0.51419146274156D-06  -.39590639271114D-06  0.18644682766578D-05
  cycle =      8 MP2 energy =     -229.8378331219 |dE/dxyz| =  0.004101
    0.74440524990225     -0.40737050426650     -4.66144178129946      h
   -0.37885832354585     -0.49870579795721     -3.22931034146553      o
    0.91254419087086      0.54496278513367     -1.10932326097481      c
    1.58925817320289      2.45372797232949     -1.52615136209693      h
    2.53292020297237     -0.62432805716323     -0.57697551178785      h
   -0.91254412257931      0.54496287795717      1.10932320862318      c
   -1.58925785588311      2.45372820251309      1.52615123603987      h
   -2.53292033854382     -0.62432774108648      0.57697569778534      h
    0.37885826933344     -0.49870577892797      3.22931037407277      o
   -0.74440538491712     -0.40737086761072      4.66144182761908      h
  -.51719044247278D-06  -.91245569140003D-06  -.17224369002200D-05
  0.61272861347295D-03  -.17651501949394D-02  0.50682642421584D-03
  -.95951025000085D-03  0.17631135099263D-02  -.79625906826336D-03
  0.21458889509773D-05  0.10695359486945D-06  -.37276845066270D-06
  -.71929528022707D-06  0.28554870585840D-05  0.20624145782300D-05
  0.95948107804844D-03  0.17630187080928D-02  0.79620506253253D-03
  -.21466087019029D-05  0.92013885399922D-07  0.37082094905827D-06
  0.71373688026455D-06  0.28452356077846D-05  -.20582329448571D-05
  -.61269147701637D-03  -.17650507664952D-02  -.50680223470234D-03
  0.51550418067592D-06  -.91851080415845D-06  0.17500201789922D-05
  cycle =      9 MP2 energy =     -229.8378331404 |dE/dxyz| =  0.004103
    0.74440079547520     -0.40732946249422     -4.66144471670641      h
   -0.37885645846554     -0.49871811100829     -3.22931382747413      o
    0.91254824733708      0.54495636166594     -1.10931336474328      c
    1.58924935447728      2.45372494583303     -1.52613661337982      h
    2.53292448895292     -0.62434693289154     -0.57697879751644      h
   -0.91254845623332      0.54495605290097      1.10931330865687      c
   -1.58924936690141      2.45372455570886      1.52613751257813      h
   -2.53292485361719     -0.62434671604252      0.57697819094508      h
    0.37885579470734     -0.49872029192711      3.22931311445489      o
   -0.74439948491978     -0.40732731082381      4.66144527970077      h
  -.87385457891997D-06  -.64324068897725D-07  -.65184168152044D-06
  0.61099747660709D-03  -.17679966696269D-02  0.50335308122840D-03
  -.95827586418418D-03  0.17667502864529D-02  -.79099569282193D-03
  0.12333685948107D-05  0.12320382136721D-06  0.20131838129878D-06
  0.37342155456699D-06  0.11871860730039D-05  0.17108981075209D-05
  0.95829266811576D-03  0.17667716894252D-02  0.79100409463639D-03
  -.12575599648290D-05  0.13289553457696D-06  -.19956747543404D-06
  -.35584632396279D-06  0.11803531105858D-05  -.17051919036781D-05
  -.61103584959898D-03  -.17680880025885D-02  -.50339090298479D-03
  0.90203975799952D-06  0.33618970177174D-08  0.67380553758767D-06
  cycle =     10 MP2 energy =     -229.8378330815 |dE/dxyz| =  0.004103
    0.74442983632726     -0.40740206756405     -4.66141275880453      h
   -0.37887514954981     -0.49870636048968     -3.22931537051888      o
    0.91254799448622      0.54498083821033     -1.10930660372851      c
    1.58922403099925      2.45375344964052     -1.52613570143833      h
    2.53292682054275     -0.62434061365654     -0.57701022023153      h
   -0.91254663696020      0.54498247706230      1.10930697262230      c
   -1.58922319342164      2.45375567618109      1.52613259790555      h
   -2.53292519309496     -0.62434025334082      0.57701258347363      h
    0.37887632752449     -0.49870103400794      3.22931762483150      o
   -0.74443477604078     -0.40740902111390      4.66141096240445      h
  -.43203760347055D-06  -.10283257863494D-05  0.93933445244332D-06
  0.60801476495520D-03  -.17695948194594D-02  0.49920487764954D-03
  -.95523899086158D-03  0.17716592740471D-02  -.78422239768422D-03
  -.23486006539564D-06  -.58277813685947D-07  0.74936136285064D-06
  0.12057928646669D-05  -.98650782121013D-06  0.29849125771086D-06
  0.95525624686754D-03  0.17716751851595D-02  0.78420280823838D-03
  0.23667113646653D-06  -.59378927552700D-07  -.77882555626907D-06
  -.12143551986199D-05  -.99840230616266D-06  -.26541960684856D-06
  -.60798573062826D-03  -.17694664252677D-02  -.49914184937094D-03
  0.39249832983757D-06  -.11423418539991D-05  -.98638159773401D-06
  cycle =     11 MP2 energy =     -229.8378331034 |dE/dxyz| =  0.004103
    0.74445306550871     -0.40740764335200     -4.66140976062490      h
   -0.37885946638212     -0.49871156008633     -3.22931826731049      o
    0.91255385642841      0.54497281333262     -1.10930212697128      c
    1.58923424407931      2.45374491489180     -1.52612649587571      h
    2.53292857786197     -0.62435083175082     -0.57699806649437      h
   -0.91255230340880      0.54497513213690      1.10930196574654      c
   -1.58922884056399      2.45374884112749      1.52612528750457      h
   -2.53292943227185     -0.62434540504140      0.57699841388113      h
    0.37885845016413     -0.49871120422514      3.22931866539921      o
   -0.74445999035284     -0.40741881513059      4.66140622397238      h
  -.50747026003606D-06  -.77489265026126D-06  0.91507781618816D-06
  0.60829320975841D-03  -.17697192508530D-02  0.49921221261151D-03
  -.95532764327144D-03  0.17715287480886D-02  -.78427079321503D-03
  -.17203424618195D-06  -.60094394793708D-07  0.77203581794194D-06
  0.11991256858579D-05  -.98888235822159D-06  0.38724432882553D-06
  0.95537816905455D-03  0.17716278068356D-02  0.78427502098055D-03
  0.20017947455209D-06  -.52560124697010D-07  -.77757470395845D-06
  -.12233425841224D-05  -.96774500701891D-06  -.36668343772472D-06
  -.60833321797116D-03  -.17697622144337D-02  -.49920154020544D-03
  0.49302415572328D-06  -.83093468777190D-06  -.94500012659537D-06
  cycle =     12 MP2 energy =     -229.8378331256 |dE/dxyz| =  0.004104
    0.74443353954852     -0.40729425788441     -4.66144324952475      h
   -0.37883724495343     -0.49873841771575     -3.22932565557197      o
    0.91255900081051      0.54494317300308     -1.10930047174001      c
    1.58924278033284      2.45371469271951     -1.52612511361538      h
    2.53292914687670     -0.62437706722002     -0.57698936978786      h
   -0.91255804637656      0.54494479504052      1.10930018171113      c
   -1.58923757961171      2.45371775240979      1.52612530291183      h
   -2.53293076963375     -0.62437162657232      0.57698863818791      h
    0.37883577832125     -0.49874020382447      3.22932512764325      o
   -0.74443844425144     -0.40730259805340      4.66144044901293      h
  -.50850899713240D-06  0.14098105852109D-05  -.35085864258377D-06
  0.60917545341699D-03  -.17713729688738D-02  0.50063335124229D-03
  -.95466500677555D-03  0.17700868397705D-02  -.78508041910647D-03
  -.14423380934048D-07  0.20021948543558D-07  0.80069168961749D-07
  0.12628011702986D-06  -.13855249325623D-06  0.57238428330386D-07
  0.95466420079715D-03  0.17700817954340D-02  0.78508668343286D-03
  0.29607904350470D-07  0.29664272371832D-07  -.74636428815111D-07
  -.13190968184418D-06  -.12087237033498D-06  -.53754109274884D-07
  -.60919675034299D-03  -.17714349007338D-02  -.50065768767293D-03
  0.52105701975336D-06  0.14391427226312D-05  0.36001325298685D-06
  cycle =     13 MP2 energy =     -229.8378331177 |dE/dxyz| =  0.004101
    0.74445148682981     -0.40737067993292     -4.66142211436097      h
   -0.37885073629398     -0.49871972820299     -3.22932295559555      o
    0.91255486295724      0.54496229191178     -1.10930410706624      c
    1.58923691396480      2.45373359947780     -1.52613278012627      h
    2.53292685950456     -0.62435755830037     -0.57699960100945      h
   -0.91255368539786      0.54496415314619      1.10930386431118      c
   -1.58923159622383      2.45373698245316      1.52613246500911      h
   -2.53292819262460     -0.62435209826524      0.57699920048457      h
    0.37884949189350     -0.49872052922160      3.22932284156931      o
   -0.74445724354670     -0.40738019116327      4.66141902601139      h
  0.35636748219048D-06  -.11631784143512D-05  0.12659886827748D-06
  0.60805258983709D-03  -.17688136097762D-02  0.50049243520167D-03
  -.95455393426125D-03  0.17701115998467D-02  -.78538234066450D-03
  -.29943650003972D-07  -.10535041727877D-07  0.10277845996498D-06
  0.79577536560294D-07  -.12405552873851D-06  -.13680254973281D-06
  0.95455126897726D-03  0.17700835367758D-02  0.78537104938015D-03
  0.42430659430437D-07  -.38848537720071D-08  -.10992619003947D-06
  -.84913975406664D-07  -.11507564079416D-06  0.14640149026413D-06
  -.60803719143099D-03  -.17687606437651D-02  -.50047206020132D-03
  -.37625029980504D-06  -.12041733392504D-05  -.13813065624646D-06
$end
