$hessapprox internal
  0.286478554989D-01 -0.920552242655D-03  0.612095917414D+00  0.776018684402D-03
  0.865447615963D-03  0.371273269939D+00 -0.169848816637D-03 -0.684880109595D-03
  0.215537367715D-03  0.426013312604D+00 -0.220890163323D-04  0.433469391466D-02
 -0.140050320320D-02  0.106434392788D-02  0.419308032222D+00  0.158747898668D-03
 -0.219487988199D-02  0.714035110415D-03 -0.538358614390D-03  0.334140658867D-02
  0.344439146545D+00  0.159919586311D-03 -0.329618176870D-03  0.111738373697D-03
 -0.803193680335D-04  0.488334515348D-03 -0.244576650196D-03  0.346886222360D+00
  0.119520073679D-03 -0.510737551548D-03  0.168887764855D-03 -0.124952236179D-03
  0.769357659285D-03 -0.386676298778D-03 -0.554050280048D-04  0.321259964131D+00
 -0.159827948787D-03 -0.249674640351D-02  0.800962248424D-03 -0.613723916497D-03
  0.383463917265D-02 -0.193499165219D-02 -0.284424791850D-03 -0.446521964316D-03
  0.342902361883D+00 -0.179358744494D-03 -0.707178303090D-03  0.222422957901D-03
 -0.174352535656D-03  0.109939043455D-02 -0.556125586284D-03 -0.830070086632D-04
 -0.129098336162D-03 -0.633885716194D-03  0.426002098126D+00 -0.880676630042D-05
  0.435914578561D-02 -0.140795931127D-02  0.107039999125D-02 -0.666653174626D-02
  0.336106110036D-02  0.491333812122D-03  0.773960089362D-03  0.385687758335D-02
  0.110564227605D-02  0.419230392403D+00  0.126440087472D-03 -0.213925324597D-02
  0.695001843017D-03 -0.524824537079D-03  0.325952120561D-02 -0.164210340436D-02
 -0.238894214859D-03 -0.377430259870D-03 -0.188723287020D-02 -0.542137179444D-03
  0.327866769029D-02  0.344520117479D+00  0.242432010403D-03 -0.529567761599D-03
  0.179039781154D-03 -0.129098245655D-03  0.785997314415D-03 -0.393810440598D-03
 -0.552855249459D-04 -0.892980960169D-04 -0.457616317676D-03 -0.133414161199D-03
  0.790810936379D-03 -0.384631123262D-03  0.346831237837D+00  0.120837010664D-03
 -0.484032383958D-03  0.160307679123D-03 -0.118389379583D-03  0.728381251704D-03
 -0.366003246662D-03 -0.523699869746D-04 -0.835923993704D-04 -0.422831710106D-03
 -0.122319773048D-03  0.732745682523D-03 -0.357266684756D-03 -0.844145601308D-04
  0.321269245629D+00 -0.157880507414D-03 -0.266708705949D-02  0.856033638055D-03
 -0.655545288976D-03  0.409498601949D-02 -0.206623418104D-02 -0.303595200070D-03
 -0.476734310883D-03 -0.236717685008D-02 -0.677084467205D-03  0.411874614825D-02
 -0.201526125830D-02 -0.488473107213D-03 -0.451434356714D-03  0.342590853612D+00
  0.148746893072D-01 -0.898388014038D-03  0.782816405499D-03 -0.162767917781D-03
 -0.976752271726D-04  0.201159862686D-03  0.170105511710D-03  0.131705281786D-03
 -0.121130540548D-03 -0.172158936204D-03 -0.844433298679D-04  0.166983864232D-03
  0.258390232846D-03  0.132597300941D-03 -0.116182510006D-03  0.295018898450D-01
 -0.926763229776D-03 -0.282567338624D-02  0.881776452574D-03 -0.697477661304D-03
  0.441362427419D-02 -0.223473864859D-02 -0.335504631483D-03 -0.519952181650D-03
 -0.254233561897D-02 -0.720188909897D-03  0.443853117932D-02 -0.217812249436D-02
 -0.539035582832D-03 -0.492759679081D-03 -0.271577721649D-02 -0.903887671540D-03
  0.611992607498D+00  0.731297725814D-03  0.866654332484D-03 -0.255639081581D-03
  0.215659790714D-03 -0.139792397956D-02  0.712277979468D-03  0.111058466591D-03
  0.168226421274D-03  0.800004168597D-03  0.222561534630D-03 -0.140540652635D-02
  0.693375717228D-03  0.177991754690D-03  0.159657783366D-03  0.854970902349D-03
  0.736820272955D-03  0.882972488660D-03  0.371269672624D+00 -0.462209181568D-03
  0.304256632244D-02 -0.997824190822D-03  0.745336943379D-03 -0.460793441535D-02
  0.231852105751D-02  0.334616594304D-03  0.531273533536D-03  0.267133695066D-02
  0.770000356945D-03 -0.463526452614D-02  0.226258134695D-02  0.539043808216D-03
  0.502740094881D-03  0.285230751455D-02 -0.527792803444D-03  0.309764214376D-02
 -0.994648121495D-03  0.488890625539D+00 -0.574952514886D-02 -0.220121473622D-02
  0.520376248432D-03 -0.562888726080D-03  0.393569076475D-02 -0.204302714125D-02
 -0.353091407705D-03 -0.503486037856D-03 -0.220824292401D-02 -0.579861622886D-03
  0.395333247330D-02 -0.198163003871D-02 -0.562350168543D-03 -0.479733191074D-03
 -0.236327102062D-02 -0.587271501961D-02 -0.224550346321D-02  0.536678485726D-03
  0.291441707740D-02  0.380922382823D+00 -0.471657687763D-03  0.304054325917D-02
 -0.997483868102D-03  0.744803418011D-03 -0.460390521473D-02  0.231639310698D-02
  0.334216099056D-03  0.530729258560D-03  0.266911878413D-02  0.769451828134D-03
 -0.463122057016D-02  0.226052414800D-02  0.538408989835D-03  0.502219778858D-03
  0.284993037041D-02 -0.537471327174D-03  0.309557533516D-02 -0.994280084617D-03
 -0.318671854267D-02  0.291579698539D-02  0.488896846542D+00 -0.546040190431D-02
 -0.220375094292D-02  0.530772111675D-03 -0.562387252788D-03  0.391096260601D-02
 -0.202760684120D-02 -0.348102113220D-03 -0.498275367832D-03 -0.219738980576D-02
 -0.579422017738D-03  0.392872822658D-02 -0.196715625061D-02 -0.554619127550D-03
 -0.474646318848D-03 -0.235142495184D-02 -0.557543877205D-02 -0.224787472546D-02
  0.546188958765D-03  0.288828377740D-02 -0.140107657883D-03  0.288948939022D-02
  0.380726834801D+00 -0.157279894188D-02 -0.406549903874D-02  0.126074526767D-02
 -0.100444206236D-02  0.637388520104D-02 -0.322966650624D-02 -0.487082569746D-03
 -0.752779956809D-03 -0.366868544164D-02 -0.103708411484D-02  0.640963670340D-02
 -0.314738534999D-02 -0.782331673584D-03 -0.713533788809D-03 -0.391917666125D-02
 -0.154660071940D-02 -0.414069131772D-02  0.126319798955D-02  0.448067220897D-02
 -0.314935248735D-02  0.447784091640D-02 -0.315746761862D-02  0.381256127990D+00
  0.000000000000D+00  0.000000000000D+00  0.000000000000D+00  0.000000000000D+00
  0.000000000000D+00  0.000000000000D+00  0.000000000000D+00  0.000000000000D+00
  0.000000000000D+00  0.000000000000D+00  0.000000000000D+00  0.000000000000D+00
  0.000000000000D+00  0.000000000000D+00  0.000000000000D+00  0.000000000000D+00
  0.000000000000D+00  0.000000000000D+00  0.000000000000D+00  0.000000000000D+00
  0.000000000000D+00  0.000000000000D+00  0.000000000000D+00  0.000000000000D+00
$end
