$coord
    0.77362339406289     -1.04046663104178     -4.39213111623874  h
   -0.38493423051125     -0.75862371178761     -3.01813905052486  o
    0.79132376618492      0.84847654494533     -1.19805357860364  c
    0.92994728406295      2.77624988621308     -1.94828951022525  h
    2.69471433445698      0.19512778240754     -0.71778836301940  h
   -0.79132357765124      0.84847673913667      1.19805362023641  c
   -0.92994669066427      2.77625012764554      1.94828950442133  h
   -2.69471428569163      0.19512835189393      0.71778843447315  h
    0.38493411262514     -0.75862372641645      3.01813910597642  o
   -0.77362325894598     -1.04046573091283      4.39213157523758  h
$user-defined bonds
$intdef
# definitions of internal coordinates
   1 f  1.0000000000000 tors    2    3    6    9 val= 102.00000
$redundant
     number_of_atoms            10
     degrees_of_freedom         24
     internal_coordinates       25
     frozen_coordinates          1
# definitions of redundant internals
   1 k  1.0000000000000 tors   1    2    3    6 val= 191.76307
   2 k  1.0000000000000 stre   2    1           val=   1.81922
   3 k  1.0000000000000 bend   3    1    2      val= 108.91382
   4 k  1.0000000000000 stre   3    5           val=   2.06892
   5 k  1.0000000000000 stre   3    4           val=   2.07325
   6 k  0.0683480030855 bend   4    5    3      val=   0.77846
       -0.5234523100789 bend   2    5    3
       -0.4922338026400 bend   2    4    3
        0.4782637461702 bend   6    5    3
        0.5002958146788 bend   6    4    3
   7 k  0.0031242511096 bend   4    5    3      val=  -0.05225
       -0.5244753336420 bend   2    5    3
        0.5508280106092 bend   2    4    3
       -0.4728888480108 bend   6    5    3
        0.4448376148792 bend   6    4    3
   8 k -0.8908931645912 bend   4    5    3      val=   1.04023
        0.1803235969905 bend   2    5    3
        0.1990706838624 bend   2    4    3
        0.2644259736649 bend   6    5    3
        0.2534611152248 bend   6    4    3
   9 k -0.0105418111207 bend   4    5    3      val=   1.46240
        0.4626343156281 bend   2    5    3
       -0.4551810295035 bend   2    4    3
       -0.5307156716588 bend   6    5    3
        0.5449857488573 bend   6    4    3
  10 k  1.0000000000000 stre   6    8           val=   2.06892
  11 k  1.0000000000000 stre   6    7           val=   2.07325
  12 k  0.0683480047143 bend   7    8    6      val=   0.77846
       -0.5234523078788 bend   9    8    6
       -0.4922338060091 bend   9    7    6
        0.4782637440143 bend   3    8    6
        0.5002958155043 bend   3    7    6
  13 k  0.0031242428172 bend   7    8    6      val=  -0.05225
       -0.5244753332499 bend   9    8    6
        0.5508280096701 bend   9    7    6
       -0.4728888469362 bend   3    8    6
        0.4448376177050 bend   3    7    6
  14 k -0.8908931615045 bend   7    8    6      val=   1.04023
        0.1803236044810 bend   9    8    6
        0.1990706801160 bend   9    7    6
        0.2644259801261 bend   3    8    6
        0.2534611169470 bend   3    7    6
  15 k -0.0105418092831 bend   7    8    6      val=   1.46240
        0.4626343179498 bend   9    8    6
       -0.4551810291534 bend   9    7    6
       -0.5307156737761 bend   3    8    6
        0.5449857451524 bend   3    7    6
  16 k  1.0000000000000 tors  10    9    6    3 val= 191.76304
  17 k  1.0000000000000 stre   9   10           val=   1.81922
  18 k  1.0000000000000 bend   6   10    9      val= 108.91382
  19 k  1.0000000000000 tors   2    3    6    9 val= 102.00000
  20 k  1.0000000000000 stre   3    2           val=   2.69797
  21 k  1.0000000000000 bend   6    2    3      val= 108.82158
  22 k  1.0000000000000 stre   6    9           val=   2.69797
  23 k  1.0000000000000 bend   3    9    6      val= 108.82158
  24 k  1.0000000000000 stre   3    6           val=   2.87160
  25 f  1.0000000000000 tors   2    3    6    9 val= 102.00000
        24 non zero eigenvalues  of BmBt
           1           4.114353735    1    0
         1
           2           3.832208559    2    0
         2
           3           3.769607342    3    0
         3
           4           3.009197909    4    0
         4
           5           2.920122757    5    0
         5
           6           2.454575493    6    0
         6
           7           2.090330233    7    0
         7
           8           1.722411781    8    0
         8
           9           1.256096649    9    0
         9
          10           1.226478853   10    0
        10
          11           1.048239854   11    0
        11
          12           0.841569281   12    0
        12
          13           0.769997151   13    0
        13
          14           0.729256485   14    0
        14
          15           0.535804322   15    0
        15
          16           0.504980769   16    0
        16
          17           0.353751908   17    0
        17
          18           0.347333974   18    0
        18
          19           0.280809212   20    0
        20
          20           0.254339424   21    0
        21
          21           0.093052461   22    0
        22
          22           0.085534368   23    0
        23
          23           0.066298278   24    0
        24
          24           0.000000000    0    1
         0.000000000         0.000000000         0.000000000         0.000000000
         0.000000000         0.000000000         0.000000000         0.000000000
         0.000000000         0.000000000         0.000000000         0.000000000
         0.000000000         0.000000000         0.000000000         0.000000000
         0.000000000         0.000000000         0.000000000         0.000000000
         0.000000000         0.000000000         0.000000000         0.000000000
         1.000000000
$end
