$energy      SCF               SCFKIN            SCFPOT
     1 -230.2232636112      229.3221042054     -459.5453678166
     2 -230.2238963797      229.2829366850     -459.5068330647
     3 -230.2239896674      229.2879505434     -459.5119402108
     4 -230.2240160125      229.2925412211     -459.5165572336
     5 -230.2240170595      229.2908966467     -459.5149137061
     6 -230.2240171033      229.2911085471     -459.5151256505
     7 -230.2240171080      229.2911003785     -459.5151174864
     8 -230.2240170750      229.2910971390     -459.5151142140
     9 -230.2240170753      229.2911042940     -459.5151213693
    10 -230.2240170753      229.2911047952     -459.5151218705
    11 -230.2240170753      229.2910899140     -459.5151069893
    12 -230.2240170753      229.2910919720     -459.5151090472
    13 -230.2240170753      229.2910902630     -459.5151073383
$end
