$grad          cartesian gradients
  cycle =      1    SCF energy =     -230.2232636112   |dE/dxyz| =  0.011250
    0.61775591962930     -0.80488567292796     -4.48689793302004      h
   -0.38055988290567     -0.77164944339851     -2.96801478003280      o
    0.81316270921711      0.84709680006668     -1.17846337517746      c
    0.97405430408064      2.78374947583229     -1.89652105994472      h
    2.71292462943907      0.17537528828008     -0.69699039955042      h
   -0.81320552736444      0.84705882948294      1.17846003392069      c
   -0.97422751876170      2.78370649791594      1.89650800506000      h
   -2.71291846822402      0.17521226567245      0.69697720067619      h
    0.38061594632986     -0.77159411208406      2.96802977618374      o
   -0.61796852623108     -0.80527810465814      4.48672596948970      h
  -.63569232105371D-03  0.97062647766326D-03  0.10754973787833D-02
  -.19774040272767D-02  -.29721664963935D-04  0.37560264375363D-02
  0.47688898631982D-02  -.94666429632688D-03  0.22329528519233D-02
  0.47572238301352D-03  0.40737346292460D-03  0.32759027410685D-02
  0.12921416259163D-02  -.40058990626692D-03  -.10868241483608D-02
  -.47693133619927D-02  -.94590845577518D-03  -.22333427807493D-02
  -.47581912589144D-03  0.40749209063967D-03  -.32754626956571D-02
  -.12918129929098D-02  -.40049438468061D-03  0.10864758724069D-02
  0.19782805275831D-02  -.28725240170517D-04  -.37552218856645D-02
  0.63500321982606D-03  0.96993576106130D-03  -.10760108408335D-02
  cycle =      2    SCF energy =     -230.2238963797   |dE/dxyz| =  0.004911
    0.67950791768999     -0.86928497967331     -4.48714405646794      h
   -0.38849749043905     -0.75042465718325     -3.01833408087678      o
    0.79133387440114      0.85682682679690     -1.20141613072117      c
    0.93667835249587      2.79157349524676     -1.93270705030782      h
    2.69844664695621      0.20101020170716     -0.73823045111794      h
   -0.79140521661126      0.85676851311253      1.20140584987564      c
   -0.93685294939386      2.79149366257376      1.93273697441326      h
   -2.69848019569797      0.20086315914876      0.73819663747009      h
    0.38850564260890     -0.75045518726945      3.01829608683201      o
   -0.67960299680091     -0.86957921027813      4.48700965850553      h
  -.20869569664263D-03  0.10048929436526D-03  -.48548014369049D-03
  -.72927923580776D-03  0.69533865025590D-03  -.36955364934317D-03
  0.25186367128970D-02  -.12753710200301D-02  0.53659343465692D-03
  0.64992348483544D-03  0.35819338116298D-03  0.97385254812079D-03
  0.18457581624442D-03  0.12208810751719D-03  -.90169844135033D-03
  -.25190529724329D-02  -.12745440058988D-02  -.53633057619145D-03
  -.65010632783465D-03  0.35843688588313D-03  -.97335645312041D-03
  -.18419238482299D-03  0.12219764057553D-03  0.90131369976490D-03
  0.72991452776795D-03  0.69583757139259D-03  0.36937318100239D-03
  0.20828021478867D-03  0.10018416633436D-03  0.48528183671818D-03
  cycle =      3    SCF energy =     -230.2239896674   |dE/dxyz| =  0.004994
    0.70457889846334     -0.93025247465104     -4.44848190574667      h
   -0.40389086251144     -0.73398576829250     -3.01884806289661      o
    0.78232645552730      0.87127844928111     -1.20537841581169      c
    0.91613932665028      2.80269652617780     -1.94776171719639      h
    2.69175508267766      0.21997687631226     -0.74557931035233      h
   -0.78240903459320      0.87120615431091      1.20536232522332      c
   -0.91631209299000      2.80259345080730      1.94780972244519      h
   -2.69180605304591      0.21983394142818      0.74553427532999      h
    0.40387601208314     -0.73406182865193      3.01878447940020      o
   -0.70462414705211     -0.93049350254036      4.44837204720988      h
  -.56474241283557D-04  0.55950141158372D-04  -.27389881423570D-03
  -.84898123053802D-03  0.16537590023607D-02  -.68516532594761D-03
  0.18925160670560D-02  -.19414863989574D-02  0.90037269112207D-03
  0.22528003204202D-03  0.14207314793805D-03  0.28524865434434D-03
  0.59097113244989D-04  0.92018229476267D-04  -.37294260751408D-03
  -.18925262925857D-02  -.19411532336574D-02  -.90048875615398D-03
  -.22537380596783D-03  0.14204598536499D-03  -.28502866731831D-03
  -.58947772139473D-04  0.92080476224558D-04  0.37269097168191D-03
  0.84903884650867D-03  0.16539863666722D-02  0.68534139718915D-03
  0.56372804925798D-04  0.55788936963570D-04  0.27387186136664D-03
  cycle =      4    SCF energy =     -230.2240160125   |dE/dxyz| =  0.005855
    0.72052672743639     -0.98982912798707     -4.40618721724176      h
   -0.41892218025056     -0.71906346557152     -3.01406678568035      o
    0.77677950675454      0.88699144981125     -1.20714487192013      c
    0.90402220739908      2.81546572534815     -1.95813151890782      h
    2.68675964384294      0.23615750846025     -0.74875751052346      h
   -0.77687068412042      0.88690947475755      1.20712473592596      c
   -0.90419305595771      2.81534673437485      1.95819203844724      h
   -2.68682378490254      0.23601673816329      0.74870767547263      h
    0.41889461915226     -0.71917131119805      3.01398147102304      o
   -0.72053941414492     -0.99003190197698      4.40609542100954      h
  0.36654640707653D-04  0.51071211109331D-04  0.13110950306563D-04
  -.12849393643934D-02  0.21340867179427D-02  -.74225798343199D-03
  0.18993411596112D-02  -.22321204822298D-02  0.13305017020029D-02
  -.77607557916493D-04  0.32378643297272D-04  -.29526831760442D-04
  0.63026535916013D-04  0.17497401354799D-04  0.72029157247218D-04
  -.18991700636778D-02  -.22321418083973D-02  -.13306911065984D-02
  0.77606061029280D-04  0.32262051939254D-04  0.29555009634857D-04
  -.63026498611259D-04  0.17506978467368D-04  -.72113738794179D-04
  0.12846738663251D-02  0.21341466334659D-02  0.74251101655236D-03
  -.36557805902866D-04  0.51062415333691D-04  -.13116921262925D-04
  cycle =      5    SCF energy =     -230.2240170595   |dE/dxyz| =  0.005754
    0.72085052263249     -0.99671808986774     -4.40246428493947      h
   -0.42051393368897     -0.71745229453098     -3.01362320591423      o
    0.77699306952794      0.88950998783482     -1.20745302773109      c
    0.90615009782585      2.81758769131581     -1.95875269966775      h
    2.68617163236238      0.23679304025702     -0.74961484138458      h
   -0.77708513279701      0.88942917035874      1.20743364673727      c
   -0.90632086191839      2.81747088905879      1.95881223351533      h
   -2.68623693310388      0.23665280217167      0.74956822700123      h
    0.42048794512634     -0.71755805381904      3.01353751164262      o
   -0.72086282075769     -0.99692331859736      4.40236987834556      h
  0.46486044623902D-05  0.89602326993430D-05  0.75537827564253D-06
  -.13401985929427D-02  0.19473988646920D-02  -.85533739277184D-03
  0.21340653101149D-02  -.19913210261094D-02  0.13082692705606D-02
  -.87937282390095D-05  0.22288192237664D-04  0.14055610322994D-04
  0.11499968165661D-04  0.15473560893674D-04  0.21797066410301D-04
  -.21340001640458D-02  -.19913100813624D-02  -.13082525316663D-02
  0.87933302006972D-05  0.22301883578851D-04  -.14027935772952D-04
  -.11500764704145D-04  0.15467164653485D-04  -.21839710734782D-04
  0.13401406389407D-02  0.19474485835916D-02  0.85533222164476D-03
  -.46537013332920D-05  0.89694302145958D-05  -.75093003866784D-06
  cycle =      6    SCF energy =     -230.2240171033   |dE/dxyz| =  0.005747
    0.72125360871016     -0.99920521033670     -4.40070204070355      h
   -0.42108607845127     -0.71671644660190     -3.01332556175438      o
    0.77688732214225      0.89037028044393     -1.20748044290054      c
    0.90640199078063      2.81817947377582     -1.95923634863236      h
    2.68588098737570      0.23709273107079     -0.74994433790987      h
   -0.77697905266314      0.89028923427995      1.20746089954505      c
   -0.90657264552521      2.81806253970319      1.95929515449771      h
   -2.68594599023881      0.23695216366268      0.74989807934920      h
    0.42106005768318     -0.71682203231323      3.01324059454572      o
   -0.72126661460443     -0.99941090950280      4.40060744156792      h
  0.33942902759182D-05  0.72187905618548D-06  0.13929630919861D-05
  -.13338607200190D-02  0.19506049199101D-02  -.84558187294821D-03
  0.21446535153077D-02  -.19515977877078D-02  0.13439359278297D-02
  -.37515343672832D-05  0.48575944026946D-06  0.45498900738165D-05
  -.37194164404273D-05  0.26264162422877D-05  0.64850918098121D-05
  -.21445588857580D-02  -.19516459566488D-02  -.13440145149920D-02
  0.37543577681821D-05  0.48070920908304D-06  -.45650701164298D-05
  0.37084220393585D-05  0.26234746930331D-05  -.64883844206947D-05
  0.13337751087760D-02  0.19506164084930D-02  0.84566263229604D-03
  -.33942804722861D-05  0.72082730015722D-06  -.13756900384471D-05
  cycle =      8    SCF energy =     -230.2240170750   |dE/dxyz| =  0.005733
    0.77361363647178     -1.04047335204048     -4.39213837186357      h
   -0.38493787546285     -0.75861615456855     -3.01814340090518      o
    0.79132062307159      0.84847076791051     -1.19807352469696      c
    0.92993226875137      2.77625811724651     -1.94826924465077      h
    2.69470433331699      0.19511928399128     -0.71779934752033      h
   -0.79132048399273      0.84847087266693      1.19807353756034      c
   -0.92993178689437      2.77625825241657      1.94826923307883      h
   -2.69470429971148      0.19511973088392      0.71779930469377      h
    0.38493771561769     -0.75861631536047      3.01814335106954      o
   -0.77361327201780     -1.04047206477986      4.39213906401553      h
  0.19306237060009D-06  0.29933540488117D-06  -.25418703574804D-06
  -.13125290963249D-02  0.19479559548140D-02  -.86503545777023D-03
  0.21136549826340D-02  -.19465182287095D-02  0.13831308687448D-02
  -.63749976831475D-06  0.42861786483095D-06  0.19146914592105D-05
  -.17428836853517D-05  0.57166443819554D-06  0.60903105600239D-06
  -.21136540377017D-02  -.19465237795525D-02  -.13831240395852D-02
  0.63788527725916D-06  0.42852731685556D-06  -.19194334300299D-05
  0.17436286937584D-05  0.57129597569053D-06  -.61071961840589D-06
  0.13125258340259D-02  0.19479525842247D-02  0.86503302194679D-03
  -.19185184114084D-06  0.30187755557170D-06  0.25624625564649D-06
  cycle =      9    SCF energy =     -230.2240170753   |dE/dxyz| =  0.005734
    0.77360531510432     -1.04045856267379     -4.39214494341165      h
   -0.38493780345868     -0.75862438944529     -3.01813893039781      o
    0.79132170027526      0.84846905588419     -1.19806336494160      c
    0.92993656853201      2.77625217919426     -1.94827489142937      h
    2.69471019783450      0.19512028972063     -0.71778957415912      h
   -0.79132153620750      0.84846923718403      1.19806340355239      c
   -0.92993608918150      2.77625243488502      1.94827479996470      h
   -2.69471013471869      0.19512074309142      0.71778963316607      h
    0.38493773406041     -0.75862431609284      3.01813900575372      o
   -0.77360509308994     -1.04045753338128      4.39214546268386      h
  -.17506237400615D-06  0.47106814615017D-06  -.21466543880245D-06
  -.13133494878988D-02  0.19468076100906D-02  -.86644269411131D-03
  0.21117923104474D-02  -.19458815618585D-02  0.13885154638238D-02
  -.43021685279863D-06  0.87354098579737D-06  0.11553962147704D-05
  -.35553367542879D-06  0.46412920330949D-06  0.75046931941371D-06
  -.21117934151511D-02  -.19458852207197D-02  -.13885092010028D-02
  0.43036566046553D-06  0.87488826123282D-06  -.11581006467650D-05
  0.35607205458246D-06  0.46373980907388D-06  -.75133614297878D-06
  0.13133505419178D-02  0.19468094796259D-02  0.86644108881425D-03
  0.17443975867700D-06  0.47057433585208D-06  0.21358987889622D-06
  cycle =     11    SCF energy =     -230.2240170753   |dE/dxyz| =  0.005736
    0.77362272082528     -1.04047731399193     -4.39212435357968      h
   -0.38493627787642     -0.75862203076012     -3.01813657715946      o
    0.79132322063083      0.84847827593542     -1.19805296820648      c
    0.92994398729432      2.77625358741231     -1.94828654410933      h
    2.69471533410718      0.19513139082723     -0.71778533739467      h
   -0.79132306341714      0.84847842843243      1.19805298709843      c
   -0.92994339511437      2.77625375052092      1.94828661737133      h
   -2.69471532656832      0.19513197210397      0.71778535039426      h
    0.38493610547545     -0.75862220101880      3.01813652149034      o
   -0.77362245742831     -1.04047622737801      4.39212492582827      h
  -.24816519860435D-06  0.42375828381607D-06  0.15176528560301D-06
  -.13143056470559D-02  0.19460647411127D-02  -.86817781414428D-03
  0.21108254997941D-02  -.19451236838386D-02  0.13943685469445D-02
  -.11884202434040D-06  0.86096332679818D-06  0.17270615129606D-06
  0.36435261822338D-06  0.50810015317722D-06  0.32064975214994D-06
  -.21108256595600D-02  -.19451224415985D-02  -.13943686713925D-02
  0.11881585259684D-06  0.86072723494312D-06  -.17146620898018D-06
  -.36396629664474D-06  0.50856827836815D-06  -.32116509116236D-06
  0.13143039041701D-02  0.19460615895643D-02  0.86817604818804D-03
  0.24972732840785D-06  0.42552850687166D-06  -.15057841171023D-06
  cycle =     12    SCF energy =     -230.2240170753   |dE/dxyz| =  0.005736
    0.77362182751211     -1.04046298569003     -4.39213461543480      h
   -0.38493303493403     -0.75862484148061     -3.01813931492752      o
    0.79132397720325      0.84847511321814     -1.19805339097279      c
    0.92994684058393      2.77624920017319     -1.94828827867245      h
    2.69471491654029      0.19512737000212     -0.71778660898067      h
   -0.79132377958099      0.84847532130965      1.19805344101317      c
   -0.92994624653294      2.77624946768740      1.94828824952084      h
   -2.69471485678212      0.19512793650821      0.71778669967301      h
    0.38493293538023     -0.75862480478495      3.01813940317943      o
   -0.77362173146123     -1.04046214485970      4.39213503733479      h
  -.14606758719819D-06  0.51182369996064D-06  -.98754282211344D-07
  -.13142270716031D-02  0.19459778041129D-02  -.86807429024898D-03
  0.21110160767339D-02  -.19449916153623D-02  0.13941740469272D-02
  -.41145387107634D-07  0.65384033064352D-06  0.42493944513332D-07
  0.71348212810120D-07  0.58205350774212D-06  0.91823897493874D-07
  -.21110160465271D-02  -.19449919997915D-02  -.13941730449500D-02
  0.41031661456338D-07  0.65408976929746D-06  -.42948511174924D-07
  -.71886515835199D-07  0.58161487502207D-06  -.91823256930575D-07
  0.13142286322800D-02  0.19459795356966D-02  0.86807394976695D-03
  0.14513898591710D-06  0.51091150523535D-06  0.98554200915542D-07
$end
