$hessapprox internal
  0.170722687864D-01 -0.205137520063D-02  0.618791336664D+00 -0.333995260008D-02
  0.589401121314D-02  0.363286426063D+00  0.105917479693D-02  0.246465649444D-02
 -0.108877046344D-01  0.417191751059D+00 -0.214710155526D-03  0.207721038918D-02
 -0.577472027401D-02 -0.515509012712D-02  0.418429981014D+00  0.101640411578D-02
 -0.650574528095D-02  0.170297639473D-01  0.156745287736D-01  0.935360534980D-02
  0.317402506325D+00  0.403164088664D-03 -0.204497359429D-02  0.509601172537D-02
  0.481243861000D-02  0.284678377820D-02 -0.854047693937D-02  0.343709873901D+00
 -0.698735925281D-03 -0.459526047065D-03  0.356962952682D-02  0.216238047358D-02
  0.152047291224D-02 -0.466827298504D-02 -0.144457682141D-02  0.320006667512D+00
 -0.103294394350D-02  0.578419436456D-03  0.138111313827D-02 -0.102762146409D-03
  0.220150661394D-03 -0.784779277011D-03 -0.269861210122D-03  0.158013960298D-03
  0.344888852585D+00  0.104509370700D-02  0.247758941790D-02 -0.108845133609D-01
 -0.793068505201D-02 -0.516022664983D-02  0.156883785087D-01  0.481624766368D-02
  0.216837176726D-02 -0.978611413186D-04  0.417162512955D+00 -0.217052595828D-03
  0.208099078489D-02 -0.577923513852D-02 -0.516179927656D-02 -0.311251806965D-02
  0.936383087468D-02  0.284983373596D-02  0.152270786261D-02  0.221091961997D-03
 -0.516693244986D-02  0.418423017172D+00  0.103338436218D-02 -0.651745839013D-02
  0.170138892283D-01  0.156820014948D-01  0.935354042578D-02 -0.280950622998D-01
 -0.853931103546D-02 -0.467254642718D-02 -0.790389031214D-03  0.156957775981D-01
  0.936375461830D-02  0.317406956356D+00  0.442236919907D-03 -0.206910904568D-02
  0.505075612711D-02  0.482224330516D-02  0.284209268325D-02 -0.852176109297D-02
 -0.258633324101D-02 -0.145226872165D-02 -0.282551759339D-03  0.482587406517D-02
  0.284511127215D-02 -0.852038425998D-02  0.343724079905D+00 -0.695483496777D-03
 -0.461786166905D-03  0.356664017537D-02  0.216385527745D-02  0.152048718667D-02
 -0.466793607546D-02 -0.144437807918D-02 -0.540690065372D-03  0.156938175768D-03
  0.216983251966D-02  0.152271999754D-02 -0.467219210110D-02 -0.145202956028D-02
  0.320005008366D+00 -0.100365419697D-02  0.563391617847D-03  0.133769603884D-02
 -0.103451652127D-03  0.211693789594D-03 -0.755846551917D-03 -0.260171590218D-03
  0.154577552117D-03  0.321603312235D-03 -0.986939383851D-04  0.212605818751D-03
 -0.761296465277D-03 -0.272503732438D-03  0.153532439080D-03  0.344870558842D+00
  0.306175586751D-02 -0.199551604478D-02 -0.322330077537D-02  0.104179387033D-02
 -0.199525638955D-03  0.959580948179D-03  0.383048458991D-03 -0.681991332523D-03
 -0.100249860196D-02  0.102815065497D-02 -0.201787865586D-03  0.976050736124D-03
  0.420959436083D-03 -0.678836753176D-03 -0.974065935274D-03  0.168864454945D-01
 -0.207178025168D-02  0.148441818606D-03  0.590386600917D-02  0.244786668954D-02
  0.207248904870D-02 -0.649388678593D-02 -0.204195853849D-02 -0.452127568409D-03
  0.585390923878D-03  0.246087873200D-02  0.207627746996D-02 -0.650570754587D-02
 -0.206635058549D-02 -0.454408255636D-03  0.570161093485D-03 -0.201529420860D-02
  0.618825559654D+00 -0.331522115976D-02  0.587899882846D-02 -0.802736352205D-02
 -0.108821920933D-01 -0.577811565688D-02  0.170428957089D-01  0.510074708544D-02
  0.356496181531D-02  0.137310100640D-02 -0.108791145035D-01 -0.578265087308D-02
  0.170271546477D-01  0.505579655356D-02  0.356199807958D-02  0.132990988152D-02
 -0.319930354312D-02  0.588869037694D-02  0.363227691619D+00  0.213186160414D-02
 -0.334918830763D-02  0.382599876441D-02  0.586635033945D-02  0.302031618454D-02
 -0.886199532971D-02 -0.264025579936D-02 -0.196458552007D-02 -0.849613574292D-03
  0.586301467155D-02  0.302242234698D-02 -0.885163031023D-02 -0.261180276870D-02
 -0.196262725134D-02 -0.823278338777D-03  0.205927235384D-02 -0.335678044748D-02
  0.384444013111D-02  0.485445101955D+00 -0.727536183718D-02  0.428453690720D-02
  0.907547796986D-02 -0.127609494118D-02  0.121118698592D-02 -0.450360824900D-02
 -0.158841730161D-02  0.127298902596D-02  0.234677674208D-02 -0.124223776794D-02
  0.121742137933D-02 -0.454300111720D-02 -0.167802188040D-02  0.126543751700D-02
  0.228074022069D-02 -0.705997257216D-02  0.433297552975D-02  0.901885978972D-02
 -0.564016857026D-02  0.397071586344D+00  0.215345480285D-02 -0.337227090206D-02
  0.383117225485D-02  0.589733118623D-02  0.303343238926D-02 -0.889903887436D-02
 -0.265091796147D-02 -0.197624371525D-02 -0.857380609072D-03  0.589392763504D-02
  0.303553952064D-02 -0.888856276996D-02 -0.262218810950D-02 -0.197426429382D-02
 -0.830814795086D-03  0.208017936872D-02 -0.337997412231D-02  0.384979082736D-02
 -0.176777196363D-02 -0.569328954864D-02  0.485444794956D+00 -0.730132872805D-02
  0.429455236445D-02  0.912421454659D-02 -0.126680714319D-02  0.122401636892D-02
 -0.454534284669D-02 -0.160191380886D-02  0.127352134215D-02  0.235474459423D-02
 -0.123281253168D-02  0.123028292605D-02 -0.458487928317D-02 -0.169183266405D-02
  0.126594223925D-02  0.228848998209D-02 -0.708519458461D-02  0.434318050968D-02
  0.906739895202D-02 -0.566891924435D-02  0.166642621537D-01 -0.572226953891D-02
  0.397186405517D+00 -0.640793445816D-02  0.175753939198D-02  0.142385449328D-01
  0.416503202918D-02  0.431698346351D-02 -0.137711818659D-01 -0.438969805199D-02
 -0.411402624290D-03  0.191102403609D-02  0.420119387725D-02  0.432626185649D-02
 -0.138070124307D-01 -0.446650395011D-02 -0.418298865014D-03  0.185958709338D-02
 -0.622734953633D-02  0.180655982381D-02  0.141904595079D-01 -0.826130011364D-02
  0.138816699982D-01 -0.832326373441D-02  0.139206467616D-01  0.396332883233D+00
  0.000000000000D+00  0.000000000000D+00  0.000000000000D+00  0.000000000000D+00
  0.000000000000D+00  0.000000000000D+00  0.000000000000D+00  0.000000000000D+00
  0.000000000000D+00  0.000000000000D+00  0.000000000000D+00  0.000000000000D+00
  0.000000000000D+00  0.000000000000D+00  0.000000000000D+00  0.000000000000D+00
  0.000000000000D+00  0.000000000000D+00  0.000000000000D+00  0.000000000000D+00
  0.000000000000D+00  0.000000000000D+00  0.000000000000D+00  0.000000000000D+00
$end
