$coord
    0.78688425815515     -1.14395447397605     -4.31141437946695  h
   -0.38410780796155     -0.80485468293483     -2.96157457904488  o
    0.75977327381579      0.90217302983742     -1.21506012776169  c
    0.78574741791822      2.81555754796066     -2.01486492365992  h
    2.70436450180852      0.35348510760430     -0.76904809046962  h
   -0.75977306449183      0.90217323225931      1.21506018589778  c
   -0.78574676210716      2.81555777463909      2.01486493847791  h
   -2.70436442523204      0.35348573187934      0.76904818259900  h
    0.38410766705905     -0.80485472921013      2.96157462208618  o
   -0.78688392136444     -1.14395312272562      4.31141519317295  h
$user-defined bonds
$intdef
# definitions of internal coordinates
   1 f  1.0000000000000 tors    2    3    6    9 val=  96.00000
$redundant
     number_of_atoms            10
     degrees_of_freedom         24
     internal_coordinates       25
     frozen_coordinates          1
# definitions of redundant internals
   1 k  1.0000000000000 tors   1    2    3    6 val= 194.73724
   2 k  1.0000000000000 stre   2    1           val=   1.81887
   3 k  1.0000000000000 bend   3    1    2      val= 108.99928
   4 k  1.0000000000000 stre   3    5           val=   2.06916
   5 k  1.0000000000000 stre   3    4           val=   2.07398
   6 k  0.0711709311686 bend   4    5    3      val=   0.84225
       -0.5233347364091 bend   2    5    3
       -0.4923431006987 bend   2    4    3
        0.4808940472299 bend   6    5    3
        0.4973878152482 bend   6    4    3
   7 k  0.0080952029714 bend   4    5    3      val=   0.07797
       -0.5262728095991 bend   2    5    3
        0.5500290870309 bend   2    4    3
       -0.4713442552939 bend   6    5    3
        0.4452796806357 bend   6    4    3
   8 k -0.8909006236015 bend   4    5    3      val=   0.97224
        0.1771374786725 bend   2    5    3
        0.1993707862040 bend   2    4    3
        0.2626293099376 bend   6    5    3
        0.2572849153877 bend   6    4    3
   9 k -0.0092652941878 bend   4    5    3      val=   1.28979
        0.4600718191788 bend   2    5    3
       -0.4565080427176 bend   2    4    3
       -0.5304218584852 bend   6    5    3
        0.5463525734325 bend   6    4    3
  10 k  1.0000000000000 stre   6    8           val=   2.06916
  11 k  1.0000000000000 stre   6    7           val=   2.07398
  12 k  0.0711709429965 bend   7    8    6      val=   0.84225
       -0.5233347293777 bend   9    8    6
       -0.4923431105889 bend   9    7    6
        0.4808940486727 bend   3    8    6
        0.4973878097692 bend   3    7    6
  13 k  0.0080951966514 bend   7    8    6      val=   0.07796
       -0.5262728178061 bend   9    8    6
        0.5500290822944 bend   9    7    6
       -0.4713442475070 bend   3    8    6
        0.4452796851442 bend   3    7    6
  14 k -0.8909006178237 bend   7    8    6      val=   0.97224
        0.1771374849487 bend   9    8    6
        0.1993707775355 bend   9    7    6
        0.2626293189982 bend   3    8    6
        0.2572849285419 bend   3    7    6
  15 k -0.0092652874786 bend   7    8    6      val=   1.28978
        0.4600718166627 bend   9    8    6
       -0.4565080420923 bend   9    7    6
       -0.5304218654768 bend   3    8    6
        0.5463525693998 bend   3    7    6
  16 k  1.0000000000000 tors  10    9    6    3 val= 194.73720
  17 k  1.0000000000000 stre   9   10           val=   1.81887
  18 k  1.0000000000000 bend   6   10    9      val= 108.99928
  19 k  1.0000000000000 tors   2    3    6    9 val=  96.00000
  20 k  1.0000000000000 stre   3    2           val=   2.69680
  21 k  1.0000000000000 bend   6    2    3      val= 108.91889
  22 k  1.0000000000000 stre   6    9           val=   2.69680
  23 k  1.0000000000000 bend   3    9    6      val= 108.91889
  24 k  1.0000000000000 stre   3    6           val=   2.86610
  25 f  1.0000000000000 tors   2    3    6    9 val=  96.00000
        24 non zero eigenvalues  of BmBt
           1           4.189153245    1    0
         1
           2           3.818988914    2    0
         2
           3           3.762689392    3    0
         3
           4           3.015580522    4    0
         4
           5           2.908416686    5    0
         5
           6           2.448442114    6    0
         6
           7           2.083307038    7    0
         7
           8           1.726455113    8    0
         8
           9           1.256384492    9    0
         9
          10           1.231219725   10    0
        10
          11           1.046426748   11    0
        11
          12           0.838775498   12    0
        12
          13           0.770067167   13    0
        13
          14           0.727977521   14    0
        14
          15           0.553876616   15    0
        15
          16           0.492445719   16    0
        16
          17           0.354286168   17    0
        17
          18           0.349010525   18    0
        18
          19           0.280689228   20    0
        20
          20           0.253949589   21    0
        21
          21           0.098581169   22    0
        22
          22           0.080571969   23    0
        23
          23           0.066179914   24    0
        24
          24           0.000000000    0    1
         0.000000000         0.000000000         0.000000000         0.000000000
         0.000000000         0.000000000         0.000000000         0.000000000
         0.000000000         0.000000000         0.000000000         0.000000000
         0.000000000         0.000000000         0.000000000         0.000000000
         0.000000000         0.000000000         0.000000000         0.000000000
         0.000000000         0.000000000         0.000000000         0.000000000
         1.000000000
$end
