$energy      SCF               SCFKIN            SCFPOT
     1 -230.2239108018      229.3161244230     -459.5400352248
     2 -230.2245549530      229.2828345871     -459.5073895401
     3 -230.2246779734      229.2881880804     -459.5128660538
     4 -230.2247102202      229.2930424414     -459.5177526616
     5 -230.2247125592      229.2911928337     -459.5159053929
     6 -230.2247126340      229.2915676724     -459.5162803063
     7 -230.2247126439      229.2915572016     -459.5162698455
     8 -230.2247124798      229.2915513328     -459.5162638126
     9 -230.2247124800      229.2915571351     -459.5162696151
    10 -230.2247124801      229.2915557949     -459.5162682750
    11 -230.2247124800      229.2915479480     -459.5162604280
    12 -230.2247124799      229.2915564960     -459.5162689759
    13 -230.2247124800      229.2915420179     -459.5162544979
$end
