$grad          cartesian gradients
  cycle =      1    SCF energy =     -230.2239108018   |dE/dxyz| =  0.011339
    0.58435459325654     -0.85580261252357     -4.45154230629935      h
   -0.37865818285173     -0.82045779138197     -2.91008122744995      o
    0.78460208764336      0.90067343587680     -1.19767354935417      c
    0.84373508005306      2.82025790470890     -1.97472896766762      h
    2.72268535035291      0.32599963222749     -0.74412700764486      h
   -0.78463060177264      0.90065198992781      1.19766992596470      c
   -0.84385668280712      2.82023949360961      1.97471631172614      h
   -2.72268221265431      0.32588776952912      0.74411217180321      h
    0.37870257925074     -0.82041078411897      2.91009677476608      o
   -0.58460104805232     -0.85616531133822      4.45136619415063      h
  -.67019846332444D-03  0.10542982383567D-02  0.95050774622561D-03
  -.20119461440287D-02  -.20917147347086D-03  0.34961327867840D-02
  0.56255124039497D-02  -.69742222497888D-03  0.13052416701606D-02
  0.82892996214470D-03  0.24062609989106D-03  0.28858483776767D-02
  0.10911911629496D-02  -.39270714579616D-03  -.11191300615194D-02
  -.56258967659754D-02  -.69683150032205D-03  -.13056590448559D-02
  -.82901682625389D-03  0.24072421912033D-03  -.28854678867284D-02
  -.10908871303855D-02  -.39259702990237D-03  0.11188012459400D-02
  0.20128147592770D-02  -.20840299100953D-03  -.34952751023409D-02
  0.66949601598843D-03  0.10537173330329D-02  -.95099714180387D-03
  cycle =      2    SCF energy =     -230.2245549530   |dE/dxyz| =  0.005375
    0.65467973427611     -0.92981666641837     -4.44090674429936      h
   -0.39226201690996     -0.79726803133134     -2.95833577202864      o
    0.75974441225216      0.91141782728215     -1.21900699855789      c
    0.79610694270292      2.83040848643957     -2.00415505388978      h
    2.70640292260742      0.35593829929898     -0.78840511235375      h
   -0.75980207630045      0.91137955219411      1.21899757699721      c
   -0.79622843382012      2.83035614261506      2.00418079054393      h
   -2.70643920358124      0.35584621835828      0.78837554160999      h
    0.39225631312186     -0.79729647916937      2.95830070737409      o
   -0.65480763193020     -0.93009162275206      4.44076338459903      h
  -.21730787140727D-03  0.18225992084100D-03  -.47770579347206D-03
  -.10025221088696D-02  0.58728407309999D-03  -.31707973456247D-03
  0.30722799859386D-02  -.10884453952528D-02  0.41337144024324D-03
  0.75052168344737D-03  0.24333560652025D-03  0.78236808288917D-03
  0.11930898793065D-03  0.71042709534110D-04  -.79976739560818D-03
  -.30727827033292D-02  -.10875530280197D-02  -.41297651581144D-03
  -.75065783739142D-03  0.24360307058422D-03  -.78185317633402D-03
  -.11894925427611D-03  0.71149153096906D-04  0.79936775611236D-03
  0.10032909798379D-02  0.58779726207449D-03  0.31675622403459D-03
  0.21682302759787D-03  0.18198162866752D-03  0.47751533925730D-03
  cycle =      3    SCF energy =     -230.2246779734   |dE/dxyz| =  0.005365
    0.69098914346877     -1.00638020566249     -4.38957089576336      h
   -0.41210383474659     -0.77693049772887     -2.96087492093092      o
    0.74692160081408      0.92836819964557     -1.22422581461399      c
    0.76563491546026      2.84475150892015     -2.01737061012066      h
    2.69785439751039      0.38088516867578     -0.80294847931996      h
   -0.74699180168539      0.92831455928179      1.22420946370734      c
   -0.76575368853595      2.84467221852774      2.01741507111819      h
   -2.69790952998555      0.38079880926569      0.80290752463313      h
    0.41206983920237     -0.77700832982687      2.96081101759706      o
   -0.69106007908388     -1.00659770458149      4.38945596368800      h
  -.93610349655617D-05  0.96312945116452D-04  -.30777474136448D-03
  -.11342959434165D-02  0.16736889453516D-02  -.75629625973305D-03
  0.21613236650426D-02  -.19210106520551D-02  0.10620951318296D-02
  0.20242416490584D-03  0.83154529051938D-04  0.13812451438590D-03
  0.32284633393535D-04  0.65422314434624D-04  -.25401797866321D-03
  -.21613874560547D-02  -.19206784577686D-02  -.10622506608049D-02
  -.20249491492435D-03  0.83103855204968D-04  -.13792218245853D-03
  -.32144889546956D-04  0.65493471293707D-04  0.25377703471738D-03
  0.11343844573934D-02  0.16738925599816D-02  0.75649562892606D-03
  0.92679107152027D-05  0.96138137700397D-04  0.30777008517289D-03
  cycle =      4    SCF energy =     -230.2247102202   |dE/dxyz| =  0.006295
    0.71255534236312     -1.07699131865866     -4.33566078621304      h
   -0.42977609405807     -0.75951814669952     -2.95615401756034      o
    0.73964809015205      0.94621384163284     -1.22677986528311      c
    0.74908469393854      2.86042941393340     -2.02558933360464      h
    2.69233513009406      0.40056902353429     -0.81140105582640      h
   -0.73972666310204      0.94615056111874      1.22675921909582      c
   -0.74920096129553      2.86033337702565      2.02564579123830      h
   -2.69240281418318      0.40048505621207      0.81135603388001      h
    0.42972825403419     -0.75962741703032      2.95606718150052      o
   -0.71259401552462     -1.07717066455150      4.33556515276771      h
  0.73117193465030D-04  0.81018765518846D-04  -.47123249760758D-05
  -.15277993943601D-02  0.21432317116707D-02  -.80502073344477D-03
  0.21739405460561D-02  -.22718979615970D-02  0.15176313073520D-02
  -.12673742199216D-03  0.37310233129935D-04  -.37815776834607D-04
  0.80542135906647D-04  0.78395410822322D-05  0.10498635205609D-03
  -.21738176611755D-02  -.22718946356463D-02  -.15178684093242D-02
  0.12673839603035D-03  0.37171843313175D-04  0.37846989186277D-04
  -.80534625854540D-04  0.78573708997401D-05  -.10505768981095D-03
  0.15275449021558D-02  0.21432803080743D-02  0.80531237394402D-03
  -.72993763200692D-04  0.80995323753195D-04  0.46957485990254D-05
  cycle =      5    SCF energy =     -230.2247125592   |dE/dxyz| =  0.006180
    0.71428943772605     -1.09119944505245     -4.32630850548569      h
   -0.43293387246620     -0.75612633484298     -2.95519843713404      o
    0.73950272878286      0.95079609500785     -1.22760813436361      c
    0.75135050106033      2.86452017228473     -2.02707071267379      h
    2.69139480236588      0.40271073603461     -0.81376184090401      h
   -0.73958250075887      0.95073362379957      1.22758829162116      c
   -0.75146656674121      2.86442580616170      2.02712687113694      h
   -2.69146411873600      0.40262735554608      0.81371986742184      h
    0.43288712930096     -0.75623516343082      2.95511002595388      o
   -0.71432657811527     -1.09137911899130      4.32621089442215      h
  0.11622705793245D-04  0.17341828875670D-04  0.60096681932702D-05
  -.15488297397775D-02  0.19341725579319D-02  -.92849521969985D-03
  0.24895120200147D-02  -.19865038812517D-02  0.13953020894657D-02
  -.23612574061481D-04  0.23501237739787D-04  0.17636668902483D-04
  0.59016903129797D-05  0.87475615271952D-05  0.21647037080149D-04
  -.24894849081429D-02  -.19864456814546D-02  -.13952826981736D-02
  0.23613867995629D-04  0.23524473171820D-04  -.17607012007064D-04
  -.59093228923013D-05  0.87380462498549D-05  -.21685018487823D-04
  0.15488218655285D-02  0.19341935969800D-02  0.92846666769643D-03
  -.11635084115684D-04  0.17349982240663D-04  -.59946962272746D-05
  cycle =      6    SCF energy =     -230.2247126340   |dE/dxyz| =  0.006157
    0.71493006500303     -1.09501791682083     -4.32338237143298      h
   -0.43379213725922     -0.75502265506293     -2.95475789895713      o
    0.73925117551603      0.95199145971905     -1.22767955365616      c
    0.75157671454498      2.86542549766026     -2.02766547445291      h
    2.69101837462472      0.40332542218013     -0.81431169393604      h
   -0.73933058063950      0.95192867485425      1.22765954442640      c
   -0.75169270067929      2.86533089782682      2.02772092873749      h
   -2.69108733546831      0.40324164977567      0.81426996505254      h
    0.43374535688956     -0.75513139203425      2.95467030663656      o
   -0.71496797011348     -1.09519791158117      4.32328456757706      h
  0.73522243647954D-05  0.18135310855706D-05  0.28556682345747D-05
  -.15264682664175D-02  0.19571279387895D-02  -.90296604469381D-03
  0.24649569091482D-02  -.19584081619662D-02  0.14373591118705D-02
  -.10097077419711D-04  -.42386170420933D-06  0.85715726403837D-05
  -.78380701882786D-05  -.28167437951563D-05  0.45714418687947D-05
  -.24649046299003D-02  -.19584206994196D-02  -.14374358529295D-02
  0.10098413924329D-04  -.42797182237672D-06  -.85906804317070D-05
  0.78287102689880D-05  -.28187565592582D-05  -.45722357460106D-05
  0.15264227659317D-02  0.19571051895134D-02  0.90304361622973D-03
  -.73504473396515D-05  0.18139466154326D-05  -.28391288828187D-05
  cycle =      8    SCF energy =     -230.2247124798   |dE/dxyz| =  0.006133
    0.78688114540007     -1.14387657180681     -4.31147215391708      h
   -0.38410112399291     -0.80485663968650     -2.96160155549601      o
    0.75976825411928      0.90215825599246     -1.21507874946883      c
    0.78569423649624      2.81555938956465     -2.01483138372085      h
    2.70434623121819      0.35344190778741     -0.76908191101422      h
   -0.75976806799668      0.90215838628361      1.21507878233092      c
   -0.78569354055035      2.81555953880195      2.01483137839515      h
   -2.70434620320265      0.35344254566945      0.76908193786022      h
    0.38410089803445     -0.80485688733397      2.96160145228194      o
   -0.78688050061710     -1.14387455415872      4.31147337911207      h
  0.11725254947047D-05  -.31599740223860D-07  -.21259370475661D-06
  -.14929572122733D-02  0.19569813114737D-02  -.93289166927869D-03
  0.24119523248288D-02  -.19556878629813D-02  0.14960405481618D-02
  -.27799186584393D-05  -.11412445145133D-05  0.23586187888059D-05
  -.34211938041045D-05  -.28790190378549D-05  -.55363717538840D-06
  -.24119485953263D-02  -.19556983856294D-02  -.14960309933580D-02
  0.27806547192372D-05  -.11414976076366D-05  -.23661507569594D-05
  0.34186777746645D-05  -.28797315006964D-05  0.55329533055063D-06
  0.14929534678491D-02  0.19569766331859D-02  0.93288881883787D-03
  -.11707402004050D-05  -.27476845971795D-07  0.21378794227197D-06
  cycle =      9    SCF energy =     -230.2247124800   |dE/dxyz| =  0.006135
    0.78686738134790     -1.14391398333486     -4.31144280934054      h
   -0.38411351995556     -0.80485593622517     -2.96158224377101      o
    0.75976928028938      0.90216765516257     -1.21506958294431      c
    0.78571018196349      2.81556284935126     -2.01484505861197      h
    2.70435668988028      0.35346563382139     -0.76906618918171      h
   -0.75976905719725      0.90216788917357      1.21506965506735      c
   -0.78570950056454      2.81556316341598      2.01484496439957      h
   -2.70435660505632      0.35346627816845      0.76906631733345      h
    0.38411340622721     -0.80485588987366      2.96158232270634      o
   -0.78686692802603     -1.14391228854600      4.31144380070615      h
  0.49738657899278D-06  -.28183757085097D-06  0.94961086335770D-07
  -.14941556043632D-02  0.19566228609593D-02  -.93355576667163D-03
  0.24094054287673D-02  -.19566405313620D-02  0.15003011372169D-02
  -.18058594225079D-05  -.42823340493746D-06  0.14789648787121D-05
  -.90918312935791D-06  -.20355756760969D-05  0.17045517988671D-06
  -.24094051515862D-02  -.19566468965639D-02  -.15002922314857D-02
  0.18059239534010D-05  -.42606099566681D-06  -.14832194195760D-05
  0.90820731924709D-06  -.20362060569192D-05  -.17049134340799D-06
  0.14941575164843D-02  0.19566241964500D-02  0.93355232096020D-03
  -.49867034359335D-06  -.28145036208412D-06  -.96112628296703D-07
  cycle =     11    SCF energy =     -230.2247124800   |dE/dxyz| =  0.006136
    0.78687984106421     -1.14393252811145     -4.31143199171730      h
   -0.38410254906801     -0.80486141482680     -2.96157692842578      o
    0.75977525801440      0.90216656232277     -1.21505908075440      c
    0.78574348125786      2.81555350480419     -2.01486005412050      h
    2.70436714002391      0.35348045275790     -0.76904235998722      h
   -0.75977508430678      0.90216671508664      1.21505911185256      c
   -0.78574282425304      2.81555364142837      2.01486014766340      h
   -2.70436710892203      0.35348109186735      0.76904239508502      h
    0.38410234508464     -0.80486163531047      2.96157683689660      o
   -0.78687936129545     -1.14393097468500      4.31143294533836      h
  -.69615413982185D-07  -.34054145036511D-06  0.11816826671328D-06
  -.14943370909979D-02  0.19563649220402D-02  -.93484344648554D-03
  0.24065872075025D-02  -.19578162943590D-02  0.15043844936423D-02
  -.36422312690388D-06  -.23770030513099D-06  0.16815232369649D-06
  0.23522383833697D-06  -.73433385478749D-06  0.35433668421763D-06
  -.24065883051796D-02  -.19578172817625D-02  -.15043843529893D-02
  0.36376706556144D-06  -.23731000912483D-06  -.16712599858738D-06
  -.23410631190407D-06  -.73377694549245D-06  -.35447250839690D-06
  0.14943358293735D-02  0.19563614934006D-02  0.93484076504238D-03
  0.71303224682107D-07  -.33882329167776D-06  -.11649894281389D-06
  cycle =     12    SCF energy =     -230.2247124799   |dE/dxyz| =  0.006136
    0.78688490792354     -1.14395567013878     -4.31141311883176      h
   -0.38410800832092     -0.80485483482544     -2.96157417228284      o
    0.75977344368659      0.90217307571499     -1.21506012109557      c
    0.78574460029863      2.81555841444582     -2.01486343397623      h
    2.70436514254802      0.35348552739617     -0.76904782785727      h
   -0.75977322466600      0.90217329235095      1.21506019043962      c
   -0.78574394474164      2.81555867191862      2.01486342284674      h
   -2.70436505516855      0.35348614809985      0.76904794222472      h
    0.38410788859527     -0.80485482990992      2.96157425194672      o
   -0.78688461255522     -1.14395437971877      4.31141388841662      h
  0.16770255367429D-06  -.55082465088275D-06  -.15189250830226D-07
  -.14944843383741D-02  0.19568386595172D-02  -.93428713381349D-03
  0.24065050854886D-02  -.19579197286226D-02  0.15042302472834D-02
  -.21495206718292D-06  -.44799309635012D-06  0.16542322937701D-06
  0.89535736519381D-07  -.68503116728986D-06  0.11631747330931D-06
  -.24065048853619D-02  -.19579204790027D-02  -.15042285619137D-02
  0.21452406428391D-06  -.44734686906099D-06  -.16632905901993D-06
  -.90258333257906D-07  -.68557641180830D-06  -.11620629236647D-06
  0.14944862770342D-02  0.19568396961274D-02  0.93428643790710D-03
  -.16869787922028D-06  -.55138602815450D-06  0.15006312029054D-07
$end
