$hessapprox internal
  0.156234049502D-01  0.221844327794D-02  0.621628480209D+00 -0.178147657721D-02
 -0.134236867565D-02  0.370865061811D+00  0.135304028102D-02  0.450923152536D-03
  0.182181812525D-02  0.421762759878D+00 -0.443603789839D-04 -0.597182714109D-03
  0.133294120919D-02 -0.170043824897D-02  0.420293364349D+00 -0.278849699442D-02
 -0.121347570544D-02 -0.307509808211D-02  0.560060456833D-02  0.316059588722D-02
  0.335886668158D+00 -0.243793694888D-02 -0.125680390236D-02 -0.222010129728D-02
  0.428992176304D-02  0.252622518020D-02 -0.753993654595D-02  0.340897207959D+00
 -0.432411671689D-02 -0.249057674708D-02 -0.331264416581D-02  0.679942424201D-02
  0.416438580732D-02 -0.118723689139D-01 -0.890420326805D-02  0.306713944347D+00
 -0.387685857840D-02 -0.306148290587D-02 -0.988806095294D-03  0.353044721144D-02
  0.273108530551D-02 -0.588692051960D-02 -0.418934305666D-02 -0.615274340332D-02
  0.343432690551D+00  0.136798374303D-02  0.467236775518D-03  0.181483760288D-02
 -0.314415324010D-02 -0.170550417424D-02  0.559738130986D-02  0.428540391729D-02
  0.678914259636D-02  0.351403943561D-02  0.421763593820D+00 -0.405223568883D-04
 -0.595730265392D-03  0.133769440267D-02 -0.170882110646D-02 -0.653608926925D-03
  0.317548703181D-02  0.253760007969D-02  0.418236701285D-02  0.274025231700D-02
 -0.171388448490D-02  0.420284112127D+00 -0.280622195232D-02 -0.122967949612D-02
 -0.307434203351D-02  0.560991210899D-02  0.317041208600D-02 -0.992489477625D-02
 -0.754898533874D-02 -0.118838755820D-01 -0.588283847493D-02  0.560659468509D-02
  0.318532661943D-02  0.335858237663D+00 -0.245258790329D-02 -0.127360915115D-02
 -0.221131820830D-02  0.428705015233D-02  0.253021063064D-02 -0.753211977323D-02
 -0.568693207217D-02 -0.888801382901D-02 -0.416929241706D-02  0.428242486684D-02
  0.254157622620D-02 -0.754106215047D-02  0.340913604289D+00 -0.432278045344D-02
 -0.249071277995D-02 -0.330945473884D-02  0.679451837977D-02  0.416200295931D-02
 -0.118634994750D-01 -0.889730440010D-02 -0.138128509021D-01 -0.614641495222D-02
  0.678423205215D-02  0.417997100610D-02 -0.118749868476D-01 -0.888111391268D-02
  0.306736125856D+00 -0.390485545394D-02 -0.308952857084D-02 -0.981749716200D-03
  0.353755699446D-02  0.274362366645D-02 -0.589534173477D-02 -0.419241007587D-02
 -0.615245082323D-02 -0.144803553478D-02  0.352097920936D-02  0.275280704377D-02
 -0.589112703299D-02 -0.417217497136D-02 -0.614610260172D-02  0.343469815317D+00
  0.169544912617D-02  0.227959857670D-02 -0.181711542469D-02  0.136924708834D-02
 -0.560161381285D-04 -0.282732559460D-02 -0.247562570004D-02 -0.439595765501D-02
 -0.395709423769D-02  0.138458602481D-02 -0.521288325171D-04 -0.284545953974D-02
 -0.249067987779D-02 -0.439461649036D-02 -0.398578394172D-02  0.157280635476D-01
  0.223280062555D-02  0.256336210236D-02 -0.134391477219D-02  0.444593122683D-03
 -0.604661423998D-03 -0.120418032586D-02 -0.125126227108D-02 -0.248419765480D-02
 -0.306669800165D-02  0.460986408647D-03 -0.603224643005D-03 -0.122043708326D-02
 -0.126815632611D-02 -0.248434761182D-02 -0.309485968226D-02  0.229429466517D-02
  0.621655553835D+00 -0.180520581122D-02 -0.136688669457D-02 -0.600673293684D-03
  0.182552954544D-02  0.134266386472D-02 -0.307794376578D-02 -0.221927822007D-02
 -0.330676564780D-02 -0.969531153938D-03  0.181839844280D-02  0.134742465559D-02
 -0.307706229194D-02 -0.221033379071D-02 -0.330356272857D-02 -0.962235225622D-03
 -0.184144615412D-02 -0.136854098645D-02  0.370880813437D+00 -0.207443601341D-02
 -0.302035468863D-02  0.277614314183D-02 -0.239126098489D-02 -0.211223204010D-03
  0.478686663262D-02  0.408766795032D-02  0.712021198932D-02  0.597173018909D-02
 -0.241203488517D-02 -0.217920021175D-03  0.481307193667D-02  0.410763193561D-02
  0.711756127026D-02  0.601190280581D-02 -0.214377027784D-02 -0.304138700741D-02
  0.280982044260D-02  0.490834446750D+00 -0.329279272545D-02 -0.371455642756D-02
  0.182474855282D-02 -0.452117571074D-03  0.971251276293D-03  0.139843288364D-02
  0.154430871708D-02  0.316840148426D-02  0.420128852290D-02 -0.475722987395D-03
  0.969684101258D-03  0.142126505954D-02  0.156878383967D-02  0.316890970287D-02
  0.424137824304D-02 -0.338222477452D-02 -0.373369188014D-02  0.185995473580D-02
  0.451793034517D-02  0.386720783299D+00 -0.209086950436D-02 -0.303479344610D-02
  0.277544664575D-02 -0.238082187267D-02 -0.201415060401D-03  0.477030509971D-02
  0.407660242594D-02  0.710514132404D-02  0.597265819091D-02 -0.240167800610D-02
 -0.208085287566D-03  0.479655310665D-02  0.409666116851D-02  0.710251104702D-02
  0.601294098378D-02 -0.216057179395D-02 -0.305586715969D-02  0.280923035492D-02
  0.253258722142D-02  0.453813921873D-02  0.490883652474D+00 -0.328329043390D-02
 -0.370014266515D-02  0.181064854276D-02 -0.439372438320D-03  0.972918890129D-03
  0.137318382502D-02  0.152293530210D-02  0.313142798126D-02  0.417110608766D-02
 -0.462877676051D-03  0.971387247037D-03  0.139588590903D-02  0.154731511091D-02
  0.313195086874D-02  0.421099910383D-02 -0.337239383546D-02 -0.371917414050D-02
  0.184569068234D-02  0.450672974192D-02  0.537662776194D-02  0.452681590964D-02
  0.386677542565D+00  0.871851343667D-03  0.644535816793D-03  0.327462266334D-03
 -0.930046339017D-03 -0.667364360929D-03  0.157624707084D-02  0.114337206764D-02
  0.171474078632D-02  0.544615281694D-03 -0.926737834548D-03 -0.669794789484D-03
  0.157609285256D-02  0.113915660395D-02  0.171312565436D-02  0.541434194451D-03
  0.889055753790D-03  0.645128600375D-03  0.323870473642D-03 -0.136481416402D-02
 -0.872637209720D-03 -0.136425689039D-02 -0.865692227930D-03  0.392145481513D+00
  0.000000000000D+00  0.000000000000D+00  0.000000000000D+00  0.000000000000D+00
  0.000000000000D+00  0.000000000000D+00  0.000000000000D+00  0.000000000000D+00
  0.000000000000D+00  0.000000000000D+00  0.000000000000D+00  0.000000000000D+00
  0.000000000000D+00  0.000000000000D+00  0.000000000000D+00  0.000000000000D+00
  0.000000000000D+00  0.000000000000D+00  0.000000000000D+00  0.000000000000D+00
  0.000000000000D+00  0.000000000000D+00  0.000000000000D+00  0.000000000000D+00
$end
