$energy      SCF               SCFKIN            SCFPOT
     1 -230.2221835844      229.3309882246     -459.5531718091
     2 -230.2227298845      229.2843967438     -459.5071266282
     3 -230.2227889906      229.2882926778     -459.5110816684
     4 -230.2228103944      229.2915134001     -459.5143237946
     5 -230.2228106650      229.2904294535     -459.5132401185
     6 -230.2228106932      229.2903900427     -459.5132007359
     7 -230.2228106933      229.2903938598     -459.5132045530
     8 -230.2228106950      229.2904300620     -459.5132407570
     9 -230.2228106957      229.2904200159     -459.5132307116
    10 -230.2228106957      229.2904224351     -459.5132331308
    11 -230.2228106958      229.2904199052     -459.5132306011
    12 -230.2228106959      229.2904093527     -459.5132200486
$end
