$hessapprox internal
  0.166215949492D-01 -0.250035619210D-02  0.619704941029D+00 -0.290311758101D-02
  0.606271486966D-02  0.358058155358D+00  0.666276072836D-03  0.843677123732D-03
 -0.752639557979D-02  0.422167482115D+00  0.615712112518D-03  0.163532810639D-02
 -0.109846768862D-01 -0.422329874385D-02  0.416656416391D+00  0.238598059972D-02
 -0.414007295388D-02  0.677082999313D-02  0.450690807249D-02  0.648519542019D-02
  0.341637918213D+00  0.114414288434D-02 -0.804285805054D-03 -0.231459808250D-02
 -0.191601156981D-03 -0.453779456328D-03  0.162977920660D-02  0.346159245871D+00
 -0.204845670600D-02  0.232605627426D-02 -0.285808122759D-04 -0.142220855303D-02
 -0.186126305529D-02 -0.515188463825D-03 -0.100198844384D-02  0.321797913786D+00
 -0.795311339761D-03  0.151274470800D-02 -0.288201807385D-02 -0.176673415598D-02
 -0.256225058787D-02  0.145316489220D-02 -0.586178488872D-03  0.868682824558D-04
  0.343233278232D+00  0.948105515095D-03  0.654152736034D-03 -0.813698791198D-02
 -0.278975133781D-02 -0.436099607951D-02  0.493165508820D-02 -0.959480406749D-04
 -0.167451323769D-02 -0.192045605224D-02  0.422061570298D+00  0.408707410412D-03
  0.180290399140D-02 -0.106697894686D-01 -0.423258142318D-02 -0.646923796029D-02
  0.625014623451D-02 -0.533211478175D-03 -0.169407944682D-02 -0.248016155540D-02
 -0.438960267043D-02  0.416702464573D+00  0.249651084063D-02 -0.425546306036D-02
  0.672472183810D-02  0.456348854207D-02  0.655509193525D-02 -0.322441953776D-02
  0.168057197640D-02 -0.587891568032D-03  0.143748477093D-02  0.500092380565D-02
  0.631130703674D-02  0.341752525506D+00  0.188742597106D-03  0.152064851205D-03
 -0.172270644829D-02 -0.598876082581D-03 -0.934061199394D-03  0.104098549995D-02
 -0.261637149746D-04 -0.347312412947D-03 -0.406038826776D-03 -0.609142040557D-03
 -0.939140545236D-03  0.105522453859D-02  0.345628670402D+00 -0.199676912536D-02
  0.229370300848D-02 -0.151891513573D-03 -0.143879527791D-02 -0.189377544307D-02
 -0.430766711334D-03 -0.985223575383D-03  0.117971761080D-02  0.560623054605D-04
 -0.168714289507D-02 -0.173006805558D-02 -0.501093281661D-03 -0.350265259679D-03
  0.321702960694D+00 -0.698075518794D-03  0.132769862764D-02 -0.252920710122D-02
 -0.155053983251D-02 -0.224869704364D-02  0.127523896527D-02 -0.514480513972D-03
  0.763089559989D-04 -0.551636528278D-03 -0.168545871334D-02 -0.217664702788D-02
  0.126147394277D-02 -0.356353319682D-03  0.492712846742D-04  0.343377768849D+00
  0.183338260626D-02 -0.152860879714D-02 -0.257961576053D-02  0.170740345650D-03
 -0.350331223483D-05  0.196126839873D-02  0.717877425650D-03 -0.145229281834D-02
 -0.678764815415D-03  0.345951363306D-03 -0.137543770165D-03  0.203772365594D-02
  0.647530298104D-04 -0.142061249975D-02 -0.595760050719D-03  0.150650820744D-01
 -0.276406735094D-02  0.178094191434D-02  0.635497235502D-02  0.785785088733D-03
  0.158534478605D-02 -0.437680827535D-02 -0.912955150508D-03  0.252425642237D-02
  0.159220028896D-02  0.569528162116D-03  0.177267236035D-02 -0.450285125838D-02
  0.135308072853D-03  0.248701028555D-02  0.139743946972D-02 -0.170372652218D-02
  0.620203436472D+00 -0.289438313219D-02  0.598572052943D-02 -0.127506858192D-01
 -0.738670134743D-02 -0.107743401580D-01  0.659113794771D-02 -0.228863380436D-02
  0.906314614540D-05 -0.280951795084D-02 -0.799008244946D-02 -0.104620558125D-01
  0.654395935543D-02 -0.169138779597D-02 -0.112696614732D-03 -0.246558004523D-02
 -0.256078015635D-02  0.627685734576D-02  0.358683624253D+00 -0.566509680982D-02
 -0.249379205213D-02  0.419571116708D-01  0.138505025705D-01  0.217883438873D-01
 -0.256307988903D-01  0.115744485847D-03  0.910105433311D-02  0.993795354196D-02
  0.139692540918D-01  0.219991449018D-01 -0.260155731137D-01  0.301034245767D-02
  0.914810384934D-02  0.872191867440D-02 -0.233381077655D-02 -0.198233279478D-02
  0.412136646915D-01  0.417784920700D+00 -0.661193163343D-02  0.678975570289D-02
  0.328982115019D-02 -0.315974210784D-02 -0.384056442012D-02 -0.361043292163D-02
 -0.300192044489D-02  0.442127451086D-02  0.106063245839D-02 -0.390842822815D-02
 -0.332117443597D-02 -0.385988194604D-02 -0.801562064773D-03  0.428137720672D-02
  0.931061305839D-03 -0.455228297892D-02  0.742654820979D-02  0.334313593001D-02
  0.218312817628D-01  0.393850842965D+00 -0.554977785196D-02 -0.265074726481D-02
  0.420811976039D-01  0.139823812738D-01  0.219716049483D-01 -0.256723229945D-01
  0.180562930393D-03  0.904857583914D-02  0.996131860785D-02  0.141177154165D-01
  0.221722613467D-01 -0.260535396191D-01  0.304146410355D-02  0.909883919796D-02
  0.874242021575D-02 -0.224715083217D-02 -0.215055263777D-02  0.413331619989D-01
 -0.693908389102D-01  0.216103662337D-01  0.416214985746D+00 -0.646992192220D-02
  0.669334756464D-02  0.298643597629D-02 -0.319033459692D-02 -0.390720343317D-02
 -0.339887564773D-02 -0.295342809375D-02  0.429472333796D-02  0.984162415550D-03
 -0.392746108618D-02 -0.339757611613D-02 -0.364194997004D-02 -0.806330315637D-03
  0.415683820900D-02  0.863944892263D-03 -0.446382527658D-02  0.731666620160D-02
  0.304329802654D-02  0.218815636331D-01  0.146672570974D-01  0.216689385846D-01
  0.393104177981D+00 -0.585041922398D-02  0.459284411996D-02  0.957390055433D-02
  0.229908900185D-04  0.871236523063D-03 -0.703140668197D-02 -0.219860919445D-02
  0.481654289992D-02  0.247562145094D-02 -0.510045410978D-03  0.129093453082D-02
 -0.728124525454D-02 -0.798412128302D-04  0.472117348567D-02  0.217285341825D-02
 -0.376128838753D-02  0.515048295246D-02  0.948673283185D-02  0.445309162530D-02
  0.148332286860D-01  0.415610602114D-02  0.145637359924D-01  0.390847013217D+00
  0.000000000000D+00  0.000000000000D+00  0.000000000000D+00  0.000000000000D+00
  0.000000000000D+00  0.000000000000D+00  0.000000000000D+00  0.000000000000D+00
  0.000000000000D+00  0.000000000000D+00  0.000000000000D+00  0.000000000000D+00
  0.000000000000D+00  0.000000000000D+00  0.000000000000D+00  0.000000000000D+00
  0.000000000000D+00  0.000000000000D+00  0.000000000000D+00  0.000000000000D+00
  0.000000000000D+00  0.000000000000D+00  0.000000000000D+00  0.000000000000D+00
$end
