$coord
    0.73318523479789     -0.19702787645045     -4.73970203336564  h
   -0.37291041792608     -0.38221538475401     -3.30778876010620  o
    0.93923530684247      0.41108586871139     -1.09019701999118  c
    1.78073752403032      2.28458039752381     -1.35097096590874  h
    2.45225994542807     -0.91918439259638     -0.61043843969831  h
   -0.93923529673436      0.41108587293786      1.09019702081066  c
   -1.78073750978354      2.28458040729457      1.35097095504088  h
   -2.45225994623879     -0.91918437561293      0.61043842823597  h
    0.37291041159040     -0.38221538555197      3.30778876230445  o
   -0.73318525196186     -0.19702786831754      4.73970202495379  h
$user-defined bonds
$intdef
# definitions of internal coordinates
   1 f  1.0000000000000 tors    2    3    6    9 val= 144.00000
$redundant
     number_of_atoms            10
     degrees_of_freedom         24
     internal_coordinates       25
     frozen_coordinates          1
# definitions of redundant internals
   1 k  1.0000000000000 tors   1    2    3    6 val= 173.13068
   2 k  1.0000000000000 stre   2    1           val=   1.81882
   3 k  1.0000000000000 bend   3    1    2      val= 108.76110
   4 k  1.0000000000000 stre   3    4           val=   2.07029
   5 k  1.0000000000000 stre   3    5           val=   2.07100
   6 k  0.0696041413894 bend   5    4    3      val=   0.75082
       -0.5070665252937 bend   2    4    3
       -0.5097174102783 bend   2    5    3
        0.5109314470257 bend   6    4    3
        0.4660214807575 bend   6    5    3
   7 k  0.0371393984619 bend   5    4    3      val=   1.02170
       -0.5482746303740 bend   2    4    3
        0.5281380521932 bend   2    5    3
       -0.4482885178771 bend   6    4    3
        0.4670366124141 bend   6    5    3
   8 k -0.8877734913455 bend   5    4    3      val=   1.99704
        0.1787886569834 bend   2    4    3
        0.2025375201563 bend   2    5    3
        0.2418072154922 bend   6    4    3
        0.2835501149059 bend   6    5    3
   9 k -0.0102831618041 bend   5    4    3      val=   1.36491
       -0.4428298655631 bend   2    4    3
        0.4738737168371 bend   2    5    3
        0.5315167453171 bend   6    4    3
       -0.5447289387276 bend   6    5    3
  10 k  1.0000000000000 stre   6    7           val=   2.07029
  11 k  1.0000000000000 stre   6    8           val=   2.07100
  12 k  0.0696041517607 bend   8    7    6      val=   0.75082
       -0.5070665275009 bend   9    7    6
       -0.5097174088259 bend   9    8    6
        0.5109314484017 bend   3    7    6
        0.4660214768868 bend   3    8    6
  13 k  0.0371394074751 bend   8    7    6      val=   1.02170
       -0.5482746354981 bend   9    7    6
        0.5281380563677 bend   9    8    6
       -0.4482885133879 bend   3    7    6
        0.4670366052703 bend   3    8    6
  14 k -0.8877734911784 bend   8    7    6      val=   1.99704
        0.1787886463771 bend   9    7    6
        0.2025375185654 bend   9    8    6
        0.2418072153352 bend   3    7    6
        0.2835501233868 bend   3    8    6
  15 k -0.0102831630589 bend   8    7    6      val=   1.36491
       -0.4428298573589 bend   9    7    6
        0.4738737138365 bend   9    8    6
        0.5315167480433 bend   3    7    6
       -0.5447289453235 bend   3    8    6
  16 k  1.0000000000000 tors  10    9    6    3 val= 173.13068
  17 k  1.0000000000000 stre   9   10           val=   1.81882
  18 k  1.0000000000000 bend   6   10    9      val= 108.76110
  19 k  1.0000000000000 tors   2    3    6    9 val= 144.00000
  20 k  1.0000000000000 stre   3    2           val=   2.69606
  21 k  1.0000000000000 bend   6    2    3      val= 107.78789
  22 k  1.0000000000000 stre   6    9           val=   2.69606
  23 k  1.0000000000000 bend   3    9    6      val= 107.78789
  24 k  1.0000000000000 stre   3    6           val=   2.87798
  25 f  1.0000000000000 tors   2    3    6    9 val= 144.00000
        24 non zero eigenvalues  of BmBt
           1           3.948701519    1    0
         1
           2           3.809665246    2    0
         2
           3           3.723337762    3    0
         3
           4           3.022503144    4    0
         4
           5           2.996177462    5    0
         5
           6           2.448455304    6    0
         6
           7           2.138316856    7    0
         7
           8           1.693462512    8    0
         8
           9           1.250007171    9    0
         9
          10           1.186792824   10    0
        10
          11           1.052462877   11    0
        11
          12           0.870216958   12    0
        12
          13           0.767581770   13    0
        13
          14           0.749599231   14    0
        14
          15           0.566568237   15    0
        15
          16           0.421557497   16    0
        16
          17           0.354678705   17    0
        17
          18           0.341583065   18    0
        18
          19           0.283573504   20    0
        20
          20           0.253647289   21    0
        21
          21           0.125756379   22    0
        22
          22           0.068403411   23    0
        23
          23           0.066645710   24    0
        24
          24           0.000000000    0    1
         0.000000000         0.000000000         0.000000000         0.000000000
         0.000000000         0.000000000         0.000000000         0.000000000
         0.000000000         0.000000000         0.000000000         0.000000000
         0.000000000         0.000000000         0.000000000         0.000000000
         0.000000000         0.000000000         0.000000000         0.000000000
         0.000000000         0.000000000         0.000000000         0.000000000
         1.000000000
$end
