$energy      SCF               SCFKIN            SCFPOT
     1 -230.2238708825      229.3169688921     -459.5408397745
     2 -230.2243295431      229.2877958474     -459.5121253905
     3 -230.2244268374      229.2890514677     -459.5134783050
     4 -230.2244364076      229.2910363640     -459.5154727716
     5 -230.2244373991      229.2911856653     -459.5156230643
     6 -230.2244374669      229.2911213811     -459.5155588480
     7 -230.2244374689      229.2910773623     -459.5155148312
     8 -230.2244375257      229.2910771191     -459.5155146448
     9 -230.2244375262      229.2910711905     -459.5155087167
    10 -230.2244375264      229.2910732835     -459.5155108099
    11 -230.2244375263      229.2910644026     -459.5155019289
    12 -230.2244375263      229.2910649763     -459.5155025026
    13 -230.2244375264      229.2910517891     -459.5154893155
$end
