$grad          cartesian gradients
  cycle =      1    SCF energy =     -230.2238708825   |dE/dxyz| =  0.007414
    0.78337417823235     -0.39529789893616     -4.68733410237840      h
   -0.37523023561337     -0.37890049916919     -3.28657999889165      o
    0.94267671476038      0.41592326898057     -1.07769257258407      c
    1.72090768671270      2.32260075770976     -1.30364361854450      h
    2.50179323381792     -0.86960870605552     -0.62087269511179      h
   -0.94265698853951      0.41596891851468      1.07769101830226      c
   -1.72083080280181      2.32267333036815      1.30363083154029      h
   -2.50180924275282     -0.86951606444941      0.62087026723366      h
    0.37522000176309     -0.37887670564329      3.28658837829056      o
   -0.78350767355784     -0.39571033026800      4.68723483305680      h
  -.17898373290011D-03  -.50877833095289D-03  0.81925331231897D-03
  -.55695117283117D-03  -.12888066647926D-02  0.22528665570726D-02
  -.70980401799875D-03  0.47983716748925D-03  0.24076989580886D-02
  -.16200093039655D-02  0.75211177158351D-03  0.24115430001961D-02
  0.17677402427552D-02  0.56174556591050D-03  -.70638208661216D-03
  0.70900026931904D-03  0.48133299152115D-03  -.24076646917162D-02
  0.16197612315037D-02  0.75244890566342D-03  -.24108987534968D-02
  -.17672112210807D-02  0.56216584760319D-03  0.70602111768556D-03
  0.55760113821242D-03  -.12875045989177D-02  -.22528111650948D-02
  0.17885745425844D-03  -.50976183951496D-03  -.81962773715784D-03
  cycle =      2    SCF energy =     -230.2243295431   |dE/dxyz| =  0.004721
    0.77905253238545     -0.28518406705067     -4.72907890397040      h
   -0.35669014442299     -0.39543716203666     -3.31238504449756      o
    0.94304286201372      0.39704338124274     -1.08790795363970      c
    1.75662519685263      2.28793962632794     -1.32553137475107      h
    2.47919457218593     -0.90961101541546     -0.62215593324174      h
   -0.94302642782329      0.39705819794105      1.08789891955606      c
   -1.75655010400916      2.28797608931979      1.32555792614061      h
   -2.47921763102320     -0.90953523245240      0.62210967060708      h
    0.35666560703055     -0.39550732261159      3.31236985348423      o
   -0.77915959116856     -0.28548642421315      4.72901518122565      h
  -.55759994862227D-04  -.29783285189382D-03  -.22414525467745D-03
  0.78791499150523D-03  -.21316336196274D-02  0.26821736995676D-03
  -.96784430871480D-03  0.11733299600765D-02  -.56503907672782D-03
  -.36861423914891D-03  0.63176598981618D-03  0.10623660061098D-02
  0.53845973941068D-03  0.62127159727197D-03  -.89038752217983D-03
  0.96796324788575D-03  0.11743434895453D-02  0.56444302307726D-03
  0.36842885173188D-03  0.63174628571653D-03  -.10619473647435D-02
  -.53815447497268D-03  0.62144082199147D-03  0.89012533645107D-03
  -.78817935869607D-03  -.21309724621751D-02  -.26758541835473D-03
  0.55778605046500D-04  -.29839384363101D-03  0.22395190674304D-03
  cycle =      3    SCF energy =     -230.2244268374   |dE/dxyz| =  0.005359
    0.76437667888655     -0.21882892826236     -4.73724703519497      h
   -0.35044087867769     -0.40440375097526     -3.31195082757946      o
    0.94610340053570      0.38819280665354     -1.08617226680406      c
    1.78297047955796      2.26656035471068     -1.33407240078852      h
    2.46237619061254     -0.93675080948774     -0.60565755727233      h
   -0.94609984707507      0.38818755620310      1.08616073612484      c
   -1.78290164365502      2.26657539138092      1.33413010581431      h
   -2.46241791766825     -0.93668338356073      0.60558767699189      h
    0.35040722224720     -0.40454018025629      3.31191347905161      o
   -0.76443681274284     -0.21905298535427      4.73720043056986      h
  0.20422998451102D-04  -.25542131357381D-04  -.11641335355930D-03
  0.86266682163033D-03  -.25104868067014D-02  0.65873621317047D-03
  -.74884257592609D-03  0.20207715877902D-02  -.13258814301273D-02
  0.37534599801612D-04  0.28241114389783D-03  0.31098590198891D-03
  0.13256328302046D-04  0.22939856633116D-03  -.48152002371820D-03
  0.74910512164149D-03  0.20212453383054D-02  0.13260269074414D-02
  -.37632277426862D-04  0.28240916254162D-03  -.31085392572763D-03
  -.13166671612559D-04  0.22933740202017D-03  0.48126960917991D-03
  -.86283899676810D-03  -.25102443095220D-02  -.65870849399063D-03
  -.20509642213352D-04  -.25684000102287D-04  0.11635498474698D-03
  cycle =      4    SCF energy =     -230.2244364076   |dE/dxyz| =  0.005564
    0.75941054280271     -0.20606102637123     -4.73716327432541      h
   -0.35069846203688     -0.40550198353928     -3.31028792040527      o
    0.94650845647510      0.38754055492998     -1.08441471633798      c
    1.78960604413970      2.26158553049342     -1.33703826549288      h
    2.45669917054758     -0.94278682942755     -0.59643101425105      h
   -0.94651253652016      0.38752764401548      1.08440214667483      c
   -1.78954068744485      2.26159275816619      1.33710851863900      h
   -2.45675188338245     -0.94272156787006      0.59635488200805      h
    0.35066206756466     -0.40566352149719      3.31024054039043      o
   -0.75944584012434     -0.20625548784819      4.73712144401345      h
  -.72713738612237D-05  0.30252134998530D-04  -.10721262625979D-04
  0.68693345187466D-03  -.25566788960795D-02  0.64256666714135D-03
  -.89218584921890D-03  0.24636719213259D-02  -.10801648490600D-02
  0.27035660053611D-04  0.48782225756363D-04  0.10368647557454D-03
  -.19671534329508D-04  0.10494067738717D-04  -.94648434083401D-04
  0.89230991830150D-03  0.24637632960887D-02  0.10805450323369D-02
  -.27053303334289D-04  0.48796774242699D-04  -.10369230937689D-03
  0.19693611500851D-04  0.10440780278722D-04  0.94485794158349D-04
  -.68699675960128D-03  -.25566027372402D-02  -.64276329273756D-03
  0.72015961385196D-05  0.30258383561624D-04  0.10701339037921D-04
  cycle =      5    SCF energy =     -230.2244373991   |dE/dxyz| =  0.005420
    0.76104926512803     -0.21500712134616     -4.73570776519145      h
   -0.35246697606751     -0.40332446453106     -3.31000625095971      o
    0.94589463880215      0.38988515575502     -1.08432099520682      c
    1.78875910364963      2.26348773345178     -1.33919969487654      h
    2.45617190604895     -0.94026391779629     -0.59521377137996      h
   -0.94590058292936      0.38987092144353      1.08430764669418      c
   -1.78869439647495      2.26349362506481      1.33927185721922      h
   -2.45622776727874     -0.94019872594448      0.59513858539851      h
    0.35243085579085     -0.40348966934284      3.30995652767782      o
   -0.76107917464797     -0.21519746570275      4.73566620153790      h
  -.21991599142190D-04  -.69626392424478D-06  -.15585863658142D-05
  0.61756424026126D-03  -.24710113095324D-02  0.51530147689076D-03
  -.99833618399026D-03  0.24993299194039D-02  -.83054457609708D-03
  -.17500003572290D-04  -.17588741379843D-04  0.38917032607544D-04
  0.25053567908948D-04  -.13241460499175D-04  0.17726109156081D-04
  0.99840377085622D-03  0.24992308084534D-02  0.83073736445339D-03
  0.17514519707104D-04  -.17589767981208D-04  -.38942013786620D-04
  -.25047320442425D-04  -.13233771857069D-04  -.17760136450429D-04
  -.61765355728702D-03  -.24709524199744D-02  -.51542778513836D-03
  0.21987827923996D-04  -.69744093787908D-06  0.15461668494396D-05
  cycle =      6    SCF energy =     -230.2244374669   |dE/dxyz| =  0.005354
    0.76171408344067     -0.21712283593454     -4.73529049015560      h
   -0.35279459338253     -0.40273914555672     -3.30997768426109      o
    0.94584108115496      0.39047316328412     -1.08447151702176      c
    1.78894302497247      2.26395673667778     -1.34005337895051      h
    2.45594681247271     -0.93979037186644     -0.59552069812100      h
   -0.94584727927179      0.39045876212527      1.08445794978723      c
   -1.78887851728462      2.26396240195952      1.34012605504755      h
   -2.45600316868170     -0.93972523146908      0.59544570374835      h
    0.35275849669658     -0.40290511086965      3.30992748468721      o
   -0.76174306809568     -0.21731229729870      4.73524891615277      h
  -.58964018980120D-05  -.18576068285255D-05  -.30969905882293D-05
  0.61341957331954D-03  -.24541563771203D-02  0.53402871270712D-03
  -.95888445654937D-03  0.24572221453253D-02  -.83188327448586D-03
  -.36288686465903D-06  -.36786509917457D-05  0.66883034079078D-06
  0.44326950805924D-05  -.68942758479275D-06  0.21672333839503D-05
  0.95897081230880D-03  0.24571221175133D-02  0.83201583506764D-03
  0.36728057726579D-06  -.36735605505632D-05  -.67884144873930D-06
  -.44319256169379D-05  -.68585315587355D-06  -.21701079746123D-05
  -.61351523060182D-03  -.24541068371873D-02  -.53415490621142D-03
  0.58957649780892D-05  -.18573168740111D-05  0.30985425566281D-05
  cycle =      8    SCF energy =     -230.2244375257   |dE/dxyz| =  0.005347
    0.73311760578049     -0.19702243838965     -4.73973284450152      h
   -0.37290757596989     -0.38221570192203     -3.30776866272516      o
    0.93923394670184      0.41107881098634     -1.09020078433171      c
    1.78074965936512      2.28456948913315     -1.35098744406138      h
    2.45227655172666     -0.91916642144326     -0.61042103172369      h
   -0.93923394304599      0.41107880585282      1.09020079295045      c
   -1.78074960871299      2.28456953131653      1.35098736714578      h
   -2.45227658317385     -0.91916637371893      0.61042103421993      h
    0.37290756967470     -0.38221570498810      3.30776865947543      o
   -0.73311756862639     -0.19702238306611      4.73973286780109      h
  -.33758810605730D-05  -.16263197840440D-05  -.16848490917891D-05
  0.61135360657006D-03  -.24555901720359D-02  0.52612304181305D-03
  -.95710808269607D-03  0.24542290663155D-02  -.82326082711769D-03
  0.11630161941550D-05  -.72828819806786D-06  -.12991272584904D-05
  0.93594162354879D-06  0.85588811284304D-06  0.51968030514320D-06
  0.95710696477588D-03  0.24542146113343D-02  0.82326532056628D-03
  -.11626758157295D-05  -.72439400159705D-06  0.12942902941276D-05
  -.93547552405354D-06  0.85857722217668D-06  -.51903658831245D-06
  -.61135403164544D-03  -.24555897520020D-02  -.52612491920487D-03
  0.33766178425275D-05  -.16265810092068D-05  0.16864271157907D-05
  cycle =      9    SCF energy =     -230.2244375262   |dE/dxyz| =  0.005349
    0.73313303478676     -0.19703423946780     -4.73972257770864      h
   -0.37292032983915     -0.38221219596008     -3.30777714910920      o
    0.93923001108716      0.41108511817233     -1.09020261457074      c
    1.78074271796714      2.28457689722169     -1.35098091623729      h
    2.45226565442942     -0.91917185409587     -0.61043377683936      h
   -0.93922999757759      0.41108512746210      1.09020261819848      c
   -1.78074266949486      2.28457693701407      1.35098086413683      h
   -2.45226567077272     -0.91917180627309      0.61043377475887      h
    0.37292032148001     -0.38221219087611      3.30777714599646      o
   -0.73313301834649     -0.19703417943648      4.73972258562381      h
  -.22566817459427D-05  -.13239148901595D-05  -.10789677124277D-05
  0.60849132918285D-03  -.24574598142262D-02  0.52376167091235D-03
  -.95568753397688D-03  0.24563654167183D-02  -.82233554778978D-03
  0.77375409947868D-06  -.61011602531927D-06  -.43835012190573D-06
  0.66426515563187D-06  0.16695939978127D-06  0.40785109838990D-06
  0.95568726362512D-03  0.24563592886632D-02  0.82233794518874D-03
  -.77337506343840D-06  -.60872000827054D-06  0.43604089699234D-06
  -.66373904464868D-06  0.16816735827661D-06  -.40728710597569D-06
  -.60849255545302D-03  -.24574595685542D-02  -.52376336131130D-03
  0.22572718307325D-05  -.13242219539327D-05  0.10800125288535D-05
  cycle =     11    SCF energy =     -230.2244375263   |dE/dxyz| =  0.005351
    0.73317816087046     -0.19701442536116     -4.73970413780235      h
   -0.37290939864017     -0.38221830333149     -3.30778710387389      o
    0.93923583081274      0.41108282443302     -1.09019618807553      c
    1.78074158454463      2.28457684204766     -1.35096405779599      h
    2.45225901894097     -0.91918832697853     -0.61043283589373      h
   -0.93923581802241      0.41108283008022      1.09019619141516      c
   -1.78074157192434      2.28457684998617      1.35096405414360      h
   -2.45225901783880     -0.91918831041599      0.61043282119409      h
    0.37290938924953     -0.38221830701181      3.30778710328680      o
   -0.73317817794810     -0.19701441026375      4.73970412567754      h
  -.83433832590883D-06  -.52125515006848D-06  -.54825554460655D-07
  0.60514400845373D-03  -.24598587582346D-02  0.52177597866956D-03
  -.95251260981511D-03  0.24586082452047D-02  -.82097948300493D-03
  0.17931288024303D-08  -.53580279613977D-06  0.16881381777464D-06
  0.31059957894093D-07  -.55657954608691D-06  -.75338867064882D-09
  0.95251431727858D-03  0.24586094980470D-02  0.82098123263790D-03
  -.21580040994092D-08  -.53620313499312D-06  -.16849826915374D-06
  -.31528158984697D-07  -.55721788099490D-06  0.36950286863354D-09
  -.60514522362236D-03  -.24598582896454D-02  -.52177697783678D-03
  0.83467822308517D-06  -.52137730896713D-06  0.54146655596126D-07
  cycle =     12    SCF energy =     -230.2244375263   |dE/dxyz| =  0.005350
    0.73318470085006     -0.19703281507945     -4.73970162669106      h
   -0.37291141770818     -0.38221392374575     -3.30778792256774      o
    0.93923504730513      0.41108719417153     -1.09019732339903      c
    1.78073866374657      2.28458148682816     -1.35096909446950      h
    2.45225951081650     -0.91918332974760     -0.61043769978574      h
   -0.93923503650331      0.41108719831205      1.09019732499576      c
   -1.78073865055392      2.28458149501640      1.35096908718772      h
   -2.45225951133801     -0.91918331293240      0.61043768552040      h
    0.37291140954452     -0.38221392817660      3.30778792342760      o
   -0.73318471611484     -0.19703280146200      4.73970161805728      h
  -.71387641666163D-06  -.67288910906893D-06  -.18935470187615D-06
  0.60507183589535D-03  -.24595957830214D-02  0.52190843844112D-03
  -.95233467877048D-03  0.24585256501755D-02  -.82088864494115D-03
  -.74890514943499D-07  -.57291805438757D-06  -.45949906956342D-07
  0.16619849157637D-07  -.54764737324556D-06  -.22715045864388D-06
  0.95233533893540D-03  0.24585262079482D-02  0.82088912930313D-03
  0.74719781844840D-07  -.57311640267109D-06  0.46012635009021D-07
  -.16817905597504D-07  -.54782170515093D-06  0.22694639719420D-06
  -.60507226205674D-03  -.24595957131875D-02  -.52190876156182D-03
  0.71401078045976D-06  -.67291000080277D-06  0.18933744798856D-06
$end
