$hessapprox internal
  0.186358943581D-01  0.208829809377D-02  0.619826854127D+00  0.391257378568D-02
  0.315336297613D-02  0.367221887590D+00  0.879646859345D-04  0.243094041768D-03
 -0.105173087325D-02  0.423809257888D+00  0.105460601584D-02  0.113396741179D-02
 -0.274545142921D-02 -0.514687081533D-03  0.421904927934D+00 -0.264660375142D-02
 -0.442238944850D-02  0.156242603833D-01  0.257514379748D-02  0.787916409733D-02
  0.305193815927D+00 -0.967964205184D-03 -0.175123461049D-02  0.645561811431D-02
  0.105075100877D-02  0.323366212300D-02 -0.164067421914D-01  0.339459559022D+00
  0.293361146033D-02  0.243076009082D-02 -0.362830461257D-02 -0.842631404334D-03
 -0.223317136411D-02  0.125724257663D-01  0.518955679288D-02  0.317679773427D+00
 -0.152287392823D-02 -0.108705197435D-02  0.915199196966D-03  0.295130331679D-03
  0.699498879257D-03 -0.426921793683D-02 -0.177474422824D-02  0.792073045729D-03
  0.344154322844D+00  0.866590384070D-04  0.241842772009D-03 -0.104917744798D-02
 -0.163316460336D-03 -0.513247511590D-03  0.256736021470D-02  0.104755029907D-02
 -0.840541217247D-03  0.294507677338D-03  0.423810281371D+00  0.105564345619D-02
  0.113740111153D-02 -0.276099478284D-02 -0.517080590634D-03 -0.149463347421D-02
  0.791685347219D-02  0.324903479374D-02 -0.224561379174D-02  0.703883130950D-03
 -0.515633471884D-03  0.421889766697D+00 -0.264957956776D-02 -0.442335137686D-02
  0.156196099404D-01  0.257477433127D-02  0.787747369267D-02 -0.401280492989D-01
 -0.164040977292D-01  0.125688367601D-01 -0.426762373198D-02  0.256699260647D-02
  0.791515783831D-02  0.305207152879D+00 -0.971376107910D-03 -0.175611340088D-02
  0.647120435704D-02  0.105340129491D-02  0.324165637922D-02 -0.164478615578D-01
 -0.672105720347D-02  0.520213001701D-02 -0.177893672171D-02  0.105019272650D-02
  0.325706787565D-02 -0.164452097650D-01  0.339425865630D+00  0.293644904856D-02
  0.243326014168D-02 -0.363263879814D-02 -0.843567634711D-03 -0.223572299645D-02
  0.125865090660D-01  0.519535932925D-02 -0.301749796014D-02  0.793076527454D-03
 -0.841475032065D-03 -0.224817922620D-02  0.125829163593D-01  0.520794670314D-02
  0.317672622340D+00 -0.152063038276D-02 -0.108317667933D-02  0.901254134063D-03
  0.292844460810D-03  0.692487154959D-03 -0.423356300033D-02 -0.176017134366D-02
  0.780856650141D-03 -0.128674891079D-03  0.292228739062D-03  0.696837956644D-03
 -0.423197464219D-02 -0.176432729171D-02  0.781847577634D-03  0.344161932364D+00
  0.461406990933D-02  0.208685520057D-02  0.391234743477D-02  0.881899847185D-04
  0.105492497562D-02 -0.264951359854D-02 -0.969207458209D-03  0.293353057956D-02
 -0.152259809277D-02  0.868841465126D-04  0.105596583129D-02 -0.265248732087D-02
 -0.972622011911D-03  0.293636828871D-02 -0.152035191148D-02  0.186309935883D-01
  0.209196520608D-02  0.694598038879D-03  0.316742209941D-02  0.244773177001D-03
  0.114000498144D-02 -0.445002101754D-02 -0.176239961828D-02  0.244182706828D-02
 -0.109141344937D-02  0.243515640631D-03  0.114346297029D-02 -0.445098226862D-02
 -0.176730752057D-02  0.244433900214D-02 -0.108751373031D-02  0.209051772108D-02
  0.619826208504D+00  0.391889589983D-02  0.315616896611D-02 -0.434284485145D-02
 -0.105156658052D-02 -0.274386557376D-02  0.156199406770D-01  0.645400938773D-02
 -0.362404921768D-02  0.913027850153D-03 -0.104901508570D-02 -0.275940686758D-02
  0.156152862418D-01  0.646959023895D-02 -0.362837925505D-02  0.899086476347D-03
  0.391866612019D-02  0.317023268517D-02  0.367233210654D+00 -0.570754760421D-02
 -0.403796891362D-02  0.322967362622D-02  0.107666694227D-02  0.252649164820D-02
 -0.155333846553D-01 -0.646130132123D-02  0.280873232922D-02 -0.438906332751D-03
  0.107442899679D-02  0.254249393616D-02 -0.155274654134D-01 -0.647653118851D-02
  0.281231706863D-02 -0.425001536958D-03 -0.570646541277D-02 -0.405402888381D-02
  0.322154347840D-02  0.487590716042D+00  0.604837739789D-03 -0.206585122712D-03
  0.317279900715D-02  0.402435689537D-03  0.140128259779D-02 -0.654814261707D-02
 -0.265217234651D-02  0.250660498344D-02 -0.965131813871D-03  0.400994319630D-03
  0.140711848755D-02 -0.654779377249D-02 -0.265903267784D-02  0.250931575970D-02
 -0.959337857589D-03  0.603874154345D-03 -0.209905619279D-03  0.317352378381D-02
 -0.354764860938D-02  0.379048052179D+00 -0.570287547016D-02 -0.404189298965D-02
  0.326708078069D-02  0.108167101953D-02  0.254344049098D-02 -0.156140353475D-01
 -0.649403305679D-02  0.283838510053D-02 -0.450073834769D-03  0.107941578065D-02
  0.255951549648D-02 -0.156081098291D-01 -0.650934701385D-02  0.284200212081D-02
 -0.436097614872D-03 -0.570180383710D-02 -0.405799703912D-02  0.325895572955D-02
 -0.147504392017D-02 -0.355864545080D-02  0.487508625555D+00  0.607449779295D-03
 -0.204968181374D-03  0.317260079765D-02  0.402131027139D-03  0.140073405157D-02
 -0.654401736041D-02 -0.265043032302D-02  0.250634061153D-02 -0.965299291816D-03
  0.400690070263D-03  0.140656536024D-02 -0.654367086935D-02 -0.265728676996D-02
  0.250905087256D-02 -0.959509052911D-03  0.606485389502D-03 -0.208283156819D-03
  0.317332924524D-02 -0.354833935543D-02 -0.842877861867D-03 -0.355932302767D-02
  0.379050413065D+00  0.548570486210D-02  0.239586405890D-02  0.512350517409D-02
  0.174221799614D-03  0.147836384746D-02 -0.425054299540D-02 -0.160045404347D-02
  0.386431877137D-02 -0.194609636575D-02  0.172443845831D-03  0.148061285965D-02
 -0.425394738205D-02 -0.160565175707D-02  0.386810763258D-02 -0.194244981628D-02
  0.548267771307D-02  0.239954393364D-02  0.513099913898D-02 -0.728133434422D-02
  0.554099639209D-03 -0.727785231504D-02  0.557352719131D-03  0.389850582627D+00
  0.000000000000D+00  0.000000000000D+00  0.000000000000D+00  0.000000000000D+00
  0.000000000000D+00  0.000000000000D+00  0.000000000000D+00  0.000000000000D+00
  0.000000000000D+00  0.000000000000D+00  0.000000000000D+00  0.000000000000D+00
  0.000000000000D+00  0.000000000000D+00  0.000000000000D+00  0.000000000000D+00
  0.000000000000D+00  0.000000000000D+00  0.000000000000D+00  0.000000000000D+00
  0.000000000000D+00  0.000000000000D+00  0.000000000000D+00  0.000000000000D+00
$end
