$coord
    0.36277042533253     -1.08889425523252     -4.25528542591270  h
   -0.28638535047965     -1.09054869747190     -2.55660831233907  o
    0.45696659330132      1.18961328912169     -1.35650110164573  c
   -0.33582776579471      2.86024558518720     -2.29951201505254  h
    2.52511550021379      1.36350478768166     -1.37119623075467  h
   -0.45696694970785      1.18961323038077      1.35650093407902  c
    0.33582707593469      2.86024563090770      2.29951198143446  h
   -2.52511586851584      1.36350440162103      1.37119580883068  h
    0.28638527795025     -1.09054860304354      2.55660821320314  o
   -0.36277665846743     -1.08889749977601      4.25528296343765  h
$user-defined bonds
$intdef
# definitions of internal coordinates
   1 f  1.0000000000000 tors    2    3    6    9 val=  51.00000
$redundant
     number_of_atoms            10
     degrees_of_freedom         24
     internal_coordinates       25
     frozen_coordinates          1
# definitions of redundant internals
   1 k  1.0000000000000 tors   1    2    3    6 val= 182.16355
   2 k  1.0000000000000 stre   2    1           val=   1.81849
   3 k  1.0000000000000 bend   3    1    2      val= 108.55996
   4 k  1.0000000000000 stre   3    5           val=   2.07550
   5 k  1.0000000000000 stre   3    4           val=   2.07577
   6 k  0.0896240124314 bend   4    5    3      val=   1.16561
       -0.4943834043995 bend   2    5    3
       -0.5222089798462 bend   2    4    3
        0.4951794281210 bend   6    5    3
        0.4792157146670 bend   6    4    3
   7 k  0.0023324262270 bend   4    5    3      val=   0.10554
        0.5585026390601 bend   2    5    3
       -0.5336287284297 bend   2    4    3
        0.4387564002456 bend   6    5    3
       -0.4591324028958 bend   6    4    3
   8 k  0.8912006369246 bend   4    5    3      val=  -0.58141
       -0.1849036356092 bend   2    5    3
       -0.1700502226161 bend   2    4    3
       -0.2614384096398 bend   6    5    3
       -0.2725893432196 bend   6    4    3
   9 k -0.0090771853674 bend   4    5    3      val=   1.24371
       -0.4465946425984 bend   2    5    3
        0.4513219343005 bend   2    4    3
        0.5533766101368 bend   6    5    3
       -0.5390303042325 bend   6    4    3
  10 k  1.0000000000000 stre   6    8           val=   2.07550
  11 k  1.0000000000000 stre   6    7           val=   2.07577
  12 k  0.0896240542406 bend   7    8    6      val=   1.16562
       -0.4943834666316 bend   9    8    6
       -0.5222089237222 bend   9    7    6
        0.4951793169461 bend   3    8    6
        0.4792158186834 bend   3    7    6
  13 k  0.0023325247171 bend   7    8    6      val=   0.10554
        0.5585025883676 bend   9    8    6
       -0.5336288152767 bend   9    7    6
        0.4387564661791 bend   3    8    6
       -0.4591323001135 bend   3    7    6
  14 k  0.8912006387424 bend   7    8    6      val=  -0.58141
       -0.1849036048729 bend   9    8    6
       -0.1700502052450 bend   9    7    6
       -0.2614385079001 bend   3    8    6
       -0.2725892747216 bend   3    7    6
  15 k -0.0090771055809 bend   7    8    6      val=   1.24370
       -0.4465946854471 bend   9    8    6
        0.4513218513758 bend   9    7    6
        0.5533766203805 bend   3    8    6
       -0.5390303289906 bend   3    7    6
  16 k  1.0000000000000 tors  10    9    6    3 val= 182.16379
  17 k  1.0000000000000 stre   9   10           val=   1.81849
  18 k  1.0000000000000 bend   6   10    9      val= 108.55997
  19 k  1.0000000000000 tors   2    3    6    9 val=  51.00000
  20 k  1.0000000000000 stre   3    2           val=   2.68178
  21 k  1.0000000000000 bend   6    2    3      val= 109.60882
  22 k  1.0000000000000 stre   6    9           val=   2.68178
  23 k  1.0000000000000 bend   3    9    6      val= 109.60883
  24 k  1.0000000000000 stre   3    6           val=   2.86281
  25 f  1.0000000000000 tors   2    3    6    9 val=  51.00000
        24 non zero eigenvalues  of BmBt
           1           4.486735733    1    0
         1
           2           3.795301649    2    0
         2
           3           3.767841755    3    0
         3
           4           3.075525296    4    0
         4
           5           2.716422535    5    0
         5
           6           2.464073778    6    0
         6
           7           2.095845275    7    0
         7
           8           1.718861213    8    0
         8
           9           1.240789344    9    0
         9
          10           1.238302988   10    0
        10
          11           1.056254477   11    0
        11
          12           0.848936692   12    0
        12
          13           0.770173130   13    0
        13
          14           0.727087835   14    0
        14
          15           0.642421080   15    0
        15
          16           0.415328686   16    0
        16
          17           0.347625590   17    0
        17
          18           0.326299618   18    0
        18
          19           0.280654665   20    0
        20
          20           0.247077403   21    0
        21
          21           0.142648807   22    0
        22
          22           0.067247344   23    0
        23
          23           0.060097884   24    0
        24
          24           0.000000000    0    1
         0.000000000         0.000000000         0.000000000         0.000000000
         0.000000000         0.000000000         0.000000000         0.000000000
         0.000000000         0.000000000         0.000000000         0.000000000
         0.000000000         0.000000000         0.000000000         0.000000000
         0.000000000         0.000000000         0.000000000         0.000000000
         0.000000000         0.000000000         0.000000000         0.000000000
         1.000000000
$end
