$energy      SCF               SCFKIN            SCFPOT
     1 -230.2228758461      229.2930986338     -459.5159744798
     2 -230.2234404109      229.2798531893     -459.5032936002
     3 -230.2235174411      229.2885151494     -459.5120325905
     4 -230.2235316760      229.2913296550     -459.5148613310
     5 -230.2235327626      229.2902246600     -459.5137574226
     6 -230.2235328613      229.2904025325     -459.5139353938
     7 -230.2235328810      229.2905178855     -459.5140507665
     8 -230.2235329111      229.2905114224     -459.5140443335
     9 -230.2235329120      229.2905070040     -459.5140399160
    10 -230.2235329122      229.2905099066     -459.5140428188
    11 -230.2235329125      229.2904910503     -459.5140239628
    12 -230.2235329127      229.2904957434     -459.5140286561
    13 -230.2235329127      229.2904965804     -459.5140294931
$end
