$grad          cartesian gradients
  cycle =      1    SCF energy =     -230.2228758461   |dE/dxyz| =  0.010911
    0.29173278370170     -1.15435107177257     -4.18861071433272      h
   -0.29636600742522     -1.10669297063629     -2.46913008315020      o
    0.48020561799692      1.21489255153002     -1.34886920749228      c
   -0.31051615423343      2.84433918332409     -2.35474154267454      h
    2.54368894304667      1.39944170953921     -1.33889507544985      h
   -0.48020915137085      1.21489575387181      1.34886411447695      c
    0.31047964290582      2.84436103749135      2.35473644902643      h
   -2.54369316938132      1.39941281763622      1.33887006820601      h
    0.29639711760605     -1.10666854246082      2.46914481013140      o
   -0.29214375029952     -1.15454321190013      4.18846774470467      h
  -.37784553723674D-03  -.32656252404914D-03  0.51895673821336D-03
  0.60060286221339D-03  -.43695432633820D-02  0.34678803773819D-02
  0.41145751160270D-03  0.41335970494773D-02  -.18847446608049D-02
  0.19563218919110D-03  -.13266051480941D-02  -.35572655217455D-03
  -.82655384163714D-03  0.18915443339348D-02  0.73089587926076D-03
  -.41202694134982D-03  0.41338143575280D-02  0.18845754288723D-02
  -.19566291372504D-03  -.13264685959019D-02  0.35598334162333D-03
  0.82686668898801D-03  0.18917664835634D-02  -.73113573064257D-03
  -.59969773689497D-03  -.43699565358814D-02  -.34675739862681D-02
  0.37722817401579D-03  -.32649936957118D-03  -.51911295470095D-03
  cycle =      2    SCF energy =     -230.2234404109   |dE/dxyz| =  0.011218
    0.31326568874278     -1.09651959789864     -4.25879280281889      h
   -0.28487222638731     -1.10324092413257     -2.54109804151336      o
    0.46537497192194      1.18976492576941     -1.35718408177280      c
   -0.31878997042967      2.84211859262761     -2.33504052412562      h
    2.53119521791250      1.36551056359139     -1.35970496244942      h
   -0.46539887649006      1.18976246023416      1.35717467347327      c
    0.31875467516611      2.84211567651786      2.33504438142285      h
   -2.53121850765435      1.36549977996238      1.35968013875521      h
    0.28485496247179     -1.10324215598708      2.54108493135333      o
   -0.31359006270690     -1.09668206406163      4.25867285112129      h
  -.19144763953252D-03  -.33331538858274D-03  -.25244918208953D-03
  0.31156821401840D-02  -.27762671944318D-02  0.96072497731977D-03
  -.48611995358285D-02  0.32834268835218D-02  -.26146743058494D-02
  0.42521751829311D-03  -.80912468072847D-03  -.11740513048786D-02
  -.67221965154872D-03  0.63503190198462D-03  0.23845717520367D-03
  0.48608832784021D-02  0.32838662725826D-02  0.26147303441419D-02
  -.42521837799599D-03  -.80906624945165D-03  0.11744048180269D-02
  0.67243179627275D-03  0.63512425354127D-03  -.23875544428744D-03
  -.31151713936879D-02  -.27761309891094D-02  -.96063650717897D-03
  0.19104113577531D-03  -.33343231705963D-03  0.25225020547465D-03
  cycle =      3    SCF energy =     -230.2235174411   |dE/dxyz| =  0.012774
    0.33095012470463     -1.08568088256889     -4.26443056044984      h
   -0.28722300500160     -1.09994848547413     -2.55416319057035      o
    0.45787340765549      1.18285312973431     -1.35678925337428      c
   -0.32957471089345      2.84669184000935     -2.31426439661283      h
    2.52597748507115      1.35372135449395     -1.36851956832722      h
   -0.45791375482425      1.18284517526232      1.35677624771829      c
    0.32954209981745      2.84666849003175      2.31427375161718      h
   -2.52601611079282      1.35372652894580      1.36849639413442      h
    0.28716539585827     -1.09997160239963      2.55413025283806      o
   -0.33120505904804     -1.08581829141194      4.26432688647244      h
  -.69139738320298D-04  -.59590166799166D-04  -.97461873797546D-04
  0.40626533805428D-02  -.20542318122622D-02  0.11410399358189D-02
  -.69502406292759D-02  0.24989064220443D-02  -.20768160267145D-02
  0.21211453603403D-03  -.42038615462608D-03  -.65500305962681D-03
  -.15449290466363D-03  0.34410956428929D-04  0.61302530831134D-04
  0.69501067427030D-02  0.24991407753384D-02  0.20768708325268D-02
  -.21209536221317D-03  -.42040522906146D-03  0.65526058759867D-03
  0.15456507197398D-03  0.34447308206401D-04  -.61556864323785D-04
  -.40623768098346D-02  -.20539278855978D-02  -.11410003855467D-02
  0.68904352326490D-04  -.59740592960023D-04  0.97364217956903D-04
  cycle =      4    SCF energy =     -230.2235316760   |dE/dxyz| =  0.012994
    0.34462254801317     -1.08972465119802     -4.25975126749024      h
   -0.29105344873763     -1.09869766316077     -2.55602821471235      o
    0.45430268778113      1.18154687920107     -1.35664291215832      c
   -0.33875550076894      2.85123297002956     -2.30056128280238      h
    2.52306108178243      1.35328301872660     -1.37485323809360      h
   -0.45435778161166      1.18153338550721      1.35662638731248      c
    0.33872567358167      2.85119068858503      2.30057527426342      h
   -2.52311311964718      1.35330260632914      1.37483228609274      h
    0.29095939156187     -1.09874173234414      2.55597668219845      o
   -0.34481565940804     -1.08983824505279      4.25966284883567      h
  -.42772673936070D-05  0.53056335485613D-04  0.19097204720435D-04
  0.42193840014846D-02  -.21033773509603D-02  0.13558673992724D-02
  -.71889516385469D-02  0.22278152559251D-02  -.19141257132759D-02
  0.21804440059886D-04  -.96833875565291D-04  -.99919443571933D-04
  0.12078815607617D-03  -.81619593712847D-04  -.58705317309946D-05
  0.71889324682916D-02  0.22277900733455D-02  0.19141460278126D-02
  -.21785598062751D-04  -.96870885573942D-04  0.10005640066643D-03
  -.12075913037840D-03  -.81613451361553D-04  0.57034381204603D-05
  -.42193341141590D-02  -.21030714964269D-02  -.13557886091139D-02
  0.41967909005923D-05  0.52931379023430D-04  -.19167326918295D-04
  cycle =      5    SCF energy =     -230.2235327626   |dE/dxyz| =  0.012594
    0.34880096532780     -1.09410102504035     -4.25745959974559      h
   -0.29246479297599     -1.09844916508827     -2.55576624578665      o
    0.45382939553911      1.18209195653941     -1.35737223991995      c
   -0.34127720414815      2.85249653526559     -2.29872301629564      h
    2.52202185354148      1.35560391452547     -1.37724767758074      h
   -0.45389171638736      1.18207574660484      1.35735400952577      c
    0.34124878896490      2.85244509172640      2.29873906723300      h
   -2.52208038176171      1.35563057150696      1.37722865340063      h
    0.29235344369894     -1.09850369071922      2.55570498543960      o
   -0.34896447925220     -1.09420267869794      4.25737862717543      h
  0.49154735562852D-05  0.25111318039476D-04  -.14004396074686D-05
  0.41400317342511D-02  -.21964157385960D-02  0.13824270331197D-02
  -.67749454181158D-02  0.21944608079518D-02  -.21695170012309D-02
  -.58422705483529D-05  -.91328130966028D-05  0.59098776654320D-05
  0.24031394508516D-04  -.14930928749607D-04  -.16793356185839D-04
  0.67749641136146D-02  0.21943343132746D-02  0.21695567302641D-02
  0.58499957760990D-05  -.91545673697215D-05  -.58360276458339D-05
  -.24008087245199D-04  -.14929845312544D-04  0.16695742106016D-04
  -.41400453965521D-02  -.21961794780568D-02  -.13824006465100D-02
  -.49536276174869D-05  0.25042330908358D-04  0.13565395106093D-05
  cycle =      6    SCF energy =     -230.2235328613   |dE/dxyz| =  0.012570
    0.35027003831656     -1.09525448770886     -4.25690724983132      h
   -0.29303693270187     -1.09805240428848     -2.55598961698965      o
    0.45343618149413      1.18216023764054     -1.35768143755301      c
   -0.34199863560832      2.85278953450692     -2.29846990242778      h
    2.52148574137701      1.35600026919161     -1.37798972093539      h
   -0.45350264257563      1.18214250260135      1.35766220864871      c
    0.34197106162399      2.85273293153664      2.29848700134071      h
   -2.52154802695098      1.35603094641609      1.37797200134836      h
    0.29291594887398     -1.09811285710871      2.55592272327896      o
   -0.35041686130204     -1.09534941616421      4.25683055656626      h
  0.34011067685386D-05  0.11457920026278D-04  -.38945153746400D-05
  0.41638431002255D-02  -.21297526106884D-02  0.13933921018741D-02
  -.67499190759820D-02  0.21241452752136D-02  -.22622731162064D-02
  -.63814433072480D-05  0.14887205929539D-05  0.70896571794296D-05
  -.13641015833570D-04  -.82474478976707D-05  -.11811099155593D-04
  0.67499557170761D-02  0.21239672664339D-02  0.22623298512034D-02
  0.63857647967660D-05  0.14807533162753D-05  -.70493533670145D-05
  0.13650121847914D-04  -.82453684944099D-05  0.11758703827666D-04
  -.41638764738196D-02  -.21295583533494D-02  -.13934182857526D-02
  -.34200041785128D-05  0.11424191974578D-04  0.38743205937446D-05
  cycle =      8    SCF energy =     -230.2235329111   |dE/dxyz| =  0.012603
    0.36256225375089     -1.08872995315265     -4.25540679800569      h
   -0.28633732574024     -1.09056113806354     -2.55663093681102      o
    0.45698944096247      1.18958930928233     -1.35650668353737      c
   -0.33587296975464      2.86021326716626     -2.29948514694402      h
    2.52511692057496      1.36351548658048     -1.37119394774456      h
   -0.45698952521704      1.18958934412880      1.35650642364363      c
    0.33587177605540      2.86021379412342      2.29948497001003      h
   -2.52511706669924      1.36351451334816      1.37119280335974      h
    0.28633806542849     -1.09056041332212      2.55663142957709      o
   -0.36257165092729     -1.08873448296707      4.25540339464156      h
  -.10834972150645D-05  0.12640591353194D-05  -.30658684246616D-06
  0.41712190992769D-02  -.20977639741542D-02  0.14070337526805D-02
  -.67807730203186D-02  0.20963479448670D-02  -.22958856263199D-02
  -.36179599195482D-05  0.19873229944643D-06  0.94557004780279D-06
  -.55758097302756D-05  -.11014727272986D-05  -.50449176413313D-06
  0.67807736310597D-02  0.20963497502823D-02  0.22958735544122D-02
  0.36157450408842D-05  0.18959917848471D-06  -.93887721206462D-06
  0.55774640750037D-05  -.10982850509813D-05  0.48606265757507D-06
  -.41712114587752D-02  -.20977519831682D-02  -.14070040434217D-02
  0.10758021794626D-05  0.12496544748203D-05  0.30070618851212D-06
  cycle =      9    SCF energy =     -230.2235329120   |dE/dxyz| =  0.012612
    0.36262229555801     -1.08881061975201     -4.25534383119398      h
   -0.28639280912093     -1.09054452654112     -2.55661223575735      o
    0.45696264276298      1.18961534007983     -1.35650757931487      c
   -0.33587754074454      2.86024552990882     -2.29948773133194      h
    2.52510445354706      1.36352121516489     -1.37121985228522      h
   -0.45696315556605      1.18961530225484      1.35650726342847      c
    0.33587643825863      2.86024563642856      2.29948770447171      h
   -2.52510498793867      1.36352067144083      1.37121889792312      h
    0.28639264274304     -1.09054430658188      2.55661210053978      o
   -0.36263006106576     -1.08881451527870      4.25534077170967      h
  -.61156725092872D-06  0.12945355905174D-06  -.36835099649708D-06
  0.41706234547930D-02  -.20995326328088D-02  0.14063373733794D-02
  -.67889076455765D-02  0.20989121484145D-02  -.22921367706051D-02
  -.22491379470667D-05  0.19124905932765D-06  0.11398471919630D-05
  -.16375040658123D-05  -.76278751572172D-06  -.34124550767402D-06
  0.67889054197744D-02  0.20989212996925D-02  0.22921398449850D-02
  0.22509325908643D-05  0.18682949946423D-06  -.11286293277197D-05
  0.16404368895224D-05  -.76017038562574D-06  0.32661800545585D-06
  -.41706295624862D-02  -.20995257737231D-02  -.14063341902716D-02
  0.61515880645784D-06  0.12611180191488D-06  0.36550678642358D-06
  cycle =     11    SCF energy =     -230.2235329125   |dE/dxyz| =  0.012618
    0.36271472775874     -1.08884450802700     -4.25532768551886      h
   -0.28635245376813     -1.09056159033081     -2.55661684959956      o
    0.45698305323104      1.18959979753978     -1.35649617732019      c
   -0.33580922409836      2.86023339493556     -2.29950619545960      h
    2.52513215558732      1.36349356591016     -1.37116604490721      h
   -0.45698312320988      1.18959982901377      1.35649608013680      c
    0.33580847524828      2.86023377340430      2.29950609294606      h
   -2.52513226947171      1.36349290054905      1.37116552893715      h
    0.28635302421090     -1.09056111004511      2.55661713505787      o
   -0.36272208572111     -1.08884818357360      4.25532493100778      h
  -.13388202181910D-05  0.14305971249919D-06  -.12630247678925D-06
  0.41719006834126D-02  -.21006184760790D-02  0.14051585147293D-02
  -.67940514781623D-02  0.20999645973765D-02  -.22899434703885D-02
  -.93602287298485D-06  -.10936944568478D-06  0.62784884548742D-06
  -.23769149867824D-06  -.43987260911493D-06  -.19241942125100D-06
  0.67940540355727D-02  0.20999682423717D-02  0.22899447941194D-02
  0.93519854385859D-06  -.11258643601322D-06  -.62617195534333D-06
  0.23621137171673D-06  -.43911956980701D-06  0.18621643591468D-06
  -.41718909725074D-02  -.21006098974369D-02  -.14051521408283D-02
  0.13288501276067D-05  0.13740613192857D-06  0.12313578059997D-06
  cycle =     12    SCF energy =     -230.2235329127   |dE/dxyz| =  0.012618
    0.36276662350305     -1.08889176655658     -4.25528655251931      h
   -0.28638224922772     -1.09054998737235     -2.55660664610085      o
    0.45696886712649      1.18961286906854     -1.35650028891733      c
   -0.33582903907887      2.86024488104854     -2.29950831316434      h
    2.52511794747234      1.36350470248506     -1.37119361873095      h
   -0.45696925592414      1.18961281025915      1.35650012132664      c
    0.33582834030613      2.86024487899836      2.29950835549792      h
   -2.52511834109351      1.36350436258921      1.37119312723274      h
    0.28638206781576     -1.09054993918858      2.55660649128048      o
   -0.36277268113244     -1.08889494195526      4.25528413937525      h
  -.82122479621990D-06  -.15960089237120D-06  -.15853716041309D-06
  0.41713225466273D-02  -.21001660426680D-02  0.14057273270875D-02
  -.67943736008386D-02  0.20999030699550D-02  -.22895842451116D-02
  -.84484893933798D-06  -.21005071714221D-06  0.55438318384029D-06
  -.18323348517793D-06  -.42860943222532D-06  -.48883011119009D-06
  0.67943718824774D-02  0.20999078925444D-02  0.22895866930721D-02
  0.84675749669839D-06  -.21115908814079D-06  -.54868635842022D-06
  0.18527478319804D-06  -.42684423797766D-06  0.48271787264321D-06
  -.41713264308924D-02  -.21001637353094D-02  -.14057281482993D-02
  0.82286252472423D-06  -.16039117929584D-06  0.15731905544232D-06
$end
