$hessapprox internal
  0.147987536481D-01  0.642893468979D-03  0.619754902048D+00 -0.526972430880D-03
 -0.510234420172D-05  0.373252536876D+00  0.486342367829D-03  0.103033966776D-03
  0.496780626305D-04  0.419732075125D+00 -0.493209534964D-03 -0.117669496482D-03
 -0.396906892424D-04 -0.385420905112D-04  0.419535083692D+00 -0.216663551448D-02
 -0.637619380317D-05 -0.588377176108D-03  0.215249181316D-03 -0.174351070044D-03
  0.343864048028D+00  0.299177376936D-02  0.459748776698D-03  0.446762293204D-03
  0.424488315938D-04 -0.104010515225D-03  0.190438927117D-02  0.346953774128D+00
  0.408473332457D-02  0.350594493127D-03  0.834695875314D-03 -0.150776769373D-03
  0.698519056534D-04  0.352384332418D-02 -0.202437913067D-02  0.315359598853D+00
  0.430381193998D-02  0.644088881478D-03  0.656704099866D-03  0.480470076825D-04
 -0.136411487592D-03  0.279716578803D-02 -0.862474995194D-03 -0.302106513804D-02
  0.343827257902D+00  0.475986885501D-03  0.998386715560D-04  0.494323998646D-04
  0.268602450817D-04 -0.369558001193D-04  0.214004230951D-03  0.369132190137D-04
 -0.153876571697D-03  0.403617900310D-04  0.419729424228D+00 -0.478766887444D-03
 -0.113139196326D-03 -0.394079683468D-04 -0.365965000347D-04  0.468945085621D-04
 -0.172860986014D-03 -0.959484326644D-04  0.746406011921D-04 -0.125201617375D-03
 -0.350741095317D-04  0.419530622441D+00 -0.216961467221D-02 -0.524354723862D-05
 -0.590111829273D-03  0.216404920860D-03 -0.175463452598D-03 -0.247497314652D-02
  0.191228701644D-02  0.353588091437D-02  0.280860532361D-02  0.215139895864D-03
 -0.173945705191D-03  0.343849638539D+00  0.294587532111D-02  0.451945519951D-03
  0.440516474750D-03  0.412326659220D-04 -0.101841435667D-03  0.187767308241D-02
 -0.539104438258D-03 -0.199804788381D-02 -0.854232738350D-03  0.357940440121D-04
 -0.939198686628D-04  0.188545305967D-02  0.346963508632D+00  0.409873271068D-02
  0.352013704660D-03  0.837380090774D-03 -0.151129582961D-03  0.699249142181D-04
  0.353519491255D-02 -0.203031057369D-02 -0.452413595930D-02 -0.302997120984D-02
 -0.154243510380D-03  0.747349058113D-04  0.354727277315D-02 -0.200390453402D-02
  0.315331383875D+00  0.421963253885D-02  0.632348575112D-03  0.643163983071D-03
  0.477532289578D-04 -0.134399040805D-03  0.273959649750D-02 -0.841639115620D-03
 -0.295657143870D-02 -0.132346174511D-02  0.402045316616D-04 -0.123389182020D-03
  0.275080840134D-02 -0.833618955135D-03 -0.296528478468D-02  0.343890960171D+00
 -0.492196227819D-04  0.623550647850D-03 -0.519149730893D-03  0.474687649654D-03
 -0.480795709386D-03 -0.213513130913D-02  0.292793076406D-02  0.401006673691D-02
  0.421275021873D-02  0.464625498201D-03 -0.466765498258D-03 -0.213811863395D-02
  0.288304559671D-02  0.402380040525D-02  0.413031323419D-02  0.147426346806D-01
  0.629638260651D-03  0.220181755476D-03 -0.606671098966D-05  0.101903076654D-03
 -0.116251731574D-03 -0.106412854323D-04  0.456369787549D-03  0.351676619533D-03
  0.639583244992D-03  0.987524438222D-04 -0.111785239627D-03 -0.953796325542D-05
  0.448633784660D-03  0.353095066602D-03  0.627913439076D-03  0.610634758426D-03
  0.619748382116D+00 -0.509353905648D-03 -0.181536778123D-05 -0.138064896522D-03
  0.503645664724D-04 -0.407462679319D-04 -0.579094061925D-03  0.446239148015D-03
  0.826425988511D-03  0.655480321310D-03  0.500769813469D-04 -0.404030644839D-04
 -0.580784829150D-03  0.439980906166D-03  0.829087795097D-03  0.641987523814D-03
 -0.501933316956D-03 -0.281154446026D-05  0.373256877468D+00  0.169940651938D-03
 -0.222459509072D-03  0.226957798738D-03 -0.184827176858D-03  0.184134971784D-03
  0.936790004816D-03 -0.118058707745D-02 -0.168130155558D-02 -0.170266130810D-02
 -0.181142605581D-03  0.179014656005D-03  0.938364047889D-03 -0.116266292746D-02
 -0.168700926795D-02 -0.166914366113D-02  0.177526671311D-03 -0.217542419907D-03
  0.220150512498D-03  0.502659718809D+00 -0.290494627879D-02 -0.132985337256D-02
  0.282632079425D-03 -0.706672523715D-03  0.776415481406D-03  0.109582630678D-02
 -0.355785982838D-02 -0.360113081759D-02 -0.503979275052D-02 -0.687084866381D-03
  0.748761918401D-03  0.109215761242D-02 -0.349987605438D-02 -0.361445960693D-02
 -0.494510668672D-02 -0.280310638448D-02 -0.130841469032D-02  0.259052179650D-03
  0.925006488853D-03  0.391146620754D+00  0.149956349768D-03 -0.225298539294D-03
  0.223785417335D-03 -0.184935988183D-03  0.184652382401D-03  0.923295871616D-03
 -0.117588049767D-02 -0.166631748099D-02 -0.169535693725D-02 -0.181218172386D-03
  0.179483419719D-03  0.924816109438D-03 -0.115800539152D-02 -0.167198056062D-02
 -0.166200864389D-02  0.157958360683D-03 -0.220363647215D-03  0.216987950600D-03
 -0.121388137749D-03  0.947720260122D-03  0.502675600597D+00 -0.293528855164D-02
 -0.134321230271D-02  0.285153214272D-03 -0.713653439594D-03  0.784118868886D-03
  0.110550071994D-02 -0.359256384045D-02 -0.363539607816D-02 -0.508889812036D-02
 -0.693869738100D-03  0.756188389392D-03  0.110179129982D-02 -0.353401215236D-02
 -0.364885260476D-02 -0.499329218559D-02 -0.283240890745D-02 -0.132156061543D-02
  0.261341511625D-03  0.934801349966D-03  0.753590215948D-02  0.957735954873D-03
  0.391298417307D+00 -0.460212526783D-03 -0.404412047896D-03  0.201881608593D-03
 -0.257881848909D-03  0.271116661843D-03  0.819403778147D-03 -0.145968242020D-02
 -0.179124212087D-02 -0.208724539565D-02 -0.251661987903D-03  0.262388144726D-03
  0.819699697266D-03 -0.143674274566D-02 -0.179753955531D-02 -0.204704460882D-02
 -0.435339995097D-03 -0.397033826518D-03  0.192863751810D-03  0.980101771088D-04
  0.206033335967D-02  0.107591647899D-03  0.208146681357D-02  0.395305050448D+00
  0.000000000000D+00  0.000000000000D+00  0.000000000000D+00  0.000000000000D+00
  0.000000000000D+00  0.000000000000D+00  0.000000000000D+00  0.000000000000D+00
  0.000000000000D+00  0.000000000000D+00  0.000000000000D+00  0.000000000000D+00
  0.000000000000D+00  0.000000000000D+00  0.000000000000D+00  0.000000000000D+00
  0.000000000000D+00  0.000000000000D+00  0.000000000000D+00  0.000000000000D+00
  0.000000000000D+00  0.000000000000D+00  0.000000000000D+00  0.000000000000D+00
$end
