$coord
   -0.00003356333799     -1.09150485124039     -4.19856448271509  h
    0.00000740874347     -1.20630078173299     -2.37960163140039  o
    0.00000083225168      1.30770591239693     -1.45747806833532  c
   -1.66923835776201      2.32819317026198     -2.13311506053808  h
    1.66923840030499      2.32819729298644     -2.13311154729040  h
    0.00000032852275      1.30770610073958      1.45747804682139  c
    1.66923726642376      2.32819902284987      2.13311166332522  h
   -1.66923954088845      2.32819186043365      2.13311470519509  h
    0.00000658627058     -1.20630054979207      2.37960162356500  o
    0.00012692001833     -1.09150457863314      4.19856450028360  h
$intdef
# definitions of internal coordinates
   1 f  1.0000000000000 tors    2    3    6    9 val=   0.00000
$user-defined bonds
$redundant
     number_of_atoms            10
     degrees_of_freedom         24
     internal_coordinates       25
     frozen_coordinates          1
# definitions of redundant internals
   1 k  1.0000000000000 tors   1    2    3    6 val= 179.99866
   2 k  1.0000000000000 stre   2    1           val=   1.82258
   3 k  1.0000000000000 bend   3    1    2      val= 106.53157
   4 k  1.0000000000000 stre   3    4           val=   2.06984
   5 k  1.0000000000000 stre   3    5           val=   2.06984
   6 k  0.0654240211680 bend   5    4    3      val=   0.63700
       -0.5085340339751 bend   2    4    3
       -0.5085349162994 bend   2    5    3
        0.4891333551444 bend   6    4    3
        0.4891355983086 bend   6    5    3
   7 k  0.0000025477775 bend   5    4    3      val=   0.00021
        0.5452518086955 bend   2    4    3
       -0.5452519241618 bend   2    5    3
        0.4502229241654 bend   6    4    3
       -0.4502223038251 bend   6    5    3
   8 k  0.8952851848718 bend   5    4    3      val=  -0.19720
       -0.1865566336273 bend   2    4    3
       -0.1865546720371 bend   2    5    3
       -0.2538302850835 bend   6    4    3
       -0.2538278962492 bend   6    5    3
   9 k -0.0000004643342 bend   5    4    3      val=   0.00000
        0.4502235338899 bend   2    4    3
       -0.4502216941042 bend   2    5    3
       -0.5452525353235 bend   6    4    3
        0.5452511975344 bend   6    5    3
  10 k  1.0000000000000 stre   6    7           val=   2.06984
  11 k  1.0000000000000 stre   6    8           val=   2.06984
  12 k  0.0654238675842 bend   8    7    6      val=   0.63700
       -0.5085366710029 bend   9    7    6
       -0.5085322620400 bend   9    8    6
        0.4891339478215 bend   3    7    6
        0.4891350440816 bend   3    8    6
  13 k  0.0000027714372 bend   8    7    6      val=   0.00011
       -0.5452505980348 bend   9    7    6
        0.5452530487583 bend   9    8    6
       -0.4502245394099 bend   3    7    6
        0.4502207927982 bend   3    8    6
  14 k  0.8952852117097 bend   8    7    6      val=  -0.19719
       -0.1865532540713 bend   9    7    6
       -0.1865581695888 bend   9    8    6
       -0.2538286725359 bend   3    7    6
       -0.2538293273988 bend   3    8    6
  15 k -0.0000013108450 bend   8    7    6      val=   0.00010
        0.4502225751057 bend   9    7    6
       -0.4502227570979 bend   9    8    6
       -0.5452504122496 bend   3    7    6
        0.5452532345583 bend   3    8    6
  16 k  1.0000000000000 tors  10    9    6    3 val= 179.99603
  17 k  1.0000000000000 stre   9   10           val=   1.82258
  18 k  1.0000000000000 bend   6   10    9      val= 106.53157
  19 k  1.0000000000000 tors   2    3    6    9 val=  -0.00000
  20 k  1.0000000000000 stre   3    2           val=   2.67779
  21 k  1.0000000000000 bend   6    2    3      val= 110.14276
  22 k  1.0000000000000 stre   6    9           val=   2.67779
  23 k  1.0000000000000 bend   3    9    6      val= 110.14275
  24 k  1.0000000000000 stre   3    6           val=   2.91496
  25 f  1.0000000000000 tors   2    3    6    9 val=  -0.00000
        24 non zero eigenvalues  of BmBt
           1           4.665817197    1    0
         1
           2           3.811402137    2    0
         2
           3           3.694826138    3    0
         3
           4           3.058517775    4    0
         4
           5           2.644764301    5    0
         5
           6           2.477462064    6    0
         6
           7           2.103513330    7    0
         7
           8           1.764142936    8    0
         8
           9           1.221133813    9    0
         9
          10           1.201857490   10    0
        10
          11           1.027452868   11    0
        11
          12           0.821904849   12    0
        12
          13           0.754579464   13    0
        13
          14           0.728615823   14    0
        14
          15           0.699559974   15    0
        15
          16           0.383142328   16    0
        16
          17           0.346816628   17    0
        17
          18           0.290142816   18    0
        18
          19           0.247708034   20    0
        20
          20           0.231116656   21    0
        21
          21           0.224208910   22    0
        22
          22           0.067022635   23    0
        23
          23           0.053908114   24    0
        24
          24           0.000000000    0    1
         0.000000000         0.000000000         0.000000000         0.000000000
         0.000000000         0.000000000         0.000000000         0.000000000
         0.000000000         0.000000000         0.000000000         0.000000000
         0.000000000         0.000000000         0.000000000         0.000000000
         0.000000000         0.000000000         0.000000000         0.000000000
         0.000000000         0.000000000         0.000000000         0.000000000
         1.000000000
$end
