$energy      SCF               SCFKIN            SCFPOT            MP2
     1 -229.0099004860      228.807756     -457.817657     -.8141565129652
     2 -229.0138144588      228.738779     -457.752593     -.8123762221665
     3 -229.0139436775      228.768152     -457.782096     -.8126844255891
     4 -229.0137107290      228.776038     -457.789749     -.8129580744894
     5 -229.0136815574      228.770755     -457.784437     -.8129915237650
     6 -229.0136549076      228.770498     -457.784153     -.8130183987589
     7 -229.0136523896      228.770330     -457.783982     -.8130209257956
     8 -229.0136523894      228.770331     -457.783983     -.8130209403806
     9 -229.0136515594      228.770475     -457.784127     -.8130218248526
    10 -229.0136518689      228.770456     -457.784108     -.8130214965475
    11 -229.0136518689      228.770455     -457.784107     -.8130214807657
    12 -229.0136518555      228.770449     -457.784101     -.8130215094024
    13 -229.0136518119      228.770434     -457.784086     -.8130215037447
$end
