$grad          cartesian gradients
  cycle =      1 MP2 energy =     -229.8240569990 |dE/dxyz| =  0.024279
   -0.00114498965817     -1.27960312461814     -4.04361202490114      h
    0.00008138853948     -1.22681214114848     -2.22645533915361      o
    0.00003055274424      1.34676864723035     -1.43182210237152      c
   -1.67922893190090      2.35213240542594     -2.11468023030226      h
    1.67922631472444      2.35214476134179     -2.11480639048052      h
   -0.00002729262898      1.34676867940893      1.43181658771594      c
    1.67920637325591      2.35213761791243      2.11468633881318      h
   -1.67925067271417      2.35214560624957      2.11477700704192      h
   -0.00000856021858     -1.22680765182209      2.22646038353867      o
   -0.00000293796922     -1.27958312344030      4.04362094446215      h
  0.63004026166352D-07  -.42514013514686D-02  0.29397033148770D-02
  -.19929808781276D-05  -.47941677452350D-02  0.43686793498057D-02
  0.13451049232002D-04  0.56657210885449D-02  0.13145677813735D-01
  -.16604810753367D-02  0.16917571709045D-02  0.22210579547486D-02
  0.16588944782772D-02  0.16885825215358D-02  0.22133366075048D-02
  -.69071014741471D-05  0.56643700582679D-02  -.13145276529439D-01
  0.16570002973877D-02  0.16876345258889D-02  -.22222421597879D-02
  -.16626587512474D-02  0.16927395815773D-02  -.22126041200170D-02
  0.35413892401449D-05  -.47941072678359D-02  -.43702002630210D-02
  -.91030919733363D-06  -.42511287049132D-02  -.29381319675892D-02
  cycle =      2 MP2 energy =     -229.8261906810 |dE/dxyz| =  0.009763
   -0.00083156547212     -1.09023335608944     -4.27682077215440      h
   -0.00013869140017     -1.22378362742336     -2.45925825892564      o
   -0.00006578360613      1.26460615645683     -1.46338984054704      c
   -1.66312918784777      2.29707353165302     -2.13503929727205      h
    1.66300651906699      2.29696236521453     -2.13517874114746      h
   -0.00004137325455      1.26460950095833      1.46338556280824      c
    1.66307204449812      2.29698072241678      2.13505263884422      h
   -1.66306491591549      2.29706716751048      2.13514574329537      h
   -0.00009766913307     -1.22377627137639      2.45926288963769      o
    0.00017186723825     -1.09021451278079      4.27682524982390      h
  -.70960880395950D-06  -.19348880689005D-02  -.80975744874845D-03
  0.17651104189762D-05  0.22710435999080D-02  -.55513450894367D-02
  0.48723448681143D-05  0.62743201675097D-04  0.20207978728157D-02
  0.57232206157076D-03  -.19793576314808D-03  -.11082506753191D-02
  -.57383782464360D-03  -.20080242038456D-03  -.11128069858390D-02
  -.44864310604468D-05  0.62276027215979D-04  -.20203467745266D-02
  -.57288219931317D-03  -.19914211591665D-03  0.11088529480072D-02
  0.57313932754122D-03  -.19958957950950D-03  0.11118986857603D-02
  -.13698932483904D-06  0.22709287459293D-02  0.55509472425053D-02
  -.45791343264738D-07  -.19346335724924D-02  0.81001022555682D-03
  cycle =      3 MP2 energy =     -229.8266281031 |dE/dxyz| =  0.004363
   -0.00076910438187     -1.11697441049191     -4.21704046255948      h
   -0.00018320670784     -1.22590799011210     -2.39855913771084      o
   -0.00008459744431      1.28003546529454     -1.45771339834662      c
   -1.66789756510465      2.30380127170312     -2.13177644555146      h
    1.66775694215660      2.30366988547740     -2.13190207429192      h
   -0.00003857729401      1.28003968038978      1.45770888753083      c
    1.66783855448326      2.30369183051007      2.13178508558894      h
   -1.66781675934858      2.30379308825366      2.13187440971482      h
   -0.00010748375269     -1.22590024121970      2.39856365165313      o
    0.00018304156815     -1.11695690326487      4.21704465833544      h
  -.58766534816396D-06  -.10438498148134D-02  0.59231940647386D-04
  0.16018072368695D-05  0.14976156603463D-02  -.19830435844375D-02
  0.25079897167183D-05  -.25489556723990D-03  0.14276483718847D-02
  0.10768542310036D-03  -.98431954149936D-04  -.22839008893927D-03
  -.10845288933536D-03  -.10034128711678D-03  -.23123886580478D-03
  -.27997536049704D-05  -.25514591134090D-03  -.14273641805160D-02
  -.10779697589935D-03  -.98973450435746D-04  0.22894979415522D-03
  0.10823836562990D-03  -.99764494937649D-04  0.23048483250743D-03
  -.41781472364972D-06  0.14974810471688D-02  0.19828862013247D-02
  0.21513376531937D-07  -.10436941608328D-02  -.59164421451818D-04
  cycle =      4 MP2 energy =     -229.8266688035 |dE/dxyz| =  0.001176
   -0.00063571299723     -1.12317513479316     -4.19236460500128      h
   -0.00026452705859     -1.22877797710696     -2.37322187876900      o
   -0.00012287492116      1.28545521173019     -1.45685053326343      c
   -1.66962419564381      2.30563839461977     -2.13261578646123      h
    1.66941936052242      2.30548269775302     -2.13275318416284      h
   -0.00002871937883      1.28546036571884      1.45684566828390      c
    1.66955918073334      2.30549920104427      2.13261626645835      h
   -1.66948459203975      2.30563724964802      2.13273447612331      h
   -0.00011114651035     -1.22876946202580      2.37322622618924      o
    0.00017447146802     -1.12315887004820      4.19236852496583      h
  -.35210602080196D-06  -.24470511893770D-03  0.14634403043345D-03
  0.96601339352677D-06  0.61062482192931D-03  0.20792250851009D-03
  0.44755540729380D-06  -.37357357529810D-03  0.20910152891140D-03
  -.41131851312493D-04  0.41098284673247D-05  0.61277323454734D-04
  0.41101144117484D-04  0.35681000378762D-05  0.60250456573652D-04
  -.81218949969737D-06  -.37360664759323D-03  -.20897396999908D-03
  0.41168595187546D-04  0.40896916126965D-05  -.60941676562454D-04
  -.41065031842091D-04  0.35804574944898D-05  -.60669295129046D-04
  -.48569662971717D-06  0.61056324246778D-03  -.20795579683774D-03
  0.16356729349892D-06  -.24465079987968D-03  -.14635510984373D-03
  cycle =      5 MP2 energy =     -229.8266730812 |dE/dxyz| =  0.000450
   -0.00055766010660     -1.11680191062879     -4.19900033264919      h
   -0.00030682151689     -1.23017415495007     -2.37999731573037      o
   -0.00014495757098      1.28311742958668     -1.45774789139463      c
   -1.66920661541545      2.30432229435421     -2.13295920709092      h
    1.66895356850413      2.30415922409286     -2.13311812299279      h
   -0.00001860478096      1.28312282803978      1.45774282390681      c
    1.66913886399841      2.30417080668410      2.13295472419562      h
   -1.66902141064542      2.30432651662244      2.13310462146192      h
   -0.00010053066640     -1.23016534550531      2.38000164453634      o
    0.00014541237423     -1.11678601175590      4.19900423012005      h
  -.16217302644013D-06  -.70827898036141D-04  -.19660331229687D-06
  0.47452731416324D-06  0.21127985860225D-03  -.18045905463282D-04
  0.14080831933151D-06  -.19781000033170D-03  -.10285197879956D-03
  0.58887021743281D-05  0.28706616804541D-04  -.57353700466667D-05
  -.57981244512284D-05  0.28656918337200D-04  -.62252694501552D-05
  -.22730631130130D-06  -.19780686406001D-03  0.10287743338799D-03
  -.59302899551028D-05  0.28745113144879D-04  0.58784934811040D-05
  0.57494764473809D-05  0.28616239493129D-04  0.60633272997990D-05
  -.27078392683590D-06  0.21125286035151D-03  0.18038292663114D-04
  0.13516342991160D-06  -.70812839559287D-04  0.19757974190071D-06
  cycle =      6 MP2 energy =     -229.8266733064 |dE/dxyz| =  0.000179
   -0.00051219831887     -1.11619896918205     -4.19843231425962      h
   -0.00033034206727     -1.23062266855731     -2.37944779955687      o
   -0.00015784211948      1.28326414713089     -1.45759018968130      c
   -1.66932031792191      2.30417387770158     -2.13288191452350      h
    1.66903739690649      2.30400638269593     -2.13305562455278      h
   -0.00001131965477      1.28326962648405      1.45758506324195      c
    1.66925138592311      2.30401659433440      2.13287475035999      h
   -1.66910634404883      2.30417963221354      2.13304490280019      h
   -0.00009115039227     -1.23061374381631      2.37945210857002      o
    0.00012197586787     -1.11618320246471      4.19843619196477      h
  -.32540542962457D-07  -.56978990065626D-05  -.16008919345722D-06
  0.23371956822573D-06  0.32453552970324D-04  0.30319410925017D-04
  0.48900698533061D-07  -.75698157163018D-04  -.82360331487452D-04
  0.19954044554460D-05  0.24466022551017D-04  0.10893157291081D-04
  -.19933136261585D-05  0.24474472599678D-04  0.10762177758972D-04
  -.72980192110470D-07  -.75689672138779D-04  0.82360591806774D-04
  -.20616355218550D-05  0.24517165521765D-04  -.10849837069005D-04
  0.19267040909376D-05  0.24419101847917D-04  -.10803865463149D-04
  -.13494947268314D-06  0.32451353472851D-04  -.30322057900989D-04
  0.90690591406334D-07  -.56959358689102D-05  0.16084353937629D-06
  cycle =      7 MP2 energy =     -229.8266733154 |dE/dxyz| =  0.000032
   -0.00048626003273     -1.11569459955212     -4.19879813534182      h
   -0.00034276063255     -1.23066869707803     -2.37984068697686      o
   -0.00016514697877      1.28325452679540     -1.45751287849248      c
   -1.66936050233169      2.30394970730972     -2.13294519502171      h
    1.66905809358682      2.30378183357589     -2.13313057278786      h
   -0.00000558298313      1.28326000012269      1.45750774120555      c
    1.66929130882972      2.30379096083082      2.13293682624345      h
   -1.66912728133702      2.30395658313526      2.13312103833952      h
   -0.00008222238020     -1.23065976651578      2.37984501098731      o
    0.00010159843362     -1.11567887208384      4.19880202620777      h
  0.38259590782628D-07  0.16436286647825D-05  -.34583438175417D-05
  0.90471325281220D-07  -.32861594583267D-05  -.79955583860425D-05
  0.58551648565714D-07  -.85093096107158D-05  -.16154422165515D-04
  0.27761151049077D-05  0.50613579949399D-05  0.24006802084031D-05
  -.28178683022517D-05  0.50904173765076D-05  0.23918443048387D-05
  -.65071506252464D-07  -.85068991735326D-05  0.16148506616576D-04
  -.28440293715626D-05  0.51203144932899D-05  -.24043332613743D-05
  0.27505584370147D-05  0.50309173329488D-05  -.23853575921162D-05
  -.16438421096988D-07  -.32860770389220D-05  0.79980998677343D-05
  0.29451379354489D-07  0.16418150804998D-05  0.34588830395421D-05
  cycle =      8 MP2 energy =     -229.8266733298 |dE/dxyz| =  0.000032
   -0.00004234947992     -1.09130707767757     -4.19880008664022      h
    0.00000382477029     -1.20628458345738     -2.37984284863573      o
    0.00000284352185      1.30763691423002     -1.45751031812162      c
   -1.66920550839635      2.32824949095139     -2.13303533334583      h
    1.66921309688762      2.32824936060463     -2.13303148280689      h
   -0.00000282201084      1.30763692179515      1.45751030594319      c
    1.66920450234735      2.32825048884411      2.13303592260002      h
   -1.66921409700565      2.32824836772333      2.13303090638711      h
   -0.00000542598927     -1.20628457746665      2.37984285645857      o
    0.00006951529553     -1.09130708955249      4.19880009475499      h
  0.12817071614749D-05  0.15270047915017D-05  -.34155992683083D-05
  0.18578217948184D-05  -.31409616951805D-05  -.79274885944614D-05
  -.12343632198276D-05  -.85776882867705D-05  -.16260921004152D-04
  0.26140304867361D-05  0.46613184148114D-05  0.18514669344327D-05
  -.29482909886802D-05  0.55821981379545D-05  0.29451817384896D-05
  -.15203417209393D-05  -.85942964656027D-05  0.16343118264261D-04
  -.33934558789639D-05  0.56323175421369D-05  -.18583113499115D-05
  0.21681001181051D-05  0.45674623219139D-05  -.29096171352272D-05
  0.23015441644320D-05  -.31209211410754D-05  0.77902923205642D-05
  -.11267519166673D-05  0.14635710888777D-05  0.34418781318379D-05
  cycle =      9 MP2 energy =     -229.8266733843 |dE/dxyz| =  0.000017
   -0.00000184584802     -1.09147296012175     -4.19852678888369      h
   -0.00003397302070     -1.20626226071048     -2.37956335465184      o
   -0.00000123071991      1.30773860247183     -1.45747843993460      c
   -1.66921717083420      2.32829249611533     -2.13307624636817      h
    1.66925247879226      2.32824856146074     -2.13305144465761      h
   -0.00003334207945      1.30773840837242      1.45747824890552      c
    1.66920497487598      2.32824966051022      2.13308287389558      h
   -1.66926459912120      2.32829097389519      2.13304466022564      h
   -0.00008639988192     -1.20626243925876      2.37956359967849      o
    0.00020468777775     -1.09147282674020      4.19852690838428      h
  0.35154420257322D-06  0.82785490013171D-06  0.48336507063595D-06
  -.51563973189049D-06  -.10003317463259D-06  0.53959388148783D-05
  0.52531089238098D-06  -.61317846506981D-05  -.70216836540737D-05
  0.80724979589775D-07  0.24669711236047D-05  0.30276161711029D-05
  -.23148907324355D-06  0.29675906398907D-05  0.27240885154267D-05
  0.95823646057961D-06  -.61538850655296D-05  0.69613397746249D-05
  -.50385178340662D-06  0.28690019386879D-05  -.28233897069185D-05
  -.19293499242679D-06  0.25716483109672D-05  -.29223303876780D-05
  -.13638410646991D-05  -.13526921804896D-06  -.53003796489648D-05
  0.89194010793273D-06  0.81791062578329D-06  -.52456409704860D-06
  cycle =     10 MP2 energy =     -229.8266733654 |dE/dxyz| =  0.000010
   -0.00003671560638     -1.09145305684364     -4.19855881542907      h
   -0.00000475040438     -1.20625502911861     -2.37959595714422      o
    0.00000414869230      1.30773933988137     -1.45748185403494      c
   -1.66922380184540      2.32826349662215     -2.13309411383667      h
    1.66924712345648      2.32824948242265     -2.13307890746506      h
   -0.00001544387394      1.30773926854375      1.45748176716568      c
    1.66921913524465      2.32825012506390      2.13309571353847      h
   -1.66925176767208      2.32826258691280      2.13307732134247      h
   -0.00003673895386     -1.20625508670117      2.37959602477994      o
    0.00012239090319     -1.09145291078867      4.19855883767699      h
  -.61392280714109D-06  0.49822650910469D-06  0.15935180286419D-07
  0.97709184497499D-06  0.13455665879292D-05  0.17543513530782D-05
  0.28855044223976D-07  -.44087331332321D-05  -.45852263252932D-05
  -.34041796492801D-07  0.10815443884926D-05  0.12148340098328D-05
  -.28379660532707D-06  0.14917256268010D-05  0.10135674475276D-05
  0.18522202216062D-06  -.44109495469513D-05  0.45652966516041D-05
  -.36890580634719D-06  0.14621650616942D-05  -.12474382231620D-05
  -.11963710067064D-06  0.11095091585478D-05  -.97405234100734D-06
  0.14252136030340D-05  0.13323720722269D-05  -.17289212230764D-05
  -.11960784142611D-05  0.49857899486749D-06  -.28346298641679D-07
  cycle =     11 MP2 energy =     -229.8266733497 |dE/dxyz| =  0.000011
   -0.00003458921769     -1.09150376493361     -4.19855877854369      h
    0.00000419879447     -1.20630567374003     -2.37959591638578      o
    0.00000473441103      1.30768872737426     -1.45748190078819      c
   -1.66923024480866      2.32820518850751     -2.13308841914608      h
    1.66924068055500      2.32820651853325     -2.13308476672459      h
   -0.00000476990044      1.30768875742019      1.45748172046278      c
    1.66922745684047      2.32820730971057      2.13308985435023      h
   -1.66924344614194      2.32820442702676      2.13308301610433      h
   -0.00001131866940     -1.20630556579607      2.37959606562058      o
    0.00015357868427     -1.09150332583297      4.19855887396143      h
  -.18205212672334D-06  0.39982352167955D-06  -.24008873111825D-07
  0.24800892868791D-06  0.14712912577153D-05  0.19749882671505D-05
  0.27947968190112D-06  -.44746693061981D-05  -.48577420963536D-05
  -.21726620502704D-09  0.11372244586028D-05  0.12511685998362D-05
  -.24558409039699D-06  0.14737313591695D-05  0.10209017420326D-05
  0.22082685589537D-06  -.44766986588840D-05  0.48339247553653D-05
  -.33592834114415D-06  0.14339512819372D-05  -.12627524874631D-05
  -.90477613401418D-07  0.11757744682317D-05  -.10029460146832D-05
  0.15302097789777D-06  0.14567207777816D-05  -.19437437632774D-05
  -.47077105189998D-07  0.40285726982114D-06  0.10210064793625D-07
  cycle =     12 MP2 energy =     -229.8266733649 |dE/dxyz| =  0.000006
   -0.00000327994850     -1.09150429128067     -4.19856142340694      h
   -0.00001505233154     -1.20630400179935     -2.37959850196903      o
   -0.00000352651045      1.30769422045166     -1.45748098340628      c
   -1.66923433876023      2.32821019151069     -2.13309770654207      h
    1.66923833733138      2.32819478318503     -2.13309357111482      h
   -0.00001079997470      1.30769430955891      1.45748085883434      c
    1.66922799433485      2.32819599097232      2.13309795288163      h
   -1.66924468351310      2.32820913428989      2.13309304886778      h
   -0.00002692757001     -1.20630383931467      2.37959859124350      o
    0.00017855748940     -1.09150389930394      4.19856148352291      h
  0.60448458834488D-06  0.15542348574815D-07  -.10954209095360D-06
  -.65646586042377D-06  0.10212518635200D-05  0.91648822042600D-06
  0.21533540229177D-06  -.24913652900693D-05  -.28521320833974D-05
  0.29667793111088D-07  0.71504339804740D-06  0.56420209815222D-06
  -.10268709971228D-06  0.73928716015637D-06  0.44760945949740D-06
  0.19243901738775D-06  -.24856408593621D-05  0.28476455742332D-05
  -.11102023300680D-06  0.76108029101185D-06  -.51090807584586D-06
  0.26553339971258D-07  0.68001416808627D-06  -.49664684387274D-06
  -.90377939564868D-06  0.10268280821180D-05  -.91781930500190D-06
  0.70547248041681D-06  0.17964339016352D-07  0.11110264619418D-06
  cycle =     13 MP2 energy =     -229.8266733156 |dE/dxyz| =  0.000004
   -0.00003356333799     -1.09150485124039     -4.19856448271509      h
    0.00000740874347     -1.20630078173299     -2.37960163140039      o
    0.00000083225168      1.30770591239693     -1.45747806833532      c
   -1.66923835776201      2.32819317026198     -2.13311506053808      h
    1.66923840030499      2.32819729298644     -2.13311154729040      h
    0.00000032852275      1.30770610073958      1.45747804682139      c
    1.66923726642376      2.32819902284987      2.13311166332522      h
   -1.66923954088845      2.32819186043365      2.13311470519509      h
    0.00000658627058     -1.20630054979207      2.37960162356500      o
    0.00012692001833     -1.09150457863314      4.19856450028360      h
  -.17092564017607D-06  -.66195278014547D-06  -.75202849281197D-07
  0.30745531778120D-06  0.23547787897371D-06  -.13089069428318D-05
  -.51529878301132D-07  0.13955447819569D-05  0.12465048806476D-05
  -.95451309078953D-07  -.42468418071095D-06  -.77177434931741D-06
  -.31713607295814D-07  -.55506657425930D-06  -.56898625766522D-06
  -.30770818265305D-06  0.14134198016436D-05  -.12236400193100D-05
  0.12290828799166D-06  -.44948475408368D-06  0.72397279549108D-06
  0.53502800412275D-07  -.52506308234612D-06  0.61188632272113D-06
  0.41205399247641D-06  0.22933046395224D-06  0.12759927958683D-05
  -.23859173446948D-06  -.65751623185006D-06  0.90153767118295D-07
$end
