$hessapprox internal
  0.303317845738D-01  0.811263494447D-03  0.614632979625D+00  0.544231546919D-02
  0.553165773559D-03  0.373266999686D+00  0.734752304770D-03 -0.245008743791D-04
  0.755717854907D-03  0.424261738398D+00 -0.396512216179D-03 -0.124112214016D-03
  0.660288659853D-03 -0.211773510773D-03  0.424042583168D+00  0.948767412739D-02
  0.224257372495D-02 -0.101437823910D-01  0.370758150217D-02  0.502922203522D-02
  0.261482793731D+00 -0.510864087153D-03  0.168346875075D-03 -0.170226607948D-02
  0.340941589375D-03  0.606320540075D-03 -0.103233672857D-01  0.344984000933D+00
 -0.504034942098D-03  0.207046696125D-03 -0.199800052419D-02  0.412955610811D-03
  0.722457687641D-03 -0.122815786459D-01 -0.132864502887D-02  0.318504205988D+00
 -0.764564498615D-05 -0.665405043206D-04  0.511636944782D-03 -0.124030691244D-03
 -0.200452553868D-03  0.338062843536D-02  0.380837088875D-03  0.455475231588D-03
  0.342526431690D+00  0.907877138110D-03  0.167793901515D-04  0.567826687993D-03
 -0.151053457535D-04 -0.118913603388D-03  0.217255462559D-02  0.150500187841D-03
  0.186376590246D-03 -0.616437478443D-04  0.424370585017D+00 -0.679548103476D-03
 -0.170278050909D-03  0.801635040315D-03 -0.283607044226D-03 -0.389508431811D-03
  0.644733530800D-02  0.794966730703D-03  0.946119501007D-03 -0.260933717884D-03
 -0.164541024766D-03  0.423844507307D+00  0.956396886751D-02  0.224167635645D-02
 -0.100781181235D-01  0.370199747359D-02  0.501222820537D-02 -0.828148063413D-01
 -0.102974412190D-01 -0.122500333944D-01  0.337095557227D-02  0.217250973180D-02
  0.642439197027D-02  0.262083832956D+00 -0.168743639999D-02  0.382605357565D-04
 -0.159552658022D-02  0.157934014668D-03  0.431723367841D-03 -0.759302122292D-02
 -0.679376781227D-03 -0.824439836200D-03  0.249787871422D-03  0.180292533676D-04
  0.580189195942D-03 -0.758282041763D-02  0.345796871443D+00 -0.458782143299D-03
  0.209914213568D-03 -0.198549469445D-02  0.416000687215D-03  0.722692971151D-03
 -0.122772617482D-01 -0.133283200041D-02 -0.159744746492D-02  0.456357229253D-03
  0.189495524366D-03  0.945942378861D-03 -0.122454228295D-01 -0.831186843563D-03
  0.318494952502D+00 -0.120328886256D-02 -0.164581514404D-03  0.354475213805D-03
 -0.246141276239D-03 -0.274257482126D-03  0.440691905535D-02  0.619660016039D-03
  0.732762019897D-03 -0.195435061986D-03 -0.164661806887D-03 -0.344262828496D-03
  0.438624168563D-02  0.511908896118D-03  0.730575301169D-03  0.342451497813D+00
 -0.163447854250D-01 -0.802304808171D-03 -0.633229735917D-02 -0.663401272341D-03
  0.623177652029D-03 -0.135072526871D-01  0.169095957253D-03  0.877671444357D-04
  0.135874484272D-03 -0.910566393768D-03  0.986090392601D-03 -0.135793181103D-01
  0.155834236971D-02  0.384584664779D-04  0.148169334507D-02  0.324124998810D-01
  0.939940137849D-03  0.207712230453D-04  0.561442734621D-03 -0.928266624507D-05
 -0.112799963324D-03  0.207527680981D-02  0.136253839680D-03  0.169560772609D-03
 -0.572025434951D-04  0.288937989404D-04 -0.156922835869D-03  0.207572554299D-02
  0.587055495967D-05  0.172743358717D-03 -0.160400973496D-03 -0.949287763686D-03
  0.614656731241D+00  0.543615529286D-02  0.555375811737D-03 -0.138002711351D-03
  0.760165722951D-03  0.668146161316D-03 -0.102774819192D-01 -0.171666045157D-02
 -0.201526114457D-02  0.516579769455D-03  0.569808061437D-03  0.811932350307D-03
 -0.102114787955D-01 -0.160439649680D-02 -0.200280826570D-02  0.362481006195D-03
 -0.633060599526D-02  0.563240185667D-03  0.373222957092D+00  0.525310891250D-02
  0.133890186334D-02 -0.637266317761D-02  0.223462940346D-02  0.307958975030D-02
 -0.509967929945D-01 -0.627539534794D-02 -0.746936043720D-02  0.206110055026D-02
  0.129286292445D-02  0.395390256928D-02 -0.508161414572D-01 -0.457011301333D-02
 -0.746830039793D-02  0.272825100003D-02 -0.766641259374D-02  0.123244876559D-02
 -0.645395263409D-02  0.475457246802D+00  0.272149795720D-02  0.240778753748D-03
  0.220689943468D-03  0.310892417120D-03  0.221451589798D-03 -0.323796877882D-02
 -0.644999997570D-03 -0.752436980153D-03  0.186073387240D-03  0.250789910360D-03
  0.259281741354D-03 -0.321035363514D-02 -0.662959030590D-03 -0.745693051658D-03
  0.710259751293D-04 -0.309734573530D-02  0.250012945887D-03  0.212402011787D-03
 -0.206838216322D-02  0.377721436940D+00  0.503278044791D-02  0.132178601717D-02
 -0.640901891668D-02  0.221390515541D-02  0.306887388070D-02 -0.508563412800D-01
 -0.623685733624D-02 -0.742480752322D-02  0.205066476273D-02  0.127475883493D-02
  0.394230315086D-02 -0.506775790992D-01 -0.452538925450D-02 -0.742432598043D-02
  0.272954752201D-02 -0.742024612911D-02  0.121424735935D-02 -0.648981495654D-02
 -0.311768640885D-01 -0.209227727325D-02  0.475646062903D+00  0.253864417880D-02
  0.219189287713D-03  0.247952800819D-03  0.279884485840D-03  0.190153050637D-03
 -0.274338470016D-02 -0.570519890730D-03 -0.664630320692D-03  0.163034600535D-03
  0.228932471906D-03  0.220480610159D-03 -0.271841339821D-02 -0.598044373044D-03
 -0.658265479638D-03  0.502118797155D-04 -0.287878980651D-02  0.228572452590D-03
  0.240625948986D-03 -0.176053295707D-02  0.213029805879D-03 -0.178368558215D-02
  0.377721662587D+00  0.627128185869D-02 -0.472780062492D-04  0.519149860817D-02
 -0.409474887275D-03 -0.131650845312D-02  0.233604679683D-01  0.197866702019D-02
  0.241066260886D-02 -0.743527244020D-03  0.208134889203D-04 -0.178126986647D-02
  0.233363847256D-01  0.738795808157D-03  0.243443922550D-02 -0.162113600079D-02
 -0.597477638812D-02  0.596037510107D-04  0.521737379172D-02  0.140227783784D-01
  0.219485245704D-02  0.138717001007D-01  0.198679638215D-02  0.355083297622D+00
  0.000000000000D+00  0.000000000000D+00  0.000000000000D+00  0.000000000000D+00
  0.000000000000D+00  0.000000000000D+00  0.000000000000D+00  0.000000000000D+00
  0.000000000000D+00  0.000000000000D+00  0.000000000000D+00  0.000000000000D+00
  0.000000000000D+00  0.000000000000D+00  0.000000000000D+00  0.000000000000D+00
  0.000000000000D+00  0.000000000000D+00  0.000000000000D+00  0.000000000000D+00
  0.000000000000D+00  0.000000000000D+00  0.000000000000D+00  0.000000000000D+00
$end
