$coord
    0.76942062349468     -0.04390910053300     -4.72177933216157  h
   -0.37050321524246     -0.29207574240663     -3.32297592451521  o
    0.95795863714512      0.30824662621621     -1.06230328183599  c
    1.90709375888895      2.13967619399790     -1.20141324275285  h
    2.37760514414149     -1.13264797736594     -0.62730526167615  h
   -0.95795853725063      0.30824667446477      1.06230320037205  c
   -1.90709374490089      2.13967621910664      1.20141295512494  h
   -2.37760499249444     -1.13264798002272      0.62730513537397  h
    0.37050313580862     -0.29207570022970      3.32297592065678  o
   -0.76942115633782     -0.04391009780228      4.72177914388167  h
$intdef
# definitions of internal coordinates
   1 f  1.0000000000000 tors    2    3    6    9 val= 153.00000
$user-defined bonds
$redundant
     number_of_atoms            10
     degrees_of_freedom         24
     internal_coordinates       25
     frozen_coordinates          1
# definitions of redundant internals
   1 k  1.0000000000000 tors   1    2    3    6 val= 171.29777
   2 k  1.0000000000000 stre   2    1           val=   1.82145
   3 k  1.0000000000000 bend   3    1    2      val= 107.81384
   4 k  1.0000000000000 stre   3    4           val=   2.06745
   5 k  1.0000000000000 stre   3    5           val=   2.06901
   6 k  0.0797923635899 bend   5    4    3      val=   0.91815
       -0.5099218720673 bend   2    4    3
       -0.5078879867502 bend   2    5    3
        0.5077031190502 bend   6    4    3
        0.4667978137498 bend   6    5    3
   7 k  0.0355913258191 bend   5    4    3      val=   0.93404
       -0.5468441964695 bend   2    4    3
        0.5312407836683 bend   2    5    3
       -0.4498382668377 bend   6    4    3
        0.4638140206699 bend   6    5    3
   8 k -0.8849998141540 bend   5    4    3      val=   2.61604
        0.1752330186703 bend   2    4    3
        0.2004781738794 bend   2    5    3
        0.2507577539880 bend   6    4    3
        0.2880933333626 bend   6    5    3
   9 k -0.0081760469467 bend   5    4    3      val=   1.11622
       -0.4427810876409 bend   2    4    3
        0.4719474530973 bend   2    5    3
        0.5313140857572 bend   6    4    3
       -0.5466708374102 bend   6    5    3
  10 k  1.0000000000000 stre   6    7           val=   2.06745
  11 k  1.0000000000000 stre   6    8           val=   2.06901
  12 k  0.0797924570341 bend   8    7    6      val=   0.91815
       -0.5099220260488 bend   9    7    6
       -0.5078878346228 bend   9    8    6
        0.5077031102497 bend   3    7    6
        0.4667978046603 bend   3    8    6
  13 k  0.0355914513969 bend   8    7    6      val=   0.93406
       -0.5468441078202 bend   9    7    6
        0.5312409524015 bend   9    8    6
       -0.4498382681742 bend   3    7    6
        0.4638139209935 bend   3    8    6
  14 k -0.8849998215828 bend   8    7    6      val=   2.61604
        0.1752328820331 bend   9    7    6
        0.2004781919416 bend   9    8    6
        0.2507577719805 bend   3    7    6
        0.2880933654217 bend   3    8    6
  15 k -0.0081760217812 bend   8    7    6      val=   1.11621
       -0.4427809909386 bend   9    7    6
        0.4719474481694 bend   9    8    6
        0.5313140275267 bend   3    7    6
       -0.5466709769606 bend   3    8    6
  16 k  1.0000000000000 tors  10    9    6    3 val= 171.29781
  17 k  1.0000000000000 stre   9   10           val=   1.82145
  18 k  1.0000000000000 bend   6   10    9      val= 107.81384
  19 k  1.0000000000000 tors   2    3    6    9 val= 153.00000
  20 k  1.0000000000000 stre   3    2           val=   2.68995
  21 k  1.0000000000000 bend   6    2    3      val= 107.06093
  22 k  1.0000000000000 stre   6    9           val=   2.68995
  23 k  1.0000000000000 bend   3    9    6      val= 107.06094
  24 k  1.0000000000000 stre   3    6           val=   2.86089
  25 f  1.0000000000000 tors   2    3    6    9 val= 153.00000
        24 non zero eigenvalues  of BmBt
           1           3.977754751    1    0
         1
           2           3.776465412    2    0
         2
           3           3.725525783    3    0
         3
           4           3.052244574    4    0
         4
           5           3.003901670    5    0
         5
           6           2.438420811    6    0
         6
           7           2.141070750    7    0
         7
           8           1.688538262    8    0
         8
           9           1.245444371    9    0
         9
          10           1.175153216   10    0
        10
          11           1.044890091   11    0
        11
          12           0.865016599   12    0
        12
          13           0.770201947   13    0
        13
          14           0.755179643   14    0
        14
          15           0.577438584   15    0
        15
          16           0.405659682   16    0
        16
          17           0.354774060   17    0
        17
          18           0.339524241   18    0
        18
          19           0.282776244   20    0
        20
          20           0.253313009   21    0
        21
          21           0.132773612   22    0
        22
          22           0.067294494   23    0
        23
          23           0.066898338   24    0
        24
          24           0.000000000    0    1
         0.000000000         0.000000000         0.000000000         0.000000000
         0.000000000         0.000000000         0.000000000         0.000000000
         0.000000000         0.000000000         0.000000000         0.000000000
         0.000000000         0.000000000         0.000000000         0.000000000
         0.000000000         0.000000000         0.000000000         0.000000000
         0.000000000         0.000000000         0.000000000         0.000000000
         1.000000000
$end
