$energy      SCF               SCFKIN            SCFPOT            MP2
     1 -229.0275580899      228.771981     -457.799540     -.8122676890144
     2 -229.0278737863      228.789355     -457.817229     -.8124065116963
     3 -229.0277630898      228.791726     -457.819489     -.8126294918107
     4 -229.0277378832      228.788788     -457.816526     -.8126586300749
     5 -229.0277215482      228.789000     -457.816722     -.8126759467474
     6 -229.0277211279      228.788672     -457.816393     -.8126764314476
     7 -229.0277211120      228.788564     -457.816285     -.8126764199276
     8 -229.0277211120      228.788564     -457.816286     -.8126764300245
     9 -229.0277210731      228.788562     -457.816284     -.8126764686725
    10 -229.0277208994      228.788561     -457.816282     -.8126766590132
    11 -229.0277208994      228.788561     -457.816282     -.8126766520564
    12 -229.0277208997      228.788559     -457.816280     -.8126766500881
    13 -229.0277208469      228.788558     -457.816279     -.8126767065103
$end
