$grad          cartesian gradients
  cycle =      1 MP2 energy =     -229.8398257789 |dE/dxyz| =  0.009216
    0.80247306742801     -0.29743695778676     -4.71420371471033      h
   -0.37321947597931     -0.28628464816694     -3.32772230955600      o
    0.95664461633562      0.31414577554290     -1.06530292909489      c
    1.84818373241814      2.18060319502644     -1.18207299897911      h
    2.43117858955516     -1.08318689384665     -0.65869183047378      h
   -0.95660750709131      0.31424763708938      1.06529885117808      c
   -1.84798068495258      2.18076898788864      1.18205499932702      h
   -2.43126712815948     -1.08297129231018      0.65867660518360      h
    0.37319992663807     -0.28622536738391      3.32773885263538      o
   -0.80271947204968     -0.29843459359519      4.71402294630602      h
  -.23417419110374D-02  -.11729939673946D-02  0.21618177512250D-03
  0.28969990358698D-02  -.13367062559431D-02  -.25307963211487D-02
  -.21610042365672D-02  0.80601933482249D-03  0.12970413396968D-02
  -.86184877916518D-03  0.15488911650525D-02  0.14832506638736D-02
  0.24396980178700D-02  0.15333575891630D-03  -.81636745257524D-03
  0.21608279104677D-02  0.81369341377324D-03  -.12956310561624D-02
  0.86518655483947D-03  0.15446731102275D-02  -.14817942294289D-02
  -.24437994455413D-02  0.15098644086109D-03  0.81421910329132D-03
  -.28947374674546D-02  -.13338476794442D-02  0.25291230301328D-02
  0.23404203199058D-02  -.11740513349715D-02  -.21522685308462D-03
  cycle =      2 MP2 energy =     -229.8402802980 |dE/dxyz| =  0.005130
    0.78815690441797     -0.16283221827927     -4.71957716680773      h
   -0.36778647024267     -0.30920619372229     -3.32068940448708      o
    0.95971879430890      0.29069205095835     -1.06212900884688      c
    1.88212393209582      2.13907587721283     -1.18690807164949      h
    2.40349455224756     -1.12982959589344     -0.64340508734917      h
   -0.95967861540829      0.29073687462613      1.06211043531543      c
   -1.88193602067405      2.13918636688041      1.18696480333577      h
   -2.40356659295788     -1.12964831565591      0.64329663626017      h
    0.36774524517257     -0.30934810745610      3.32066883514552      o
   -0.78838606481729     -0.16360089621298      4.71946650089946      h
  -.75145011746747D-03  -.54192717946444D-03  -.17673063602341D-03
  0.17091123466484D-02  -.19776868653572D-02  0.56990641348165D-03
  -.81347913373531D-03  0.13650032994390D-02  -.31074717575200D-03
  -.35759399129631D-03  0.69500080583573D-03  0.72711052946045D-03
  0.67248892023830D-03  0.45811822365138D-03  -.83085524103116D-03
  0.81372374474187D-03  0.13683890990888D-02  0.30948697340888D-03
  0.35818364734452D-03  0.69385548269096D-03  -.72580215868895D-03
  -.67294701557641D-03  0.45794219115969D-03  0.82973621554139D-03
  -.17094175154062D-02  -.19754239599692D-02  -.56859772984375D-03
  0.75137911459944D-03  -.54327104060850D-03  0.17649280864207D-03
  cycle =      3 MP2 energy =     -229.8403925816 |dE/dxyz| =  0.005938
    0.77336926583791     -0.06114565900542     -4.72195968597495      h
   -0.36207001828699     -0.32623215840676     -3.32217635088577      o
    0.96078456239883      0.27358801506416     -1.06019430517923      c
    1.90772737536378      2.10706622090781     -1.19122192889864      h
    2.38145658070330     -1.16531742995419     -0.62621057323433      h
   -0.96077878692425      0.27357216762070      1.06017147057146      c
   -1.90757056141956      2.10711909491662      1.19137306574748      h
   -2.38156642969393     -1.16516918212275      0.62602534105442      h
    0.36200431201567     -0.32658638219558      3.32210249469878      o
   -0.77347063585211     -0.06166884436685      4.72188894391677      h
  0.65085679238575D-04  0.45178881029395D-04  -.21059247434518D-03
  0.67632811420548D-03  -.28146252974608D-02  0.11462280083485D-02
  -.64370815332504D-03  0.24755473790030D-02  -.10641326898969D-02
  -.95537293995918D-05  0.87650665682393D-04  0.24926467951319D-03
  -.13963636696213D-03  0.20535142972467D-03  -.27311268279445D-03
  0.64425852845718D-03  0.24763752888552D-02  0.10651000508061D-02
  0.88394331010377D-05  0.88339062950027D-04  -.24893364694217D-03
  0.14041158602485D-03  0.20545230590274D-03  0.27248389219359D-03
  -.67667629148893D-03  -.28142208075987D-02  -.11466011596513D-02
  -.65348800274645D-04  0.44951165906526D-04  0.21029602441125D-03
  cycle =      4 MP2 energy =     -229.8403965133 |dE/dxyz| =  0.005893
    0.77476730895204     -0.06486540597438     -4.72200106472755      h
   -0.36329868717770     -0.32472286281593     -3.32386077744581      o
    0.96007130626442      0.27526834892683     -1.06064424738237      c
    1.90876888937354      2.10735031389719     -1.19468732451779      h
    2.37980495276994     -1.16505864975559     -0.62429015195884      h
   -0.96007699079175      0.27523996095283      1.06061940759954      c
   -1.90861612456389      2.10739010804624      1.19485453492218      h
   -2.37993356013272     -1.16491636556827      0.62409916342877      h
    0.36323189697708     -0.32511052579948      3.32377496900250      o
   -0.77483332752832     -0.06534907945170      4.72193396289537      h
  -.49574789274587D-04  0.80721953650831D-05  -.38474439741254D-04
  0.61441047154265D-03  -.27837123558681D-02  0.51059472744353D-03
  -.82119713071593D-03  0.27376096057818D-02  -.88019854958299D-03
  -.15435739408876D-05  0.15375842081333D-04  0.14100505549908D-03
  0.92727974188023D-05  0.22394184536090D-04  -.63325905066691D-04
  0.82148542448834D-03  0.27380550433120D-02  0.88110631223931D-03
  0.14588063654841D-05  0.15401859304820D-04  -.14102907698471D-03
  -.91908367032545D-05  0.22286553401862D-04  0.62823742476958D-04
  -.61455259747412D-03  -.27835212775127D-02  -.51096624958902D-03
  0.49431427933122D-04  0.80384255097821D-05  0.38464381661107D-04
  cycle =      5 MP2 energy =     -229.8403974949 |dE/dxyz| =  0.005738
    0.77635839316212     -0.07169715381526     -4.72048391628189      h
   -0.36487611100985     -0.32278889986372     -3.32331342000888      o
    0.95982135610652      0.27734064966435     -1.06056735989695      c
    1.90925156224363      2.10875004683216     -1.19763159058385      h
    2.37877921734308     -1.16362718785532     -0.62316580294804      h
   -0.95983331507475      0.27730642277205      1.06054046439021      c
   -1.90910180044142      2.10878438749156      1.19780751606022      h
   -2.37891786301678     -1.16348737755913      0.62297681958589      h
    0.36480997364077     -0.32319232554209      3.32321943169950      o
   -0.77640574881068     -0.07216271966687      4.72041632979980      h
  -.76195170048976D-05  0.71160581284202D-05  0.16687474581278D-04
  0.48940502520711D-03  -.27221701978437D-02  0.48845505019113D-03
  -.76487530601188D-03  0.27361464716089D-02  -.70656519024220D-03
  -.12661059489716D-05  -.63938737087099D-05  0.15653065710775D-04
  0.21452705474267D-04  -.14631505117713D-04  0.92482270888095D-05
  0.76511474415408D-03  0.27358861789510D-02  0.70715501638335D-03
  0.13249154373618D-05  -.64052486261623D-05  -.15737439316377D-04
  -.21440438490838D-04  -.14619350476419D-04  -.92563419070157D-05
  -.48970422674444D-03  -.27220421713858D-02  -.48887715190471D-03
  0.76082035662672D-05  0.71137272876776D-05  -.16762712478080D-04
  cycle =      6 MP2 energy =     -229.8403975593 |dE/dxyz| =  0.005703
    0.77687986645485     -0.07342658878121     -4.72053610624679      h
   -0.36506593986002     -0.32236133098086     -3.32353179620470      o
    0.95971097356884      0.27777117485200     -1.06070764061886      c
    1.90916120801613      2.10915980398488     -1.19811068188217      h
    2.37865788103352     -1.16316524800949     -0.62338210935190      h
   -0.95972358225445      0.27773654171475      1.06068031357777      c
   -1.90901205109374      2.10919368520826      1.19828773394019      h
   -2.37879751496602     -1.16302557825736      0.62319305035151      h
    0.36499998137077     -0.32276628928409      3.32343704215698      o
   -0.77692515812723     -0.07389032798916      4.72046866609399      h
  -.27257065453590D-05  0.14794856216249D-05  0.43214838685302D-05
  0.48596376113608D-03  -.27141539868016D-02  0.45198054351392D-03
  -.76274944605403D-03  0.27204127439848D-02  -.68770682042213D-03
  0.13929920867906D-05  -.35409578473811D-05  0.19964360696845D-05
  0.11689477676491D-04  -.41249063502669D-05  0.64327927405960D-05
  0.76298467923053D-03  0.27201404349790D-02  0.68813784631100D-03
  -.13584897931018D-05  -.35341574466941D-05  -.20534653990545D-05
  -.11687075011757D-04  -.41078113555137D-05  -.64139791846052D-05
  -.48623439553008D-03  -.27140480344467D-02  -.45234017013485D-03
  0.27242025457674D-05  0.14772787453321D-05  -.43546675145834D-05
  cycle =      7 MP2 energy =     -229.8403975319 |dE/dxyz| =  0.005693
    0.77705737394751     -0.07395244463101     -4.72056693054688      h
   -0.36511629906377     -0.32222610961995     -3.32361833072678      o
    0.95967737421500      0.27790719926197     -1.06075778999390      c
    1.90913646357470      2.10929525679696     -1.19822659423232      h
    2.37857608762471     -1.16304615954000     -0.62350431344400      h
   -0.95969020484057      0.27787257340431      1.06073023994674      c
   -1.90898773684273      2.10932900470141      1.19840436164480      h
   -2.37871595530566     -1.16290647647536      0.62331484801420      h
    0.36505037595383     -0.32263171289550      3.32352332151407      o
   -0.77710181512036     -0.07441528854511      4.72049965964009      h
  -.33680803834812D-06  -.22128584870051D-06  -.10227959288400D-05
  0.48540303681399D-03  -.27148319873160D-02  0.44009799580103D-03
  -.75651542921973D-03  0.27140371500127D-02  -.68198403895336D-03
  0.20292520945819D-05  -.67183685237282D-06  -.54599159665658D-06
  0.20614871467650D-05  0.17294878054130D-05  0.15486281070287D-05
  0.75675473873282D-03  0.27138416784238D-02  0.68232648579303D-03
  -.20253934285286D-05  -.65803302806700D-06  0.52228659491727D-06
  -.20553673825141D-05  0.17386457882296D-05  -.15401932013659D-05
  -.48565032539560D-03  -.27147427535090D-02  -.44042555152135D-03
  0.33480801908681D-06  -.22097707819135D-06  0.10231761988777D-05
  cycle =      8 MP2 energy =     -229.8403975420 |dE/dxyz| =  0.005693
    0.76938737475565     -0.04383694675551     -4.72179316367204      h
   -0.37049785132612     -0.29208237649481     -3.32297159515069      o
    0.95795436860827      0.30823638399620     -1.06230616719615      c
    1.90710746593014      2.13965849413042     -1.20142447707706      h
    2.37762713605560     -1.13262996101818     -0.62728415271100      h
   -0.95795422046735      0.30823650476621      1.06230618432030      c
   -1.90710694835361      2.13965889278191      1.20142398911609      h
   -2.37762721145744     -1.13262956624878      0.62728418464013      h
    0.37049774224071     -0.29208233299561      3.32297161955443      o
   -0.76938785070290     -0.04383767215622      4.72179302829151      h
  -.87848140539748D-06  0.45339752563489D-06  -.10455935126608D-05
  0.48645197911412D-03  -.27152622137754D-02  0.43961476347132D-03
  -.75759368538586D-03  0.27138358538847D-02  -.68089230517382D-03
  0.19877632788656D-05  -.65380717240160D-06  -.55676275034777D-06
  0.21624635877515D-05  0.16426778390866D-05  0.15606208019769D-05
  0.75756939692972D-03  0.27137353849653D-02  0.68091520083163D-03
  -.19781483224790D-05  -.66056434011585D-06  0.53313823927814D-06
  -.21598188779670D-05  0.16377438116777D-05  -.15560849811469D-05
  -.48644399528186D-03  -.27152135074013D-02  -.43962612522641D-03
  0.88252701946345D-06  0.48512327477379D-06  0.10531507443901D-05
  cycle =      9 MP2 energy =     -229.8403975418 |dE/dxyz| =  0.005693
    0.76941437424608     -0.04394968290984     -4.72178187432809      h
   -0.37051537139965     -0.29205231009278     -3.32297212756869      o
    0.95795128001003      0.30826807881813     -1.06230910874004      c
    1.90709798873062      2.13969261827642     -1.20142547217377      h
    2.37761193810658     -1.13261328100184     -0.62730524319715      h
   -0.95795095431851      0.30826844106676      1.06230911147360      c
   -1.90709750826066      2.13969319118133      1.20142478089680      h
   -2.37761172984532     -1.13261279973559      0.62730541433165      h
    0.37051524445444     -0.29205198349589      3.32297228922273      o
   -0.76941525644067     -0.04395085210106      4.72178168019847      h
  -.14335171139024D-06  -.17197129719149D-05  -.32271016259244D-06
  0.48519130463820D-03  -.27143614967540D-02  0.43797216957309D-03
  -.75554014072843D-03  0.27156673987481D-02  -.67971569826286D-03
  0.12379253562234D-05  -.47112407974836D-06  0.50183929789505D-08
  0.11777509256738D-05  0.88350565619066D-06  0.67528198527400D-06
  0.75555191703458D-03  0.27156561837185D-02  0.67973313176961D-03
  -.12507612356938D-05  -.46068639303343D-06  -.24668766585023D-07
  -.11643859800792D-05  0.88251986252175D-06  -.66296233064422D-06
  -.48520078175063D-03  -.27143557411620D-02  -.43797897372944D-03
  0.14052376373641D-06  -.17207577859280D-05  0.31941149503112D-06
  cycle =     10 MP2 energy =     -229.8403975584 |dE/dxyz| =  0.005696
    0.76940343100334     -0.04387233792846     -4.72178365211800      h
   -0.37050663469531     -0.29207026598302     -3.32297523714817      o
    0.95795619881271      0.30825136188260     -1.06230491750049      c
    1.90709688629853      2.13967875177324     -1.20141410678750      h
    2.37760400706887     -1.13264210575582     -0.62730589838931      h
   -0.95795588411988      0.30825175122689      1.06230489487816      c
   -1.90709649903597      2.13967929109644      1.20141357438970      h
   -2.37760378439053     -1.13264162314322      0.62730596589459      h
    0.37050647706908     -0.29207012970965      3.32297536116520      o
   -0.76940419272790     -0.04387327345336      4.72178346573134      h
  -.65088624223719D-06  0.91723194411975D-06  -.20341909046095D-07
  0.48539379175683D-03  -.27176762260357D-02  0.43715295297009D-03
  -.75338075616838D-03  0.27165313910367D-02  -.67860925505803D-03
  0.61555787933543D-06  -.72536265438572D-07  0.18423907927057D-06
  0.28711595367881D-06  0.28987901634636D-06  0.28753720743291D-06
  0.75340151554570D-03  0.27165637230924D-02  0.67862254925088D-03
  -.63779437509126D-06  -.60656066391829D-07  -.19590199823449D-06
  -.27209280117901D-06  0.28660581108397D-06  -.27752212922172D-06
  -.48540840098177D-03  -.27177002812366D-02  -.43716049648967D-03
  0.65194909248945D-06  0.92095780851453D-06  0.16241987310650D-07
  cycle =     11 MP2 energy =     -229.8403975515 |dE/dxyz| =  0.005695
    0.76941342123271     -0.04388342170929     -4.72178203969848      h
   -0.37049958609238     -0.29208147424681     -3.32297604399724      o
    0.95795840434783      0.30824023416142     -1.06230289975885      c
    1.90709922383877      2.13966771069225     -1.20141004770871      h
    2.37760541898642     -1.13265311455307     -0.62730089671134      h
   -0.95795818003155      0.30824041803578      1.06230285333581      c
   -1.90709925239560      2.13966787126879      1.20140955226665      h
   -2.37760503063866     -1.13265307525020      0.62730089261512      h
    0.37049944476621     -0.29208138237317      3.32297612429732      o
   -0.76941421076113     -0.04388465060043      4.72178181782736      h
  -.50184485322902D-06  0.36015186105631D-06  0.55176236912757D-08
  0.48533235253778D-03  -.27171280602483D-02  0.43722850606187D-03
  -.75350911584149D-03  0.27165228301549D-02  -.67875942780654D-03
  0.60947910385245D-06  -.62555349344962D-07  0.17203593383197D-06
  0.31403350853054D-06  0.29938070333912D-06  0.32742769318084D-06
  0.75352899745695D-03  0.27165507547491D-02  0.67877423204843D-03
  -.63427519725323D-06  -.50143568408600D-07  -.18410167024197D-06
  -.29701239201430D-06  0.29538854118272D-06  -.31686191215297D-06
  -.48534381399090D-03  -.27171444573035D-02  -.43723692477382D-03
  0.50119975192331D-06  0.35679948995337D-06  -.10405825534576D-07
  cycle =     12 MP2 energy =     -229.8403975498 |dE/dxyz| =  0.005694
    0.76943029607728     -0.04396104096225     -4.72177596982934      h
   -0.37051023004011     -0.29206260881791     -3.32297473613766      o
    0.95795629413255      0.30825960245968     -1.06230527048998      c
    1.90709216879691      2.13968875013839     -1.20141667501120      h
    2.37760410836188     -1.13263467325100     -0.62730985338205      h
   -0.95795620350411      0.30825963058929      1.06230519591761      c
   -1.90709218853655      2.13968874798815      1.20141643725194      h
   -2.37760395110281     -1.13263469076381      0.62730967845304      h
    0.37051011445863     -0.29206272314755      3.32297471215552      o
   -0.76943075539106     -0.04396187880774      4.72177579353976      h
  0.25718105423067D-07  -.11013316322805D-05  -.19094138714593D-07
  0.48450632910413D-03  -.27158126661386D-02  0.43719513547735D-03
  -.75273787897823D-03  0.27168763314911D-02  -.67852600126084D-03
  0.29566235482115D-06  -.11284007106482D-06  0.15406694764408D-06
  0.29920164168473D-06  0.14828407968182D-06  0.74958702911410D-07
  0.75274577794460D-03  0.27168937194568D-02  0.67853738636514D-03
  -.30321802313438D-06  -.11189368809283D-06  -.16051417639495D-06
  -.29635738840739D-06  0.14462944664118D-06  -.73371945352729D-07
  -.48451142275496D-03  -.27158288116289D-02  -.43720145368376D-03
  -.23812475991036D-07  -.10953324136032D-05  0.18886822328312D-07
  cycle =     13 MP2 energy =     -229.8403975534 |dE/dxyz| =  0.005695
    0.76942062349468     -0.04390910053300     -4.72177933216157      h
   -0.37050321524246     -0.29207574240663     -3.32297592451521      o
    0.95795863714512      0.30824662621621     -1.06230328183599      c
    1.90709375888895      2.13967619399790     -1.20141324275285      h
    2.37760514414149     -1.13264797736594     -0.62730526167615      h
   -0.95795853725063      0.30824667446477      1.06230320037205      c
   -1.90709374490089      2.13967621910664      1.20141295512494      h
   -2.37760499249444     -1.13264798002272      0.62730513537397      h
    0.37050313580862     -0.29207570022970      3.32297592065678      o
   -0.76942115633782     -0.04391009780228      4.72177914388167      h
  -.37851961476321D-06  0.67154405009040D-06  -.10891611701425D-06
  0.48498213686443D-03  -.27174971363189D-02  0.43722958938552D-03
  -.75248563535402D-03  0.27167374630861D-02  -.67835027191249D-03
  0.26484936999083D-06  -.54713241937066D-07  0.67437064377174D-07
  0.21527399063359D-06  0.14073759135869D-06  0.15410773612778D-06
  0.75249292514767D-03  0.27167508002062D-02  0.67835767257141D-03
  -.26894803006883D-06  -.55468589721386D-07  -.74170481145774D-07
  -.21479371969946D-06  0.13741438653625D-06  -.15251110574432D-06
  -.48498413305076D-03  -.27174984188902D-02  -.43723071266211D-03
  0.37684395159943D-06  0.66786640734451D-06  0.10777399994666D-06
$end
