$hessapprox internal
  0.306437381013D-01 -0.582487039816D-03  0.615469976890D+00  0.361467524958D-02
  0.102445632482D-02  0.370317836824D+00  0.752226551050D-04  0.403914015580D-03
 -0.860579355916D-03  0.426014429010D+00  0.100574291558D-02  0.211413416936D-03
 -0.310541988657D-03 -0.183459396867D-03  0.424980096293D+00 -0.184862620200D-02
 -0.116382700976D-02  0.224341278774D-02  0.926687383352D-03  0.454848881676D-03
  0.344226351765D+00 -0.446112045859D-03 -0.717751486740D-03  0.148401127115D-02
  0.555837741592D-03  0.311882309745D-03 -0.163695395278D-02  0.346667296925D+00
  0.426394945775D-02  0.191328374419D-02 -0.351075943468D-02 -0.155108681883D-02
 -0.692384307746D-03  0.426750930045D-02  0.271763956646D-02  0.314684984189D+00
 -0.488580340693D-03  0.618273596372D-03 -0.140469139128D-02 -0.459096295223D-03
 -0.308112593429D-03  0.143734684281D-02  0.837735856656D-03 -0.244889668561D-02
  0.345269519562D+00  0.876673810195D-04  0.446223542621D-03 -0.950063168701D-03
 -0.341280480569D-03 -0.202470194026D-03  0.102361419488D-02  0.614160074659D-03
 -0.171299696954D-02 -0.507506473096D-03  0.425946061144D+00  0.101933924001D-02
  0.190137662107D-03 -0.262670006576D-03 -0.167588570429D-03 -0.418846627101D-04
  0.405488030248D-03  0.282984786636D-03 -0.608511625000D-03 -0.285162362960D-03
 -0.184926758779D-03  0.425000231018D+00 -0.188125417080D-02 -0.117067161340D-02
  0.225345708276D-02  0.932628466424D-03  0.456540463815D-03 -0.263387444957D-02
 -0.164705272532D-02  0.428991731813D-02  0.144732679867D-02  0.103017090052D-02
  0.406840906471D-03  0.344196849523D+00 -0.629480974837D-03 -0.831904634009D-03
  0.170375838568D-02  0.646777442912D-03  0.356403275769D-03 -0.189378750892D-02
 -0.115509592512D-02  0.313596202785D-02  0.978860705159D-03  0.714611064139D-03
  0.322659672143D-03 -0.190532745548D-02  0.346320906073D+00  0.427552498254D-02
  0.191750582898D-02 -0.351819311994D-02 -0.155455853563D-02 -0.693814289425D-03
  0.427685883250D-02  0.272368360179D-02 -0.687905606782D-02 -0.245445273282D-02
 -0.171683051570D-02 -0.609751703081D-03  0.429931311980D-02  0.314292228503D-02
  0.314655188961D+00 -0.528245860305D-03  0.581753385602D-03 -0.133163896501D-02
 -0.430431473671D-03 -0.293010528129D-03  0.135458636702D-02  0.786766868194D-03
 -0.231271694663D-02 -0.616558594684D-03 -0.475838578977D-03 -0.271568396898D-03
  0.136407737999D-02  0.919774005255D-03 -0.231797226214D-02  0.345354555443D+00
  0.161936105995D-01 -0.574984163905D-03  0.358481258566D-02  0.716500072776D-04
  0.998001919173D-03 -0.182841783335D-02 -0.437865291484D-03  0.422328614310D-02
 -0.490381184430D-03  0.836927670690D-04  0.101167975468D-02 -0.186079477935D-02
 -0.619239656239D-03  0.423475877502D-02 -0.529524018987D-03  0.304553321006D-01
 -0.584510842341D-03 -0.520913886533D-03  0.103928711970D-02  0.409289739356D-03
  0.214564761698D-03 -0.117988661654D-02 -0.727413258197D-03  0.194011302254D-02
  0.626291322079D-03  0.452163962245D-03  0.193011980710D-03 -0.118683326963D-02
 -0.843142316044D-03  0.194439506889D-02  0.589273578949D-03 -0.576941601181D-03
  0.615455871647D+00  0.361393295011D-02  0.101483171523D-02 -0.166639382908D-02
 -0.853244195358D-03 -0.306122982367D-03  0.222129853764D-02  0.147078933406D-02
 -0.347366974696D-02 -0.139382557258D-02 -0.941956919994D-03 -0.258626839456D-03
  0.223119972541D-02  0.168836615967D-02 -0.348102028619D-02 -0.132145607497D-02
  0.358414903661D-02  0.102953478231D-02  0.370358986566D+00 -0.291552110208D-02
 -0.131371584859D-02  0.241235918702D-02  0.106474490809D-02  0.475963871860D-03
 -0.293057714095D-02 -0.186574464462D-02  0.471465372522D-02  0.168062492411D-02
  0.117589146691D-02  0.418401678872D-03 -0.294598107856D-02 -0.215301587453D-02
  0.472487533396D-02  0.158712123154D-02 -0.288767479591D-02 -0.133213333281D-02
  0.238689967299D-02  0.491633807539D+00 -0.159121671001D-02  0.854427506157D-03
 -0.207382960500D-02 -0.613772844406D-03 -0.467205272659D-03  0.201496883688D-02
  0.113785627310D-02 -0.349751799060D-02 -0.848326365327D-03 -0.678754321738D-03
 -0.437527264762D-03  0.203010487339D-02  0.133580232948D-02 -0.350556319311D-02
 -0.787868176729D-03 -0.158814026680D-02  0.865187622671D-03 -0.205936300294D-02
  0.239964978621D-02  0.381843364158D+00 -0.294279026834D-02 -0.133932232963D-02
  0.246365912633D-02  0.108483126033D-02  0.486577354262D-03 -0.298862236206D-02
 -0.190147025394D-02  0.481020449087D-02  0.171130872144D-02  0.119808231399D-02
  0.427958951152D-03 -0.300436992279D-02 -0.219443502021D-02  0.482063717782D-02
  0.161598550282D-02 -0.291458077369D-02 -0.135808847363D-02  0.243772109614D-02
 -0.330385332440D-02  0.244195864061D-02  0.491501370034D+00 -0.161034361768D-02
  0.882528454726D-03 -0.213722798325D-02 -0.634708593277D-03 -0.481069997935D-03
  0.208020100912D-02  0.117599868725D-02 -0.360844127542D-02 -0.878556925263D-03
 -0.701896797733D-03 -0.450342034788D-03  0.209578612260D-02  0.138034915431D-02
 -0.361673777030D-02 -0.816106963253D-03 -0.160736773240D-02  0.893654058105D-03
 -0.212226567523D-02  0.247577613040D-02 -0.107302776020D-02  0.251947990272D-02
  0.381763943668D+00 -0.742035698695D-03 -0.607915186506D-03  0.120419377185D-02
  0.479000186389D-03  0.247692905544D-03 -0.137507595328D-02 -0.850202021580D-03
  0.225673852753D-02  0.735096085010D-03  0.529160629237D-03  0.222407164262D-03
 -0.138309491332D-02 -0.985068969153D-03  0.226171174857D-02  0.691889652783D-03
 -0.732838344250D-03 -0.616225673151D-03  0.119277669836D-02 -0.154958005520D-02
  0.101873523844D-02 -0.157987633855D-02  0.105213621905D-02  0.395593232081D+00
  0.000000000000D+00  0.000000000000D+00  0.000000000000D+00  0.000000000000D+00
  0.000000000000D+00  0.000000000000D+00  0.000000000000D+00  0.000000000000D+00
  0.000000000000D+00  0.000000000000D+00  0.000000000000D+00  0.000000000000D+00
  0.000000000000D+00  0.000000000000D+00  0.000000000000D+00  0.000000000000D+00
  0.000000000000D+00  0.000000000000D+00  0.000000000000D+00  0.000000000000D+00
  0.000000000000D+00  0.000000000000D+00  0.000000000000D+00  0.000000000000D+00
$end
