$coord
    0.00361902861327     -1.08989027129543     -4.19928898230878  h
   -0.03764195282924     -1.20481095098860     -2.38081474421596  o
    0.05749589524255      1.30612405195145     -1.45542822091090  c
   -1.51890042131382      2.42759052172035     -2.19062826408657  h
    1.81136965623883      2.22206543256747     -2.06459242928707  h
   -0.05749616939932      1.30612406450745      1.45542818299047  c
    1.51889982508667      2.42759099415136      2.19062819567051  h
   -1.81137019603857      2.22206496510508      2.06459237253965  h
    0.03764236644575     -1.20481089260358      2.38081476237358  o
   -0.00361836999605     -1.08989017004267      4.19928900368115  h
$intdef
# definitions of internal coordinates
   1 f  1.0000000000000 tors    2    3    6    9 val=   6.00000
$user-defined bonds
$redundant
     number_of_atoms            10
     degrees_of_freedom         24
     internal_coordinates       25
     frozen_coordinates          1
# definitions of redundant internals
   1 k  1.0000000000000 tors   1    2    3    6 val= 178.80202
   2 k  1.0000000000000 stre   2    1           val=   1.82257
   3 k  1.0000000000000 bend   3    1    2      val= 106.55167
   4 k  1.0000000000000 stre   3    4           val=   2.06960
   5 k  1.0000000000000 stre   3    5           val=   2.07029
   6 k  0.0661312017126 bend   5    4    3      val=   0.65049
       -0.5148444962107 bend   2    4    3
       -0.5021727756584 bend   2    5    3
        0.4876679798932 bend   6    4    3
        0.4904734994432 bend   6    5    3
   7 k  0.0058531925895 bend   5    4    3      val=   0.17319
       -0.5406028865308 bend   2    4    3
        0.5497844980369 bend   2    5    3
       -0.4542098263299 bend   6    4    3
        0.4462563149075 bend   6    5    3
   8 k  0.8951294631014 bend   5    4    3      val=  -0.21539
       -0.1810276215231 bend   2    4    3
       -0.1916627888126 bend   2    5    3
       -0.2544775766548 bend   6    4    3
       -0.2539267274195 bend   6    5    3
   9 k -0.0034725666789 bend   5    4    3      val=   0.47793
        0.4498727179653 bend   2    4    3
       -0.4505594843842 bend   2    5    3
       -0.5410894458322 bend   6    4    3
        0.5493822362905 bend   6    5    3
  10 k  1.0000000000000 stre   6    7           val=   2.06960
  11 k  1.0000000000000 stre   6    8           val=   2.07029
  12 k  0.0661312095428 bend   8    7    6      val=   0.65049
       -0.5148447383873 bend   9    7    6
       -0.5021725284732 bend   9    8    6
        0.4876680316052 bend   3    7    6
        0.4904734458423 bend   3    8    6
  13 k  0.0058535816122 bend   8    7    6      val=   0.17322
       -0.5406027292487 bend   9    7    6
        0.5497846522843 bend   9    8    6
       -0.4542099119466 bend   3    7    6
        0.4462562231648 bend   3    8    6
  14 k  0.8951294645938 bend   8    7    6      val=  -0.21539
       -0.1810273761113 bend   9    7    6
       -0.1916630248176 bend   9    8    6
       -0.2544774916504 bend   3    7    6
       -0.2539268041689 bend   3    8    6
  15 k -0.0034726378715 bend   8    7    6      val=   0.47794
        0.4498726223320 bend   9    7    6
       -0.4505595706949 bend   9    8    6
       -0.5410892537783 bend   3    7    6
        0.5493824325214 bend   3    8    6
  16 k  1.0000000000000 tors  10    9    6    3 val= 178.80201
  17 k  1.0000000000000 stre   9   10           val=   1.82257
  18 k  1.0000000000000 bend   6   10    9      val= 106.55167
  19 k  1.0000000000000 tors   2    3    6    9 val=   6.00000
  20 k  1.0000000000000 stre   3    2           val=   2.67772
  21 k  1.0000000000000 bend   6    2    3      val= 110.11562
  22 k  1.0000000000000 stre   6    9           val=   2.67772
  23 k  1.0000000000000 bend   3    9    6      val= 110.11562
  24 k  1.0000000000000 stre   3    6           val=   2.91313
  25 f  1.0000000000000 tors   2    3    6    9 val=   6.00000
        24 non zero eigenvalues  of BmBt
           1           4.662566318    1    0
         1
           2           3.809963311    2    0
         2
           3           3.698159043    3    0
         3
           4           3.059666065    4    0
         4
           5           2.645910363    5    0
         5
           6           2.476614561    6    0
         6
           7           2.103686008    7    0
         7
           8           1.763017219    8    0
         8
           9           1.221477394    9    0
         9
          10           1.202538149   10    0
        10
          11           1.027715924   11    0
        11
          12           0.822433888   12    0
        12
          13           0.755435661   13    0
        13
          14           0.728662452   14    0
        14
          15           0.698009774   15    0
        15
          16           0.383609164   16    0
        16
          17           0.346776596   17    0
        17
          18           0.290148781   18    0
        18
          19           0.247672711   20    0
        20
          20           0.239370147   21    0
        21
          21           0.215591210   22    0
        22
          22           0.067046244   23    0
        23
          23           0.054001979   24    0
        24
          24           0.000000000    0    1
         0.000000000         0.000000000         0.000000000         0.000000000
         0.000000000         0.000000000         0.000000000         0.000000000
         0.000000000         0.000000000         0.000000000         0.000000000
         0.000000000         0.000000000         0.000000000         0.000000000
         0.000000000         0.000000000         0.000000000         0.000000000
         0.000000000         0.000000000         0.000000000         0.000000000
         1.000000000
$end
