$energy      SCF               SCFKIN            SCFPOT            MP2
     1 -229.0103767924      228.812611     -457.822988     -.8140744946631
     2 -229.0141251715      228.741333     -457.755458     -.8123926630477
     3 -229.0142214405      228.769165     -457.783386     -.8127017424677
     4 -229.0139793769      228.776476     -457.790455     -.8129837438770
     5 -229.0139513440      228.770929     -457.784880     -.8130161435110
     6 -229.0139280804      228.771000     -457.784928     -.8130396478183
     7 -229.0139269297      228.770793     -457.784720     -.8130408467713
     8 -229.0139257616      228.770968     -457.784894     -.8130419958645
     9 -229.0139257615      228.770969     -457.784895     -.8130420125216
    10 -229.0139257600      228.770960     -457.784886     -.8130420147179
    11 -229.0139258109      228.770924     -457.784850     -.8130419635937
    12 -229.0139258111      228.770923     -457.784848     -.8130419548245
    13 -229.0139260512      228.770960     -457.784886     -.8130417387468
    14 -229.0139260305      228.770969     -457.784895     -.8130417451163
$end
