$grad          cartesian gradients
  cycle =      1 MP2 energy =     -229.8244512871 |dE/dxyz| =  0.023433
    0.02923225654535     -1.27707134621515     -4.04598941202336      h
   -0.04211423685571     -1.22444689659451     -2.23026686640863      o
    0.05938465201057      1.34416235210056     -1.43055369663528      c
   -1.53432857150679      2.43543378758215     -2.17978354038126      h
    1.81470357162900      2.25977824802818     -2.04098357319691      h
   -0.05938157217801      1.34416470706015      1.43054613179822      c
    1.53430470164990      2.43544186057098      2.17978463065494      h
   -1.81472746612847      2.25978022237820      2.04094961009765      h
    0.04218709634217     -1.22443508239423      2.23027691605504      o
   -0.03037768285791     -1.27710496904221      4.04595291183160      h
  -.24289841692844D-03  -.41935628065648D-02  0.29038153486534D-02
  0.11213627551629D-02  -.43969934508521D-02  0.42791017153219D-02
  -.17454736721382D-02  0.56712794784453D-02  0.12475300141003D-01
  -.16106715737538D-02  0.91801304228678D-03  0.18833470360902D-02
  0.98643801083753D-03  0.20017052012287D-02  0.25994883732792D-02
  0.17518735162436D-02  0.56705248511664D-02  -.12474643866478D-01
  0.16073713559805D-02  0.91369715788714D-03  -.18847215489144D-02
  -.99043978167890D-03  0.20057663946351D-02  -.25988476576035D-02
  -.11195583494047D-02  -.43972630168074D-02  -.42808967600427D-02
  0.24199615547492D-03  -.41931669626890D-02  -.29019427840025D-02
  cycle =      2 MP2 energy =     -229.8265178345 |dE/dxyz| =  0.010960
    0.02400940086110     -1.09256566775735     -4.27313521372695      h
   -0.03346131216731     -1.22232958502011     -2.45628851274860      o
    0.05770178012162      1.26435087765926     -1.46131395162091      c
   -1.51466498988474      2.39107535137147     -2.19622496749972      h
    1.80383591534495      2.19732362714245     -2.06409848358390      h
   -0.05780653085190      1.26435253234730      1.46130414823677      c
    1.51461304331330      2.39098558055934      2.19623695149730      h
   -1.80389901050197      2.19742493239101      2.06406210370845      h
    0.03322969392682     -1.22233177671888      2.45627853025161      o
   -0.02467524151178     -1.09258298850037      4.27311250727796      h
  -.64233178322076D-04  -.19458100154350D-02  -.76059375185622D-03
  0.19316072484910D-02  0.21968206215934D-02  -.52957720535387D-02
  -.35597589572063D-02  0.21322437626026D-03  0.17260580265854D-02
  0.54167981639219D-03  -.47954644225667D-03  -.13556821589591D-02
  -.68221828845427D-03  0.15425103735867D-04  -.75574058741301D-03
  0.35602947176494D-02  0.21282579173398D-03  -.17256293162118D-02
  -.54221219844175D-03  -.48075048555640D-03  0.13562873244763D-02
  0.68150132577749D-03  0.16533679359831D-04  0.75478902676229D-03
  -.19301472472837D-02  0.21969806208233D-02  0.52957088270702D-02
  0.63486761374881D-04  -.19457031993049D-02  0.76057466296575D-03
  cycle =      3 MP2 energy =     -229.8269231830 |dE/dxyz| =  0.007012
    0.02178973215717     -1.11711319402424     -4.21628250936098      h
   -0.03442113798908     -1.22451890310373     -2.39860042253921      o
    0.05882118191998      1.27870549579153     -1.45576229729836      c
   -1.51696970314390      2.39968114384551     -2.19294347046145      h
    1.81060007163242      2.20109901720629     -2.06045147617346      h
   -0.05894213667723      1.27870744552812      1.45575198055445      c
    1.51691718269701      2.39957501282483      2.19295092663645      h
   -1.81066599161376      2.20121878443312      2.06042158209351      h
    0.03413657735463     -1.22452331303108      2.39858787140038      o
   -0.02238302768714     -1.11712860599623      4.21626092694065      h
  -.37888775370518D-04  -.10476192700990D-02  0.66599018236246D-04
  0.20382552874816D-02  0.14230033164537D-02  -.18306506942700D-02
  -.35032242481344D-02  -.15448977981336D-03  0.11849148208389D-02
  0.72955464409663D-04  -.25670560383872D-03  -.37858885897069D-03
  -.17659281063143D-03  0.35911922714904D-04  -.74553458622395D-04
  0.35030622192421D-02  -.15484587513992D-03  -.11846168693359D-02
  -.73070237984307D-04  -.25726519739155D-03  0.37910791820495D-03
  0.17639871083253D-03  0.36414673610707D-04  0.73774527904247D-04
  -.20372080925855D-02  0.14231637738948D-02  0.18306387239333D-02
  0.37312482669860D-04  -.10475679292559D-02  -.66625126343922D-04
  cycle =      4 MP2 energy =     -229.8269631208 |dE/dxyz| =  0.006049
    0.01827542203486     -1.12198444434021     -4.19268253771077      h
   -0.03401836535589     -1.22761712912796     -2.37428408391772      o
    0.05990229300932      1.28361078104185     -1.45478100711103      c
   -1.51561721900868      2.40426553900125     -2.19347920707361      h
    1.81505937783338      2.19957735975387     -2.06061106150461      h
   -0.06005260505419      1.28361287054721      1.45476981218166      c
    1.51556087231084      2.40412938734320      2.19347931057132      h
   -1.81513335827011      2.19972976581751      2.06059197942260      h
    0.03364835848073     -1.22762506445525      2.37426707906856      o
   -0.01874202733015     -1.12199618210736      4.19266282786557      h
  -.27133305578741D-05  -.21828001607205D-03  0.14238052284110D-03
  0.21874311935630D-02  0.47824884484271D-03  0.34053556063540D-03
  -.36067220943077D-02  -.28044185694487D-03  -.11257483365501D-05
  -.54066630979399D-04  -.11586115658435D-04  0.32083493447965D-04
  0.40192399069383D-04  0.32082145457135D-04  0.86464412057508D-04
  0.36064937267983D-02  -.28076182217163D-03  0.12088916427899D-05
  0.54166097532171D-04  -.11592567024543D-04  -.31710850588063D-04
  -.40139248558280D-04  0.32094142096595D-04  -.86849366535358D-04
  -.21871548576878D-02  0.47848384769367D-03  -.34054294664809D-03
  0.25127451241252D-05  -.21824662590009D-03  -.14244396792140D-03
  cycle =      5 MP2 energy =     -229.8269674875 |dE/dxyz| =  0.006058
    0.01653646413218     -1.11522153150211     -4.19993677215598      h
   -0.03302141665360     -1.22907345817018     -2.38162572800670      o
    0.06033269238768      1.28112266851170     -1.45564156470175      c
   -1.51418358684375      2.40342518183133     -2.19381083706914      h
    1.81544477446448      2.19759930144250     -2.06069433951954      h
   -0.06049425729729      1.28112453082108      1.45562993819323      c
    1.51412556836263      2.40327787513705      2.19380542364659      h
   -1.81552191364254      2.19776352175234      2.06068134640663      h
    0.03262407686142     -1.22908274293856      2.38160760975622      o
   -0.01695965312110     -1.11523246341105      4.19991803524242      h
  0.36395893690117D-05  -.52800004928799D-04  -.93011812456467D-05
  0.22146241213689D-02  0.58726366161110D-04  0.72468765133671D-04
  -.36535395782169D-02  -.71576144894614D-04  -.28363270289677D-03
  0.12889921855219D-04  0.32722115081985D-04  -.14337533145836D-04
  0.94576118492284D-07  0.32985075580916D-04  -.16685341837075D-05
  0.36535430767784D-02  -.71896863331311D-04  0.28365240969430D-03
  -.12892217844840D-04  0.32707980908597D-04  0.14457294270631D-04
  -.10443862130671D-06  0.32997614403119D-04  0.15334832783598D-05
  -.22145524138654D-02  0.58933906680991D-04  -.72463564378289D-04
  -.37026369604509D-05  -.52800070160119D-04  0.92915647442737D-05
  cycle =      6 MP2 energy =     -229.8269677282 |dE/dxyz| =  0.006018
    0.01547063057729     -1.11490691638746     -4.19911917909049      h
   -0.03248873533481     -1.22943910210315     -2.38078465109619      o
    0.06069140236293      1.28138302447476     -1.45539777189918      c
   -1.51385829027269      2.40331951943487     -2.19392419350977      h
    1.81598561334073      2.19749555278900     -2.06030551987480      h
   -0.06085725331304      1.28138482420917      1.45538601661660      c
    1.51379976898076      2.40316798226828      2.19391648291512      h
   -1.81606384480364      2.19766425025913      2.06029522043215      h
    0.03208137072952     -1.22944879244721      2.38076605806873      o
   -0.01587791361694     -1.11491745902330      4.19910064922982      h
  0.33864384232640D-05  -.29354804819692D-05  -.29204650253689D-07
  0.22115585564253D-02  -.92876649443241D-04  0.12173159168682D-03
  -.36246369975579D-02  0.47661709988489D-04  -.22790149215002D-03
  0.49088185267721D-05  0.25976204129474D-04  0.13148259428553D-04
  0.93330682249260D-06  0.22245354079686D-04  0.11040032170673D-04
  0.36246645915573D-02  0.47319668560419D-04  0.22789759251762D-03
  -.49195179410155D-05  0.25962344643915D-04  -.13120240395903D-04
  -.94277274920174D-06  0.22251723927669D-04  -.11075451700426D-04
  -.22115514666354D-02  -.92666370145267D-04  -.12172608267402D-03
  -.34009568904286D-05  -.29385285276184D-05  0.34996800124532D-07
  cycle =      7 MP2 energy =     -229.8269677765 |dE/dxyz| =  0.005991
    0.01454811380911     -1.11430311905293     -4.19963442937803      h
   -0.03200365398030     -1.22947986616294     -2.38129642738939      o
    0.06097269113299      1.28134700387621     -1.45532172075044      c
   -1.51354771345723      2.40297245572014     -2.19428923360971      h
    1.81633319946591      2.19731544900797     -2.06011025787416      h
   -0.06114027065354      1.28134883975367      1.45530997079061      c
    1.51348902806445      2.40281940326724      2.19428047379181      h
   -1.81641184540358      2.19748590945167      2.06010127409855      h
    0.03159263388530     -1.22948963681747      2.38127758637288      o
   -0.01494943421300     -1.11431355556946      4.19961587573988      h
  0.15026666389389D-05  0.12601225388154D-05  -.49963926782581D-05
  0.22079215742136D-02  -.12205944982746D-03  0.74618301691309D-04
  -.36067563004905D-02  0.11668604032611D-03  -.15909769922207D-03
  0.29437773609864D-05  0.20374987474980D-05  -.23438834295675D-06
  -.49944954709780D-05  0.21426410750092D-05  0.70434141408171D-07
  0.36067651846040D-02  0.11633634772856D-03  0.15910310806388D-03
  -.29454268410944D-05  0.20302590297838D-05  0.22573514923963D-06
  0.49921257332386D-05  0.21471259066264D-05  -.62880483486794D-07
  -.22079260657255D-02  -.12184257812820D-03  -.74619926443198D-04
  -.15030400768098D-05  0.12619678062542D-05  0.49937080541795D-05
  cycle =      8 MP2 energy =     -229.8269677575 |dE/dxyz| =  0.005991
    0.01424298808303     -1.11450907662433     -4.19927585344127      h
   -0.03188355938366     -1.22945275672376     -2.38091949128925      o
    0.06105778759428      1.28148128332798     -1.45528137276941      c
   -1.51345210938666      2.40299912857200     -2.19443608673280      h
    1.81649406881162      2.19733334020807     -2.06004823429902      h
   -0.06122541409418      1.28148312345654      1.45526961466621      c
    1.51339340581847      2.40284602548552      2.19442739651999      h
   -1.81657273031701      2.19750389581997      2.06003917409955      h
    0.03147219777977     -1.22946253860952      2.38090064688536      o
   -0.01464388625556     -1.11451954143836      4.19925731815264      h
  0.71128274120591D-06  0.93132501538529D-06  0.17235164495588D-06
  0.22089648794842D-02  -.11740967928553D-03  0.92648667340711D-04
  -.36067099175031D-02  0.11864592697641D-03  -.14971936402253D-03
  -.97582095959226D-06  -.11065303993085D-05  -.34622264255546D-06
  -.51718408133894D-06  -.99370452444347D-06  0.46905396633434D-06
  0.36067180512306D-02  0.11829547359010D-03  0.14971899478278D-03
  0.97849393609906D-06  -.11051849924115D-05  0.34233986245802D-06
  0.51790305821697D-06  -.99416459931057D-06  -.46318350377383D-06
  -.22089757112751D-02  -.11719504739816D-03  -.92650544810446D-04
  -.71197671029644D-06  0.93156273306416D-06  -.17209476155244D-06
  cycle =      9 MP2 energy =     -229.8269677740 |dE/dxyz| =  0.005991
    0.00381708541324     -1.08986746353758     -4.19928970109644      h
   -0.03770249821825     -1.20481082432568     -2.38082229260638      o
    0.05745891910718      1.30612902690430     -1.45542554413395      c
   -1.51897076681087      2.42756939697467     -2.19059513395575      h
    1.81131479105941      2.22206544869229     -2.06463366618330      h
   -0.05745892575332      1.30612902590014      1.45542555491143      c
    1.51897080377044      2.42756940496659      2.19059505687535      h
   -1.81131475941318      2.22206543636173      2.06463379740098      h
    0.03770254011292     -1.20481083097172      2.38082228253105      o
   -0.00381773981193     -1.08986751426672      4.19928967845749      h
  -.32914118416189D-06  0.10126110962516D-05  0.10048734644386D-06
  0.22098243697298D-02  -.11728077590334D-03  0.87013373343048D-04
  -.36068875221403D-02  0.11837011138027D-03  -.14044816083980D-03
  -.92388068306803D-06  -.11936278112579D-05  -.26786797668876D-06
  -.44227904938410D-06  -.90903760718852D-06  0.47821915649671D-06
  0.36068612130506D-02  0.11836985381475D-03  0.14044662340140D-03
  0.92320551559055D-06  -.11976986966644D-05  0.26837230326926D-06
  0.44060986859051D-06  -.90435792055032D-06  -.47746581710584D-06
  -.22097987714466D-02  -.11727992818322D-03  -.87013645520884D-04
  0.33219626544012D-06  0.10128280447108D-05  -.99935813402396D-07
  cycle =     10 MP2 energy =     -229.8269677747 |dE/dxyz| =  0.005992
    0.00382543870768     -1.08988138729190     -4.19928704987067      h
   -0.03770741064227     -1.20481072055959     -2.38081899640561      o
    0.05745624496743      1.30613056561185     -1.45542856275696      c
   -1.51896909064412      2.42757988584250     -2.19059334189593      h
    1.81131244407778      2.22206724882253     -2.06464202487739      h
   -0.05745624882231      1.30613056031172      1.45542857387513      c
    1.51896911235264      2.42757987515770      2.19059333278752      h
   -1.81131242235386      2.22206724627440      2.06464208139580      h
    0.03770716257736     -1.20481074324718      2.38081898396091      o
   -0.00382578076468     -1.08988142422402      4.19928703598768      h
  0.77303644763910D-06  0.42503636182856D-06  -.17302249410989D-07
  0.22093183507063D-02  -.11713398245838D-03  0.87169819462218D-04
  -.36079541743044D-02  0.11778029986953D-03  -.14180063641001D-03
  -.52502052438896D-06  -.58006843639546D-06  -.97762639539312D-07
  -.16534035385263D-06  -.49163757465109D-06  0.10069157507786D-07
  0.36079613392263D-02  0.11778037084831D-03  0.14180029365818D-03
  0.52426951224760D-06  -.57389518159923D-06  0.96291876916510D-07
  0.16525064117090D-06  -.49771846688529D-06  -.75550601330576D-08
  -.22093326495919D-02  -.11713404295044D-03  -.87170610264309D-04
  -.76506188441405D-06  0.42561645158257D-06  0.17392164153307D-07
  cycle =     11 MP2 energy =     -229.8269677745 |dE/dxyz| =  0.006000
    0.00376013635004     -1.08993412725975     -4.19928143911856      h
   -0.03768483011445     -1.20481141503167     -2.38080794933442      o
    0.05747119945555      1.30613364761559     -1.45544044008952      c
   -1.51891883160295      2.42762555941450     -2.19061328144744      h
    1.81134104077536      2.22207196817901     -2.06464199818104      h
   -0.05747099459829      1.30613362595282      1.45544045311489      c
    1.51891883148949      2.42762569492095      2.19061353265118      h
   -1.81134099238484      2.22207177260380      2.06464174504531      h
    0.03768406435404     -1.20481147589263      2.38080795447771      o
   -0.00376017426829     -1.08993414380462      4.19928145508238      h
  -.26673152937751D-06  -.17929099886405D-05  -.50065102286112D-06
  0.22120104741337D-02  -.11628852143097D-03  0.87821181845804D-04
  -.36122962155893D-02  0.11460844131328D-03  -.14743205493417D-03
  0.16360496428725D-05  0.18831104515726D-05  0.35083825977722D-06
  0.12591078220048D-05  0.15912581092792D-05  -.15119356746585D-05
  0.36123727409203D-02  0.11460875943925D-03  0.14743458072175D-03
  -.16482395612805D-05  0.19131371606917D-05  -.35122809949328D-06
  -.12650470968545D-05  0.15583847496892D-05  0.15098970740368D-05
  -.22120821044890D-02  -.11628949479281D-03  -.87820057400378D-04
  0.27996595564767D-06  -.17921873700644D-05  0.49942866642283D-06
  cycle =     12 MP2 energy =     -229.8269677659 |dE/dxyz| =  0.005999
    0.00373500034780     -1.08993552866838     -4.19928144883806      h
   -0.03769890375832     -1.20481279559570     -2.38080770564774      o
    0.05746227706202      1.30613229928711     -1.45544081359297      c
   -1.51893242628007      2.42762390624326     -2.19060410138908      h
    1.81132824912459      2.22207093660371     -2.06465303479382      h
   -0.05746224338091      1.30613230194848      1.45544077743704      c
    1.51893183740971      2.42762467613055      2.19060426818320      h
   -1.81132871295707      2.22207013144618      2.06465270370526      h
    0.03769890176012     -1.20481276763105      2.38080774049224      o
   -0.00373431727779     -1.08993541469129      4.19928149089002      h
  0.47702730153476D-06  -.14765179122134D-05  -.39373525240194D-06
  0.22112234715714D-02  -.11676355892298D-03  0.87388029320401D-04
  -.36123032788369D-02  0.11484955898666D-03  -.14686176099632D-03
  0.14576385383158D-05  0.17973737307386D-05  0.44386010977782D-06
  0.10608312370763D-05  0.15940323301322D-05  -.16008202627926D-05
  0.36123600882199D-02  0.11485075169926D-03  0.14686361619765D-03
  -.14715017178091D-05  0.18316216419123D-05  -.44608000093760D-06
  -.10680733635304D-05  0.15567928317584D-05  0.16003587570701D-05
  -.22112643503336D-02  -.11676412505679D-03  -.87385735015211D-04
  -.47185257788518D-06  -.14759510759688D-05  0.39226759618316D-06
  cycle =     13 MP2 energy =     -229.8269677899 |dE/dxyz| =  0.005996
    0.00366718962629     -1.08990192794287     -4.19928982584667      h
   -0.03766565003739     -1.20481077151256     -2.38081628472446      o
    0.05748159008196      1.30612376141325     -1.45543190363552      c
   -1.51891392430211      2.42760219250851     -2.19061567359222      h
    1.81135085906993      2.22206553898877     -2.06461305554197      h
   -0.05748178387964      1.30612377126195      1.45543186843574      c
    1.51891332268749      2.42760273206312      2.19061568718754      h
   -1.81135138810414      2.22206499556224      2.06461290494210      h
    0.03766580416431     -1.20481072912633      2.38081630352929      o
   -0.00366635725663     -1.08990181814320      4.19928985569226      h
  0.22342099117306D-06  -.49255820383509D-06  -.91561208392932D-07
  0.22110597567371D-02  -.11508366836033D-03  0.87489360216964D-04
  -.36100748551416D-02  0.11412545389522D-03  -.14373417261182D-03
  0.51036106807345D-06  0.88419087873604D-06  0.11000062682953D-06
  -.49243022548495D-07  0.56685481442109D-06  -.26946156861385D-06
  0.36101026535923D-02  0.11412660439625D-03  0.14373596927375D-03
  -.51684735291602D-06  0.89445911610753D-06  -.11285278156414D-06
  0.43760178591867D-07  0.55584126079644D-06  0.27095329091509D-06
  -.22110777960176D-02  -.11508484800871D-03  -.87489705022925D-04
  -.22121113729678D-06  -.49235131804881D-06  0.91469881446926D-07
  cycle =     14 MP2 energy =     -229.8269677756 |dE/dxyz| =  0.005995
    0.00361902861327     -1.08989027129543     -4.19928898230878      h
   -0.03764195282924     -1.20481095098860     -2.38081474421596      o
    0.05749589524255      1.30612405195145     -1.45542822091090      c
   -1.51890042131382      2.42759052172035     -2.19062826408657      h
    1.81136965623883      2.22206543256747     -2.06459242928707      h
   -0.05749616939932      1.30612406450745      1.45542818299047      c
    1.51889982508667      2.42759099415136      2.19062819567051      h
   -1.81137019603857      2.22206496510508      2.06459237253965      h
    0.03764236644575     -1.20481089260358      2.38081476237358      o
   -0.00361836999605     -1.08989017004267      4.19928900368115      h
  -.33313819033931D-06  -.10864758359652D-06  0.76598508869097D-07
  0.22112817003703D-02  -.11519706487384D-03  0.87622857079417D-04
  -.36088774554938D-02  0.11492480576791D-03  -.14249908452957D-03
  -.32719560394412D-08  0.22525348342128D-06  -.30342627965751D-07
  -.19344808022126D-06  0.15578799561489D-06  0.22400314891868D-06
  0.36088757179808D-02  0.11492533202961D-03  0.14249928893495D-03
  0.19817698593272D-08  0.22488746775906D-06  0.28661152784437D-07
  0.19173731180544D-06  0.15608278025603D-06  -.22278805311693D-06
  -.22112730335546D-02  -.11519762739454D-03  -.87622661534503D-04
  0.32920983587120D-06  -.10883188489297D-06  -.76532979953470D-07
$end
