$hessapprox internal
  0.136408688560D-01 -0.267958377311D-03  0.614617432811D+00 -0.289014122709D-02
 -0.422158089493D-03  0.368018449438D+00  0.705691388366D-04 -0.609193973266D-04
 -0.170406903785D-03  0.424730817754D+00 -0.152970168231D-02 -0.322359407285D-04
 -0.203383119764D-02 -0.571319688401D-03  0.424560149019D+00  0.227578655929D-02
  0.555012093233D-03  0.517269089981D-02 -0.425920571325D-03  0.354212036298D-02
  0.341545625073D+00  0.207462198974D-02  0.403748090087D-03  0.428271888900D-02
 -0.131096167819D-03  0.233797135179D-02 -0.328945478562D-02  0.343123861727D+00
  0.360950688799D-02  0.661593114053D-03  0.727822097791D-02 -0.125262457999D-03
  0.371143428772D-02 -0.589501117832D-02 -0.529866823611D-02  0.310918746753D+00
 -0.184631503209D-02 -0.196478903608D-03 -0.312195202702D-02 -0.293076694499D-03
 -0.661017527573D-03  0.361243602986D-02  0.276320060107D-02  0.459565054648D-02
  0.341147034516D+00  0.670203953450D-04 -0.599935989320D-04 -0.170888649918D-03
  0.179545904451D-03 -0.561226408457D-03 -0.413494279341D-03 -0.125299720813D-03
 -0.117389150887D-03 -0.289422271825D-03  0.424723197754D+00 -0.152423333488D-02
 -0.333363898057D-04 -0.203170798093D-02 -0.566218335300D-03  0.577798956495D-03
  0.352434427513D-02  0.232916091131D-02  0.369906194752D-02 -0.664957734372D-03
 -0.556226931064D-03  0.424534881858D+00  0.227847869592D-02  0.555801483209D-03
  0.517937237380D-02 -0.426758675513D-03  0.354746864059D-02 -0.313995550470D-02
 -0.329329657093D-02 -0.590208249080D-02  0.361739811243D-02 -0.414310494422D-03
  0.352966191380D-02  0.341539319374D+00  0.219402896237D-02  0.423083743689D-03
  0.451269180285D-02 -0.128821797196D-03  0.243851274898D-02 -0.349519847756D-02
 -0.321298472704D-02 -0.560076470436D-02  0.290200548708D-02 -0.122902936849D-03
  0.242947755340D-02 -0.349929836121D-02  0.342761678238D+00  0.360757167010D-02
  0.661162801371D-03  0.727399869076D-02 -0.125005060380D-03  0.370878529285D-02
 -0.589216862406D-02 -0.529585553703D-02 -0.918375257426D-02  0.459279461914D-02
 -0.117140066233D-03  0.369642505579D-02 -0.589923686171D-02 -0.559778166351D-02
  0.310928709371D+00 -0.188844820310D-02 -0.204101232673D-03 -0.320648465278D-02
 -0.291867002827D-03 -0.703465714672D-03  0.368166957807D-02  0.282508843459D-02
  0.470283522498D-02 -0.166794515264D-02 -0.288299053594D-03 -0.707268760441D-03
  0.368671515369D-02  0.296740852817D-02  0.469992092431D-02  0.341039536885D+00
 -0.141078695532D-02 -0.266057430663D-03 -0.287635088900D-02  0.677601726533D-04
 -0.151576611717D-02  0.227265360818D-02  0.206821852907D-02  0.359694756830D-02
 -0.183496428523D-02  0.642784876113D-04 -0.151038978183D-02  0.227534664946D-02
  0.218712149206D-02  0.359501645990D-02 -0.187694737079D-02  0.136501474829D-01
 -0.266908815552D-03 -0.212727805824D-04 -0.421126502592D-03 -0.603111563547D-04
 -0.333903391590D-04  0.552220265864D-03  0.402111954338D-03  0.659109902449D-03
 -0.196470947620D-03 -0.593969342882D-04 -0.344758503403D-04  0.553005171903D-03
  0.421388143487D-03  0.658681593470D-03 -0.204065182874D-03 -0.265020413264D-03
  0.614617310265D+00 -0.288971535748D-02 -0.422006198615D-03 -0.537101351530D-02
 -0.170607466426D-03 -0.203274960953D-02  0.517230595027D-02  0.428212121709D-02
  0.727708247041D-02 -0.312102699332D-02 -0.171084287715D-03 -0.203063319426D-02
  0.517898728960D-02  0.451205030970D-02  0.727286061114D-02 -0.320554608722D-02
 -0.287592393854D-02 -0.420975561294D-03  0.368020792581D+00 -0.272930858555D-03
  0.507154365010D-03  0.180879538685D-02 -0.139255274752D-02  0.457702009708D-02
  0.278952938380D-02  0.608143084386D-03  0.284497511049D-03  0.254142302538D-02
 -0.136299277109D-02  0.453764440801D-02  0.279534400682D-02  0.569268524575D-03
  0.282913755989D-03  0.254000158609D-02 -0.252641894206D-03  0.502387088143D-03
  0.181022665785D-02  0.517301046288D+00  0.117589260215D-02 -0.268935549958D-03
  0.319811863363D-03  0.117824945161D-02 -0.301462452599D-02 -0.395836881753D-02
 -0.190659138469D-02 -0.263671603737D-02 -0.101475481452D-02  0.115459441500D-02
 -0.298360463290D-02 -0.396526337193D-02 -0.195134416863D-02 -0.263404345399D-02
 -0.985647651282D-03  0.115498559480D-02 -0.265436122939D-03  0.318271330463D-03
 -0.907864601188D-02  0.384954246562D+00 -0.272530341889D-03  0.507178453978D-03
  0.180939415573D-02 -0.139244253749D-02  0.457700191640D-02  0.278866778878D-02
  0.607536768582D-03  0.283514235026D-03  0.254167723443D-02 -0.136288435681D-02
  0.453762842288D-02  0.279448115977D-02  0.568634150983D-03  0.281931139644D-03
  0.254026709691D-02 -0.252244483087D-03  0.502411340198D-03  0.181082518132D-02
  0.105254323821D-01 -0.907811728152D-02  0.517299242431D+00  0.117024372507D-02
 -0.269342741199D-03  0.311081292709D-03  0.117686475285D-02 -0.301495607633D-02
 -0.394650059378D-02 -0.189806503591D-02 -0.262279827375D-02 -0.101868984714D-02
  0.115323139360D-02 -0.298396227004D-02 -0.395337812864D-02 -0.194241462325D-02
 -0.262013484834D-02 -0.989742892727D-03  0.114937817744D-02 -0.265845014597D-03
  0.309544058221D-03 -0.906719891473D-02  0.720190272751D-02 -0.906666974651D-02
  0.384941570552D+00 -0.506107171456D-02 -0.423523099841D-03 -0.807064518831D-02
 -0.109289773693D-02 -0.808839520102D-03  0.103863173567D-01  0.761726197225D-02
  0.125127509165D-01 -0.382993343281D-02 -0.107665313997D-02 -0.827964734136D-03
  0.104010096165D-01  0.798500550726D-02  0.125046730646D-01 -0.397417553658D-02
 -0.502596369787D-02 -0.424524526425D-03 -0.806783172401D-02  0.914465448135D-02
 -0.469756642016D-02  0.914514966316D-02 -0.470577184089D-02  0.349612172335D+00
  0.000000000000D+00  0.000000000000D+00  0.000000000000D+00  0.000000000000D+00
  0.000000000000D+00  0.000000000000D+00  0.000000000000D+00  0.000000000000D+00
  0.000000000000D+00  0.000000000000D+00  0.000000000000D+00  0.000000000000D+00
  0.000000000000D+00  0.000000000000D+00  0.000000000000D+00  0.000000000000D+00
  0.000000000000D+00  0.000000000000D+00  0.000000000000D+00  0.000000000000D+00
  0.000000000000D+00  0.000000000000D+00  0.000000000000D+00  0.000000000000D+00
$end
