$coord
    0.14070263491841     -1.05547037158388     -4.22269193820586  h
   -0.21482564431408     -1.15164012000002     -2.43819181966427  o
    0.33664264472683      1.25111548261493     -1.39525526381102  c
   -0.71637154090110      2.77580824365504     -2.32070859173492  h
    2.35978728373541      1.65090471657716     -1.60439164612604  h
   -0.33664268918129      1.25111562208149      1.39525507106371  c
    0.71637069181564      2.77580900622131      2.32070836671831  h
   -2.35978754277217      1.65090401014338      1.60439091434143  h
    0.21482657905952     -1.15163947591905      2.43819212717920  o
   -0.14071760164621     -1.05547439216592      4.22268931543463  h
$intdef
# definitions of internal coordinates
   1 f  1.0000000000000 tors    2    3    6    9 val=  36.00000
$user-defined bonds
$redundant
     number_of_atoms            10
     degrees_of_freedom         24
     internal_coordinates       25
     frozen_coordinates          1
# definitions of redundant internals
   1 k  1.0000000000000 tors   1    2    3    6 val= 176.73845
   2 k  1.0000000000000 stre   2    1           val=   1.82211
   3 k  1.0000000000000 bend   3    1    2      val= 107.09808
   4 k  1.0000000000000 stre   3    4           val=   2.07123
   5 k  1.0000000000000 stre   3    5           val=   2.07284
   6 k  0.0834209835041 bend   5    4    3      val=   1.00761
       -0.5297253922095 bend   2    4    3
       -0.4869430471146 bend   2    5    3
        0.4801720699430 bend   6    4    3
        0.4947253788448 bend   6    5    3
   7 k  0.0136841100415 bend   5    4    3      val=   0.40512
       -0.5278549044837 bend   2    4    3
        0.5612579394995 bend   2    5    3
       -0.4647960215153 bend   6    4    3
        0.4360460166969 bend   6    5    3
   8 k -0.8910302877220 bend   5    4    3      val=   0.82046
        0.1661947516041 bend   2    4    3
        0.1961118722579 bend   2    5    3
        0.2673693952196 bend   6    4    3
        0.2617213613001 bend   6    5    3
   9 k -0.0111619543133 bend   5    4    3      val=   1.59721
        0.4502457858046 bend   2    4    3
       -0.4503597316341 bend   2    5    3
       -0.5324635117669 bend   6    4    3
        0.5575059317177 bend   6    5    3
  10 k  1.0000000000000 stre   6    7           val=   2.07123
  11 k  1.0000000000000 stre   6    8           val=   2.07284
  12 k  0.0834210507556 bend   8    7    6      val=   1.00761
       -0.5297253236959 bend   9    7    6
       -0.4869431239681 bend   9    8    6
        0.4801722302676 bend   3    7    6
        0.4947252096125 bend   3    8    6
  13 k  0.0136843170317 bend   8    7    6      val=   0.40512
       -0.5278550453873 bend   9    7    6
        0.5612578602341 bend   9    8    6
       -0.4647958892002 bend   3    7    6
        0.4360460826961 bend   3    8    6
  14 k -0.8910302919519 bend   8    7    6      val=   0.82045
        0.1661946745436 bend   9    7    6
        0.1961118672906 bend   9    8    6
        0.2673692675247 bend   3    7    6
        0.2617215300057 bend   3    8    6
  15 k -0.0111618469112 bend   8    7    6      val=   1.59720
        0.4502456505998 bend   9    7    6
       -0.4503597962333 bend   9    8    6
       -0.5324635393717 bend   3    7    6
        0.5575059645115 bend   3    8    6
  16 k  1.0000000000000 tors  10    9    6    3 val= 176.73900
  17 k  1.0000000000000 stre   9   10           val=   1.82211
  18 k  1.0000000000000 bend   6   10    9      val= 107.09808
  19 k  1.0000000000000 tors   2    3    6    9 val=  36.00000
  20 k  1.0000000000000 stre   3    2           val=   2.67676
  21 k  1.0000000000000 bend   6    2    3      val= 109.29523
  22 k  1.0000000000000 stre   6    9           val=   2.67676
  23 k  1.0000000000000 bend   3    9    6      val= 109.29523
  24 k  1.0000000000000 stre   3    6           val=   2.87059
  25 f  1.0000000000000 tors   2    3    6    9 val=  36.00000
        24 non zero eigenvalues  of BmBt
           1           4.561076708    1    0
         1
           2           3.776490583    2    0
         2
           3           3.774135709    3    0
         3
           4           3.079993449    4    0
         4
           5           2.684431303    5    0
         5
           6           2.460374200    6    0
         6
           7           2.105607844    7    0
         7
           8           1.734521422    8    0
         8
           9           1.229762568    9    0
         9
          10           1.220256718   10    0
        10
          11           1.037841710   11    0
        11
          12           0.836462323   12    0
        12
          13           0.769469920   13    0
        13
          14           0.730157101   14    0
        14
          15           0.663460389   15    0
        15
          16           0.400112122   16    0
        16
          17           0.345376530   17    0
        17
          18           0.310013653   18    0
        18
          19           0.272611561   20    0
        20
          20           0.247089735   21    0
        21
          21           0.163793542   22    0
        22
          22           0.067782444   23    0
        23
          23           0.057272272   24    0
        24
          24           0.000000000    0    1
         0.000000000         0.000000000         0.000000000         0.000000000
         0.000000000         0.000000000         0.000000000         0.000000000
         0.000000000         0.000000000         0.000000000         0.000000000
         0.000000000         0.000000000         0.000000000         0.000000000
         0.000000000         0.000000000         0.000000000         0.000000000
         0.000000000         0.000000000         0.000000000         0.000000000
         1.000000000
$end
