$energy      SCF               SCFKIN            SCFPOT            MP2
     1 -229.0197345331      228.772282     -457.792016     -.8137466251672
     2 -229.0214059588      228.769862     -457.791268     -.8130248057111
     3 -229.0214504121      228.786309     -457.807759     -.8130890337596
     4 -229.0213196661      228.786014     -457.807334     -.8132371141749
     5 -229.0212744573      228.783306     -457.804580     -.8132833969809
     6 -229.0212726943      228.783192     -457.804465     -.8132852380601
     7 -229.0212727360      228.783200     -457.804472     -.8132851592779
     8 -229.0212727360      228.783201     -457.804473     -.8132851760003
     9 -229.0212725481      228.783199     -457.804472     -.8132853941483
    10 -229.0212724272      228.783197     -457.804469     -.8132855282670
    11 -229.0212724272      228.783195     -457.804468     -.8132855137904
    12 -229.0212723876      228.783195     -457.804467     -.8132855446080
    13 -229.0212723679      228.783195     -457.804467     -.8132855684246
$end
