$grad          cartesian gradients
  cycle =      1 MP2 energy =     -229.8334811583 |dE/dxyz| =  0.015595
    0.19488595381674     -1.21593431052048     -4.11989067691945      h
   -0.22978530351532     -1.16613961159289     -2.35300561313436      o
    0.34799370654457      1.28011923168491     -1.38885534577430      c
   -0.73323765056864      2.75437149379841     -2.36336012437700      h
    2.36332631061263      1.71717483738490     -1.58769826154057      h
   -0.34799561721198      1.28012824711229      1.38884091289248      c
    0.73319930286234      2.75439121303623      2.36333890952524      h
   -2.36335059654199      1.71716632537360      1.58765090021339      h
    0.22985738694252     -1.16609401594538      2.35303640417417      o
   -0.19594472485801     -1.21623947635128      4.11964249500652      h
  -.11902393174040D-02  -.30535558283369D-02  0.20412018469544D-02
  0.31470430464458D-02  -.50698947950290D-02  -.86227544847439D-04
  -.39518114186854D-02  0.58367846067755D-02  0.27331302793598D-02
  -.10864963610215D-02  -.71206063249551D-03  -.79977671029829D-03
  -.11373080308363D-03  0.29991181135347D-02  0.15994928896188D-02
  0.39576210688812D-02  0.58382913426787D-02  -.27313900956836D-02
  0.10844209193230D-02  -.71698790458807D-03  0.79753677797778D-03
  0.10871801544177D-03  0.30021010545447D-02  -.15994352699964D-02
  -.31448078388854D-02  -.50710229073987D-02  0.84354735597536D-04
  0.11892826888833D-02  -.30527730951577D-02  -.20388869119108D-02
  cycle =      2 MP2 energy =     -229.8344307645 |dE/dxyz| =  0.016725
    0.17815726490777     -1.10646173976355     -4.22100435881246      h
   -0.20570321460505     -1.16563378483933     -2.44149907803036      o
    0.34315934443311      1.24045226201961     -1.39802300156760      c
   -0.71091613436944      2.74619608945157     -2.35171237973788      h
    2.36237916027652      1.65504824508973     -1.59644763266139      h
   -0.34322252778044      1.24044977688099      1.39799673865209      c
    0.71087292701554      2.74615683155858      2.35171957751906      h
   -2.36243889716836      1.65508615358095      1.59639140253985      h
    0.20560026910551     -1.16564979934136      2.44145675221962      o
   -0.17893942373229     -1.10670010065689      4.22082157994521      h
  -.41438126067994D-03  -.15178926313958D-02  -.82791214335742D-04
  0.58527039164473D-02  -.11915147229740D-02  -.62019124072421D-03
  -.91957022291294D-02  0.29125890572965D-02  -.20059991960961D-02
  0.10376760355313D-03  -.92806335013895D-03  -.15049277531636D-02
  -.70432277309340D-03  0.72461080850816D-03  0.29624634792480D-03
  0.91961272919496D-02  0.29131995085052D-02  0.20062485946797D-02
  -.10401191318032D-03  -.92940720557211D-03  0.15052957314965D-02
  0.70364500733389D-03  0.72546701200027D-03  -.29696024778303D-03
  -.58513063238204D-02  -.11908747479650D-02  0.62070254440716D-03
  0.41348068070390D-03  -.15181137355341D-02  0.82376434840548D-04
  cycle =      3 MP2 energy =     -229.8345394459 |dE/dxyz| =  0.018555
    0.17166807418034     -1.08428903001964     -4.22037529792769      h
   -0.20330133446372     -1.16719203925056     -2.43950487487839      o
    0.34312587977857      1.23377958355926     -1.39482474693503      c
   -0.70409039287930      2.75186034178579     -2.33642992606400      h
    2.36644544128363      1.63544328636215     -1.59251273332891      h
   -0.34322949600242      1.23377026455017      1.39479340701734      c
    0.70404946902247      2.75178058718526      2.33644748977433      h
   -2.36653219257716      1.63552247566957      1.59246092084988      h
    0.20308281470879     -1.16724632679813      2.43942510580074      o
   -0.17226949496834     -1.08448520906357      4.22022025575788      h
  -.11684657947575D-03  -.45965805262915D-03  -.33286621436979D-04
  0.66048961741458D-02  -.89950171443576D-03  0.12084690453786D-02
  -.10757040600267D-01  0.18244074968816D-02  -.24874573524309D-02
  0.12350307973397D-03  -.50929234054076D-03  -.67175536752528D-03
  -.26701042447375D-03  0.43703450821386D-04  0.63943551490087D-04
  0.10756359174919D-01  0.18243548753354D-02  0.24875939790863D-02
  -.12327562221670D-03  -.50928999236843D-03  0.67254812360029D-03
  0.26732156254772D-03  0.43790087634221D-04  -.64715937399096D-04
  -.66042212657309D-02  -.89857324567433D-03  -.12081598870015D-02
  0.11631450084404D-03  -.45994058163268D-03  0.32820465458272D-04
  cycle =      4 MP2 energy =     -229.8345567803 |dE/dxyz| =  0.019065
    0.16840151226473     -1.07708320954373     -4.22015912553811      h
   -0.20171912277412     -1.17040101098778     -2.43860008868139      o
    0.34401702309272      1.23133069074466     -1.39320947623212      c
   -0.70182987375663      2.75585308870446     -2.32675620793476      h
    2.36896878585619      1.62990518640373     -1.58999757807720      h
   -0.34415319384474      1.23131436890971      1.39317340341812      c
    0.70179191323137      2.75573676545294      2.32677640617559      h
   -2.36907908858943      1.63001958714312      1.58995493648119      h
    0.20141334931621     -1.17048518794621      2.43849349294812      o
   -0.16886253671344     -1.07724634490059      4.22002383750670      h
  -.10536172855624D-04  -.39033680734435D-04  0.33098885115379D-04
  0.66508881066381D-02  -.17794768840762D-02  0.16831421505907D-02
  -.11015004272673D-01  0.19281872551060D-02  -.25370195113452D-02
  0.57407847344315D-04  -.79891634385376D-04  -.11546381576699D-03
  0.66201319247838D-04  -.29869422065509D-04  0.23859130470205D-04
  0.11014860017578D-01  0.19275892686235D-02  0.25371446204345D-02
  -.57297355270380D-04  -.79770478327301D-04  0.11598793988221D-03
  -.66001753412870D-04  -.29956045294099D-04  -.24402386795686D-04
  -.66508793317763D-02  -.17785730507107D-02  -.16829824881350D-02
  0.10361595486619D-04  -.39205356798688D-04  -.33364523364554D-04
  cycle =      5 MP2 energy =     -229.8345578543 |dE/dxyz| =  0.018750
    0.16787764270189     -1.07643362589745     -4.22121540893496      h
   -0.20069933249019     -1.17161655108670     -2.43933167055901      o
    0.34472346166270      1.23100395245996     -1.39320540137464      c
   -0.70205742601183      2.75609919370241     -2.32504061401859      h
    2.36932274902602      1.63055282990632     -1.58999249127419      h
   -0.34487375402320      1.23098463145457      1.39316725007953      c
    0.70202139414186      2.75596750932172      2.32505827804167      h
   -2.36944332938502      1.63068240790241      1.58995826640943      h
    0.20036151884656     -1.17171220568053      2.43921447136973      o
   -0.16828415638592     -1.07658420810239      4.22108692032717      h
  0.11287400375481D-05  -.87332107187588D-05  0.76470490935066D-05
  0.65420345038629D-02  -.21655649537653D-02  0.16221843903059D-02
  -.10691948322977D-01  0.21468854514888D-02  -.25959051693785D-02
  0.24102994705677D-04  0.11426040980034D-04  -.61458712055096D-05
  0.41857544421653D-04  0.16080810831154D-04  0.10435821423460D-04
  0.10692163884913D-01  0.21460875804893D-02  0.25960462275290D-02
  -.24124862817665D-04  0.11341502778706D-04  0.63105738572489D-05
  -.41895096957401D-04  0.16106390021253D-04  -.10700770394334D-04
  -.65420838788040D-02  -.21647983905382D-02  -.16222651918332D-02
  -.12355063007119D-05  -.88312409586289D-05  -.76070579355658D-05
  cycle =      6 MP2 energy =     -229.8345579324 |dE/dxyz| =  0.018607
    0.16734083077447     -1.07586977670766     -4.22166669439086      h
   -0.20008491503348     -1.17179936971608     -2.43956127343341      o
    0.34508002881367      1.23086951742131     -1.39320338471634      c
   -0.70207242608032      2.75575423921394     -2.32498342566344      h
    2.36947868504085      1.63065117989370     -1.58992413646183      h
   -0.34523724616358      1.23084898541312      1.39316436785929      c
    0.70203742614938      2.75561588096195      2.32500007169688      h
   -2.36960395746822      1.63078782489284      1.58989456578433      h
    0.19973158254933     -1.17190041947387      2.43943873241133      o
   -0.16772124049923     -1.07601412791893      4.22154077698019      h
  0.27920778850055D-05  0.88113629587161D-06  -.13710967783354D-05
  0.65254386324236D-02  -.21836122827512D-02  0.16230785202564D-02
  -.10560383379190D-01  0.21694588854313D-02  -.26262982759202D-02
  0.76263863579840D-05  0.67114319635131D-05  0.29745074638932D-05
  -.77379976026748D-06  0.67169844497617D-05  -.80167456084634D-06
  0.10560571026087D-01  0.21685254235333D-02  0.26264007549601D-02
  -.76263483790306D-05  0.66848694197930D-05  -.28948516925809D-05
  0.75768003249266D-06  0.67296036476705D-05  0.67139947668160D-06
  -.65255771256165D-02  -.21829347480029D-02  -.16230942492390D-02
  -.28251497868892D-05  0.83867737316057D-06  0.13349656136086D-05
  cycle =      7 MP2 energy =     -229.8345578953 |dE/dxyz| =  0.018583
    0.16691703361174     -1.07569178470048     -4.22177672344347      h
   -0.19984564466734     -1.17183232997100     -2.43955075043341      o
    0.34522676869220      1.23086819664275     -1.39316135619559      c
   -0.70197443520607      2.75563021445272     -2.32509025877139      h
    2.36963210338164      1.63063133440669     -1.58972244786660      h
   -0.34538739953128      1.23084719470186      1.39312192661354      c
    0.70193997949270      2.75548873196390      2.32510620253053      h
   -2.36975968010779      1.63077147638248      1.58969557073694      h
    0.19948492676184     -1.17193589275360      2.43942546270330      o
   -0.16728488434478     -1.07583320714503      4.22165197419227      h
  0.29796608347343D-06  -.28621252112782D-06  0.39646712224339D-06
  0.65242151677185D-02  -.21817004262701D-02  0.16182862414826D-02
  -.10541843956363D-01  0.21778755533184D-02  -.26172873437265D-02
  -.52226459956728D-06  0.19771819630421D-05  0.46481069881921D-07
  -.19740414307634D-05  0.23000406157436D-05  -.11792297904822D-06
  0.10542014467082D-01  0.21769151505620D-02  0.26174288992786D-02
  0.52078322876348D-06  0.19615769932813D-05  -.16696483307044D-07
  0.19873602652432D-05  0.23001227911212D-05  0.49261326129368D-07
  -.65243881422745D-02  -.21810537798075D-02  -.16183802619008D-02
  -.30733962586016D-06  -.28922581990498D-06  -.40512542565097D-06
  cycle =      8 MP2 energy =     -229.8345579120 |dE/dxyz| =  0.018583
    0.14080725059285     -1.05550732559980     -4.22267416094572      h
   -0.21484859224628     -1.15163129314994     -2.43819765793095      o
    0.33662707281695      1.25111076364789     -1.39526442895270      c
   -0.71641972583772      2.77581229836882     -2.32068256240419      h
    2.35975266991820      1.65095503977222     -1.60443221183793      h
   -0.33662700233418      1.25111077636586      1.39526444782785      c
    0.71641845307459      2.77581279984539      2.32068335567168      h
   -2.35975299849204      1.65095392044139      1.60443046517849      h
    0.21484953763811     -1.15163078582808      2.43819786762127      o
   -0.14082149524458     -1.05551152298578      4.22267156102594      h
  0.55566347778591D-06  -.35491226846318D-06  0.44495716977622D-06
  0.65340271738186D-02  -.21813524352794D-02  0.15775860256184D-02
  -.10558092251396D-01  0.21773538252310D-02  -.25515767881323D-02
  -.52635636804688D-06  0.19967959707934D-05  0.10686663531878D-06
  -.19533052331155D-05  0.23385616603200D-05  -.48278630426779D-07
  0.10558077161044D-01  0.21773679209653D-02  0.25516385491269D-02
  0.52561679897423D-06  0.19806996225391D-05  -.78028145500397D-07
  0.19678343479157D-05  0.23394185719727D-05  -.21922841320077D-07
  -.65340021667524D-02  -.21813073030437D-02  -.15775951751742D-02
  -.57936991360030D-06  -.36259048880050D-06  -.45620612176833D-06
  cycle =      9 MP2 energy =     -229.8345579422 |dE/dxyz| =  0.018589
    0.14072510010592     -1.05547110003160     -4.22269563238684      h
   -0.21482091334764     -1.15163638184395     -2.43819889054121      o
    0.33664366108688      1.25111077232741     -1.39525763555963      c
   -0.71637411833286      2.77581232065501     -2.32069982963238      h
    2.35978240357665      1.65092389554839     -1.60439190783607      h
   -0.33664440840865      1.25111064405187      1.39525748345116      c
    0.71637298151469      2.77581203554143      2.32070042735670      h
   -2.35978332051976      1.65092363741243      1.60439078493484      h
    0.21482003369600     -1.15163652502186      2.43819851067021      o
   -0.14073624948534     -1.05547462776116      4.22269336479695      h
  -.78223725996640D-06  0.79950796205708D-07  -.14604123688144D-06
  0.65360722083834D-02  -.21829788863350D-02  0.15775502011932D-02
  -.10561714184623D-01  0.21804545805155D-02  -.25504304003801D-02
  0.19375623416806D-06  0.12166523983836D-05  0.52328145816460D-07
  -.63015442153258D-06  0.12182857258569D-05  0.22121488107985D-06
  0.10561733193161D-01  0.21804588925436D-02  0.25504462285824D-02
  -.18691984249308D-06  0.12033613963069D-05  -.33450877623409D-07
  0.61587525701512D-06  0.12307573646897D-05  -.24329878756113D-06
  -.65361242980586D-02  -.21829731599148D-02  -.15775653406829D-02
  0.82276117308044D-06  0.89545576620331D-07  0.14855841357075D-06
  cycle =     10 MP2 energy =     -229.8345579555 |dE/dxyz| =  0.018591
    0.14075319273701     -1.05548675299749     -4.22268021033159      h
   -0.21483936976654     -1.15163102821495     -2.43819142860942      o
    0.33663425216839      1.25112228426446     -1.39525779596386      c
   -0.71638482256911      2.77581872809651     -2.32070058489997      h
    2.35977732888322      1.65091638141361     -1.60440543136337      h
   -0.33663423639267      1.25112222708226      1.39525764316663      c
    0.71638370576727      2.77581939426534      2.32070057593508      h
   -2.35977764184221      1.65091513093085      1.60440466362274      h
    0.21484072109015     -1.15163054264500      2.43819171144326      o
   -0.14076796018962     -1.05549115131764      4.22267753225421      h
  0.93081000762663D-06  -.63914648690266D-06  0.59808329844202D-07
  0.65344643789680D-02  -.21832697144184D-02  0.15772513545560D-02
  -.10563705949036D-01  0.21830704979848D-02  -.25494439309313D-02
  0.18847621507945D-06  0.44021537393135D-06  0.35992154323594D-06
  0.19260942973887D-06  0.40469628692641D-06  -.13010353050458D-06
  0.10563704975475D-01  0.21830605350770D-02  0.25494207422789D-02
  -.19451934285541D-06  0.43704246577292D-06  -.36519403456836D-06
  -.20751243701156D-06  0.40529337219652D-06  0.12925006431797D-06
  -.65343599450238D-02  -.21832430679698D-02  -.15772095733819D-02
  -.10133243703025D-05  -.66636982343216D-06  -.72275626372686D-07
  cycle =     11 MP2 energy =     -229.8345579410 |dE/dxyz| =  0.018591
    0.14074420023754     -1.05549112156615     -4.22268045093683      h
   -0.21484464067605     -1.15163530084510     -2.43819092245376      o
    0.33663134360680      1.25111800987196     -1.39525853489379      c
   -0.71638954882604      2.77581449820066     -2.32069918224350      h
    2.35977401372798      1.65091194485549     -1.60441041332900      h
   -0.33663131382232      1.25111811164194      1.39525831110918      c
    0.71638867843459      2.77581523421124      2.32069898466642      h
   -2.35977425174113      1.65091117783729      1.60440954375845      h
    0.21484563977060     -1.15163465992149      2.43819131966481      o
   -0.14075930527101     -1.05549517266139      4.22267787985320      h
  0.71940153567596D-06  -.55190854592047D-06  0.58290456905752D-07
  0.65347696589400D-02  -.21832273996694D-02  0.15771875088326D-02
  -.10563591953661D-01  0.21828568515048D-02  -.25494650438684D-02
  0.10789555981994D-06  0.46287978072712D-06  0.36768845546042D-06
  0.11944418831789D-06  0.46609979209578D-06  -.11210602413048D-06
  0.10563606782741D-01  0.21828491635105D-02  0.25494443669944D-02
  -.10918353754441D-06  0.45510516821778D-06  -.37088182169853D-06
  -.13221026051724D-06  0.47401907798950D-06  0.10969522923343D-06
  -.65347287788100D-02  -.21832177402104D-02  -.15771572463024D-02
  -.76105663859849D-06  -.56708968154684D-06  -.62271674927672D-07
  cycle =     12 MP2 energy =     -229.8345579322 |dE/dxyz| =  0.018592
    0.14065621878865     -1.05544629030945     -4.22271062341742      h
   -0.21480427198520     -1.15164507313373     -2.43819855128901      o
    0.33665426078547      1.25110805955280     -1.39525266464198      c
   -0.71634891951926      2.77580363547716     -2.32071432454536      h
    2.35980102232576      1.65089752079880     -1.60436840631377      h
   -0.33665547476484      1.25110806442688      1.39525239675768      c
    0.71634811260647      2.77580309714744      2.32071457857148      h
   -2.35980214432426      1.65089821658499      1.60436766560918      h
    0.21480206403429     -1.15164538845113      2.43819789588253      o
   -0.14066605250610     -1.05544912046932      4.22270856858185      h
  -.11010391018917D-05  0.25284328447617D-06  -.19984334453937D-06
  0.65367547833119D-02  -.21840436978842D-02  0.15769728629147D-02
  -.10563320238434D-01  0.21830319239529D-02  -.25492985473994D-02
  0.22229828866571D-06  0.38410017388912D-06  -.62624921692844D-07
  -.56673266968232D-07  0.36500928723981D-06  0.32421898898960D-06
  0.10563335369498D-01  0.21830408725281D-02  0.25493179753515D-02
  -.21068276523373D-06  0.37889187032292D-06  0.77715444080084D-07
  0.59109479089159D-07  0.37663058405357D-06  -.33416379097151D-06
  -.65368638629777D-02  -.21840623875793D-02  -.15770100711903D-02
  0.11809358216874D-05  0.27579406364220D-06  0.21247769055321D-06
  cycle =     13 MP2 energy =     -229.8345579363 |dE/dxyz| =  0.018590
    0.14070263491841     -1.05547037158388     -4.22269193820586      h
   -0.21482564431408     -1.15164012000002     -2.43819181966427      o
    0.33664264472683      1.25111548261493     -1.39525526381102      c
   -0.71637154090110      2.77580824365504     -2.32070859173492      h
    2.35978728373541      1.65090471657716     -1.60439164612604      h
   -0.33664268918129      1.25111562208149      1.39525507106371      c
    0.71637069181564      2.77580900622131      2.32070836671831      h
   -2.35978754277217      1.65090401014338      1.60439091434143      h
    0.21482657905952     -1.15163947591905      2.43819212717920      o
   -0.14071760164621     -1.05547439216592      4.22268931543463      h
  0.10391185888414D-05  -.55701449963586D-06  0.21765372348881D-06
  0.65343308058727D-02  -.21834362827917D-02  0.15769973404280D-02
  -.10563332875621D-01  0.21835068669755D-02  -.25493095030127D-02
  -.68036365430402D-08  0.26235102756900D-06  0.20273336498455D-06
  -.36090193944460D-07  0.22482004990998D-06  -.98248341906526D-07
  0.10563318771005D-01  0.21835013210536D-02  0.25492975045300D-02
  -.11727618876023D-09  0.26439933531464D-06  -.20661923438858D-06
  0.31401171884937D-07  0.21986540943431D-06  0.96092134360681D-07
  -.65342042875369D-02  -.21834011435278D-02  -.15769608423879D-02
  -.11399224026931D-05  -.58520219037295D-06  -.23611134292167D-06
$end
