$hessapprox internal
  0.236743163985D-01 -0.587248132987D-04  0.615179595607D+00 -0.394083101471D-03
 -0.712109236376D-04  0.372835928778D+00 -0.823703236203D-03 -0.241106130423D-04
 -0.264282526379D-03  0.423158982413D+00 -0.596926148249D-04 -0.252940627876D-04
 -0.258253025411D-03 -0.993458329717D-04  0.421784378879D+00  0.381988441314D-02
  0.146365403324D-03  0.157646444316D-02  0.338022217230D-03  0.582725008972D-03
  0.344287151906D+00  0.291361592754D-02 -0.126179808799D-04 -0.593044357020D-04
 -0.250204004891D-03  0.570076902177D-05  0.112533599152D-02  0.348845560872D+00
 -0.194874427399D-02 -0.791423200580D-04 -0.849664402609D-03 -0.190731992921D-03
 -0.313076026176D-03  0.132364860777D-02 -0.569571905621D-03  0.319746866925D+00
  0.256102662549D-02 -0.260265212188D-04 -0.203786989592D-03 -0.280989619612D-03
 -0.477283935021D-04  0.134323320742D-02  0.880141253788D-03 -0.690459283999D-03
  0.346095194781D+00 -0.849018553254D-03 -0.235057313137D-04 -0.258738356400D-03
 -0.382274756094D-04 -0.976465733202D-04  0.316503625236D-03 -0.259255887625D-03
 -0.179489128040D-03 -0.288061272047D-03  0.423167412007D+00 -0.712156771107D-04
 -0.270028570585D-04 -0.275876788101D-03 -0.105546746814D-03 -0.965791812010D-04
  0.619968224039D-03  0.358873613877D-05 -0.333174532725D-03 -0.532531764069D-04
 -0.103707497479D-03  0.421771466283D+00  0.379525776996D-02  0.146452782906D-03
  0.157677001772D-02  0.340058217694D-03  0.582608776431D-03 -0.239578590480D-02
  0.111703748542D-02  0.132821786654D-02  0.133577162743D-02  0.318617276242D-03
  0.619865109792D-03  0.344269111772D+00  0.309441219267D-02 -0.113489339232D-04
 -0.421476135408D-04 -0.257340012658D-03  0.133004795776D-04  0.114651787660D-02
  0.104310629820D-02 -0.578836169996D-03  0.937140754924D-03 -0.267075152302D-03
  0.115613911089D-04  0.113772741736D-02  0.348966494034D+00 -0.193846492981D-02
 -0.788918028536D-04 -0.846877773502D-03 -0.190408473611D-03 -0.312014108477D-03
  0.132062440295D-02 -0.566398522074D-03 -0.730374746589D-03 -0.687011232646D-03
 -0.179215022781D-03 -0.332047602508D-03  0.132516768935D-02 -0.575556370255D-03
  0.319750340546D+00  0.267088585166D-02 -0.237643652689D-04 -0.178221452508D-03
 -0.279229659780D-03 -0.378454628536D-04  0.132075600098D-02  0.914476657308D-03
 -0.677139266714D-03  0.792641973549D-03 -0.286804820192D-03 -0.427774144366D-04
  0.131301219308D-02  0.972756597988D-03 -0.673692310706D-03  0.346168089620D+00
  0.936458236003D-02 -0.572816018719D-04 -0.360454085663D-03 -0.872560862629D-03
 -0.407407034952D-04  0.401345278055D-02  0.317995498046D-02 -0.204322211828D-02
  0.280940163381D-02 -0.900663375275D-03 -0.516371542270D-04  0.398659337818D-02
  0.337531802198D-02 -0.203228494466D-02  0.292668795680D-02  0.253496138221D-01
 -0.423102446077D-04 -0.698985988969D-05 -0.719764093496D-04 -0.256938887263D-04
 -0.254119577774D-04  0.153712401734D-03 -0.703072050945D-05 -0.828910491943D-04
 -0.211174020599D-04 -0.251374862049D-04 -0.271430849210D-04  0.153752553748D-03
 -0.541469663871D-05 -0.826207803707D-04 -0.186442087836D-04 -0.393259664216D-04
  0.615179413992D+00 -0.425422919965D-03 -0.723782927825D-04 -0.744998414924D-03
 -0.266918951546D-03 -0.262915742473D-03  0.159525264357D-02 -0.685710061511D-04
 -0.860098769258D-03 -0.214768500158D-03 -0.261200217499D-03 -0.280836842464D-03
  0.159563288196D-02 -0.515995057644D-04 -0.857288804490D-03 -0.189032417705D-03
 -0.393413985463D-03 -0.732040516413D-04  0.372810599620D+00  0.279790710420D-02
  0.121352034324D-03  0.129833167582D-02  0.305421002322D-03  0.476771416714D-03
 -0.208353062706D-02  0.809944809394D-03  0.114929075650D-02  0.100030214122D-02
  0.288821507674D-03  0.507524817720D-03 -0.209000441290D-02  0.820583570829D-03
  0.114645180254D-02  0.977978093533D-03  0.292617580076D-02  0.126735302994D-03
  0.131477954632D-02  0.505923485776D+00 -0.746900399458D-02 -0.351101812563D-04
 -0.532942913809D-03  0.365598652966D-03 -0.252810762422D-03 -0.128558186317D-02
 -0.245449076433D-02  0.602794131634D-03 -0.233462263614D-02  0.392799298510D-03
 -0.263964639796D-03 -0.126506445142D-02 -0.258245684646D-02  0.597634202818D-03
 -0.239469390802D-02 -0.808732356071D-02 -0.494420712295D-04 -0.521998493432D-03
 -0.773846448121D-03  0.388820875022D+00  0.286592302146D-02  0.120715805455D-03
  0.129347782277D-02  0.298183268632D-03  0.475698003223D-03 -0.204916049584D-02
  0.833264007118D-03  0.113165229427D-02  0.102045121672D-02  0.281392707077D-03
  0.506318181703D-03 -0.205583183086D-02  0.845397611107D-03  0.112890248890D-02
  0.999070254466D-03  0.300073555477D-02  0.126229458215D-03  0.130964448756D-02
 -0.177371338803D-02 -0.835197294460D-03  0.505975072826D+00 -0.718170830980D-02
 -0.374705865397D-04 -0.550124964362D-03  0.336363753770D-03 -0.256190150502D-03
 -0.114815629760D-02 -0.235632265269D-02  0.532445899715D-03 -0.224913397100D-02
  0.362737970688D-03 -0.267826439677D-03 -0.112846966022D-02 -0.247808731579D-02
  0.527648108732D-03 -0.230535717143D-02 -0.777269940304D-02 -0.512516970807D-04
 -0.540306244738D-03 -0.672430518741D-03  0.523663552215D-02 -0.731508007269D-03
  0.388319972377D+00 -0.232772095961D-02 -0.474581606293D-04 -0.536886280051D-03
 -0.353570057161D-04 -0.207731835061D-03  0.465041057681D-03 -0.727984558125D-03
 -0.276217521092D-03 -0.770024962887D-03 -0.247165854170D-04 -0.220176726140D-03
  0.471026260996D-03 -0.755277796652D-03 -0.276215168179D-03 -0.773617703000D-03
 -0.248553960228D-02 -0.519296015777D-04 -0.540410028396D-03  0.463876301407D-03
  0.127841230170D-02  0.443905027693D-03  0.119690385466D-02  0.388991174105D+00
  0.000000000000D+00  0.000000000000D+00  0.000000000000D+00  0.000000000000D+00
  0.000000000000D+00  0.000000000000D+00  0.000000000000D+00  0.000000000000D+00
  0.000000000000D+00  0.000000000000D+00  0.000000000000D+00  0.000000000000D+00
  0.000000000000D+00  0.000000000000D+00  0.000000000000D+00  0.000000000000D+00
  0.000000000000D+00  0.000000000000D+00  0.000000000000D+00  0.000000000000D+00
  0.000000000000D+00  0.000000000000D+00  0.000000000000D+00  0.000000000000D+00
$end
