$coord
    0.01681783674328     -1.08189562228603     -4.20320649846663  h
   -0.09341254841084     -1.19693411817529     -2.38768171039531  o
    0.14322232524727      1.29789631541721     -1.44505718875139  c
   -1.28280825734525      2.55981328003995     -2.25591634267025  h
    2.00558068672360      2.05492715106427     -1.94349251283826  h
   -0.14322249801609      1.29789628285202      1.44505721734391  c
    1.28280833853592      2.55981292799151      2.25591640458125  h
   -2.00558070358917      2.05492746741632      1.94349260655223  h
    0.09341183582279     -1.19693424957460      2.38768162663234  o
   -0.01681302957550     -1.08189519297771      4.20320671552085  h
$intdef
# definitions of internal coordinates
   1 f  1.0000000000000 tors    2    3    6    9 val=  15.00000
$user-defined bonds
$redundant
     number_of_atoms            10
     degrees_of_freedom         24
     internal_coordinates       25
     frozen_coordinates          1
# definitions of redundant internals
   1 k  1.0000000000000 tors   1    2    3    6 val= 177.24939
   2 k  1.0000000000000 stre   2    1           val=   1.82250
   3 k  1.0000000000000 bend   3    1    2      val= 106.65162
   4 k  1.0000000000000 stre   3    4           val=   2.06966
   5 k  1.0000000000000 stre   3    5           val=   2.07121
   6 k  0.0696408970276 bend   5    4    3      val=   0.72150
       -0.5229247342980 bend   2    4    3
       -0.4938828540936 bend   2    5    3
        0.4852410766698 bend   6    4    3
        0.4922607963927 bend   6    5    3
   7 k  0.0126857299793 bend   5    4    3      val=   0.37331
       -0.5343001206239 bend   2    4    3
        0.5556270682494 bend   2    5    3
       -0.4594972739066 bend   6    4    3
        0.4410252483216 bend   6    5    3
   8 k  0.8943574453055 bend   5    4    3      val=  -0.31089
       -0.1734483803233 bend   2    4    3
       -0.1971217579596 bend   2    5    3
       -0.2569693962934 bend   6    4    3
       -0.2552452963277 bend   6    5    3
   9 k -0.0078950742801 bend   5    4    3      val=   1.09150
        0.4495160222428 bend   2    4    3
       -0.4508386463915 bend   2    5    3
       -0.5358459860454 bend   6    4    3
        0.5545147497660 bend   6    5    3
  10 k  1.0000000000000 stre   6    7           val=   2.06966
  11 k  1.0000000000000 stre   6    8           val=   2.07121
  12 k  0.0696408933419 bend   8    7    6      val=   0.72150
       -0.5229247466950 bend   9    7    6
       -0.4938828413796 bend   9    8    6
        0.4852410664299 bend   3    7    6
        0.4922608065948 bend   3    8    6
  13 k  0.0126857267042 bend   8    7    6      val=   0.37331
       -0.5343001057803 bend   9    7    6
        0.5556270775277 bend   9    8    6
       -0.4594972873496 bend   3    7    6
        0.4410252407035 bend   3    8    6
  14 k  0.8943574435802 bend   8    7    6      val=  -0.31089
       -0.1734483790642 bend   9    7    6
       -0.1971217667850 bend   9    8    6
       -0.2569694046712 bend   3    7    6
       -0.2552452879782 bend   3    8    6
  15 k -0.0078950845236 bend   8    7    6      val=   1.09150
        0.4495160296033 bend   9    7    6
       -0.4508386447105 bend   9    8    6
       -0.5358459778656 bend   3    7    6
        0.5545147529244 bend   3    8    6
  16 k  1.0000000000000 tors  10    9    6    3 val= 177.24921
  17 k  1.0000000000000 stre   9   10           val=   1.82250
  18 k  1.0000000000000 bend   6   10    9      val= 106.65162
  19 k  1.0000000000000 tors   2    3    6    9 val=  15.00000
  20 k  1.0000000000000 stre   3    2           val=   2.67745
  21 k  1.0000000000000 bend   6    2    3      val= 109.97607
  22 k  1.0000000000000 stre   6    9           val=   2.67745
  23 k  1.0000000000000 bend   3    9    6      val= 109.97607
  24 k  1.0000000000000 stre   3    6           val=   2.90427
  25 f  1.0000000000000 tors   2    3    6    9 val=  15.00000
        24 non zero eigenvalues  of BmBt
           1           4.646168615    1    0
         1
           2           3.802900500    2    0
         2
           3           3.714298994    3    0
         3
           4           3.065029353    4    0
         4
           5           2.651956923    5    0
         5
           6           2.472593199    6    0
         6
           7           2.104518853    7    0
         7
           8           1.757447165    8    0
         8
           9           1.223123135    9    0
         9
          10           1.205874828   10    0
        10
          11           1.029081765   11    0
        11
          12           0.825046934   12    0
        12
          13           0.759135079   13    0
        13
          14           0.728910386   14    0
        14
          15           0.690823822   15    0
        15
          16           0.386087965   16    0
        16
          17           0.346558376   17    0
        17
          18           0.291024175   18    0
        18
          19           0.253836980   20    0
        20
          20           0.247498761   21    0
        21
          21           0.198827310   22    0
        22
          22           0.067169794   23    0
        23
          23           0.054501424   24    0
        24
          24           0.000000000    0    1
         0.000000000         0.000000000         0.000000000         0.000000000
         0.000000000         0.000000000         0.000000000         0.000000000
         0.000000000         0.000000000         0.000000000         0.000000000
         0.000000000         0.000000000         0.000000000         0.000000000
         0.000000000         0.000000000         0.000000000         0.000000000
         0.000000000         0.000000000         0.000000000         0.000000000
         1.000000000
$end
