$energy      SCF               SCFKIN            SCFPOT            MP2
     1 -229.0121862815      228.804361     -457.816547     -.8140451556213
     2 -229.0155509689      228.747426     -457.762977     -.8125507291562
     3 -229.0155746680      228.772457     -457.788032     -.8128147421316
     4 -229.0153470745      228.778184     -457.793532     -.8130781930747
     5 -229.0153105631      228.772804     -457.788115     -.8131177739122
     6 -229.0152998147      228.773633     -457.788932     -.8131287527079
     7 -229.0152998284      228.773307     -457.788607     -.8131287743302
     8 -229.0152988462      228.773452     -457.788750     -.8131297589309
     9 -229.0152988461      228.773454     -457.788753     -.8131297863729
    10 -229.0152988981      228.773453     -457.788752     -.8131297294013
    11 -229.0152991182      228.773452     -457.788751     -.8131294828471
    12 -229.0152991182      228.773452     -457.788752     -.8131294926745
    13 -229.0152991319      228.773458     -457.788757     -.8131294897502
    14 -229.0152991600      228.773458     -457.788757     -.8131294624896
$end
