$grad          cartesian gradients
  cycle =      1 MP2 energy =     -229.8262314371 |dE/dxyz| =  0.021914
    0.07578681625461     -1.26779350374209     -4.05760276953751      h
   -0.10385481239559     -1.21564485467378     -2.24936677244939      o
    0.14792623461208      1.33448831632277     -1.42412512317716      c
   -1.30615214097248      2.54976575290535     -2.26132126206258      h
    2.00385525009859      2.11166626054025     -1.91772774316562      h
   -0.14792389639025      1.33449377677372      1.42411474458637      c
    1.30612548827961      2.54977830752594      2.26131483494066      h
   -2.00387885027130      2.11166828960049      1.91768781183591      h
    0.10392758451055     -1.21562227185267      2.24938402458935      o
   -0.07691953005389     -1.26790791241801      4.05749895975276      h
  -.57072308325171D-03  -.39943066949557D-02  0.27342966986197D-02
  0.24691738597118D-02  -.46425206988605D-02  0.33645833814724D-02
  -.38525796632868D-02  0.57987905588375D-02  0.10486179519292D-01
  -.18156264261724D-02  0.17490735161818D-03  0.10294133361479D-02
  0.46781122482376D-03  0.26635064054992D-02  0.26894967846063D-02
  0.38588399086540D-02  0.57989006748009D-02  -.10485116970195D-01
  0.18126355758126D-02  0.17035347502992D-03  -.10310069229187D-02
  -.47209470462928D-03  0.26673141997744D-02  -.26891002611678D-02
  -.24671769942777D-02  -.46432007183501D-02  -.33666909476189D-02
  0.56974030241433D-03  -.39937446562802D-02  -.27320546162333D-02
  cycle =      2 MP2 energy =     -229.8281016981 |dE/dxyz| =  0.014793
    0.06154169371342     -1.09856528774585     -4.25822345204919      h
   -0.08348997844714     -1.21410644106551     -2.44550618247502      o
    0.14493947535608      1.26353825134364     -1.45060736457002      c
   -1.28057850430592      2.52009923991214     -2.27016884544765      h
    1.99951984046908      2.04152019975262     -1.94028176437309      h
   -0.14503560387728      1.26353763903025      1.45058995017708      c
    1.28053349754028      2.52002012094091      2.27017865416198      h
   -1.99958716267023      2.04160905687962      1.94024015209934      h
    0.08328407325438     -1.21412042360729      2.44547715994829      o
   -0.06223518736075     -1.09864019445856      4.25815839784107      h
  -.16549616321257D-03  -.18922950330315D-02  -.59324228067226D-03
  0.43612189950559D-02  0.13583680611404D-02  -.42002410633488D-02
  -.78367188372729D-02  0.98681490521901D-03  0.68705361954602D-03
  0.37387792986987D-03  -.78981046311410D-03  -.16169545020850D-02
  -.73040159062110D-03  0.33692937037189D-03  -.25508145752662D-03
  0.78372981838525D-02  0.98661338378303D-03  -.68673235125760D-03
  -.37432741229493D-03  -.79106225313330D-03  0.16174715186092D-02
  0.72965220999732D-03  0.33796204395498D-03  0.25423692055404D-03
  -.43598149923039D-02  0.13588791930133D-02  0.42006312534850D-02
  0.16471167702323D-03  -.18923991272311D-02  0.59285834196032D-03
  cycle =      3 MP2 energy =     -229.8283894101 |dE/dxyz| =  0.013227
    0.05635699683804     -1.11304403087904     -4.21395384334284      h
   -0.08502481420110     -1.21598347502965     -2.40064022368241      o
    0.14716769423782      1.27308522689462     -1.44555230383105      c
   -1.27859118881541      2.52946305746626     -2.26524599743545      h
    2.00757634510419      2.03896403760126     -1.93571572757360      h
   -0.14728442781774      1.27308373742443      1.44553381271054      c
    1.27854634457328      2.52936341707242      2.26525376542278      h
   -2.00765082408603      2.03907589330361      1.93568045657496      h
    0.08475412339505     -1.21600522151215      2.40060347938786      o
   -0.05695810555617     -1.11311048135980      4.21389328708200      h
  -.88678914915069D-04  -.95554286646504D-03  0.66777637939275D-04
  0.46425295890228D-02  0.84970074964374D-03  -.11047352601130D-02
  -.78871108965366D-02  0.39257671393145D-03  0.17280553312071D-03
  0.32256382918483D-04  -.45802509566473D-03  -.59889327322615D-03
  -.25169137565761D-03  0.17131914967150D-03  0.76603366549355D-04
  0.78868839961754D-02  0.39215930183811D-03  -.17263402380974D-03
  -.32270278980562D-04  -.45848139097027D-03  0.59946496282426D-03
  0.25156420069106D-03  0.17172555445999D-03  -.77378183341414D-04
  -.46415650574306D-02  0.85022560387138D-03  0.11049601713022D-02
  0.88082354565033D-04  -.95565774977757D-03  -.66970932786070D-04
  cycle =      4 MP2 energy =     -229.8284252676 |dE/dxyz| =  0.013590
    0.04873651629819     -1.11277348682425     -4.19698933431549      h
   -0.08373319858370     -1.21938920576131     -2.38272321079750      o
    0.14941878952688      1.27547145442948     -1.44408942109746      c
   -1.27313790706906      2.53650668799699     -2.26267104084225      h
    2.01425254966857      2.03266805607145     -1.93358156842069      h
   -0.14956921463957      1.27546823398635      1.44406920195582      c
    1.27309160392386      2.53637230781465      2.26267360410387      h
   -2.01434102105421      2.03281747847247      1.93355880623904      h
    0.08336706109477     -1.21942243414948      2.38267461672899      o
   -0.04919303549379     -1.11282693105439      4.19693505175848      h
  -.32215292286031D-05  -.14552433622922D-03  0.11781209744566D-03
  0.49490092708463D-02  -.12656662903510D-03  0.74910220671054D-03
  -.81577433819084D-02  0.26449068440737D-03  -.78388516369277D-03
  -.38813840439023D-04  -.30543897782120D-04  -.17923220241522D-04
  0.40670845874669D-04  0.38179095822377D-04  0.79667642875147D-04
  0.81575807179555D-02  0.26382039977957D-03  0.78406664714059D-03
  0.38891235417005D-04  -.30568303636347D-04  0.18295787779676D-04
  -.40585354467826D-04  0.38137351045409D-04  -.80071597928999D-04
  -.49488322802103D-02  -.12592500813469D-03  -.74911466805005D-03
  0.30443163096527D-05  -.14549938752956D-03  -.11794973163415D-03
  cycle =      5 MP2 energy =     -229.8284283370 |dE/dxyz| =  0.013702
    0.04510520133677     -1.10652056988546     -4.20379973307049      h
   -0.08147993082455     -1.22098905107420     -2.38927951794106      o
    0.15039257139055      1.27322632571932     -1.44464474091818      c
   -1.27080100876090      2.53626086510819     -2.26240369858112      h
    2.01542653454775      2.03050632117605     -1.93299721550582      h
   -0.15055518836743      1.27322222913746      1.44462349277053      c
    1.27075418574851      2.53611479239894      2.26240057195731      h
   -2.01551998635557      2.03066896014179      1.93298165591500      h
    0.08108489719955     -1.22102636266910      2.38922789894731      o
   -0.04551513224274     -1.10657134907104      4.20374799173933      h
  0.95560868501321D-05  -.15972263592179D-04  -.22957619512987D-04
  0.49809220405710D-02  -.59663095431439D-03  0.49652776209808D-03
  -.81972126370599D-02  0.53955859236954D-03  -.98735570790587D-03
  0.26138261503661D-04  0.44339007454486D-04  -.85490588748183D-05
  0.12118564473695D-04  0.28880366683914D-04  -.14300862383188D-05
  0.81973106271753D-02  0.53878583224165D-03  0.98735143161521D-03
  -.26145113184661D-04  0.44322269352914D-04  0.86238202132716D-05
  -.12156586110201D-04  0.28899369329372D-04  0.13013181798804D-05
  -.49809267057336D-02  -.59618576612941D-03  -.49651341196455D-03
  -.96045385510890D-05  -.15996483135550D-04  0.23001553695501D-04
  cycle =      6 MP2 energy =     -229.8284285674 |dE/dxyz| =  0.013588
    0.04342302161492     -1.10673430181170     -4.20260820090610      h
   -0.08061516595883     -1.22111991034034     -2.38793717486604      o
    0.15101685027319      1.27363924928018     -1.44429053793997      c
   -1.27037438877371      2.53595796497504     -2.26270452331454      h
    2.01613203891023      2.03074020854394     -1.93229784825508      h
   -0.15118263070034      1.27363528239673      1.44426929609735      c
    1.27032752747177      2.53580911808832      2.26270014625303      h
   -2.01622661731036      2.03090629616807      1.93228489917319      h
    0.08021321722987     -1.22115767401471      2.38788433643041      o
   -0.04382170908479     -1.10678407230359      4.20255631264056      h
  0.57291760169609D-05  0.74485996531815D-06  0.40068742857002D-05
  0.49635949824044D-02  -.64532973424569D-03  0.55140114899466D-03
  -.81108631386730D-02  0.60788880686058D-03  -.89290900072658D-03
  0.45718558050467D-05  0.20686026733330D-04  0.17105933395545D-04
  0.27772319493025D-05  0.16150206161525D-04  0.11020856105048D-04
  0.81109347726990D-02  0.60712722000389D-03  0.89294973846443D-03
  -.45762303564345D-05  0.20666466053143D-04  -.17075770911923D-04
  -.27895206744510D-05  0.16153406602326D-04  -.11067701704670D-04
  -.49636382207857D-02  -.64483691108563D-03  -.55140958727584D-03
  -.57409083187854D-05  0.74962268542533D-06  -.40224913693265D-05
  cycle =      7 MP2 energy =     -229.8284286027 |dE/dxyz| =  0.013549
    0.04184542377949     -1.10601755320145     -4.20330765232089      h
   -0.07977478497789     -1.22119879018347     -2.38851178483259      o
    0.15148940011831      1.27353935067505     -1.44424599278678      c
   -1.26978803698967      2.53556990132225     -2.26324927452738      h
    2.01667811450076      2.03059022690847     -1.93187478067606      h
   -0.15165691872779      1.27353532513979      1.44422459076269      c
    1.26974114446283      2.53541964954904      2.26324376781803      h
   -2.01677325536779      2.03075811410733      1.93186336170607      h
    0.07936922820545     -1.22123696264729      2.38845850610244      o
   -0.04223817133174     -1.10606710068779      4.20325596406728      h
  0.19768818587396D-05  0.14245507731769D-05  -.44842087643104D-05
  0.49595640327261D-02  -.66381429453166D-03  0.50680746010467D-03
  -.80824538674096D-02  0.66036173452400D-03  -.85532800793220D-03
  0.64875059901937D-06  0.11975573612766D-05  -.10607826967934D-05
  -.63096726758971D-05  0.98730590969431D-06  -.98248114044353D-06
  0.80825159956913D-02  0.65957949416173D-03  0.85533006375260D-03
  -.65114297909119D-06  0.11905779802035D-05  0.10491476709618D-05
  0.63072213514204D-05  0.99189248947695D-06  0.99180573576163D-06
  -.49596252543394D-02  -.66334352692898D-03  -.50681253180418D-03
  -.19729447670314D-05  0.14246783618943D-05  0.44895356765551D-05
  cycle =      8 MP2 energy =     -229.8284286051 |dE/dxyz| =  0.013554
    0.04139987036489     -1.10612106352410     -4.20306061887358      h
   -0.07961277958219     -1.22118977493706     -2.38822359921100      o
    0.15160933269212      1.27363024191302     -1.44420128198669      c
   -1.26960938024935      2.53558901192437     -2.26340702482825      h
    2.01688315893586      2.03057465832193     -1.93171738374031      h
   -0.15177678768000      1.27362625266617      1.44417989543856      c
    1.26956249493709      2.53543888358745      2.26340157146036      h
   -2.01697826570096      2.03074250652346      1.93170595641467      h
    0.07920725268015     -1.22122789726461      2.38817029824672      o
   -0.04179275272563     -1.10617065822869      4.20300889239233      h
  0.44531390119840D-06  0.15752867089658D-05  -.91112262623483D-07
  0.49620048301778D-02  -.66025463406305D-03  0.52088142306417D-03
  -.80855439066652D-02  0.66139529863207D-03  -.84785384186503D-03
  -.17184552376648D-05  -.11797716719109D-05  -.79818550524635D-06
  -.13055637899662D-05  -.13846812692009D-05  -.16438984062894D-06
  0.80856020930961D-02  0.66061036511300D-03  0.84786003960513D-03
  0.17207657174723D-05  -.11770116348231D-05  0.79171207700846D-06
  0.13077308631537D-05  -.13852301599115D-05  0.17391746265361D-06
  -.49620707126391D-02  -.65977607181011D-03  -.52089105722253D-03
  -.44209531691042D-06  0.15764201612978D-05  0.91493673082255D-07
  cycle =      9 MP2 energy =     -229.8284286325 |dE/dxyz| =  0.013554
    0.01691898311363     -1.08187402149131     -4.20320650021470      h
   -0.09343058436919     -1.19693691052754     -2.38768955392799      o
    0.14321111596387      1.29790016345281     -1.44505632883211      c
   -1.28285316440910      2.55978590818165     -2.25591121832999      h
    2.00555428949237      2.05493043542375     -1.94352028660942      h
   -0.14321114090387      1.29790015599550      1.44505634283410      c
    1.28285332800856      2.55978581461091      2.25591104092322      h
   -2.00555418289626      2.05493055667626      1.94352058627090      h
    0.09343048708434     -1.19693694270028      2.38768953119327      o
   -0.01691741192763     -1.08187388096487      4.20320657197557      h
  0.35861018923833D-06  0.16164314783906D-05  -.13850358460132D-06
  0.49650724504813D-02  -.65994614784159D-03  0.49172102394479D-03
  -.80904086123358D-02  0.66091966631454D-03  -.80027637858260D-03
  -.17090979418377D-05  -.11884706330179D-05  -.77240703677539D-06
  -.13061695542937D-05  -.14004412443036D-05  -.88516094010060D-07
  0.80904026993157D-02  0.66091588927009D-03  0.80027381308678D-03
  0.17122888382737D-05  -.11872615606201D-05  0.76641177848558D-06
  0.13092807313875D-05  -.13999093850803D-05  0.97711291502378D-07
  -.49650769511335D-02  -.65994721107465D-03  -.49172365266248D-03
  -.35449852084368D-06  0.16174250832557D-05  0.14049799457183D-06
  cycle =     10 MP2 energy =     -229.8284286275 |dE/dxyz| =  0.013559
    0.01688416790044     -1.08188884012448     -4.20320080704130      h
   -0.09342240135343     -1.19693636387501     -2.38768070753591      o
    0.14321668671945      1.29790116543346     -1.44505637940492      c
   -1.28282951541833      2.55980136303819     -2.25591613619298      h
    2.00556942816671      2.05492826244065     -1.94350554580561      h
   -0.14321653071027      1.29790116582132      1.44505640051100      c
    1.28282967956710      2.55980143870822      2.25591602944598      h
   -2.00556925453151      2.05492819526137      1.94350572703060      h
    0.09342268732805     -1.19693635320871      2.38768073439147      o
   -0.01688322851150     -1.08188875483814      4.20320086988452      h
  0.91193908008380D-07  0.84106056258415D-06  -.54507420799155D-07
  0.49659471440660D-02  -.65926415763506D-03  0.49225493850447D-03
  -.80934189777459D-02  0.65987354244523D-03  -.80130207657314D-03
  -.72943457318786D-06  -.68810771569616D-06  -.35258589137221D-06
  -.38439469385310D-06  -.76165914686399D-06  0.48446762157539D-08
  0.80934165545821D-02  0.65987220374542D-03  0.80130000804557D-03
  0.72920831861722D-06  -.68521704221780D-06  0.34845703988928D-06
  0.38525663681455D-06  -.76376907909292D-06  0.53445403658259D-09
  -.49659354448741D-02  -.65926402121974D-03  -.49225382200380D-03
  -.10110544851338D-06  0.84009628059656D-06  0.54209237987379D-07
  cycle =     11 MP2 energy =     -229.8284286010 |dE/dxyz| =  0.013562
    0.01686312226440     -1.08189495234471     -4.20320835257722      h
   -0.09341697672359     -1.19693453260013     -2.38768654803560      o
    0.14321944018624      1.29789616749593     -1.44505760562031      c
   -1.28281203296476      2.55981249548651     -2.25591523571261      h
    2.00557739751181      2.05492636955236     -1.94349573473306      h
   -0.14321977282302      1.29789615537913      1.44505762953159      c
    1.28281212367385      2.55981198060463      2.25591529724212      h
   -2.00557747555594      2.05492693974550      1.94349582753905      h
    0.09341580491641     -1.19693467824418      2.38768643227592      o
   -0.01685991132867     -1.08189466641817      4.20320847537296      h
  0.15797960636887D-06  0.21787109294458D-06  0.71241679222567D-10
  0.49664687046925D-02  -.65782131106218D-03  0.49182081875543D-03
  -.80958776629681D-02  0.65792303287626D-03  -.80214530933564D-03
  0.12540842009301D-06  -.23022410644558D-06  0.10810308870290D-07
  0.14951982274525D-06  -.91641419563970D-07  -.63026107888220D-07
  0.80958867839382D-02  0.65792401725240D-03  0.80215043589327D-03
  -.12154652173635D-06  -.23128598636291D-06  -.73105277387242D-08
  -.14770722245316D-06  -.88776176854211D-07  0.61324958444686D-07
  -.49665323247750D-02  -.65782575290996D-03  -.49182943653037D-03
  -.10915500972541D-06  0.22404031685408D-06  0.16231620492135D-08
  cycle =     12 MP2 energy =     -229.8284286109 |dE/dxyz| =  0.013561
    0.01684705198822     -1.08189469730582     -4.20320838694670      h
   -0.09342589998769     -1.19693427211650     -2.38768614794380      o
    0.14321392058829      1.29789646613738     -1.44505816097859      c
   -1.28282089011261      2.55981261434293     -2.25591020118854      h
    2.00556982852969      2.05492688694492     -1.94350361508626      h
   -0.14321393716168      1.29789644935783      1.44505819957011      c
    1.28282099345091      2.55981245440255      2.25591025139627      h
   -2.00556977254211      2.05492701493200      1.94350370697374      h
    0.09342564413848     -1.19693434610025      2.38768609827084      o
   -0.01684295275551     -1.08189432882738      4.20320857344167      h
  0.44868936180387D-06  0.25709388151718D-06  -.17753194470060D-07
  0.49661215730432D-02  -.65802373953616D-03  0.49184131833613D-03
  -.80958660283205D-02  0.65811808806249D-03  -.80202792661344D-03
  0.16413455483644D-07  -.26208181225229D-06  0.11205270045167D-07
  0.56210558874170D-07  -.92081374525321D-07  -.13752813354806D-06
  0.80958620013593D-02  0.65811972273355D-03  0.80203186760364D-03
  -.17172255173392D-07  -.25824416383102D-06  -.87963862860363D-08
  -.57727547631004D-07  -.95238142927556D-07  0.13595012648970D-06
  -.49661345009552D-02  -.65802399724291D-03  -.49184580955597D-03
  -.42945869566102D-06  0.26044871653808D-06  0.17474258484640D-07
  cycle =     13 MP2 energy =     -229.8284286217 |dE/dxyz| =  0.013562
    0.01679341879889     -1.08189132367622     -4.20320781134383      h
   -0.09340229136699     -1.19693544674751     -2.38768127404675      o
    0.14322838929448      1.29789569811782     -1.44505646422470      c
   -1.28279837512170      2.55981231219449     -2.25592307359321      h
    2.00558927342362      2.05492581905421     -1.94348311747107      h
   -0.14322792723767      1.29789568227723      1.44505649475868      c
    1.28279852720494      2.55981267407339      2.25592304082009      h
   -2.00558898930016      2.05492535122671      1.94348318054627      h
    0.09340335933320     -1.19693538599876      2.38768137655792      o
   -0.01679139889261     -1.08189113875370      4.20320796550534      h
  -.44457491130134D-06  0.28462917200933D-06  -.28942714891400D-09
  0.49671790225401D-02  -.65773866750618D-03  0.49239899350795D-03
  -.80955561254209D-02  0.65759664110132D-03  -.80223526806700D-03
  -.62764676123095D-07  -.72116853822024D-07  -.23345317012868D-06
  -.27567911509152D-07  -.69168502925265D-07  0.16122321522261D-06
  0.80955520511869D-02  0.65759663020870D-03  0.80223178056049D-03
  0.57412004927926D-07  -.68775780626140D-07  0.23087772116348D-06
  0.24526886743814D-07  -.73898772212644D-07  -.15998503921644D-06
  -.49671327736355D-02  -.65773580286432D-03  -.49239289677416D-03
  0.41079391158161D-06  0.28050108263900D-06  -.98335384279835D-09
  cycle =     14 MP2 energy =     -229.8284286225 |dE/dxyz| =  0.013561
    0.01681783674328     -1.08189562228603     -4.20320649846663      h
   -0.09341254841084     -1.19693411817529     -2.38768171039531      o
    0.14322232524727      1.29789631541721     -1.44505718875139      c
   -1.28280825734525      2.55981328003995     -2.25591634267025      h
    2.00558068672360      2.05492715106427     -1.94349251283826      h
   -0.14322249801609      1.29789628285202      1.44505721734391      c
    1.28280833853592      2.55981292799151      2.25591640458125      h
   -2.00558070358917      2.05492746741632      1.94349260655223      h
    0.09341183582279     -1.19693424957460      2.38768162663234      o
   -0.01681302957550     -1.08189519297771      4.20320671552085      h
  0.74690143572753D-06  0.96747855837798D-07  0.79476221159780D-08
  0.49659054978928D-02  -.65743632030468D-03  0.49225398102148D-03
  -.80956112076550D-02  0.65752480660031D-03  -.80221252758506D-03
  -.88633590245024D-07  -.11990499393377D-06  0.23273407423474D-07
  -.43472678346035D-07  -.66760474037864D-07  -.61395383887941D-07
  0.80956226134689D-02  0.65752603904379D-03  0.80221666014024D-03
  0.91955065339988D-07  -.12190803122536D-06  -.20304404602101D-07
  0.45098109691111D-07  -.63531524041593D-07  0.59945107988568D-07
  -.49659778458127D-02  -.65744237357812D-03  -.49226254103640D-03
  -.69090613333267D-06  0.10317678517113D-06  -.50385722261126D-08
$end
