$hessapprox internal
  0.218604583095D-01  0.719344767473D-04  0.614703782074D+00  0.376433410299D-02
  0.332415219119D-03  0.370161399227D+00 -0.741882383324D-03  0.209344379071D-04
 -0.939047207830D-03  0.424524747688D+00  0.616309466409D-03  0.853189727179D-05
  0.305127650122D-03 -0.709678556453D-04  0.423273067376D+00 -0.122304532144D-02
 -0.157841745786D-03  0.197632412140D-02  0.394994411688D-03 -0.928917528220D-04
  0.344004229056D+00  0.383966334489D-02  0.138346008046D-03  0.340046606936D-03
 -0.595796583347D-03  0.336385949321D-03  0.194370707080D-03  0.348081292373D+00
 -0.764635704051D-03 -0.696356326314D-04  0.703391344754D-03  0.194557103761D-03
 -0.617146675406D-04 -0.420621561015D-03 -0.561457548987D-04  0.320014682705D+00
  0.454724924967D-02  0.203450399243D-03 -0.323036134795D-03 -0.777035905362D-03
  0.393412815394D-03  0.589637919627D-03  0.162251090062D-02  0.861691762624D-04
  0.344826216511D+00 -0.728983952259D-03  0.205493394845D-04 -0.922333687804D-03
  0.286748426931D-04 -0.697313545383D-04  0.387935250247D-03 -0.585308762266D-03
  0.191093076828D-03 -0.763320798522D-03  0.424523818086D+00  0.617919584316D-03
  0.886289036071D-05  0.300268567164D-03 -0.717100704170D-04  0.558141170353D-04
 -0.903330174247D-04  0.335376494673D-03 -0.606861043478D-04  0.391438476630D-03
 -0.704602496027D-04  0.423273274884D+00 -0.121233905546D-02 -0.157498488319D-03
  0.197805094753D-02  0.393409784465D-03 -0.919484709140D-04 -0.109423536893D-02
  0.199021215161D-03 -0.420941906487D-03  0.594575310273D-03  0.386378477636D-03
 -0.893917145684D-04  0.344004555198D+00  0.375691246981D-02  0.135399168773D-03
  0.332081569614D-03 -0.583018873055D-03  0.329131942062D-03  0.190496948505D-03
  0.154046958730D-02 -0.548018380015D-04  0.158720537318D-02 -0.572755945921D-03
  0.328143559704D-03  0.195046730702D-03  0.348013736615D+00 -0.761201322343D-03
 -0.695469079970D-04  0.704337132141D-03  0.194087357871D-03 -0.614093993947D-04
 -0.420765494144D-03 -0.545231385122D-04 -0.151207634888D-03  0.879609859345D-04
  0.190631567240D-03 -0.603810505189D-04 -0.421081175924D-03 -0.532143054493D-04
  0.320014313972D+00  0.451975204946D-02  0.203040363314D-03 -0.336111404960D-03
 -0.773816622077D-03  0.390931067076D-03  0.593515772554D-03  0.160768243597D-02
  0.888094051769D-04  0.151904373721D-02 -0.760157642992D-03  0.388952538654D-03
  0.598411500684D-03  0.157269674375D-02  0.905876913275D-04  0.344791793491D+00
  0.612841104296D-02  0.504391640381D-04  0.366439468752D-02 -0.643637862025D-03
  0.558248252482D-03 -0.123585945939D-02  0.355534383221D-02 -0.746255581698D-03
  0.424652456528D-02 -0.632466718338D-03  0.559987179897D-03 -0.122598458557D-02
  0.347875206039D-02 -0.743107328089D-03  0.422159112500D-02  0.205923622089D-01
  0.654848909555D-04 -0.151092437448D-04  0.325870870288D-03  0.213472041311D-04
  0.792600974689D-05 -0.155209850143D-03  0.133707009095D-03 -0.682848629318D-04
  0.197554672768D-03  0.209551436874D-04  0.825228815959D-05 -0.154879096622D-03
  0.130859795239D-03 -0.681999323795D-04  0.197171967091D-03  0.447633693937D-04
  0.614703974166D+00  0.376204761393D-02  0.332834933909D-03 -0.328160059040D-02
 -0.939598054251D-03  0.304864417181D-03  0.198076481290D-02  0.336037711270D-03
  0.705359950426D-03 -0.328885229972D-03 -0.922874369585D-03  0.299996062371D-03
  0.198248164261D-02  0.328158106085D-03  0.706303125833D-03 -0.341947938854D-03
  0.366273372747D-02  0.326288253790D-03  0.370142583106D+00 -0.224620243474D-02
 -0.326848848238D-03  0.430688979151D-02  0.792101916028D-03 -0.165970040636D-03
 -0.234534559793D-02  0.583063785766D-03 -0.914957304416D-03  0.144236527272D-02
  0.777929273342D-03 -0.160543953482D-03 -0.234452649167D-02  0.571157214716D-03
 -0.915100496284D-03  0.144921253967D-02 -0.230332117484D-02 -0.321640220091D-03
  0.431607322302D-02  0.502037790406D+00  0.263649226592D-02 -0.953051130388D-04
  0.372027251709D-02 -0.658565993592D-04  0.254824715255D-03 -0.159346693619D-02
  0.224522734889D-02 -0.771999664881D-03  0.296475595621D-02 -0.648747302029D-04
  0.257873522591D-03 -0.158753455580D-02  0.219710727984D-02 -0.770261755996D-03
  0.295315993817D-02  0.226835409299D-02 -0.965598796624D-04  0.372281151529D-02
 -0.321184011013D-02  0.378983531855D+00 -0.227184822626D-02 -0.327072885487D-03
  0.429179276931D-02  0.794818752225D-03 -0.168304538698D-03 -0.234029148319D-02
  0.568264894284D-03 -0.911884380645D-03  0.142472074309D-02  0.780598937580D-03
 -0.162885473609D-03 -0.233951351410D-02  0.556677159090D-03 -0.912040704641D-03
  0.143167225361D-02 -0.232643190892D-02 -0.321840374124D-03  0.430098351196D-02
 -0.499958919455D-02 -0.322143264286D-02  0.502056671579D+00  0.252584395154D-02
 -0.971951509843D-04  0.367205633412D-02 -0.524692555069D-04  0.244868279633D-03
 -0.158004100438D-02  0.218702622314D-02 -0.762300653335D-03  0.289760931899D-02
 -0.517210894328D-04  0.247904948236D-03 -0.157427281796D-02  0.214016204234D-02
 -0.760616376053D-03  0.288645619608D-02  0.216780418554D-02 -0.983375056958D-04
  0.367465255411D-02 -0.318884352990D-02  0.241186823981D-04 -0.319801587019D-02
  0.378888272394D+00  0.202713346935D-02  0.314089270562D-04  0.942298398951D-03
 -0.239459477506D-03  0.182810158491D-03 -0.275168304446D-03  0.108595516445D-02
 -0.190091724490D-03  0.126145102743D-02 -0.235283076334D-03  0.183095813900D-03
 -0.272113874965D-03  0.106252949825D-02 -0.189098620143D-03  0.125331305388D-02
  0.183920198586D-02  0.293821253201D-04  0.941339537141D-03 -0.482382965987D-03
  0.863988154395D-03 -0.490071483914D-03  0.831390332023D-03  0.364856271999D+00
  0.000000000000D+00  0.000000000000D+00  0.000000000000D+00  0.000000000000D+00
  0.000000000000D+00  0.000000000000D+00  0.000000000000D+00  0.000000000000D+00
  0.000000000000D+00  0.000000000000D+00  0.000000000000D+00  0.000000000000D+00
  0.000000000000D+00  0.000000000000D+00  0.000000000000D+00  0.000000000000D+00
  0.000000000000D+00  0.000000000000D+00  0.000000000000D+00  0.000000000000D+00
  0.000000000000D+00  0.000000000000D+00  0.000000000000D+00  0.000000000000D+00
$end
