$coord
    0.74159641830939     -0.73763679243088     -4.57236234942893  h
   -0.38321532716929     -0.63424951274583     -3.14576341260702  o
    0.85883936127312      0.70302424689616     -1.15745965490423  c
    1.27640927547916      2.64173519048682     -1.75614980717947  h
    2.63632520796350     -0.21439298944995     -0.62850531950689  h
   -0.85883078308463      0.70303445134640      1.15745964057818  c
   -1.27637680161559      2.64175048846326      1.75615027014987  h
   -2.63632799135809     -0.21436052418781      0.62850485925687  h
    0.38320728242023     -0.63425498351540      3.14576307342818  o
   -0.74160670149253     -0.73763052254539      4.57236107120238  h
$user-defined bonds
$intdef
# definitions of internal coordinates
   1 f  1.0000000000000 tors    2    3    6    9 val= 117.00000
$redundant
     number_of_atoms            10
     degrees_of_freedom         24
     internal_coordinates       25
     frozen_coordinates          1
# definitions of redundant internals
   1 k  1.0000000000000 tors   1    2    3    6 val= 183.85845
   2 k  1.0000000000000 stre   2    1           val=   1.81964
   3 k  1.0000000000000 bend   3    1    2      val= 108.73849
   4 k  1.0000000000000 stre   3    5           val=   2.06903
   5 k  1.0000000000000 stre   3    4           val=   2.07157
   6 k  0.0636981869300 bend   4    5    3      val=   0.66552
       -0.5197113192376 bend   2    5    3
       -0.4962243736145 bend   2    4    3
        0.4711524913277 bend   6    5    3
        0.5075621997202 bend   6    4    3
   7 k  0.0157027937249 bend   4    5    3      val=   0.52761
        0.5229869754965 bend   2    5    3
       -0.5514099982851 bend   2    4    3
        0.4734301246221 bend   6    5    3
       -0.4450269392091 bend   6    4    3
   8 k -0.8903620175194 bend   4    5    3      val=   1.30446
        0.1914085395884 bend   2    5    3
        0.1928705836311 bend   2    4    3
        0.2719477961792 bend   6    5    3
        0.2438515590570 bend   6    4    3
   9 k -0.0122705682384 bend   4    5    3      val=   1.67448
        0.4694491549768 bend   2    5    3
       -0.4497753692606 bend   2    4    3
       -0.5351419924518 bend   6    5    3
        0.5392514155456 bend   6    4    3
  10 k  1.0000000000000 stre   6    8           val=   2.06903
  11 k  1.0000000000000 stre   6    7           val=   2.07157
  12 k  0.0636980653961 bend   7    8    6      val=   0.66551
       -0.5197113179792 bend   9    8    6
       -0.4962243655105 bend   9    7    6
        0.4711525229596 bend   3    8    6
        0.5075621948211 bend   3    7    6
  13 k  0.0157027637707 bend   7    8    6      val=   0.52761
        0.5229869326954 bend   9    8    6
       -0.5514099581780 bend   9    7    6
        0.4734301636075 bend   3    8    6
       -0.4450269987860 bend   3    7    6
  14 k -0.8903620226002 bend   7    8    6      val=   1.30446
        0.1914085976877 bend   9    8    6
        0.1928706515335 bend   9    7    6
        0.2719477264670 bend   3    8    6
        0.2438515189394 bend   3    7    6
  15 k -0.0122705554231 bend   7    8    6      val=   1.67448
        0.4694491880222 bend   9    8    6
       -0.4497754332713 bend   9    7    6
       -0.5351419439534 bend   3    8    6
        0.5392513818085 bend   3    7    6
  16 k  1.0000000000000 tors  10    9    6    3 val= 183.85852
  17 k  1.0000000000000 stre   9   10           val=   1.81964
  18 k  1.0000000000000 bend   6   10    9      val= 108.73848
  19 k  1.0000000000000 tors   2    3    6    9 val= 117.00000
  20 k  1.0000000000000 stre   3    2           val=   2.69895
  21 k  1.0000000000000 bend   6    2    3      val= 108.50563
  22 k  1.0000000000000 stre   6    9           val=   2.69895
  23 k  1.0000000000000 bend   3    9    6      val= 108.50564
  24 k  1.0000000000000 stre   3    6           val=   2.88258
  25 f  1.0000000000000 tors   2    3    6    9 val= 117.00000
        24 non zero eigenvalues  of BmBt
           1           3.946230366    1    0
         1
           2           3.876944530    2    0
         2
           3           3.775514930    3    0
         3
           4           2.998518316    4    0
         4
           5           2.951200977    5    0
         5
           6           2.460889733    6    0
         6
           7           2.112096266    7    0
         7
           8           1.712286399    8    0
         8
           9           1.253620225    9    0
         9
          10           1.212181971   10    0
        10
          11           1.050769075   11    0
        11
          12           0.850314801   12    0
        12
          13           0.769178324   13    0
        13
          14           0.736057114   14    0
        14
          15           0.533317139   15    0
        15
          16           0.489612094   16    0
        16
          17           0.353145687   17    0
        17
          18           0.343738967   18    0
        18
          19           0.281492212   20    0
        20
          20           0.254995718   21    0
        21
          21           0.099768784   22    0
        22
          22           0.081102320   23    0
        23
          23           0.066499702   24    0
        24
          24           0.000000000    0    1
         0.000000000         0.000000000         0.000000000         0.000000000
         0.000000000         0.000000000         0.000000000         0.000000000
         0.000000000         0.000000000         0.000000000         0.000000000
         0.000000000         0.000000000         0.000000000         0.000000000
         0.000000000         0.000000000         0.000000000         0.000000000
         0.000000000         0.000000000         0.000000000         0.000000000
         1.000000000
$end
