$energy      SCF               SCFKIN            SCFPOT
     1 -230.2222286739      229.3307127885     -459.5529414624
     2 -230.2227868770      229.2840655573     -459.5068524343
     3 -230.2228450081      229.2883126045     -459.5111576126
     4 -230.2228661126      229.2916673175     -459.5145334301
     5 -230.2228663996      229.2905507115     -459.5134171111
     6 -230.2228664315      229.2904361439     -459.5133025754
     7 -230.2228664317      229.2904430354     -459.5133094671
     8 -230.2228664339      229.2904746651     -459.5133410991
     9 -230.2228664348      229.2904621608     -459.5133285957
    10 -230.2228664348      229.2904640753     -459.5133305101
    11 -230.2228664350      229.2904609494     -459.5133273844
    12 -230.2228664351      229.2904458495     -459.5133122846
$end
