$grad          cartesian gradients
  cycle =      1    SCF energy =     -230.2222286739   |dE/dxyz| =  0.010595
    0.69083103410772     -0.66855351628443     -4.56990526078016      h
   -0.38126838767158     -0.64051982753268     -3.10206260468007      o
    0.87310802847067      0.70296409922108     -1.13498407034667      c
    1.27383008175858      2.65883445325060     -1.68825558110728      h
    2.66320548474907     -0.20351841609673     -0.61926929531235      h
   -0.87257746927472      0.70362502558094      1.13498141505178      c
   -1.27185668515810      2.65979572294281      1.68824203412477      h
   -2.66333955035523     -0.20153536781510      0.61926014683659      h
    0.38079876088230     -0.64076884608012      3.10207572366767      o
   -0.69153826715686     -0.66843127283945      4.56975136091808      h
  -.49065344158346D-03  0.48471353820416D-03  0.12581474700312D-02
  -.15805479475196D-02  -.24444262081321D-03  0.39525050343630D-02
  0.20657492671900D-02  -.83715948477921D-03  0.35989015164500D-02
  -.57350863228690D-03  0.69545668617343D-03  0.36710119156406D-02
  0.16824957180795D-02  -.10078466725757D-03  -.91573562692953D-03
  -.20670296263909D-02  -.83408282094178D-03  -.35991532612081D-02
  0.57392955472826D-03  0.69524526487855D-03  -.36704235212328D-02
  -.16822140839259D-02  -.99303080176342D-04  0.91535526105448D-03
  0.15812156825103D-02  -.24434083907559D-03  -.39519875860837D-02
  0.49052968144718D-03  0.48338537711855D-03  -.12586611368098D-02
  cycle =      2    SCF energy =     -230.2227868770   |dE/dxyz| =  0.003066
    0.72441243578040     -0.67513391514616     -4.60268120862123      h
   -0.37311144860748     -0.63111080658187     -3.15149166493906      o
    0.86088718267701      0.70393909452945     -1.15772853490805      c
    1.27052181302968      2.65340983148179     -1.73056372247384      h
    2.64918230857417     -0.20187450133199     -0.64666086277718      h
   -0.86037764863209      0.70456116689681      1.15771713629546      c
   -1.26855651558670      2.65432453990373      1.73059967713978      h
   -2.64934640203341     -0.19989978447728      0.64661658553635      h
    0.37261255597077     -0.63145826428497      3.15145460894457      o
   -0.72503125082050     -0.67486530664258      4.60257185417558      h
  -.18927736572817D-03  -.11525141650768D-03  -.46715409313675D-03
  0.27196483188460D-03  -.25963006112370D-04  -.16339514444781D-03
  0.50217124352162D-03  -.79491898603454D-03  0.30341816112855D-03
  0.24194871579229D-03  0.56487971477660D-03  0.12645145271604D-02
  0.36015625515461D-03  0.36997840327687D-03  -.10555021198664D-02
  -.50296743279114D-03  -.79367769278128D-03  -.30352153321884D-03
  -.24176123479512D-03  0.56525056350664D-03  -.12640939853414D-02
  -.35950051939255D-03  0.37037981763209D-03  0.10551553401561D-02
  -.27171550955486D-03  -.25313828778014D-04  0.16359975237309D-03
  0.18895743592327D-03  -.11578511553002D-03  0.46694735032118D-03
  cycle =      3    SCF energy =     -230.2228450081   |dE/dxyz| =  0.002013
    0.72946629984143     -0.69355360721222     -4.59035062278875      h
   -0.37964971227586     -0.62382786337277     -3.14938586487142      o
    0.85859578989867      0.71108445286506     -1.15903787639854      c
    1.27136279101284      2.65532590557199     -1.74542824861519      h
    2.64241027070418     -0.19978469746845     -0.64107106425060      h
   -0.85809053084554      0.71169241596905      1.15902275441713      c
   -1.26939574230381      2.65622307301282      1.74548241382369      h
   -2.64258811465377     -0.19781381871980      0.64101568602096      h
    0.37914300639576     -0.62422192630620      3.14932764984876      o
   -0.73006102742206     -0.69323187999256      4.59025904118634      h
  -.12558057891720D-03  -.53566046543906D-04  -.21353626256648D-03
  0.26396966340335D-03  0.46521672593846D-03  -.11599833502975D-03
  0.30177726633287D-03  -.89598635147489D-03  0.72529714861483D-04
  0.11819370089723D-03  0.27213445018947D-03  0.53216406207457D-03
  0.14005655026579D-03  0.21117099747562D-03  -.57385166108492D-03
  -.30247197904109D-03  -.89530781167130D-03  -.72574417920947D-04
  -.11811841928829D-03  0.27224545095274D-03  -.53194512185555D-03
  -.13973288449656D-03  0.21132392996217D-03  0.57358050008982D-03
  -.26357064604759D-03  0.46562870090927D-03  0.11614481058229D-03
  0.12544694014324D-03  -.53819909503524D-04  0.21345738290384D-03
  cycle =      4    SCF energy =     -230.2228661126   |dE/dxyz| =  0.001572
    0.73274568800187     -0.71685306590277     -4.57474750778162      h
   -0.38824059403817     -0.61606463787472     -3.14506108351745      o
    0.85688572344830      0.72007134853186     -1.15915790145170      c
    1.27347432837881      2.65902312739655     -1.75824644734205      h
    2.63555294835710     -0.19691927910814     -0.63298475794175      h
   -0.85638282360110      0.72066763545033      1.15913946516000      c
   -1.27150364328032      2.65990696522413      1.75831540508660      h
   -2.63574339404256     -0.19495226219935      0.63292277681029      h
    0.38773037798257     -0.61650023178833      3.14498295623550      o
   -0.73332558085466     -0.71648754538265      4.57467096311457      h
  -.26637200180539D-04  0.60814873696056D-05  0.24205701727599D-04
  -.13009278389119D-03  0.71911617335942D-03  -.86295265455947D-04
  0.28210392055562D-03  -.76456605117007D-03  0.16193020366422D-03
  -.99383871443427D-05  0.22047809995079D-04  -.23907926674213D-04
  0.19592038027202D-04  0.16690669900017D-04  0.22569806160966D-04
  -.28262969337284D-03  -.76431225405375D-03  -.16188050053880D-03
  0.99533104164101D-05  0.21975516363024D-04  0.23910534218325D-04
  -.19602230194827D-04  0.16692090699238D-04  -.22681653082820D-04
  0.13054804719685D-03  0.71900605281606D-03  0.86328227341271D-04
  0.26666004979590D-04  0.60993456726361D-05  -.24208282099992D-04
  cycle =      5    SCF energy =     -230.2228663996   |dE/dxyz| =  0.001458
    0.73280217855153     -0.71893967081834     -4.57403875976740      h
   -0.38897175031504     -0.61565161141157     -3.14504977438918      o
    0.85698720058131      0.72096998514944     -1.15907502399331      c
    1.27419648709534      2.65966163693964     -1.75825082874242      h
    2.63519583841719     -0.19678416735327     -0.63287209592988      h
   -0.85648353878091      0.72156769443115      1.15905689445750      c
   -1.27222512935072      2.66054837077599      1.75831752736115      h
   -2.63538621093019     -0.19481719916469      0.63281329384591      h
    0.38846368661335     -0.61608347854209      3.14497293024624      o
   -0.73338573153003     -0.71857950565934      4.57395970528378      h
  -.75070541535237D-05  -.43760483024948D-05  -.50760619101942D-05
  -.25320395008375D-03  0.60242266883971D-03  -.17541747444660D-03
  0.39309677410408D-03  -.62050143425176D-03  0.25337487816580D-03
  0.54205142523622D-05  0.12036713716966D-04  0.50826492055584D-05
  0.13923640514620D-04  0.97690483935156D-05  0.29775760028870D-04
  -.39358172561250D-03  -.62018494950187D-03  -.25332706188991D-03
  -.54051645711428D-05  0.12033514795872D-04  -.50881893673371D-05
  -.13931107073057D-04  0.97767094241413D-05  -.29822161807742D-04
  0.25365370741114D-03  0.60222053627212D-03  0.17539633562440D-03
  0.74973296476453D-05  -.43671489818160D-05  0.50720636632367D-05
  cycle =      7    SCF energy =     -230.2228664317   |dE/dxyz| =  0.001454
    0.74151703572284     -0.73774816587962     -4.57237470644238      h
   -0.38321937894172     -0.63423394368552     -3.14572449334179      o
    0.85885158510976      0.70303532191315     -1.15748657845002      c
    1.27651353387191      2.64174198589272     -1.75611082368611      h
    2.63631259059435     -0.21435903691269     -0.62839455406319      h
   -0.85885194967676      0.70303496280922      1.15748650350178      c
   -1.27651447258735      2.64174157505351      1.75611059891372      h
   -2.63631261501928     -0.21435998403555      0.62839456183692      h
    0.38321971453545     -0.63423369534981      3.14572457911175      o
   -0.74151705518066     -0.73774909072816      4.57237445512001      h
  -.16812464075489D-05  -.27948483822324D-05  -.26520368739208D-05
  -.27467557766104D-03  0.57132686264082D-03  -.19956622726273D-03
  0.44376510082501D-03  -.57130754998698D-03  0.30296826541354D-03
  0.45291422290074D-05  -.18455044363489D-05  0.49671855917467D-05
  0.20986304990592D-06  0.41411497829687D-05  0.71464662803000D-05
  -.44378829029883D-03  -.57136765993392D-03  -.30297005178605D-03
  -.45350592607736D-05  -.18368184267397D-05  -.49795803482529D-05
  -.21955477709465D-06  0.41320488239630D-05  -.71524776855204D-05
  0.27473115359077D-03  0.57135343676208D-03  0.19957539218404D-03
  0.16644986041808D-05  -.28062569496031D-05  0.26630846521913D-05
  cycle =      8    SCF energy =     -230.2228664339   |dE/dxyz| =  0.001457
    0.74155357785476     -0.73766829539708     -4.57238421178938      h
   -0.38320162336179     -0.63425393987585     -3.14574301856876      o
    0.85884326182401      0.70301342936489     -1.15747409258490      c
    1.27645852295703      2.64172726643014     -1.75612530823092      h
    2.63632048633071     -0.21438204484636     -0.62843726250492      h
   -0.85884381760489      0.70301280281774      1.15747389801840      c
   -1.27645957703823      2.64172632224414      1.75612579529323      h
   -2.63632071560741     -0.21438297549580      0.62843678673959      h
    0.38320148792451     -0.63425501101912      3.14574239589559      o
   -0.74155261485016     -0.73766762514545      4.57238456023276      h
  -.86722670522409D-06  -.13548840042837D-05  -.14653669464256D-05
  -.27424741772315D-03  0.57078888452992D-03  -.20189358653609D-03
  0.44108758078221D-03  -.57181886790497D-03  0.31428351440104D-03
  0.26876924335283D-05  -.25984821726188D-06  0.23731817360985D-05
  0.52830165161263D-06  0.21498864088875D-05  0.43911621790046D-05
  -.44110390597269D-03  -.57183141088597D-03  -.31428571778186D-03
  -.26923990528941D-05  -.25512530329284D-06  -.23754942992969D-05
  -.51499696502425D-06  0.21582658404503D-05  -.43928418417176D-05
  0.27424315989805D-03  0.57075448671501D-03  0.20190433474740D-03
  0.87918722535318D-06  -.13350635969094D-05  0.14608501440631D-05
  cycle =     10    SCF energy =     -230.2228664348   |dE/dxyz| =  0.001464
    0.74160086919332     -0.73767442532397     -4.57234048834246      h
   -0.38321920930287     -0.63423772244081     -3.14575319691172      o
    0.85883556024962      0.70303124615531     -1.15746045094589      c
    1.27640340664839      2.64174560812513     -1.75615111927606      h
    2.63632517730099     -0.21438486254684     -0.62850683973019      h
   -0.85882689808102      0.70304192067650      1.15746042216282      c
   -1.27637082523895      2.64176145318763      1.75615094076467      h
   -2.63632779467704     -0.21435246107452      0.62850706609197      h
    0.38321151083428     -0.63424205847301      3.14575332756634      o
   -0.74161185620145     -0.73766964596802      4.57233870960945      h
  0.33624774128171D-06  -.58798177365962D-06  0.49175017609627D-06
  -.27653484159436D-03  0.56962272035555D-03  -.20522292091292D-03
  0.44274144469569D-03  -.56974729683426D-03  0.32897257411806D-03
  0.42468250909450D-06  0.59059805085706D-06  0.16339379211736D-06
  0.70613455490554D-06  -.44168415576043D-06  0.83624437934605D-06
  -.44272667049722D-03  -.56956872420799D-03  -.32901367084434D-03
  -.34416695129004D-06  0.58392683219135D-06  -.14691679045828D-06
  -.72201288951069D-06  -.37520792764789D-06  -.83042936201356D-06
  0.27646226202158D-03  0.56947583968291D-03  0.20523692539933D-03
  -.34357565481045D-06  -.55387287906401D-06  -.48748701794637D-06
  cycle =     11    SCF energy =     -230.2228664350   |dE/dxyz| =  0.001464
    0.74159162186763     -0.73762486206961     -4.57236928005403      h
   -0.38321071830888     -0.63425323547879     -3.14576205417667      o
    0.85883919428059      0.70301992715119     -1.15745974123971      c
    1.27640931275485      2.64173217934290     -1.75614993773781      h
    2.63632627616329     -0.21439510998886     -0.62850231005337      h
   -0.85882987124878      0.70303152874549      1.15746013513830      c
   -1.27637651749745      2.64174967832861      1.75614784380940      h
   -2.63632804185893     -0.21436274224685      0.62850405241388      h
    0.38320431122502     -0.63425349462162      3.14576417577823      o
   -0.74160562665207     -0.73762481684507      4.57236548711073      h
  0.56397424617107D-06  -.19363724596568D-06  -.13380835163969D-06
  -.27733995061856D-03  0.56801992055881D-03  -.20652843516806D-03
  0.44386178268012D-03  -.56858898207327D-03  0.32935448357961D-03
  0.55109804827548D-06  0.27957030100835D-06  0.25857611443420D-06
  0.34703583483056D-06  -.35019403214420D-07  0.81018583274951D-06
  -.44392565957588D-03  -.56859560382081D-03  -.32939753594817D-03
  -.51321559647253D-06  0.28604634466887D-06  -.25363812203761D-06
  -.34282878216932D-06  -.25497164373527D-07  -.78699540655814D-06
  0.27741082206155D-03  0.56811772678842D-03  0.20653528167472D-03
  -.61338649784098D-06  -.26639496611927D-06  0.14129897613624D-06
$end
