$hessapprox internal
  0.177933642263D-01 -0.160862253544D-02  0.618128112755D+00 -0.464479493346D-02
  0.483410290837D-02  0.364065691579D+00  0.804971650786D-04  0.130502653500D-02
 -0.581514708861D-02  0.422401235593D+00 -0.137454861204D-02  0.228399098231D-02
 -0.573362111409D-02 -0.338551971353D-02  0.419082465358D+00  0.269521464879D-02
 -0.241666177686D-02  0.242816261435D-02  0.261673855426D-02  0.235241770206D-02
  0.344297278731D+00  0.900706334592D-03 -0.253006956387D-03 -0.155954758918D-02
 -0.207306571683D-03 -0.605520230260D-03  0.839416341024D-03  0.345987572037D+00
 -0.184459617668D-02  0.101062612466D-02  0.108846254342D-02 -0.536051079643D-03
  0.430066766440D-05 -0.776237209516D-03 -0.465944162606D-03  0.321334179262D+00
 -0.161932086151D-02  0.109960279199D-02  0.474964147008D-04 -0.884881343907D-03
 -0.529197680027D-03 -0.274801790562D-03 -0.444878468375D-03  0.597591566044D-03
  0.344309572593D+00  0.220934057558D-03  0.122219707098D-02 -0.587285218268D-02
 -0.255583831343D-02 -0.337107699136D-02  0.266456777456D-02 -0.170839085715D-03
 -0.592545488001D-03 -0.926631569170D-03  0.422509912819D+00 -0.148536878752D-02
  0.228412667422D-02 -0.540923912168D-02 -0.329955940945D-02 -0.368595755716D-02
  0.218980240383D-02 -0.623291459958D-03  0.731709326977D-04 -0.454731931987D-03
 -0.329074822746D-02  0.419387174130D+00  0.265874190692D-02 -0.230583143478D-02
  0.206130359948D-02  0.242893817401D-02  0.212454178456D-02 -0.506820766827D-03
  0.814874548494D-03 -0.794827186029D-03 -0.320815686602D-03  0.247900563728D-02
  0.196927900358D-02  0.344601363418D+00 -0.346472522680D-03  0.394439399174D-03
 -0.670288686276D-03 -0.499790638418D-03 -0.512620125840D-03  0.245922127332D-03
 -0.122043272969D-03  0.685884167347D-04 -0.180018981427D-04 -0.502845044536D-03
 -0.486191378013D-03  0.213825039027D-03  0.345738166506D+00 -0.167412328976D-02
  0.876954847192D-03  0.116003498296D-02 -0.407959091513D-03  0.104956024217D-03
 -0.781598328534D-03 -0.416087686818D-03  0.714587592321D-03  0.567999101765D-03
 -0.460719798151D-03  0.164805829316D-03 -0.792840173018D-03  0.770791501124D-04
  0.321223148035D+00 -0.137904379560D-02  0.929708762473D-03  0.692349110719D-04
 -0.740447602336D-03 -0.433778550228D-03 -0.246917284857D-03 -0.377730644725D-03
  0.511427623630D-03  0.335909031451D-03 -0.776251559656D-03 -0.370806157048D-03
 -0.285162222854D-03 -0.128512567067D-04  0.485599077861D-03  0.344209821938D+00
  0.250360258024D-02 -0.802360282213D-03 -0.391124596680D-02 -0.382926581565D-03
 -0.143442886179D-02  0.214351279721D-02  0.536345989634D-03 -0.125823253673D-02
 -0.117349916905D-02 -0.285221760002D-03 -0.149036087147D-02  0.208915120314D-02
 -0.302738372670D-03 -0.112888042216D-02 -0.997188525086D-03  0.153871315873D-01
 -0.199408555324D-02  0.209498374647D-03  0.495170677371D-02  0.114288847924D-02
  0.222041252496D-02 -0.252967779598D-02 -0.354710383266D-03  0.116213624736D-02
  0.120812398383D-02  0.104920246860D-02  0.223663439765D-02 -0.242632448307D-02
  0.399310213488D-03  0.101910527785D-02  0.102290365478D-02 -0.107363062898D-02
  0.618630559931D+00 -0.467618119633D-02  0.489935238624D-02 -0.723302029359D-02
 -0.591799800407D-02 -0.585412699744D-02  0.250695142649D-02 -0.157558385123D-02
  0.108368340673D-02  0.270756695152D-04 -0.597488959543D-02 -0.552540436975D-02
  0.213305811233D-02 -0.686816614450D-03  0.115877386709D-02  0.523585896817D-04
 -0.394824995845D-02  0.501399468653D-02  0.363688109849D+00 -0.574923981279D-03
 -0.600188761505D-02  0.273444639290D-01  0.121542171193D-01  0.158521034354D-01
 -0.123353939941D-01  0.920628429100D-03  0.259264221882D-02  0.420733397076D-02
  0.119033060327D-01  0.154570144412D-01 -0.114580728689D-01  0.234747712425D-02
  0.198685380210D-02  0.352181808412D-02  0.165786069912D-02 -0.522646174799D-02
  0.278255182612D-01  0.429664941502D+00 -0.826721342780D-02  0.447784333103D-02
  0.509908392285D-02 -0.230178393420D-02  0.148845880578D-03 -0.357784004720D-02
 -0.207958163888D-02  0.347397130978D-02  0.271118901518D-02 -0.255689082382D-02
  0.454107358899D-03 -0.365393867334D-02  0.326417900425D-03  0.321709905625D-02
  0.231963050955D-02 -0.562245855743D-02  0.516284244409D-02  0.508160904304D-02
  0.111503241975D-01  0.394589426855D+00 -0.458371058251D-03 -0.597545066138D-02
  0.268896712116D-01  0.120119655122D-01  0.156252582644D-01 -0.121134806920D-01
  0.934834151982D-03  0.251031108150D-02  0.411209652951D-02  0.117679589598D-01
  0.152317719223D-01 -0.112476083333D-01  0.230989363583D-02  0.191648498528D-02
  0.344144000955D-02  0.170806014173D-02 -0.522000719162D-02  0.273641299568D-01
 -0.559728008853D-01  0.107869100237D-01  0.430974779113D+00 -0.807260452815D-02
  0.432646626818D-02  0.517557521933D-02 -0.215793551196D-02  0.260691596912D-03
 -0.358162502587D-02 -0.202287215904D-02  0.340931344022D-02  0.267663032122D-02
 -0.240873502271D-02  0.555735908621D-03 -0.364950567642D-02  0.335661617377D-03
  0.315420702574D-02  0.228949582366D-02 -0.547518826965D-02  0.500063990652D-02
  0.516202327459D-02  0.104698576061D-01  0.153569488420D-01  0.101199675517D-01
  0.394001197091D+00 -0.476174529322D-02  0.101231305358D-02  0.963531470170D-02
  0.173038160624D-02  0.401734032260D-02 -0.506041182100D-02 -0.933422949117D-03
  0.258442083585D-02  0.255897323577D-02  0.152557704309D-02  0.408984289210D-02
 -0.488519600272D-02  0.764973510270D-03  0.229055642588D-02  0.217007009868D-02
 -0.272993406793D-02  0.158748130748D-02  0.974493925717D-02 -0.782453027609D-02
  0.115124549504D-01 -0.786447060705D-02  0.111786508373D-01  0.384444272830D+00
  0.000000000000D+00  0.000000000000D+00  0.000000000000D+00  0.000000000000D+00
  0.000000000000D+00  0.000000000000D+00  0.000000000000D+00  0.000000000000D+00
  0.000000000000D+00  0.000000000000D+00  0.000000000000D+00  0.000000000000D+00
  0.000000000000D+00  0.000000000000D+00  0.000000000000D+00  0.000000000000D+00
  0.000000000000D+00  0.000000000000D+00  0.000000000000D+00  0.000000000000D+00
  0.000000000000D+00  0.000000000000D+00  0.000000000000D+00  0.000000000000D+00
$end
