$hessapprox internal
  0.150231311215D-01  0.197178460218D-02  0.623603124749D+00 -0.161741335122D-02
 -0.371898980543D-02  0.368954620865D+00 -0.827080771745D-03 -0.162199365093D-02
  0.254828459646D-02  0.425047212527D+00 -0.953593220209D-03 -0.197562939700D-02
  0.144303365725D-02  0.858854354328D-03  0.421329077304D+00 -0.720797538680D-03
 -0.192147007346D-02 -0.497463746378D-02  0.191887620459D-02  0.528903238307D-03
  0.339657506201D+00 -0.121456062785D-02 -0.308144131239D-02 -0.616838272885D-02
  0.276988731475D-02  0.958779150614D-03 -0.834185632888D-02  0.336139354416D+00
 -0.395847213649D-02 -0.932981679163D-02 -0.100007175312D-01  0.691263380545D-02
  0.343315365025D-02 -0.158109853422D-01 -0.199232875634D-01  0.286243453147D+00
 -0.303378917069D-02 -0.696504138000D-02 -0.503851282009D-02  0.474814467786D-02
  0.271132335533D-02 -0.916051589328D-02 -0.113438157268D-01 -0.182990870628D-01
  0.336053685090D+00 -0.801996670976D-03 -0.156755091021D-02  0.254537681756D-02
  0.443539366048D-03  0.835076408101D-03  0.194443254173D-02  0.279706114127D-02
  0.692869088683D-02  0.474160431429D-02  0.424987712466D+00 -0.950126312337D-03
 -0.196773152066D-02  0.144791982725D-02  0.853610809935D-03  0.941477507719D-03
  0.538390017807D-03  0.970439495498D-03  0.345142005033D-02  0.272019268942D-02
  0.829846593491D-03  0.421322813825D+00 -0.743312749527D-03 -0.197039180721D-02
 -0.497280003364D-02  0.194590218245D-02  0.550222482983D-03 -0.645394081700D-02
 -0.836740208056D-02 -0.158277424093D-01 -0.915607316585D-02  0.197112843367D-02
  0.559698447998D-03  0.339610178355D+00 -0.121712724267D-02 -0.308703546189D-02
 -0.616841879495D-02  0.277301952940D-02  0.961201938951D-03 -0.834484690250D-02
 -0.107500081602D-01 -0.199259428451D-01 -0.113437630510D-01  0.280015748992D-02
  0.972861530677D-03 -0.837036107544D-02  0.336132798955D+00 -0.396076083778D-02
 -0.933425239164D-02 -0.999291807765D-02  0.691378744415D-02  0.343555309717D-02
 -0.158048333282D-01 -0.199145048602D-01 -0.342531807468D-01 -0.182845658525D-01
  0.692975633795D-02  0.345380352638D-02 -0.158215106865D-01 -0.199171508799D-01
  0.286286250482D+00 -0.308603602315D-02 -0.708017610753D-02 -0.505707433497D-02
  0.481563692530D-02  0.276009838905D-02 -0.924146741868D-02 -0.114372143468D-01
 -0.184072376563D-01 -0.920290447516D-02  0.480849440320D-02  0.276898721778D-02
 -0.923649920730D-02 -0.114371065378D-01 -0.183925151546D-01  0.335990708336D+00
  0.102629035104D-02  0.211581921352D-02 -0.170069253447D-02 -0.893421134012D-03
 -0.102112007378D-02 -0.735484212545D-03 -0.125257844113D-02 -0.414293610740D-02
 -0.319090349612D-02 -0.866770842487D-03 -0.101746839651D-02 -0.759400588228D-03
 -0.125530330969D-02 -0.414541286841D-02 -0.324626495859D-02  0.151655032870D-01
  0.198934501225D-02  0.407202454019D-02 -0.371091855860D-02 -0.164506174110D-02
 -0.199196698584D-02 -0.189219825534D-02 -0.304731017027D-02 -0.928790556317D-02
 -0.695094071329D-02 -0.159042976437D-02 -0.198407924183D-02 -0.194128454390D-02
 -0.305292139334D-02 -0.929241012894D-02 -0.706630066422D-02  0.213441547390D-02
  0.623680822596D+00 -0.166009169444D-02 -0.381187128116D-02 -0.276551358565D-02
  0.259995416225D-02  0.148338072905D-02 -0.502214002442D-02 -0.621995401507D-02
 -0.100388727769D-01 -0.503398423331D-02  0.259643581033D-02  0.148825051446D-02
 -0.501976448572D-02 -0.621993189703D-02 -0.100309207261D-01 -0.505159058943D-02
 -0.174601420832D-02 -0.380409750024D-02  0.368958366223D+00 -0.145249467047D-02
 -0.272403793199D-02  0.623841130784D-02  0.462397057891D-03  0.156210201529D-02
  0.535530817159D-02  0.750001761922D-02  0.174903332397D-01  0.115972435436D-01
  0.397182133080D-03  0.154944902301D-02  0.541437608593D-02  0.750692003216D-02
  0.174910980867D-01  0.117500211338D-01 -0.157956798428D-02 -0.277664851649D-02
  0.635182618798D-02  0.489433351408D+00 -0.238373314947D-02 -0.512499135867D-02
  0.966006630860D-03  0.269980228121D-02  0.228065686147D-02 -0.165199572791D-02
 -0.155138011010D-02  0.567006983849D-03  0.189618431028D-02  0.265931874567D-02
  0.227800481500D-02 -0.161608814812D-02 -0.154742349005D-02  0.574894116546D-03
  0.196680418585D-02 -0.253670156396D-02 -0.514770701524D-02  0.103289835425D-02
  0.572267227192D-02  0.386410050738D+00 -0.147227014436D-02 -0.276735331796D-02
  0.623511442488D-02  0.487162391125D-03  0.158067719132D-02  0.532886660948D-02
  0.747023979453D-02  0.174607131541D-01  0.115920697512D-01  0.421692789334D-03
  0.156802429374D-02  0.538815796278D-02  0.747716603963D-02  0.174615515231D-01
  0.117452134924D-01 -0.160054468961D-02 -0.282007473596D-02  0.634893878335D-02
 -0.346221263293D-03  0.575147725713D-02  0.489544043369D+00 -0.238066318712D-02
 -0.512116527855D-02  0.925459611655D-03  0.270455267672D-02  0.227652023594D-02
 -0.169412509828D-02 -0.160813229898D-02  0.447008200995D-03  0.182110335858D-02
  0.266440334443D-02  0.227394838423D-02 -0.165852246346D-02 -0.160421201984D-02
  0.454913287816D-03  0.189086883054D-02 -0.253319901980D-02 -0.514358198160D-02
  0.991759757558D-03  0.574235270497D-02  0.420367594745D-02  0.577085827438D-02
  0.386355185664D+00  0.313748253490D-03  0.948299493527D-03  0.375095424511D-02
 -0.116716575792D-02 -0.181832717972D-03  0.458436098641D-02  0.600119575072D-02
  0.116938452475D-01  0.691785363225D-02 -0.118966926222D-02 -0.189059621512D-03
  0.460516130729D-02  0.600375801297D-02  0.116900332886D-01  0.698389016497D-02
  0.310637182875D-03  0.924677632283D-03  0.379202164587D-02 -0.342235500607D-02
  0.160159469878D-02 -0.340026282975D-02  0.163012869163D-02  0.392971359798D+00
  0.000000000000D+00  0.000000000000D+00  0.000000000000D+00  0.000000000000D+00
  0.000000000000D+00  0.000000000000D+00  0.000000000000D+00  0.000000000000D+00
  0.000000000000D+00  0.000000000000D+00  0.000000000000D+00  0.000000000000D+00
  0.000000000000D+00  0.000000000000D+00  0.000000000000D+00  0.000000000000D+00
  0.000000000000D+00  0.000000000000D+00  0.000000000000D+00  0.000000000000D+00
  0.000000000000D+00  0.000000000000D+00  0.000000000000D+00  0.000000000000D+00
$end
