$grad          cartesian gradients
  cycle =      1    SCF energy =     -230.2271344247   |dE/dxyz| =  0.000023
    0.82728917090818      0.00163515007592     -4.74945552329958      h
   -0.37028933150992      0.00040592653006     -3.38178885065187      o
    0.97409207745875     -0.00057531160041     -1.04935777368495      c
    2.17537172739314      1.67730166485114     -0.86551990142661      h
    2.17446571640470     -1.67920473769144     -0.86652432629262      h
   -0.97408615963203     -0.00048929908731      1.04935595841742      c
   -2.17524398292233      1.67745595129824      0.86550943807894      h
   -2.17457774360963     -1.67905216695531      0.86651821107995      h
    0.37028503476511      0.00047363893316      3.38179154655797      o
   -0.82730720428021      0.00058898042025      4.74945094108194      h
  0.14355536369637D-05  0.33924408229906D-05  0.81554815423435D-05
  0.48110883360541D-06  -.11302599494598D-05  0.11054682647005D-04
  -.44914281016606D-07  -.27575180436483D-05  0.23009435206889D-05
  0.43417759564013D-05  -.44397538603858D-06  -.78155012623801D-06
  -.79780005002306D-06  -.10975003900127D-06  -.41930798452064D-05
  -.38159528037429D-07  0.37343693496750D-05  -.17128786485854D-05
  -.74859965400187D-06  -.37631589635823D-05  0.26421327654156D-05
  -.25365080107698D-05  -.36575099471026D-05  0.20776986519588D-05
  0.67886134524908D-06  0.29477888584743D-05  -.12352768659518D-04
  -.27711824043264D-05  0.16897221101333D-05  -.71911347229447D-05
  cycle =      2    SCF energy =     -230.2271344289   |dE/dxyz| =  0.000010
    0.82730652508911      0.00111945798122     -4.74955770840220      h
   -0.37026875936216      0.00057287235658     -3.38187597997194      o
    0.97407796725197     -0.00046170117260     -1.04938502986903      c
    2.17531529418693      1.67743486140155     -0.86550295327975      h
    2.17448852895592     -1.67906637584337     -0.86654423549816      h
   -0.97407514939126     -0.00041302689475      1.04938260627724      c
   -2.17520292778274      1.67756371481431      0.86554913381530      h
   -2.17459270264183     -1.67893865012779      0.86648483481320      h
    0.37026625770856      0.00049657640614      3.38187617088047      o
   -0.82731572903873      0.00023206785302      4.74955288109547      h
  0.14691578489323D-05  0.18695055875719D-05  0.87594065345531D-06
  -.14461529271315D-06  0.19496820199971D-05  -.13442102305694D-05
  -.41244587461464D-05  -.39010855798233D-05  0.17094701376674D-05
  0.14541225567960D-05  -.90764152160805D-06  0.71191260473356D-06
  0.12290791317898D-05  -.36084338392306D-06  -.14723815775011D-05
  0.39473318388383D-05  -.91510683387268D-06  -.13714518976859D-05
  -.75586509987180D-06  -.15484260683929D-05  0.33809945353819D-06
  -.17510232722673D-05  -.11253988305981D-05  0.19596314045425D-06
  0.48716588138542D-06  0.40620240292677D-05  0.11688941703725D-05
  -.18108130510064D-05  0.78610752064551D-06  -.81249963976293D-06
$end
