$hessapprox internal
  0.107244428355D-01 -0.184626625536D-02  0.621582945175D+00 -0.462904295280D-02
  0.464490316947D-03  0.369737135615D+00  0.902318461789D-04  0.983547571487D-03
  0.130264090983D-02  0.423158681899D+00  0.719565217196D-03 -0.387551158198D-03
 -0.196443297109D-04 -0.331224860111D-03  0.422883575436D+00  0.319910023160D-02
  0.142362431962D-03  0.227134247081D-02 -0.711084975940D-03 -0.141225825315D-03
  0.344272384195D+00  0.441828954456D-02  0.221707634054D-04  0.291637952775D-02
 -0.105329663230D-02 -0.136768531568D-03 -0.248065468314D-02  0.343806135316D+00
  0.198887333867D-02  0.152275410506D-02  0.322563372908D-02  0.143424245190D-03
 -0.566952397589D-03 -0.213290816080D-02 -0.298202417479D-02  0.319780863782D+00
  0.200257879156D-02  0.183193177182D-02  0.362553534621D-02  0.266344724284D-03
 -0.670643566974D-03 -0.234825651845D-02 -0.330241545455D-02 -0.972939076356D-03
  0.344348001042D+00 -0.142721328019D-02 -0.230732313208D-03 -0.122475595146D-02
  0.248971597866D-03  0.118869851627D-03  0.951501288921D-03  0.127456182037D-02
  0.916798777761D-03  0.990850844366D-03  0.422324734078D+00  0.226422926783D-02
  0.830767212366D-03  0.253065271174D-02 -0.205273596076D-03 -0.343835887892D-03
 -0.182171541546D-02 -0.248857133474D-02 -0.135788676232D-02 -0.141416945240D-02
  0.838992630568D-03  0.421362659353D+00  0.295421241118D-02 -0.660781791915D-04
  0.184768892837D-02 -0.737295266443D-03 -0.644201145635D-04 -0.160429798967D-02
 -0.209245454434D-02 -0.201069311167D-02 -0.223557117466D-02  0.833866906175D-03
 -0.165122959567D-02  0.344811489855D+00  0.267752754685D-02  0.195898427899D-03
  0.199807145316D-02 -0.563821355612D-03 -0.143840133430D-03 -0.162587643881D-02
 -0.215325927516D-02 -0.176921376606D-02 -0.193934558661D-02  0.813775299903D-03
 -0.153676523923D-02 -0.139695935194D-02  0.345655784214D+00  0.178330359886D-02
  0.139481372373D-02  0.292947251192D-02  0.140622868965D-03 -0.518191337852D-03
 -0.193223582974D-02 -0.270336794433D-02 -0.915565197603D-03 -0.862376658687D-03
  0.828717397955D-03 -0.122216273955D-02 -0.182367562093D-02 -0.160192146360D-02
  0.319993696692D+00 -0.278975004413D-03  0.823551118734D-04 -0.782383450606D-04
  0.100697523898D-03 -0.193451239015D-04  0.100365900684D-03  0.121186489559D-03
  0.205695290026D-03  0.236954784224D-03 -0.614834443760D-04  0.143972260638D-03
  0.729461584377D-04  0.916703714711D-04  0.187377176374D-03  0.345226953037D+00
 -0.164058929940D-02 -0.669743380032D-03 -0.191935599137D-02  0.121058538090D-03
  0.271781779247D-03  0.136550145813D-02  0.187119886933D-02  0.969791550293D-03
  0.100164422455D-02 -0.623282062961D-03  0.102797873159D-02  0.124432701765D-02
  0.114934110765D-02  0.872035826344D-03 -0.111091339665D-03  0.134838686613D-01
 -0.117863697131D-02  0.120955667230D-02  0.758928774531D-03  0.777173523770D-03
 -0.369579028027D-03 -0.154782729643D-03 -0.352956655382D-03  0.104811497797D-02
  0.129364878969D-02 -0.643668210951D-04  0.472900133837D-03 -0.300547813170D-03
 -0.683137423652D-04  0.963280247644D-03  0.891116070065D-04 -0.396740621743D-03
  0.621321212573D+00 -0.504181153376D-02  0.231891793748D-03 -0.300274002003D-02
  0.130693439199D-02  0.701473709575D-04  0.265795574154D-02  0.345150997280D-02
  0.345631024521D-02  0.385578557852D-02 -0.139610696350D-02  0.279935924910D-02
  0.220604061590D-02  0.232113435822D-02  0.313610755362D-02 -0.112592272523D-03
 -0.211359472698D-02  0.607972175289D-03  0.368560557568D+00 -0.556259021355D-02
  0.441194433447D-02  0.194231285479D-02  0.313857844994D-02 -0.131107438607D-02
  0.140513173368D-03 -0.364185619041D-03  0.467711370695D-02  0.566516788552D-02
 -0.597810946760D-03  0.243555797633D-02 -0.502402923393D-03  0.363201504208D-03
  0.428793533361D-02  0.291020606624D-03 -0.198168235477D-02  0.398679782852D-02
  0.123862238380D-02  0.507439722966D+00 -0.386280181940D-02  0.687625461684D-02
  0.616952235909D-02  0.373588346482D-02 -0.218411728444D-02 -0.246358168621D-02
 -0.408016677123D-02  0.404028402593D-02  0.522847987607D-02  0.449445396836D-03
  0.109234331089D-02 -0.304242852174D-02 -0.176377510303D-02  0.373709569197D-02
  0.583004120641D-03 -0.105485566817D-02  0.581040318047D-02  0.565513069763D-02
  0.223852301054D-01  0.412605411034D+00 -0.573466605615D-02  0.440562381768D-02
  0.182183058056D-02  0.317737267633D-02 -0.130392467608D-02  0.240791329879D-03
 -0.232096291631D-03  0.479211820800D-02  0.579193178988D-02 -0.648687885937D-03
  0.253333585732D-02 -0.417054211898D-03  0.449948505305D-03  0.439213435653D-02
  0.285755623731D-03 -0.205501840707D-02  0.399619015466D-02  0.109733561234D-02
  0.146632787486D-01  0.225229373263D-01  0.507428967818D+00 -0.344962254284D-02
  0.704635022030D-02  0.665470657057D-02  0.370597561375D-02 -0.225304007136D-02
 -0.280843589816D-02 -0.455285215293D-02  0.379633942746D-02  0.497670050742D-02
  0.606740270418D-03  0.833225425393D-03 -0.335681456252D-02 -0.205398640357D-02
  0.351775840189D-02  0.611124337806D-03 -0.865710220611D-03  0.591145612957D-02
  0.618922396558D-02  0.228888636245D-01  0.306271365169D-01  0.230450926025D-01
  0.413100276020D+00 -0.335921259540D-02  0.129295326525D-02 -0.561116185741D-03
  0.133552304084D-02 -0.333595711609D-03  0.100612955603D-02  0.115677775957D-02
  0.253945209058D-02  0.295553329646D-02 -0.672012563939D-03  0.168627316207D-02
  0.665498612554D-03  0.944507745154D-03  0.231627614910D-02  0.387274931312D-04
 -0.131229087153D-02  0.131340956902D-02 -0.976814508456D-03  0.446843015395D-02
  0.819059841590D-02  0.441609578615D-02  0.852299398030D-02  0.395125175205D+00
  0.000000000000D+00  0.000000000000D+00  0.000000000000D+00  0.000000000000D+00
  0.000000000000D+00  0.000000000000D+00  0.000000000000D+00  0.000000000000D+00
  0.000000000000D+00  0.000000000000D+00  0.000000000000D+00  0.000000000000D+00
  0.000000000000D+00  0.000000000000D+00  0.000000000000D+00  0.000000000000D+00
  0.000000000000D+00  0.000000000000D+00  0.000000000000D+00  0.000000000000D+00
  0.000000000000D+00  0.000000000000D+00  0.000000000000D+00  0.000000000000D+00
$end
