$coord
    0.83336368486611      0.04989399428592     -4.71796495846825  h
   -0.36998783739767     -0.10034398211483     -3.35954863153974  o
    0.97513970187930      0.10164845433042     -1.04115538948321  c
    2.09344129542023      1.83924494489172     -0.95449415636682  h
    2.24434183788264     -1.50773094268202     -0.75821349678868  h
   -0.97513942115601      0.10165021346323      1.04115506610679  c
   -2.09343620171229      1.83924997470959      0.95449526250984  h
   -2.24434596254952     -1.50772534965232      0.75820997549792  h
    0.36998701831332     -0.10034773380070      3.35954852993596  o
   -0.83336920782595      0.04985557170154      4.71796475323559  h
$intdef
# definitions of internal coordinates
   1 f  1.0000000000000 tors    2    3    6    9 val= 171.00000
$user-defined bonds
$redundant
     number_of_atoms            10
     degrees_of_freedom         24
     internal_coordinates       25
     frozen_coordinates          1
# definitions of redundant internals
   1 k  1.0000000000000 tors   1    2    3    6 val= 174.91189
   2 k  1.0000000000000 stre   2    1           val=   1.82097
   3 k  1.0000000000000 bend   3    1    2      val= 107.84984
   4 k  1.0000000000000 stre   3    4           val=   2.06818
   5 k  1.0000000000000 stre   3    5           val=   2.06907
   6 k  0.0890500119963 bend   5    4    3      val=   1.05975
       -0.5101630179857 bend   2    4    3
       -0.5086049058979 bend   2    5    3
        0.4936958206118 bend   6    4    3
        0.4789460061951 bend   6    5    3
   7 k  0.0131315502725 bend   5    4    3      val=   0.33876
       -0.5430138212823 bend   2    4    3
        0.5379289217381 bend   2    5    3
       -0.4536618073094 bend   6    4    3
        0.4580250997819 bend   6    5    3
   8 k -0.8836814451513 bend   5    4    3      val=   2.98527
        0.1798723747367 bend   2    4    3
        0.1896213706274 bend   2    5    3
        0.2678413936580 bend   6    4    3
        0.2811721108978 bend   6    5    3
   9 k -0.0027844249607 bend   5    4    3      val=   0.38604
       -0.4505530483819 bend   2    4    3
        0.4612678825167 bend   2    5    3
        0.5374062610310 bend   6    4    3
       -0.5435261251629 bend   6    5    3
  10 k  1.0000000000000 stre   6    7           val=   2.06818
  11 k  1.0000000000000 stre   6    8           val=   2.06907
  12 k  0.0890507775664 bend   8    7    6      val=   1.05976
       -0.5101628401437 bend   9    7    6
       -0.5086051348355 bend   9    8    6
        0.4936957621221 bend   3    7    6
        0.4789458704624 bend   3    8    6
  13 k  0.0131313286281 bend   8    7    6      val=   0.33876
       -0.5430141932825 bend   9    7    6
        0.5379290751839 bend   9    8    6
       -0.4536613447417 bend   3    7    6
        0.4580249430557 bend   3    8    6
  14 k -0.8836814154979 bend   8    7    6      val=   2.98525
        0.1798721441461 bend   9    7    6
        0.1896207790343 bend   9    8    6
        0.2678417737055 bend   3    7    6
        0.2811723885460 bend   3    8    6
  15 k -0.0027845027315 bend   8    7    6      val=   0.38606
       -0.4505527717738 bend   9    7    6
        0.4612675410563 bend   9    8    6
        0.5374066418114 bend   3    7    6
       -0.5435262673472 bend   3    8    6
  16 k  1.0000000000000 tors  10    9    6    3 val= 174.91311
  17 k  1.0000000000000 stre   9   10           val=   1.82097
  18 k  1.0000000000000 bend   6   10    9      val= 107.84986
  19 k  1.0000000000000 tors   2    3    6    9 val= 171.00000
  20 k  1.0000000000000 stre   3    2           val=   2.68796
  21 k  1.0000000000000 bend   6    2    3      val= 106.70427
  22 k  1.0000000000000 stre   6    9           val=   2.68796
  23 k  1.0000000000000 bend   3    9    6      val= 106.70428
  24 k  1.0000000000000 stre   3    6           val=   2.85300
  25 f  1.0000000000000 tors   2    3    6    9 val= 171.00000
        24 non zero eigenvalues  of BmBt
           1           3.956900407    1    0
         1
           2           3.744577037    2    0
         2
           3           3.729938733    3    0
         3
           4           3.098368261    4    0
         4
           5           3.004302750    5    0
         5
           6           2.440971354    6    0
         6
           7           2.137304824    7    0
         7
           8           1.675361264    8    0
         8
           9           1.245705034    9    0
         9
          10           1.170650585   10    0
        10
          11           1.054555818   11    0
        11
          12           0.870083579   12    0
        12
          13           0.770005192   13    0
        13
          14           0.757379092   14    0
        14
          15           0.587665826   15    0
        15
          16           0.386245425   16    0
        16
          17           0.354570894   17    0
        17
          18           0.338589118   18    0
        18
          19           0.278671328   20    0
        20
          20           0.258238593   21    0
        21
          21           0.139794821   22    0
        22
          22           0.067615403   23    0
        23
          23           0.064923170   24    0
        24
          24           0.000000000    0    1
         0.000000000         0.000000000         0.000000000         0.000000000
         0.000000000         0.000000000         0.000000000         0.000000000
         0.000000000         0.000000000         0.000000000         0.000000000
         0.000000000         0.000000000         0.000000000         0.000000000
         0.000000000         0.000000000         0.000000000         0.000000000
         0.000000000         0.000000000         0.000000000         0.000000000
         1.000000000
$end
