$energy      SCF               SCFKIN            SCFPOT            MP2
     1 -229.0298944914      228.757201     -457.787096     -.8118624467839
     2 -229.0299773308      228.792893     -457.822871     -.8119839907814
     3 -229.0298867005      228.794765     -457.824652     -.8121059521123
     4 -229.0298357770      228.790678     -457.820514     -.8121613128965
     5 -229.0298238311      228.789902     -457.819726     -.8121734571122
     6 -229.0298200684      228.789837     -457.819657     -.8121772359116
     7 -229.0298200684      228.789838     -457.819658     -.8121772404673
     8 -229.0298197340      228.789856     -457.819676     -.8121775971281
     9 -229.0298193515      228.789844     -457.819663     -.8121779072855
    10 -229.0298193516      228.789846     -457.819666     -.8121779301572
    11 -229.0298191940      228.789839     -457.819658     -.8121781067564
    12 -229.0298190920      228.789833     -457.819652     -.8121782138478
$end
