$grad          cartesian gradients
  cycle =      1 MP2 energy =     -229.8417569382 |dE/dxyz| =  0.008714
    0.82449779565788     -0.09919277212165     -4.74552643166869      h
   -0.37063249157643     -0.09625713921479     -3.37572243252609      o
    0.97218257520992      0.10553907288132     -1.05113157905751      c
    2.07439036006942      1.85746129900864     -0.96142619378929      h
    2.26774516836134     -1.48870475152483     -0.78275533514834      h
   -0.97216772639886      0.10562722647755      1.05112899973362      c
   -2.07424511656602      1.85761368897072      0.96141303274676      h
   -2.26784694266947     -1.48854009486364      0.78274623986907      h
    0.37062443876196     -0.09619047539215      3.37572987224820      o
   -0.82459038446699     -0.10023219015032      4.74546133375988      h
  -.22978970510072D-02  -.51311625934776D-03  -.30798310782254D-03
  0.32577991540661D-02  -.58397973248847D-03  -.37827132396977D-02
  -.17551258911066D-02  0.43657539698538D-03  -.16620943521994D-03
  0.18758982028366D-03  0.10177770366613D-02  0.27404972192807D-03
  0.14979289825674D-02  -.35819183782415D-03  -.50891943574143D-03
  0.17549382022120D-02  0.44361110708080D-03  0.16705939737502D-03
  -.18414736008943D-03  0.10142486422935D-02  -.27241198976644D-03
  -.15015010710231D-02  -.36133443536057D-03  0.50699916029752D-03
  -.32562644320278D-02  -.58204172651932D-03  0.37811205053551D-02
  0.22966796465522D-02  -.51354819432708D-03  0.30900842135795D-03
  cycle =      2 MP2 energy =     -229.8419613216 |dE/dxyz| =  0.002837
    0.81744622826491     -0.03566815428856     -4.72406107392549      h
   -0.37877243312136     -0.10785689812826     -3.35437046387122      o
    0.97382329552824      0.09404583080114     -1.04285699831358      c
    2.08467987752920      1.83785726319495     -0.95490347039315      h
    2.25243470466306     -1.50949947218009     -0.76956468008848      h
   -0.97380226998590      0.09409895818531      1.04284858206839      c
   -2.08454254935608      1.83798298361125      0.95493684954620      h
   -2.25251855471464     -1.50935672659624      0.76949773976568      h
    0.37876124820167     -0.10792551715133      3.35436989458489      o
   -0.81755187062637     -0.03655440337732      4.72402112679438      h
  -.74525700538697D-03  -.26529603264241D-03  -.78906583693694D-04
  0.12572155892041D-02  -.79501099365886D-03  0.44797300314059D-03
  -.33271495977072D-03  0.61926061878681D-03  0.15336552090109D-03
  -.29384045271197D-04  0.36568453390728D-03  0.18182344214546D-03
  0.36038050307230D-03  0.74049250966990D-04  -.39681786147790D-03
  0.33255954948075D-03  0.62231364331877D-03  -.15391990220018D-03
  0.30158075558173D-04  0.36481237366326D-03  -.18066393947810D-03
  -.36090875201777D-03  0.73603722910320D-04  0.39583350722974D-03
  -.12571852955316D-02  -.79302512998336D-03  -.44746572426124D-03
  0.74513634054973D-03  -.26639194686695D-03  0.78778536088286D-04
  cycle =      3 MP2 energy =     -229.8419926526 |dE/dxyz| =  0.002287
    0.81743232306198      0.01201781047720     -4.72105109385862      h
   -0.37999493409407     -0.11717212236150     -3.35517524719580      o
    0.97253913878943      0.08466200634241     -1.04304273717441      c
    2.08995010629783      1.82304230761078     -0.95664359385002      h
    2.24330078925649     -1.52362726889316     -0.76575100221597      h
   -0.97252481499693      0.08467159724319      1.04303207763033      c
   -2.08982366377694      1.82313120009305      0.95673916238175      h
   -2.24338845064900     -1.52351605630106      0.76562238146081      h
    0.37997962246621     -0.11739041657812      3.35516100781057      o
   -0.81751243997227      0.01130480643806      4.72102655117899      h
  -.97614178501626D-04  -.64817602486195D-04  -.17863740676516D-03
  0.37769811323685D-03  -.10083408892553D-02  0.71307350743144D-03
  -.19822902774136D-03  0.88278162986394D-03  -.35137788433837D-04
  -.27018479959118D-04  0.19284979533296D-04  0.13953068835817D-03
  -.82477355185517D-04  0.16990556686336D-03  -.15701068490975D-03
  0.19833562428584D-03  0.88422900907165D-03  0.34947578799349D-04
  0.26551215380977D-04  0.19636787941479D-04  -.13894681119586D-03
  0.83020387359412D-04  0.17017000434105D-03  0.15641024246241D-03
  -.37789601629434D-03  -.10072145245430D-02  -.71263716152359D-03
  0.97629717001002D-04  -.65634912491036D-04  0.17840783400080D-03
  cycle =      4 MP2 energy =     -229.8419970899 |dE/dxyz| =  0.002110
    0.81837376083320      0.02957218083021     -4.72096101963240      h
   -0.37987747359175     -0.12088780423402     -3.35801565773584      o
    0.97200301477098      0.08092230959627     -1.04408971277706      c
    2.09116285540278      1.81805448080111     -0.95946270661236      h
    2.24157361637368     -1.52870321412053     -0.76498979729671      h
   -0.97199867989125      0.08089812069083      1.04407851227519      c
   -2.09104289684205      1.81811295588143      0.95960571157891      h
   -2.24167503375222     -1.52861710713789      0.76482084662517      h
    0.37985869676154     -0.12121115381894      3.35799032705313      o
   -0.81842018368217      0.02898309558237      4.72094100268960      h
  -.19291053078074D-04  -.24439842964408D-05  -.62788814509940D-04
  0.14531042432075D-03  -.10231772475658D-02  0.19129862921741D-03
  -.17014309635321D-03  0.10209614841494D-02  -.19767737238915D-03
  0.11543732515662D-04  -.25890334056644D-04  0.62533734479564D-04
  -.35076934107536D-04  0.29946603728348D-04  -.84776384370322D-05
  0.17029363307497D-03  0.10219688878472D-02  0.19812910573347D-03
  -.11733518755275D-04  -.25805473828022D-04  -.62323083797972D-04
  0.35280623963185D-04  0.29911748900435D-04  0.80162141702367D-05
  -.14533330170785D-03  -.10227035780506D-02  -.19143555082035D-03
  0.19149489843606D-04  -.27680557038723D-05  0.62724779160028D-04
  cycle =      5 MP2 energy =     -229.8419972882 |dE/dxyz| =  0.002018
    0.81879133707300      0.03049589149058     -4.72059590281413      h
   -0.38001508579452     -0.12123794256607     -3.35836908580252      o
    0.97200648197339      0.08057878506188     -1.04415907597333      c
    2.09078084194975      1.81803036398694     -0.96043498808476      h
    2.24200223007308     -1.52889340115820     -0.76488598264468      h
   -0.97200778266132      0.08053940530841      1.04414704187670      c
   -2.09066432864264      1.81807536699690      0.96059886403138      h
   -2.24211177458829     -1.52881807432007      0.76470181428104      h
    0.37999521649305     -0.12160637031918      3.35833818067089      o
   -0.81881945949275      0.02995983958965      4.72057664062702      h
  -.16695961433832D-04  0.12321315815411D-05  -.18160511761067D-06
  0.90119819713408D-04  -.98994684105158D-03  0.74173174979819D-04
  -.11857478672272D-03  0.10013428794591D-02  -.15843601520460D-03
  0.86774830805325D-05  -.39637093007805D-05  0.16435682299476D-04
  0.10308453099572D-04  -.89016114102058D-05  0.13910670499911D-04
  0.11866531711657D-03  0.10018335691994D-02  0.15886497142070D-03
  -.86907057430530D-05  -.39802779454590D-05  -.16414873724474D-04
  -.10287950727328D-04  -.89791090194247D-05  -.14165069441241D-04
  -.90130596397842D-04  -.98973666679392D-03  -.74361657556921D-04
  0.16608928021800D-04  0.10996862515045D-05  0.17472109226091D-06
  cycle =      6 MP2 energy =     -229.8419973043 |dE/dxyz| =  0.001974
    0.81906714220061      0.02934922191594     -4.72049830002000      h
   -0.38011980726355     -0.12102260010849     -3.35842320970505      o
    0.97198771508532      0.08079671038562     -1.04411673020282      c
    2.09053493647980      1.81840533151575     -0.96071164736663      h
    2.24210325598702     -1.52854660876199     -0.76502512562715      h
   -0.97199211614710      0.08074906305915      1.04410383028191      c
   -2.09042077659330      1.81844311751622      0.96088773861722      h
   -2.24221708372935     -1.52847693260707      0.76483301620401      h
    0.38009939953103     -0.12141580543806      3.35838898317562      o
   -0.81908498916773      0.02884236659379      4.72047895081050      h
  -.27903100248139D-05  -.59104983324287D-06  -.12127347610580D-05
  0.63279633691238D-04  -.98192091405247D-03  0.57588649514884D-04
  -.96270101028306D-04  0.97882770790325D-03  -.96362317006993D-04
  0.52978008024951D-06  0.18582157013114D-05  0.10336762020502D-05
  0.56907877761248D-05  0.17612350244889D-05  0.46332826002804D-05
  0.96357666362401D-04  0.97891779133552D-03  0.96614123582972D-04
  -.52728617072617D-06  0.18616692853968D-05  -.10520680045478D-05
  -.56840511981626D-05  0.17569704775511D-05  -.47192582091626D-05
  -.63353516679854D-04  -.98182341930153D-03  -.57742695668495D-04
  0.27673968974185D-05  -.64815584183142D-06  0.12193405698468D-05
  cycle =      7 MP2 energy =     -229.8419973089 |dE/dxyz| =  0.001974
    0.83329807951774      0.04998637891201     -4.71799863126113      h
   -0.36998445268481     -0.10034990542295     -3.35953636620215      o
    0.97513380678366      0.10164183549498     -1.04117563676590      c
    2.09336737107577      1.83929203145547     -0.95449515034013      h
    2.24445518481332     -1.50764409094339     -0.75816755187437      h
   -0.97513213363061      0.10164518416157      1.04117530805311      c
   -2.09336200897812      1.83929767095403      0.95449200897450      h
   -2.24445653975524     -1.50763821105159      0.75816564938303      h
    0.36998347045767     -0.10034725480453      3.35953700027594      o
   -0.83330643347678      0.04994645519997      4.71799752753290      h
  -.22324340558377D-05  -.47959824911459D-06  -.12860313423069D-05
  0.63068684296397D-04  -.98220905876423D-03  0.57560157113556D-04
  -.96190985506173D-04  0.97906142760379D-03  -.96491321472325D-04
  0.48317594947278D-06  0.17053593874827D-05  0.10875674233968D-05
  0.56311271388054D-05  0.18530956893414D-05  0.46626392598836D-05
  0.96201943542873D-04  0.97911944189549D-03  0.96628483198108D-04
  -.47552805915174D-06  0.16922146426346D-05  -.11064379227266D-05
  -.56277950775119D-05  0.18345271763920D-05  -.47517193690616D-05
  -.63069254210291D-04  -.98207175628739D-03  -.57599982141276D-04
  0.22110654382956D-05  -.50560219150286D-06  0.12966440299245D-05
  cycle =      8 MP2 energy =     -229.8419973311 |dE/dxyz| =  0.001982
    0.83330402641025      0.05002569647222     -4.71798044921349      h
   -0.36999140058125     -0.10033763230084     -3.35953113120362      o
    0.97513645230322      0.10165374138717     -1.04116445372038      c
    2.09341554364499      1.83926971717212     -0.95448116253643      h
    2.24439001760688     -1.50768389695910     -0.75819123778091      h
   -0.97513533146667      0.10165578242033      1.04116394732065      c
   -2.09341080718206      1.83927416806566      0.95448035828275      h
   -2.24439197144248     -1.50767899799502      0.75818792842907      h
    0.36999035272344     -0.10033960709899      3.35953111440127      o
   -0.83331053789371      0.04999112279202      4.71797924379688      h
  -.14999651152259D-05  0.23844234270376D-06  -.60022401893178D-06
  0.60378683693685D-04  -.98571977611905D-03  0.57324511609558D-04
  -.92220700128376D-04  0.98404907611221D-03  -.90325768075050D-04
  0.10633360898460D-05  0.42341907136034D-06  0.13224096700737D-05
  0.21712470990032D-05  0.96890353651347D-06  0.22259941092617D-05
  0.92253351069882D-04  0.98414752992487D-03  0.90392504879688D-04
  -.10727435899582D-05  0.43104787605941D-06  -.13296712672584D-05
  -.21625924087054D-05  0.96269669480620D-06  -.22890367552819D-05
  -.60403828110900D-04  -.98581971675493D-03  -.57373924095216D-04
  0.14932113514554D-05  0.31842840392260D-06  0.65320453934703D-06
  cycle =      9 MP2 energy =     -229.8419972588 |dE/dxyz| =  0.001986
    0.83333291441442      0.04992548431958     -4.71797168385509      h
   -0.37000266882954     -0.10030071837768     -3.35954046287512      o
    0.97513448325059      0.10169490108153     -1.04116047148839      c
    2.09344060531569      1.83928850392721     -0.95449194984249      h
    2.24433765965980     -1.50768248225571     -0.75822388766422      h
   -0.97513317057968      0.10169899928721      1.04115976339212      c
   -2.09343536432287      1.83929502766648      0.95448732142845      h
   -2.24433982388974     -1.50767597527796      0.75822528490727      h
    0.37000263482066     -0.10029480694215      3.35954033575541      o
   -0.83334092571673      0.04988116052707      4.71796990801784      h
  -.46176765522432D-06  -.76861380271520D-06  -.37073882541705D-06
  0.58129632160231D-04  -.98739719305463D-03  0.54855458386349D-04
  -.88935225114994D-04  0.98801490448225D-03  -.84078464334225D-04
  0.37186505519315D-06  -.29153128933146D-06  0.97570111837197D-06
  -.13443620128228D-06  0.43372792690732D-06  -.12790879622138D-06
  0.88927566457286D-04  0.98795683115988D-03  0.84140210607125D-04
  -.34152676908761D-06  -.28064980739373D-06  -.10149284685457D-05
  0.14594662944845D-06  0.48224656667983D-06  0.22181494929718D-06
  -.58152264281297D-04  -.98719875734332D-03  -.54842365043051D-04
  0.45020996353173D-06  -.95091400098557D-06  0.24121993025261D-06
  cycle =     10 MP2 energy =     -229.8419972818 |dE/dxyz| =  0.001986
    0.83335589812131      0.04988351756427     -4.71796732777056      h
   -0.36998638840415     -0.10034285480087     -3.35954206353379      o
    0.97513945203086      0.10165152141055     -1.04115540078268      c
    2.09344563665030      1.83924477810133     -0.95448074654371      h
    2.24434078945371     -1.50772632371923     -0.75821319438668      h
   -0.97513841254930      0.10165538919084      1.04115527082708      c
   -2.09343969372728      1.83925176372226      0.95447799412115      h
   -2.24434413003014     -1.50771912358475      0.75821396768992      h
    0.36998596784805     -0.10033966027809      3.35954236367574      o
   -0.83336421167319      0.04983613752623      4.71796609134294      h
  -.54636277679876D-06  -.29933669498661D-06  -.34686267635919D-06
  0.58403947294394D-04  -.98781875244935D-03  0.54845960016259D-04
  -.89045716198388D-04  0.98783411817471D-03  -.84136549758390D-04
  0.32676709738055D-06  -.21525393290034D-06  0.10229924412020D-05
  -.37332671620760D-07  0.49706705418373D-06  -.59862657580956D-07
  0.89044637728186D-04  0.98781092410988D-03  0.84201471899165D-04
  -.29089526965009D-06  -.19791586458595D-06  -.10500315449635D-05
  0.43963589213547D-07  0.55420391875671D-06  0.14109344625979D-06
  -.58440502283652D-04  -.98772538411873D-03  -.54837682918141D-04
  0.54149350559030D-06  -.43961921403213D-06  0.21947174566606D-06
  cycle =     11 MP2 energy =     -229.8419973008 |dE/dxyz| =  0.001987
    0.83335745396062      0.04992410312921     -4.71796622131036      h
   -0.36998505234641     -0.10035019894693     -3.35954610579881      o
    0.97514002022222      0.10164096875047     -1.04115487329263      c
    2.09344356710552      1.83923606904372     -0.95448488876398      h
    2.24434205775858     -1.50773770849640     -0.75821318191093      h
   -0.97513990840406      0.10164200173756      1.04115466196106      c
   -2.09343870619054      1.83924039665514      0.95448737596689      h
   -2.24434623377533     -1.50773267387535      0.75820863207245      h
    0.36998404262239     -0.10035674872057      3.35954580816074      o
   -0.83336233323283      0.04988893585570      4.71796574755497      h
  -.38101238519772D-06  0.53596589055793D-06  -.32002444960710D-06
  0.57694746280035D-04  -.98827548970626D-03  0.54120010915426D-04
  -.88471262094991D-04  0.98757019865958D-03  -.83438827300442D-04
  0.24648333152300D-06  -.36504679279403D-08  0.54794907280997D-06
  0.19465718104072D-06  0.16552588544272D-06  0.76495849876679D-07
  0.88465572865903D-04  0.98764208983471D-03  0.83482020487774D-04
  -.24812060894774D-06  0.22217077066955D-07  -.52723562682377D-06
  -.20728212923871D-06  0.16706494410101D-06  -.15282086665569D-06
  -.57719112779964D-04  -.98855383730001D-03  -.54122385392930D-04
  0.42533085808927D-06  0.72996613770249D-06  0.33481569650107D-06
  cycle =     12 MP2 energy =     -229.8419973058 |dE/dxyz| =  0.001985
    0.83336368486611      0.04989399428592     -4.71796495846825      h
   -0.36998783739767     -0.10034398211483     -3.35954863153974      o
    0.97513970187930      0.10164845433042     -1.04115538948321      c
    2.09344129542023      1.83924494489172     -0.95449415636682      h
    2.24434183788264     -1.50773094268202     -0.75821349678868      h
   -0.97513942115601      0.10165021346323      1.04115506610679      c
   -2.09343620171229      1.83924997470959      0.95449526250984      h
   -2.24434596254952     -1.50772534965232      0.75820997549792      h
    0.36998701831332     -0.10034773380070      3.35954852993596      o
   -0.83336920782595      0.04985557170154      4.71796475323559      h
  -.13204088977758D-06  -.33495059098554D-06  -.16682583847683D-06
  0.57013637691838D-04  -.98737052342013D-03  0.53383121915829D-04
  -.87960484179916D-04  0.98770396907394D-03  -.82745626302172D-04
  0.11285812595574D-06  0.71093354314655D-07  0.18749129890305D-06
  0.33093724827182D-06  -.10200312461350D-06  0.11104867753131D-06
  0.87958092568563D-04  0.98771934800979D-03  0.82724270132506D-04
  -.10700332264690D-06  0.91197505103224D-07  -.19722339827943D-06
  -.36982480411396D-06  -.12108711100467D-06  -.17269893523575D-06
  -.56942435761265D-04  -.98726139995631D-03  -.53379263782460D-04
  0.96262961157834D-07  -.39559283249169D-06  0.25570704975664D-06
$end
