$hessapprox internal
  0.265207539074D-01 -0.114070111698D-02  0.616491251618D+00 -0.140271670118D-02
  0.203860813818D-02  0.351560219135D+00 -0.147775236134D-02  0.249694114234D-03
 -0.103351126085D-02  0.425833015734D+00 -0.208627353540D-02 -0.312169458715D-03
  0.583572333735D-02  0.578122308323D-03  0.423852647787D+00  0.174360758304D-02
 -0.182278363570D-02  0.179908803682D-01  0.834798113742D-03 -0.516669403494D-02
  0.331729524197D+00 -0.331797920491D-02 -0.306848809108D-03  0.719998590452D-02
  0.799498662285D-03 -0.124766854979D-02 -0.640686439068D-02  0.346871659481D+00
 -0.129525882846D-02  0.103095327212D-02 -0.981850767269D-02 -0.415758592359D-03
  0.288990235135D-02  0.848417364428D-02  0.360418008216D-02  0.317050015964D+00
 -0.295284754741D-03 -0.155293246234D-02  0.173842812084D-01  0.103613653704D-02
 -0.458813585625D-02 -0.151341863532D-01 -0.557069474964D-02  0.830106634713D-02
  0.332082289648D+00 -0.155311118898D-02  0.254801071038D-03 -0.100251776144D-02
  0.122220384499D-03  0.585223726637D-03  0.804566128303D-03  0.813003749583D-03
 -0.397068217545D-03  0.101954873074D-02  0.425854438770D+00 -0.271457735314D-02
 -0.308299651136D-03  0.651896196333D-02  0.690317319983D-03 -0.118878689606D-02
 -0.578828317293D-02 -0.127346448934D-02  0.324821637838D-02 -0.507882686081D-02
  0.700698781895D-03  0.423758849540D+00  0.258112503353D-02 -0.186668703203D-02
  0.175053569889D-01  0.709751142516D-03 -0.520789610627D-02 -0.151145757573D-01
 -0.651100067488D-02  0.820921695587D-02 -0.148328185688D-01  0.674695129058D-03
 -0.586182384974D-02  0.332697926314D+00 -0.867446130582D-03 -0.551487876537D-03
  0.705442864098D-02  0.507103573719D-03 -0.170916562275D-02 -0.617382482066D-02
 -0.202640398960D-02  0.340739090905D-02 -0.574654979625D-02  0.505139074225D-03
 -0.186677514428D-02 -0.610509461452D-02  0.345928838329D+00 -0.123174763032D-02
  0.101742897614D-02 -0.974343768290D-02 -0.418792729485D-03  0.285685967600D-02
  0.842163391430D-02  0.355983387875D-02 -0.457988313266D-02  0.823111008580D-02
 -0.400587053307D-03  0.320945767859D-02  0.815262018914D-02  0.337540671622D-02
  0.317114977347D+00 -0.222281137272D-02 -0.149741871231D-02  0.190013749324D-01
  0.135272702161D-02 -0.462691936935D-02 -0.166244970538D-01 -0.549380313443D-02
  0.917202737243D-02 -0.154923128352D-01  0.134671070770D-02 -0.505775891311D-02
 -0.164312244809D-01 -0.607084192610D-02  0.908642360971D-02  0.330081679013D+00
  0.167645114809D-01 -0.149141920357D-02 -0.299538033326D-02 -0.211556783733D-02
 -0.262250092277D-02  0.333357299857D-02 -0.427469572910D-02 -0.229931862663D-02
  0.455581561956D-03 -0.221927335976D-02 -0.346593321882D-02  0.447908420238D-02
 -0.859324583928D-03 -0.220686480096D-02 -0.215583654394D-02  0.377329006893D-01
 -0.163396790273D-02 -0.140859237053D-03  0.343319118639D-02  0.387236080751D-03
 -0.584342275541D-03 -0.305725636555D-02 -0.606667533913D-03  0.172128783551D-02
 -0.265001633712D-02  0.394006313714D-03 -0.593764031796D-03 -0.311062644641D-02
 -0.960519289550D-03  0.169989269888D-02 -0.260465899503D-02 -0.211072873860D-02
  0.616275760111D+00 -0.249021202970D-02  0.199725621876D-02 -0.190433429006D-01
 -0.808926840898D-03  0.560057764383D-02  0.164563098357D-01  0.698354822808D-02
 -0.894698026721D-02  0.160975504976D-01 -0.772816391930D-03  0.629431953128D-02
  0.159245969506D-01  0.660632203003D-02 -0.888388281075D-02  0.177831234799D-01
 -0.442889895557D-02  0.333512107530D-02  0.354958371403D+00  0.455265841158D-03
 -0.238549147642D-02  0.256545932648D-01  0.142579675123D-02 -0.695282782611D-02
 -0.222953510006D-01 -0.849993088755D-02  0.122038463500D-01 -0.213351861552D-01
  0.139563648088D-02 -0.772642971502D-02 -0.217867748424D-01 -0.857898334012D-02
  0.121048956872D-01 -0.231197888270D-01  0.191680884291D-02 -0.404759046260D-02
  0.236674770785D-01  0.465219564502D+00 -0.150106506022D-02  0.719052878808D-04
  0.944623333171D-03  0.228408723308D-03  0.539435764553D-04 -0.886854340662D-03
  0.162394697593D-03  0.528273993567D-03 -0.601873639515D-03  0.236975647633D-03
  0.109732322414D-03 -0.976872034211D-03 -0.147927170010D-03  0.517329111929D-03
 -0.413092929969D-03 -0.204935952972D-02  0.841139766913D-04  0.102177354559D-02
 -0.100298902262D-02  0.384317442245D+00 -0.460617318128D-03 -0.242822876940D-02
  0.271815008890D-01  0.161994442750D-02 -0.717408173274D-02 -0.236632782895D-01
 -0.871049684278D-02  0.129792231869D-01 -0.224908811626D-01  0.159400138065D-02
 -0.794137033262D-02 -0.231919919468D-01 -0.898523930106D-02  0.128698470322D-01
 -0.242235921273D-01  0.713841597136D-03 -0.414364595165D-02  0.251695032924D-01
 -0.333591220441D-01 -0.941209369768D-03  0.461632517457D+00 -0.610984869817D-03
  0.613391931644D-05  0.638386423439D-03  0.107602838277D-03 -0.459321676784D-04
 -0.581823183640D-03 -0.166088285325D-04  0.336036041051D-03 -0.455582947066D-03
  0.110820113497D-03 -0.306300807959D-04 -0.613753107738D-03 -0.144615329254D-03
  0.330580153898D-03 -0.395648734390D-03 -0.821482553897D-03 -0.512789120580D-05
  0.650569780879D-03 -0.720299030503D-03  0.552087060574D-04 -0.712392964676D-03
  0.384174471262D+00 -0.301916646059D-02  0.906809210839D-04  0.249201473804D-02
  0.493531426054D-03 -0.498098632434D-04 -0.229875408024D-02  0.133764801516D-03
  0.134472569080D-02 -0.170167204216D-02  0.510133465239D-03  0.451312523950D-04
 -0.246882712224D-02 -0.494353183974D-03  0.132037762158D-02 -0.136139085005D-02
 -0.409241714972D-02  0.773877013126D-04  0.260237336047D-02 -0.274502093493D-02
  0.297201009402D-03 -0.266096296340D-02  0.949869554049D-04  0.402975192188D+00
  0.000000000000D+00  0.000000000000D+00  0.000000000000D+00  0.000000000000D+00
  0.000000000000D+00  0.000000000000D+00  0.000000000000D+00  0.000000000000D+00
  0.000000000000D+00  0.000000000000D+00  0.000000000000D+00  0.000000000000D+00
  0.000000000000D+00  0.000000000000D+00  0.000000000000D+00  0.000000000000D+00
  0.000000000000D+00  0.000000000000D+00  0.000000000000D+00  0.000000000000D+00
  0.000000000000D+00  0.000000000000D+00  0.000000000000D+00  0.000000000000D+00
$end
