$coord
    0.63517181516234     -1.18700858509404     -4.16022169987667  h
   -0.34893096117478     -1.01307638568081     -2.63790640635585  o
    0.57403745014629      1.11876582975936     -1.30049531917607  c
    0.05900030144686      2.88844010684022     -2.24945290506117  h
    2.63525658692255      1.04781423515457     -1.11513713820555  h
   -0.57403728368504      1.11876619015623      1.30049538057456  c
   -0.05900292802387      2.88844215218593      2.24945136012962  h
   -2.63525622860152      1.04781140848334      1.11513694203630  h
    0.34893416058595     -1.01307303985789      2.63790915011686  o
   -0.63518773924467     -1.18702240920471      4.16021007715991  h
$intdef
# definitions of internal coordinates
   1 f  1.0000000000000 tors    2    3    6    9 val=  66.00000
$user-defined bonds
$redundant
     number_of_atoms            10
     degrees_of_freedom         24
     internal_coordinates       25
     frozen_coordinates          1
# definitions of redundant internals
   1 k  1.0000000000000 tors   1    2    3    6 val= 191.11920
   2 k  1.0000000000000 stre   2    1           val=   1.82103
   3 k  1.0000000000000 bend   3    1    2      val= 107.87715
   4 k  1.0000000000000 stre   3    5           val=   2.07075
   5 k  1.0000000000000 stre   3    4           val=   2.07305
   6 k  0.0917032421579 bend   4    5    3      val=   1.20660
       -0.5070123821821 bend   2    5    3
       -0.5104029561511 bend   2    4    3
        0.4881752298315 bend   6    5    3
        0.4854922522790 bend   6    4    3
   7 k -0.0016104103872 bend   4    5    3      val=   0.03440
        0.5455156367274 bend   2    5    3
       -0.5410232651749 bend   2    4    3
        0.4519650940972 bend   6    5    3
       -0.4532454929963 bend   6    4    3
   8 k -0.8878929433530 bend   4    5    3      val=   1.41515
        0.1791945251142 bend   2    5    3
        0.1799196914859 bend   2    4    3
        0.2696035068547 bend   6    5    3
        0.2729071216005 bend   6    4    3
   9 k -0.0010112019816 bend   4    5    3      val=   0.17344
       -0.4520974051419 bend   2    5    3
        0.4531214200534 bend   2    4    3
        0.5439804140137 bend   6    5    3
       -0.5425617030282 bend   6    4    3
  10 k  1.0000000000000 stre   6    8           val=   2.07075
  11 k  1.0000000000000 stre   6    7           val=   2.07305
  12 k  0.0917031930278 bend   7    8    6      val=   1.20660
       -0.5070124904181 bend   9    8    6
       -0.5104028356535 bend   9    7    6
        0.4881751337236 bend   3    8    6
        0.4854923718446 bend   3    7    6
  13 k -0.0016103780502 bend   7    8    6      val=   0.03440
        0.5455155334699 bend   9    8    6
       -0.5410233775964 bend   9    7    6
        0.4519652014007 bend   3    8    6
       -0.4532453761955 bend   3    7    6
  14 k -0.8878929810446 bend   7    8    6      val=   1.41514
        0.1791944716915 bend   9    8    6
        0.1799197321939 bend   9    7    6
        0.2696035134091 bend   3    8    6
        0.2729070007377 bend   3    7    6
  15 k -0.0010111185764 bend   7    8    6      val=   0.17342
       -0.4520974442875 bend   9    8    6
        0.4531213706751 bend   9    7    6
        0.5439803782486 bend   3    8    6
       -0.5425617476620 bend   3    7    6
  16 k  1.0000000000000 tors  10    9    6    3 val= 191.12019
  17 k  1.0000000000000 stre   9   10           val=   1.82103
  18 k  1.0000000000000 bend   6   10    9      val= 107.87716
  19 k  1.0000000000000 tors   2    3    6    9 val=  66.00000
  20 k  1.0000000000000 stre   3    2           val=   2.68054
  21 k  1.0000000000000 bend   6    2    3      val= 108.50606
  22 k  1.0000000000000 stre   6    9           val=   2.68054
  23 k  1.0000000000000 bend   3    9    6      val= 108.50608
  24 k  1.0000000000000 stre   3    6           val=   2.84310
  25 f  1.0000000000000 tors   2    3    6    9 val=  66.00000
        24 non zero eigenvalues  of BmBt
           1           4.424918106    1    0
         1
           2           3.809047821    2    0
         2
           3           3.745801322    3    0
         3
           4           3.057867474    4    0
         4
           5           2.797348550    5    0
         5
           6           2.443798500    6    0
         6
           7           2.088028137    7    0
         7
           8           1.721303774    8    0
         8
           9           1.242365497    9    0
         9
          10           1.236871465   10    0
        10
          11           1.046025878   11    0
        11
          12           0.837730615   12    0
        12
          13           0.774077702   13    0
        13
          14           0.731934543   14    0
        14
          15           0.619997169   15    0
        15
          16           0.436699730   16    0
        16
          17           0.347997565   17    0
        17
          18           0.339704914   18    0
        18
          19           0.283249377   20    0
        20
          20           0.249858113   21    0
        21
          21           0.127391185   22    0
        22
          22           0.068480929   23    0
        23
          23           0.064035134   24    0
        24
          24           0.000000000    0    1
         0.000000000         0.000000000         0.000000000         0.000000000
         0.000000000         0.000000000         0.000000000         0.000000000
         0.000000000         0.000000000         0.000000000         0.000000000
         0.000000000         0.000000000         0.000000000         0.000000000
         0.000000000         0.000000000         0.000000000         0.000000000
         0.000000000         0.000000000         0.000000000         0.000000000
         1.000000000
$end
