$energy      SCF               SCFKIN            SCFPOT            MP2
     1 -229.0272645837      228.752667     -457.779932     -.8131090749172
     2 -229.0277490909      228.784603     -457.812352     -.8129868225392
     3 -229.0278931127      228.797830     -457.825723     -.8129518517166
     4 -229.0278710168      228.790285     -457.818156     -.8129882111799
     5 -229.0278806362      228.791827     -457.819708     -.8129802594870
     6 -229.0278929632      228.791454     -457.819347     -.8129682785725
     7 -229.0278975227      228.791722     -457.819619     -.8129637496486
     8 -229.0278975228      228.791720     -457.819618     -.8129637688072
     9 -229.0278973566      228.791711     -457.819608     -.8129638742898
    10 -229.0278971068      228.791704     -457.819602     -.8129641207412
    11 -229.0278971069      228.791704     -457.819601     -.8129641074239
    12 -229.0278970986      228.791707     -457.819604     -.8129641471457
    13 -229.0278971386      228.791707     -457.819604     -.8129641064295
$end
