$grad          cartesian gradients
  cycle =      1 MP2 energy =     -229.8403736586 |dE/dxyz| =  0.010690
    0.39185006923996     -1.07192289232356     -4.27139918580993      h
   -0.34111831475450     -1.02836070508612     -2.60839957614989      o
    0.59885062053251      1.12884563001798     -1.30053265573907      c
    0.10287125315284      2.88561325923467     -2.28028390589034      h
    2.65992997281922      1.05756938085702     -1.10306563316769      h
   -0.59886800624663      1.12884563323476      1.30051861945781      c
   -0.10295258052186      2.88562343380053      2.28025314877311      h
   -2.65995733748509      1.05750981158306      1.10302085414619      h
    0.34119261448411     -1.02828670374085      2.60843930222603      o
   -0.39271355760122     -1.07249974616214      4.27101141301773      h
  -.20964600755091D-02  -.12336510261991D-02  0.11905215810426D-02
  0.11758558847692D-02  -.30655087336271D-02  -.24565332360496D-02
  0.34411916444168D-02  0.32893795982334D-02  -.25955211712398D-02
  0.11360144743072D-02  -.45030912345201D-04  -.39204774130508D-03
  0.77828826236770D-03  0.10556639248042D-02  -.65503035356294D-03
  -.34357542031915D-02  0.32917164627202D-02  0.25976422002316D-02
  -.11365163844894D-02  -.50512699619532D-04  0.38971424950085D-03
  -.78416257448799D-03  0.10568782108879D-02  0.65387465251739D-03
  -.11737398038711D-02  -.30659129661412D-02  0.24560060595222D-02
  0.20952827754508D-02  -.12330218347090D-02  -.11886262406691D-02
  cycle =      2 MP2 energy =     -229.8407359134 |dE/dxyz| =  0.003912
    0.44777827022517     -1.08442820575728     -4.24778303418474      h
   -0.36160501968096     -1.01456939817928     -2.61808907604993      o
    0.57655780568646      1.12717069865588     -1.30180686387297      c
    0.06399659207395      2.88891230305616     -2.26456848742704      h
    2.63781125495763      1.05464467187252     -1.12438196959978      h
   -0.57662146550214      1.12716636242875      1.30179098916152      c
   -0.06407969413041      2.88889837607059      2.26457883033257      h
   -2.63787291840843      1.05462810725871      1.12433653184077      h
    0.36157016230499     -1.01456296007261      2.61806476645141      o
   -0.44845025390692     -1.08492285391809      4.24742069421215      h
  -.78480833483074D-03  -.51218793989682D-03  -.12850557598920D-03
  0.14606435105220D-02  -.10459654757939D-02  0.30169207496566D-03
  -.29756569469352D-04  0.15012609504499D-02  -.70260292615210D-03
  0.49962728120384D-03  -.29055562426894D-03  -.34481310547263D-03
  -.11714797523243D-03  0.34629546315612D-03  -.32515353013848D-03
  0.29741816677031D-04  0.15029480221784D-02  0.70429168939445D-03
  -.49953606830139D-03  -.29152375001740D-03  0.34532417823141D-03
  0.11617669404851D-03  0.34692108095202D-03  0.32417386052952D-03
  -.14584581293482D-02  -.10450759926313D-02  -.30289200585720D-03
  0.78351777461982D-03  -.51211687777986D-03  0.12848534031562D-03
  cycle =      3 MP2 energy =     -229.8408449644 |dE/dxyz| =  0.004516
    0.50920922105980     -1.11628979563705     -4.21210250637829      h
   -0.38672974206807     -1.00039705067798     -2.63002550405368      o
    0.55486107954967      1.13048732204076     -1.30681987630676      c
    0.02470230076392      2.89866709882323     -2.24992795862848      h
    2.61850407843441      1.05928530153673     -1.15263230710640      h
   -0.55497029842566      1.13045590455399      1.30678689080068      c
   -0.02477964198000      2.89858834741987      2.24997184452699      h
   -2.61860875720739      1.05930583374480      1.15257453267653      h
    0.38656587670327     -1.00049554584206      2.62992511835978      o
   -0.50966938321061     -1.11667031454693      4.21181214697358      h
  0.62468247291392D-04  0.45538908019060D-04  -.34271542673148D-03
  0.14601443209310D-02  -.40134122821200D-03  0.11203747966455D-02
  -.24696242477726D-02  0.59701761923669D-03  0.10133153338643D-05
  -.31239957934748D-04  -.15274692294032D-03  -.15586072718365D-03
  -.13654935723073D-03  -.88916422514823D-04  -.14285129239539D-04
  0.24682528028905D-02  0.59730901319544D-03  -.16748383500076D-05
  0.31359820934829D-04  -.15212081781346D-03  0.15663633047147D-03
  0.13767085117111D-03  -.88810642741050D-04  0.13853975371458D-04
  -.14597982872298D-02  -.40093753537018D-03  -.11197222716017D-02
  -.62684192694062D-04  0.45007959656118D-04  0.34237997683340D-03
  cycle =      4 MP2 energy =     -229.8408592280 |dE/dxyz| =  0.004363
    0.53367644728455     -1.14524238090275     -4.18891232531584      h
   -0.39952249922191     -0.99454021143284     -2.63238091389794      o
    0.54850595252382      1.13705031865598     -1.31140544379773      c
    0.01284059041906      2.90737935512947     -2.24793454740680      h
    2.61340768208914      1.06712049457604     -1.16739341542834      h
   -0.54864101075266      1.13700157907695      1.31136300944591      c
   -0.01290946543850      2.90725472362643      2.24799701514774      h
   -2.61354405514485      1.06716160817895      1.16733525102111      h
    0.39929669766493     -0.99469807245231      2.63222598041896      o
   -0.53402560580423     -1.14555031304058      4.18866777067688      h
  -.19400192217134D-05  0.91591855758688D-04  0.29958678709807D-04
  0.13131012539516D-02  -.11263989221275D-02  0.47015659539440D-03
  -.21183370475062D-02  0.10058815008431D-02  -.88188399857692D-03
  -.52331503528347D-04  0.47648218522767D-04  0.37066257526863D-04
  0.10905491311597D-03  -.18974442539621D-04  -.95642608987090D-05
  0.21184730122696D-02  0.10062185761388D-02  0.88193665464220D-03
  0.52280463692322D-04  0.47443342605202D-04  -.36752552762254D-04
  -.10895062538596D-03  -.19039064902526D-04  0.93221837566271D-05
  -.13133545184001D-02  -.11258084106176D-02  -.47002673634378D-03
  0.20040710617675D-05  0.91437276557915D-04  -.30212822237363D-04
  cycle =      5 MP2 energy =     -229.8408608957 |dE/dxyz| =  0.004331
    0.54238376823347     -1.15907411924477     -4.17637734508997      h
   -0.40527490294937     -0.99094673141861     -2.63034936381789      o
    0.54592912185079      1.14071660819725     -1.31248300514373      c
    0.00930395697361      2.91089729777988     -2.24848937395879      h
    2.61062700188938      1.07018314557917     -1.17197587490028      h
   -0.54607588615426      1.14065895910328      1.31243554122187      c
   -0.00936866257377      2.91075375464722      2.24855657210315      h
   -2.61077680121235      1.07023291985640      1.17191870547061      h
    0.40502402134210     -0.99113278201391      2.63017040395723      o
   -0.54268688378024     -1.15935195107056      4.17615612102173      h
  0.54258426864351D-04  0.64560693050275D-04  -.68946738518427D-05
  0.13027698832397D-02  -.10434547030220D-02  0.64109668970147D-03
  -.20690487664097D-02  0.97394629303249D-03  -.96724410491067D-03
  -.41861202604077D-04  0.21197707987142D-04  0.76161623550730D-04
  -.18214451767751D-04  -.16146429516806D-04  -.11575489534343D-04
  0.20692111074592D-02  0.97386846308201D-03  0.96707076301539D-03
  0.41835483778452D-04  0.21092168863035D-04  -.76161369624739D-04
  0.18149965192560D-04  -.16135929330419D-04  0.11465193937826D-04
  -.13028777682402D-02  -.10433432000143D-02  -.64081940694116D-03
  -.54222677261073D-04  0.64414865504903D-04  0.69007763441320D-05
  cycle =      6 MP2 energy =     -229.8408612418 |dE/dxyz| =  0.004415
    0.54369575557200     -1.16319377378106     -4.17361903273998      h
   -0.40662897144134     -0.98985915240571     -2.62989120405474      o
    0.54542832074817      1.14196627789526     -1.31285047548258      c
    0.00947670869871      2.91182171326704     -2.24983252646606      h
    2.61012035048163      1.07104201615464     -1.17278978074899      h
   -0.54558024283258      1.14190641192423      1.31280197974538      c
   -0.00953970666177      2.91167205861139      2.24990270779616      h
   -2.61027573808501      1.07109574150890      1.17273504683120      h
    0.40636948151153     -0.99005451215527      2.62970090586253      o
   -0.54398122437199     -1.16345967960407      4.17340476012101      h
  0.11589817675350D-04  0.73536895646154D-05  -.63383251469595D-05
  0.13695432157039D-02  -.10120148233019D-02  0.58407486074774D-03
  -.21346697299309D-02  0.99633125158771D-03  -.97780382594004D-03
  -.79289967445106D-05  0.10350520959879D-04  0.21119130282576D-04
  -.27754558486137D-04  -.20339906806610D-05  -.80729631236065D-05
  0.21347079795442D-02  0.99620323757854D-03  0.97793726198825D-03
  0.79367041180278D-05  0.10336749367568D-04  -.21091839913057D-04
  0.27737200285927D-04  -.20220354636780D-05  0.80227203897165D-05
  -.13695529717266D-02  -.10118515790465D-02  -.58417738631000D-03
  -.11608660538398D-04  0.73469098365031D-05  0.63303682540372D-05
  cycle =      7 MP2 energy =     -229.8408612723 |dE/dxyz| =  0.004467
    0.54359002063746     -1.16347824401034     -4.17337287617923      h
   -0.40674615823903     -0.98968991705044     -2.62973052142352      o
    0.54534823986965      1.14208159960015     -1.31278903609754      c
    0.00964040969272      2.91180837581513     -2.25013552203721      h
    2.61010582272407      1.07105611282588     -1.17263311472619      h
   -0.54550099112733      1.14202096944984      1.31274000254254      c
   -0.00970313802617      2.91165720697893      2.25020602315420      h
   -2.61026205066181      1.07111032790354      1.17257855231280      h
    0.40648461100440     -0.98988758834428      2.62953828389362      o
   -0.54387203225462     -1.16374174175305      4.17316058942446      h
  -.14339474407876D-06  -.13560647403876D-05  -.31626628835824D-05
  0.13957254524977D-02  -.97813141368963D-03  0.58215270642403D-03
  -.22142903747073D-02  0.98126773404150D-03  -.93048914437888D-03
  -.25992325045632D-05  0.50325602929391D-06  0.18860529020781D-05
  -.77975919645645D-05  -.22579976059478D-05  -.59458172543825D-06
  0.22143117371822D-02  0.98108172784439D-03  0.93056146571202D-03
  0.26059246814869D-05  0.50482936853058D-06  -.18745445391488D-05
  0.78119913538011D-05  -.22472782295613D-05  0.57597115449282D-06
  -.13957579557351D-02  -.97800117944669D-03  -.58221742278519D-03
  0.13344380622726D-06  -.13636834415021D-05  0.31621606724208D-05
  cycle =      8 MP2 energy =     -229.8408612916 |dE/dxyz| =  0.004466
    0.63501914043482     -1.18690188983701     -4.16035759708871      h
   -0.34890988912100     -1.01308597151259     -2.63791066986950      o
    0.57405221817785      1.11875470884414     -1.30050097947846      c
    0.05896290486471      2.88843592817364     -2.24941907801576      h
    2.63524567726657      1.04778740040785     -1.11514363982079      h
   -0.57405264855737      1.11875461028922      1.30050074988735      c
   -0.05896491453184      2.88843640782963      2.24941868842364      h
   -2.63524589480363      1.04778579034201      1.11514268448671      h
    0.34891099372917     -1.01308478765158      2.63791141816978      o
   -0.63502931807892     -1.18691135057578      4.16034980017325      h
  0.48082569614749D-06  -.17282256465911D-05  -.30076303536575D-05
  0.13821083724919D-02  -.97779896186978D-03  0.61225695825851D-03
  -.21932646618832D-02  0.98116372604640D-03  -.97891349244472D-03
  -.27604325338881D-05  0.57582374113352D-06  0.17274460082373D-05
  -.79359250078070D-05  -.22193747881705D-05  -.87712181624788D-06
  0.21932331495051D-02  0.98115671707788D-03  0.97891944884987D-03
  0.27657699903649D-05  0.57993402302614D-06  -.17182335840804D-05
  0.79511257684572D-05  -.22075417343559D-05  0.85845237285387D-06
  -.13820842723709D-02  -.97778353140665D-03  -.61225041328949D-03
  -.49395140666597D-06  -.17386338714287D-05  0.30045881751484D-05
  cycle =      9 MP2 energy =     -229.8408612309 |dE/dxyz| =  0.004474
    0.63502605534090     -1.18690816911399     -4.16033187705220      h
   -0.34892770718664     -1.01308593446161     -2.63790729072721      o
    0.57404110093489      1.11875468843943     -1.30049833166730      c
    0.05896759802699      2.88843318807824     -2.24942801919441      h
    2.63525397591940      1.04779664183317     -1.11514424402199      h
   -0.57404180920650      1.11875437452613      1.30049792135153      c
   -0.05896952687053      2.88843309476356      2.24942787450909      h
   -2.63525453010600      1.04779522181508      1.11514324230584      h
    0.34892805384501     -1.01308553845334      2.63790727640852      o
   -0.63503494131715     -1.18691672111714      4.16032482495566      h
  -.63152113449760D-06  -.52021795682311D-06  -.52937158878663D-06
  0.13822296697423D-02  -.97932470481066D-03  0.60981236717339D-03
  -.22020764758999D-02  0.98099029415089D-03  -.97628185907528D-03
  -.16764943195913D-05  0.15805095232579D-06  0.12535910371980D-05
  -.17339305835584D-05  -.13060452274116D-05  0.33654327727395D-07
  0.22020696247336D-02  0.98099275774821D-03  0.97628781956205D-03
  0.16807900957705D-05  0.15480852821881D-06  -.12447220381073D-05
  0.17407741021991D-05  -.12974182853620D-05  -.45463212972052D-07
  -.13822505746717D-02  -.97933720051735D-03  -.60982515666463D-03
  0.64813852662660D-06  -.51039379522777D-06  0.53914267050814D-06
  cycle =     10 MP2 energy =     -229.8408612275 |dE/dxyz| =  0.004478
    0.63507088071098     -1.18696819038419     -4.16025763173695      h
   -0.34896876303940     -1.01307358882572     -2.63789890051094      o
    0.57401914917077      1.11876842523178     -1.30050157348221      c
    0.05896071828156      2.88844295147342     -2.24944633835497      h
    2.63524695650377      1.04782037460167     -1.11517120684694      h
   -0.57401911249841      1.11876859043337      1.30050151428910      c
   -0.05896272482822      2.88844421218810      2.24944533560875      h
   -2.63524677935571      1.04781829013263      1.11517083245489      h
    0.34897086927512     -1.01307139909286      2.63790063264858      o
   -0.63508292484010     -1.18697881944868      4.16024871279823      h
  0.19012416441200D-06  -.32091594770467D-06  0.11112895212939D-05
  0.13804099802597D-02  -.97985771213427D-03  0.60868726268382D-03
  -.22089492701838D-02  0.98032622746569D-03  -.97406188740834D-03
  -.31468818129099D-06  -.62078572504731D-07  0.38380137312721D-06
  0.21549038367041D-05  -.88884799964717D-07  0.37275601441622D-06
  0.22089566415602D-02  0.98031749516547D-03  0.97405816105933D-03
  0.30988006094468D-06  -.58851846063135D-07  -.40066646178616D-06
  -.21671573371407D-05  -.96536086902077D-07  -.36926965898965D-06
  -.13803277634468D-02  -.97978825041700D-03  -.60862755853908D-03
  -.26265066055409D-06  -.37056287882642D-06  -.11538882969120D-05
  cycle =     11 MP2 energy =     -229.8408612143 |dE/dxyz| =  0.004478
    0.63515043586188     -1.18697880014223     -4.16024585465677      h
   -0.34891844499261     -1.01308437066011     -2.63790600278647      o
    0.57404383435378      1.11875744493118     -1.30049066956699      c
    0.05900367797365      2.88843210829340     -2.24944509734938      h
    2.63526807955261      1.04780931564270     -1.11512071956653      h
   -0.57404438788844      1.11875730202508      1.30049036588886      c
   -0.05900618103809      2.88843278664428      2.24944431069112      h
   -2.63526849636094      1.04780708041740      1.11512008222545      h
    0.34891984814590     -1.01308288599208      2.63790693560180      o
   -0.63516319207364     -1.18699047841744      4.16023609086086      h
  -.35226866268445D-06  0.37347044257174D-06  0.67561100358660D-06
  0.13815091262463D-02  -.98052728051989D-03  0.60879788403057D-03
  -.22084343239137D-02  0.98024419089437D-03  -.97387197804344D-03
  -.22188483950192D-06  -.45386717939522D-07  0.37941903086036D-06
  0.19352241555914D-05  -.41257741612011D-07  0.64939465496683D-06
  0.22084503299462D-02  0.98023946077763D-03  0.97388489898376D-03
  0.22273584543431D-06  -.48961176446483D-07  -.38718586492514D-06
  -.19471925152281D-05  -.42385536080936D-07  -.64740140837127D-06
  -.13814768704190D-02  -.98050426405294D-03  -.60878901591188D-03
  0.31512436837744D-06  0.35234391837502D-06  -.69162670213174D-06
  cycle =     12 MP2 energy =     -229.8408612457 |dE/dxyz| =  0.004477
    0.63517449070265     -1.18701264896559     -4.16021657352590      h
   -0.34893294334683     -1.01307470091730     -2.63790481536309      o
    0.57403750621160      1.11876680196332     -1.30049490280383      c
    0.05899826534254      2.88844190055277     -2.24944959355150      h
    2.63525820973481      1.04781484120853     -1.11513660674700      h
   -0.57403888565189      1.11876614079986      1.30049417737072      c
   -0.05900063807394      2.88844112588748      2.24944963732564      h
   -2.63525946171726      1.04781330285255      1.11513549416463      h
    0.34893242695564     -1.01307518835111      2.63790381452156      o
   -0.63518379662322     -1.18702207228832      4.16020880995073      h
  0.24559780498201D-06  -.40159595426914D-07  -.71032498993873D-07
  0.13807981325327D-02  -.98009389601028D-03  0.60991947309930D-03
  -.22072115653557D-02  0.98014900660015D-03  -.97455107901112D-03
  -.13850201174836D-06  0.57777405526593D-07  0.29318551852953D-06
  0.50543948226789D-06  -.68857704982328D-07  0.10235466392505D-06
  0.22072154768273D-02  0.98015795244599D-03  0.97455582567396D-03
  0.14623555455451D-06  0.53017254586507D-07  -.28228499537875D-06
  -.49942020385885D-06  -.59058419488167D-07  -.10552731737057D-06
  -.13808680570593D-02  -.98015040516852D-03  -.60996304099259D-03
  -.19333762146800D-06  -.54465514320867D-08  0.10212631806894D-06
  cycle =     13 MP2 energy =     -229.8408612450 |dE/dxyz| =  0.004477
    0.63517181516234     -1.18700858509404     -4.16022169987667      h
   -0.34893096117478     -1.01307638568081     -2.63790640635585      o
    0.57403745014629      1.11876582975936     -1.30049531917607      c
    0.05900030144686      2.88844010684022     -2.24945290506117      h
    2.63525658692255      1.04781423515457     -1.11513713820555      h
   -0.57403728368504      1.11876619015623      1.30049538057456      c
   -0.05900292802387      2.88844215218593      2.24945136012962      h
   -2.63525622860152      1.04781140848334      1.11513694203630      h
    0.34893416058595     -1.01307303985789      2.63790915011686      o
   -0.63518773924467     -1.18702240920471      4.16021007715991      h
  -.33068664873070D-06  0.43949754557904D-06  -.44197686754899D-06
  0.13815397892696D-02  -.98065034990125D-03  0.60993302267676D-03
  -.22071416918044D-02  0.98015913886140D-03  -.97447099866343D-03
  -.94045431442424D-08  0.47400819713772D-07  0.79787654039265D-07
  -.47784639356507D-07  -.90576524058861D-09  0.72339147921818D-07
  0.22071396656869D-02  0.98013861406798D-03  0.97446163928105D-03
  0.91069041197045D-09  0.53545948563993D-07  -.10606121181311D-06
  0.33498587015401D-07  -.13623391414974D-07  -.64767846141844D-07
  -.13813877074664D-02  -.98053092086925D-03  -.60982703009049D-03
  0.20341062190177D-06  0.35753388005766D-06  0.36404601022610D-06
$end
