$hessapprox internal
  0.172479505969D-01  0.331209713439D-02  0.621119748837D+00  0.734408553458D-04
  0.626998019557D-04  0.373137056169D+00  0.112266404046D-02  0.216256932959D-02
  0.142477999880D-02  0.404077296159D+00 -0.107026845533D-03 -0.187955483978D-03
 -0.925388475490D-04  0.123570708731D-02  0.421630210799D+00 -0.163319630906D-02
 -0.258537505648D-02 -0.739855295982D-03  0.915960841188D-02 -0.563669339946D-03
  0.344072854401D+00  0.229750029305D-02  0.356327266511D-02  0.865561526762D-03
 -0.103576997200D-01  0.630710069099D-03  0.408481853165D-02  0.344527641460D+00
 -0.151882697172D-02 -0.239542663946D-02 -0.666885686405D-03  0.821297400968D-02
 -0.504607208734D-03 -0.337740870308D-02  0.362440976603D-02  0.318041116410D+00
  0.400537617021D-02  0.594876187964D-02  0.882975898414D-03 -0.902741241516D-02
  0.519981063177D-03  0.264501363385D-02 -0.234205597514D-02  0.229329644906D-02
  0.347880864427D+00  0.107509182860D-02  0.209551260812D-02  0.142284503831D-02
 -0.195280936494D-01  0.123744906050D-02  0.918934615132D-02 -0.104003558917D-01
  0.824072860383D-02 -0.910471626624D-02  0.404046001083D+00 -0.944648078673D-04
 -0.170870384786D-03 -0.935068172988D-04  0.126130176358D-02 -0.795543246771D-04
 -0.582097003965D-03  0.654160727811D-03 -0.521445870716D-03  0.552031145737D-03
  0.126278374550D-02  0.421626603753D+00 -0.154117617368D-02 -0.245171652002D-02
 -0.726723936570D-03  0.905540689817D-02 -0.558346789787D-03 -0.378481229882D-02
  0.408996515212D-02 -0.337072532813D-02  0.272066994371D-02  0.908333506276D-02
 -0.576139075711D-03  0.344094577744D+00  0.200487691103D-02  0.313353742422D-02
  0.812625136180D-03 -0.986509325509D-02  0.603434857190D-03  0.397432406178D-02
 -0.422661756209D-02  0.353127531147D-02 -0.249468130318D-02 -0.990204746772D-02
  0.624707287618D-03  0.397271076575D-02  0.344695557350D+00 -0.150456531477D-02
 -0.237469066408D-02 -0.664800540319D-03  0.819610329751D-02 -0.503736012332D-03
 -0.337556177993D-02  0.362479544178D-02 -0.300348193289D-02  0.230462858825D-02
  0.822357767104D-02 -0.520475495406D-03 -0.336849623535D-02  0.353063604315D-02
  0.318043890943D+00  0.385248814356D-02  0.572667008219D-02  0.861103670944D-03
 -0.885349267612D-02  0.511086958415D-03  0.262865352251D-02 -0.235015398086D-02
  0.228183884875D-02  0.717515995381D-03 -0.892779024402D-02  0.542080608422D-03
  0.270016165641D-02 -0.249157295451D-02  0.229253696327D-02  0.347637213693D+00
  0.824299823574D-03  0.107017745675D-02 -0.184570664319D-03  0.342560699513D-02
 -0.232103994730D-03 -0.207479166253D-02  0.253631640418D-02 -0.188332370854D-02
  0.305559914506D-02  0.340797854189D-02 -0.230676369109D-03 -0.202020431865D-02
  0.233833407847D-02 -0.187475443818D-02  0.296478436332D-02  0.147210633508D-01
  0.319577368159D-02  0.446937989702D-02  0.460362564505D-04  0.229521568058D-02
 -0.194743092511D-03 -0.259798168080D-02  0.355729481625D-02 -0.240428719710D-02
  0.585362830052D-02  0.223044615758D-02 -0.178462084449D-03 -0.246747687460D-02
  0.313607570351D-02 -0.238403323449D-02  0.563676887081D-02  0.100103328188D-02
  0.620785795148D+00  0.344931445575D-03  0.458330061212D-03 -0.522471210781D-04
  0.107303447747D-02 -0.739911312594D-04 -0.689533330024D-03  0.855429210962D-03
 -0.627412133488D-03  0.108201306522D-02  0.106577507999D-02 -0.730411708263D-04
 -0.669352724695D-03  0.783945929960D-03 -0.624251772562D-03  0.104844780440D-02
 -0.168149718500D-04  0.432777684733D-03  0.373240423470D+00 -0.240458678566D-02
 -0.352957442328D-02 -0.430936852295D-03  0.398935872347D-02 -0.220371274744D-03
 -0.878942460449D-03  0.589013044204D-03 -0.739213583674D-03 -0.128611841760D-02
  0.403623273512D-02 -0.238213243469D-03 -0.934923455215D-03  0.725729043795D-03
 -0.747705028801D-03 -0.119331115726D-02 -0.161802954400D-02 -0.345904512330D-02
 -0.584748311601D-03  0.505147409293D+00 -0.603155757997D-02 -0.882948230287D-02
 -0.102401801668D-02  0.918562721468D-02 -0.500067339195D-03 -0.179765929029D-02
  0.100837711764D-02 -0.148817483256D-02 -0.367395903357D-02  0.930347110218D-02
 -0.544018135726D-03 -0.194414321970D-02  0.137719648104D-02 -0.151044370881D-02
 -0.343105835842D-02 -0.393436834254D-02 -0.864486671886D-02 -0.142953692669D-02
  0.306594097860D-02  0.394600221247D+00 -0.230321991773D-02 -0.338341965843D-02
 -0.419038921347D-03  0.391160361145D-02 -0.216884883350D-03 -0.886712971552D-03
  0.615837078463D-03 -0.748359004686D-03 -0.118257709488D-02  0.395647219364D-02
 -0.234063159900D-03 -0.939666322308D-03  0.743939069988D-03 -0.756385747488D-03
 -0.109479516729D-02 -0.156349994852D-02 -0.331671181771D-02 -0.564196451290D-03
  0.106728936729D-02  0.288230245862D-02  0.505008676065D+00 -0.655122131370D-02
 -0.958932723899D-02 -0.111015051692D-02  0.994682868097D-02 -0.541212926715D-03
 -0.193756574021D-02  0.107799865410D-02 -0.160292549630D-02 -0.400697725563D-02
  0.100748355308D-01 -0.588920862405D-03 -0.209689344275D-02  0.147954696543D-02
 -0.162714866443D-02 -0.374277702511D-02 -0.426877325370D-02 -0.938852224251D-02
 -0.155133287683D-02  0.333783269108D-02  0.890772593075D-02  0.313818239459D-02
  0.396110701345D+00 -0.200362460064D-03 -0.580773007723D-03 -0.717447485312D-03
  0.101631820393D-01 -0.649346704603D-03 -0.494659742200D-02  0.566517802308D-02
 -0.444401319184D-02  0.525559744183D-02  0.101638884827D-01 -0.660449797519D-03
 -0.487866323011D-02  0.536663252665D-02 -0.443311544349D-02  0.514232160716D-02
 -0.162211888775D-02 -0.667122211841D-03 -0.494340727157D-03 -0.242328486761D-02
 -0.565827368816D-02 -0.236740014408D-02 -0.613031729585D-02  0.405025691295D+00
  0.000000000000D+00  0.000000000000D+00  0.000000000000D+00  0.000000000000D+00
  0.000000000000D+00  0.000000000000D+00  0.000000000000D+00  0.000000000000D+00
  0.000000000000D+00  0.000000000000D+00  0.000000000000D+00  0.000000000000D+00
  0.000000000000D+00  0.000000000000D+00  0.000000000000D+00  0.000000000000D+00
  0.000000000000D+00  0.000000000000D+00  0.000000000000D+00  0.000000000000D+00
  0.000000000000D+00  0.000000000000D+00  0.000000000000D+00  0.000000000000D+00
$end
