$coord
    0.72845888020089     -0.54388432880843     -4.65301232004417  h
   -0.38016312327491     -0.55398944762531     -3.21024622045521  o
    0.89140555700235      0.60923997078409     -1.13382456104457  c
    1.46596358166834      2.53695172459765     -1.62600406880521  h
    2.58208725716703     -0.45926801833121     -0.60192656745078  h
   -0.89140546970057      0.60924009321109      1.13382455047400  c
   -1.46596313980176      2.53695193792741      1.62600413473313  h
   -2.58208736348455     -0.45926755948151      0.60192650993751  h
    0.38016298994785     -0.55398962929632      3.21024616982055  o
   -0.72845919980135     -0.54388480374635      4.65301212687578  h
$user-defined bonds
$intdef
# definitions of internal coordinates
   1 f  1.0000000000000 tors    2    3    6    9 val= 126.00000
$redundant
     number_of_atoms            10
     degrees_of_freedom         24
     internal_coordinates       25
     frozen_coordinates          1
# definitions of redundant internals
   1 k  1.0000000000000 tors   1    2    3    6 val= 179.39607
   2 k  1.0000000000000 stre   2    1           val=   1.81954
   3 k  1.0000000000000 bend   3    1    2      val= 108.70211
   4 k  1.0000000000000 stre   3    5           val=   2.06955
   5 k  1.0000000000000 stre   3    4           val=   2.07085
   6 k  0.0635823906653 bend   4    5    3      val=   0.65331
       -0.5160013943510 bend   2    5    3
       -0.5001584709074 bend   2    4    3
        0.4676289856826 bend   6    5    3
        0.5107489367136 bend   6    4    3
   7 k  0.0271505169159 bend   4    5    3      val=   0.80467
        0.5237946946569 bend   2    5    3
       -0.5508685559292 bend   2    4    3
        0.4719588181210 bend   6    5    3
       -0.4457585393089 bend   6    4    3
   8 k -0.8896332681352 bend   4    5    3      val=   1.51158
        0.1976356370667 bend   2    5    3
        0.1872554446353 bend   2    4    3
        0.2771299669599 bend   6    5    3
        0.2400566246858 bend   6    4    3
   9 k -0.0123202862889 bend   4    5    3      val=   1.66096
        0.4726716579687 bend   2    5    3
       -0.4462709033718 bend   2    4    3
       -0.5389727039632 bend   6    5    3
        0.5355188320547 bend   6    4    3
  10 k  1.0000000000000 stre   6    8           val=   2.06955
  11 k  1.0000000000000 stre   6    7           val=   2.07085
  12 k  0.0635823648311 bend   7    8    6      val=   0.65330
       -0.5160013942338 bend   9    8    6
       -0.5001584679296 bend   9    7    6
        0.4676289908248 bend   3    8    6
        0.5107489382562 bend   3    7    6
  13 k  0.0271505114258 bend   7    8    6      val=   0.80467
        0.5237946846862 bend   9    8    6
       -0.5508685473680 bend   9    7    6
        0.4719588296102 bend   3    8    6
       -0.4457585497749 bend   3    7    6
  14 k -0.8896332702587 bend   7    8    6      val=   1.51158
        0.1976356470501 bend   9    8    6
        0.1872554598170 bend   9    7    6
        0.2771299523157 bend   3    8    6
        0.2400566136605 bend   3    7    6
  15 k -0.0123202855805 bend   7    8    6      val=   1.66096
        0.4726716671044 bend   9    8    6
       -0.4462709159660 bend   9    7    6
       -0.5389726930216 bend   3    8    6
        0.5355188245243 bend   3    7    6
  16 k  1.0000000000000 tors  10    9    6    3 val= 179.39609
  17 k  1.0000000000000 stre   9   10           val=   1.81954
  18 k  1.0000000000000 bend   6   10    9      val= 108.70211
  19 k  1.0000000000000 tors   2    3    6    9 val= 126.00000
  20 k  1.0000000000000 stre   3    2           val=   2.69843
  21 k  1.0000000000000 bend   6    2    3      val= 108.28129
  22 k  1.0000000000000 stre   6    9           val=   2.69843
  23 k  1.0000000000000 bend   3    9    6      val= 108.28129
  24 k  1.0000000000000 stre   3    6           val=   2.88455
  25 f  1.0000000000000 tors   2    3    6    9 val= 126.00000
        24 non zero eigenvalues  of BmBt
           1           3.907001402    1    0
         1
           2           3.876584583    2    0
         2
           3           3.764230218    3    0
         3
           4           2.995909293    4    0
         4
           5           2.972520120    5    0
         5
           6           2.458429712    6    0
         6
           7           2.124379199    7    0
         7
           8           1.706187362    8    0
         8
           9           1.251949407    9    0
         9
          10           1.202949372   10    0
        10
          11           1.051040113   11    0
        11
          12           0.856725307   12    0
        12
          13           0.768518089   13    0
        13
          14           0.741289456   14    0
        14
          15           0.546948366   15    0
        15
          16           0.463613703   16    0
        16
          17           0.353473675   17    0
        17
          18           0.342462463   18    0
        18
          19           0.282214508   20    0
        20
          20           0.254839615   21    0
        21
          21           0.108934095   22    0
        22
          22           0.075588636   23    0
        23
          23           0.066553400   24    0
        24
          24           0.000000000    0    1
         0.000000000         0.000000000         0.000000000         0.000000000
         0.000000000         0.000000000         0.000000000         0.000000000
         0.000000000         0.000000000         0.000000000         0.000000000
         0.000000000         0.000000000         0.000000000         0.000000000
         0.000000000         0.000000000         0.000000000         0.000000000
         0.000000000         0.000000000         0.000000000         0.000000000
         1.000000000
$end
