$energy      SCF               SCFKIN            SCFPOT
     1 -230.2222824842      229.3299886266     -459.5522711108
     2 -230.2228119657      229.2851323774     -459.5079443431
     3 -230.2228789566      229.2881232535     -459.5110022102
     4 -230.2229004472      229.2912470020     -459.5141474492
     5 -230.2229008199      229.2902047570     -459.5131055769
     6 -230.2229008513      229.2904277943     -459.5133286456
     7 -230.2229008506      229.2904240544     -459.5133249049
     8 -230.2229008524      229.2904637146     -459.5133645670
     9 -230.2229008536      229.2904427355     -459.5133435892
    10 -230.2229008536      229.2904424556     -459.5133433092
    11 -230.2229008537      229.2904384223     -459.5133392760
    12 -230.2229008537      229.2904272136     -459.5133280673
$end
