$grad          cartesian gradients
  cycle =      1    SCF energy =     -230.2222824842   |dE/dxyz| =  0.009882
    0.72759256325065     -0.58071756731614     -4.61444991581624      h
   -0.37954467583370     -0.55664542154476     -3.17277977789634      o
    0.90116399548556      0.61103578146833     -1.11265523755048      c
    1.43435360163410      2.56258677884031     -1.55905630796861      h
    2.61862273612057     -0.42808698384561     -0.60013154802871      h
   -0.90110262502615      0.61112831138782      1.11265297004148      c
   -1.43412909541862      2.56272865722881      1.55904278934871      h
   -2.61864487386490     -0.42785004921013      0.60012474474960      h
    0.37950043636047     -0.55664392137419      3.17279148149438      o
   -0.72782402461701     -0.58106312030085      4.61431148779642      h
  -.38290504314284D-03  0.96991757289012D-04  0.12233720488490D-02
  -.12342016908950D-02  -.63894826301722D-03  0.36513507947452D-02
  0.64303030943249D-03  -.41843470343910D-03  0.36453405647606D-02
  -.11317652062602D-02  0.77991178157790D-03  0.34820844957260D-02
  0.18211251968036D-02  0.18029810313583D-03  -.81907245203126D-03
  -.64387142170921D-03  -.41670288500934D-03  -.36455237719682D-02
  0.11317065878530D-02  0.78008363999562D-03  -.34814322832473D-02
  -.18206892176422D-02  0.18074059561829D-03  0.81869460482005D-03
  0.12350137819587D-02  -.63768817930324D-03  -.36509710881517D-02
  0.38255957754185D-03  0.95933206153413D-04  -.12238441871319D-02
  cycle =      2    SCF energy =     -230.2228119657   |dE/dxyz| =  0.003301
    0.74426247587021     -0.54022757971601     -4.66034339395728      h
   -0.36382228989737     -0.55717020131429     -3.21685055366484      o
    0.89456478688848      0.60424597317112     -1.13233683418174      c
    1.45058187867945      2.54579061755885     -1.59749926048708      h
    2.60198328143161     -0.44443466814106     -0.61736533694771      h
   -0.89451966830747      0.60430558861379      1.13232571738305      c
   -1.45036340884098      2.54588981240044      1.59753472230852      h
   -2.60203002834916     -0.44420513096471      0.61731725644026      h
    0.36374949757815     -0.55727457953213      3.21681917404156      o
   -0.74441848696196     -0.54044736674241      4.66024919523549      h
  -.15978667493935D-03  -.20739369685592D-03  -.41512906582857D-03
  0.71909660318739D-03  -.87565386138420D-03  0.54983489750519D-04
  -.47342168831633D-03  -.75645707607686D-04  -.58903070546758D-04
  -.32549835250230D-04  0.63487420680715D-03  0.12919836044422D-02
  0.46301616763172D-03  0.52424608131509D-03  -.10618857656633D-02
  0.47336450534061D-03  -.74817770164322D-04  0.58595146808523D-04
  0.32369101365462D-04  0.63498683953699D-03  -.12915839382076D-02
  -.46260581524958D-03  0.52442391362322D-03  0.10615716841627D-02
  -.71911870379550D-03  -.87511658936345D-03  -.54556961996841D-04
  0.15963581933817D-03  -.20785291870884D-03  0.41492613136032D-03
  cycle =      3    SCF energy =     -230.2228789566   |dE/dxyz| =  0.002344
    0.74150238918112     -0.53229092772330     -4.65886399715279      h
   -0.36582730518349     -0.55478388262869     -3.21516058740125      o
    0.89463144947161      0.60673777935330     -1.13270889452676      c
    1.46191101815298      2.54102610935224     -1.61122299573036      h
    2.59241732312432     -0.45247310916225     -0.60703969655616      h
   -0.89459689031237      0.60678393378648      1.13269460202657      c
   -1.46169444602465      2.54110845627363      1.61127966701396      h
   -2.59248145339984     -0.45224492236296      0.60697834423147      h
    0.36574373799384     -0.55493450843870      3.21510754978651      o
   -0.74161778491254     -0.53245646311615      4.65878669447903      h
  -.10666536564751D-03  -.86875409422702D-04  -.20047686444994D-03
  0.79367880481840D-03  -.70109934135697D-03  0.24218039746335D-03
  -.52746936023297D-03  0.19694386950608D-03  -.60260429905107D-03
  0.35258436453992D-04  0.31255793348799D-03  0.51139003723241D-03
  0.14269610372910D-03  0.27937909025583D-03  -.60792657759905D-03
  0.52755008944346D-03  0.19733997754929D-03  0.60262025350318D-03
  -.35362389554427D-04  0.31258277577293D-03  -.51118721925678D-03
  -.14250995785656D-03  0.27941126373970D-03  0.60766331009843D-03
  -.79375888083747D-03  -.70080889193084D-03  -.24205062849185D-03
  0.10658213205459D-03  -.87037253454784D-04  0.20039276990988D-03
  cycle =      4    SCF energy =     -230.2229004472   |dE/dxyz| =  0.001930
    0.73839230104635     -0.53335957642398     -4.65347752971453      h
   -0.37054566033849     -0.55151759901903     -3.21112676729994      o
    0.89464975538142      0.61118882906066     -1.13156544753678      c
    1.47091776384966      2.53913534414168     -1.62130221197402      h
    2.58394193048566     -0.45722249726111     -0.59487890671325      h
   -0.89462441367180      0.61122502770699      1.13154858024207      c
   -1.47070220684234      2.53920568487148      1.62137412830554      h
   -2.58402172338854     -0.45699464510846      0.59481051767655      h
    0.37045526529674     -0.55170262962225      3.21105617159509      o
   -0.73847497372769     -0.53348547301239      4.65341215158951      h
  -.34703041059694D-04  0.13161383200502D-04  0.11068936694790D-04
  0.44618123948309D-03  -.67936071618895D-03  0.37264237917591D-03
  -.55216337958125D-03  0.63622332819581D-03  -.59256524522371D-03
  0.17569290337965D-04  0.24975247526840D-04  0.65116793274815D-05
  0.28141965592688D-06  0.62669680050680D-05  -.10640334705101D-04
  0.55225607950630D-03  0.63619709803188D-03  0.59279181008899D-03
  -.17569871316592D-04  0.24949697812474D-04  -.65138048170362D-05
  -.29000723214709D-06  0.62371081665524D-05  0.10519760662910D-04
  -.44625514067316D-03  -.67931522789091D-03  -.37274801062854D-03
  0.34693208049091D-04  0.13212248758383D-04  -.11066001062228D-04
  cycle =      5    SCF energy =     -230.2229008199   |dE/dxyz| =  0.001826
    0.73969346434627     -0.53975623315555     -4.65147233304202      h
   -0.37214587065641     -0.55013207828915     -3.21116332693861      o
    0.89429186147954      0.61301216088706     -1.13154332553367      c
    1.47040636987958      2.54069332808620     -1.62192023081980      h
    2.58351966229571     -0.45559386973856     -0.59489408492020      h
   -0.89426585838973      0.61304981296986      1.13152638075235      c
   -1.47019017088457      2.54076599924992      1.62198889642775      h
   -2.58359903255863     -0.45536583138188      0.59482973165709      h
    0.37205759409618     -0.55031159127204      3.21109447920053      o
   -0.73977998151698     -0.53988923202227      4.65140449938683      h
  -.54351121729577D-05  -.60121885528965D-05  -.16492439924869D-04
  0.27802727014108D-03  -.74475048934934D-03  0.22922464293677D-03
  -.50098193195677D-03  0.75669975570160D-03  -.39547230398982D-03
  0.52553296441470D-05  -.27248478675338D-05  0.24406841614093D-04
  0.19173461213041D-04  -.20037251910034D-05  0.35784411972914D-04
  0.50103962302449D-03  0.75659473732973D-03  0.39551190481535D-03
  -.52377339318708D-05  -.27258179919987D-05  -.24423774791188D-04
  -.19181069138443D-04  -.19967315917138D-05  -.35786928742974D-04
  -.27810073470918D-03  -.74471566364237D-03  -.22924745708101D-03
  0.54405999461157D-05  -.60142446829019D-05  0.16496352427029D-04
  cycle =      7    SCF energy =     -230.2229008506   |dE/dxyz| =  0.001785
    0.72835229491297     -0.54389619774421     -4.65308302515476      h
   -0.38014909458279     -0.55398747613763     -3.21022351771350      o
    0.89141047893654      0.60922198678984     -1.13384624851222      c
    1.46603762529694      2.53693306414075     -1.62592925719995      h
    2.58209543650358     -0.45924904569854     -0.60183611087996      h
   -0.89141079161500      0.60922171433966      1.13384634707020      c
   -1.46603832951298      2.53693268575080      1.62592934676794      h
   -2.58209551008214     -0.45924975532224      0.60183638503020      h
    0.38014935983887     -0.55398735394876      3.21022342540428      o
   -0.72835200156753     -0.54389687922303      4.65308295221636      h
  -.38957188736388D-05  -.22068198264067D-05  -.41306649649176D-05
  0.30074032265714D-03  -.72963776902505D-03  0.23854196307793D-03
  -.47581976907781D-03  0.73173601177009D-03  -.39009028334200D-03
  0.30534662376757D-05  -.18700318354959D-05  0.57413266577675D-05
  0.27372746475034D-05  0.33034843557691D-05  0.61654066382543D-05
  0.47581138903357D-03  0.73171313164415D-03  0.39010895970519D-03
  -.30493587410859D-05  -.18660829091881D-05  -.57460590421868D-05
  -.27373972909940D-05  0.33037930956490D-05  -.61604698927518D-05
  -.30073796534641D-03  -.72962412162237D-03  -.23855666837911D-03
  0.38977409036273D-05  -.22080239890186D-05  0.41264842612019D-05
  cycle =      8    SCF energy =     -230.2229008524   |dE/dxyz| =  0.001779
    0.72840035234422     -0.54391604881003     -4.65303905065629      h
   -0.38015728497950     -0.55398359604194     -3.21022466779498      o
    0.89140615145666      0.60923006606887     -1.13383935895951      c
    1.46600221495318      2.53694558997107     -1.62596606839305      h
    2.58209304372148     -0.45925358460466     -0.60188195782008      h
   -0.89140640255129      0.60922972894851      1.13383942315627      c
   -1.46600294337732      2.53694508309099      1.62596625538476      h
   -2.58209302528380     -0.45925432538051      0.60188201621540      h
    0.38015741599413     -0.55398374105693      3.21022459603850      o
   -0.72840005414929     -0.54391642923874      4.65303910985757      h
  -.24672092497673D-05  -.13331068314769D-05  -.17927706851368D-05
  0.29946411316075D-03  -.72987545947596D-03  0.23705603713465D-03
  -.47343447697564D-03  0.73042085092117D-03  -.38151637348363D-03
  0.19876670202019D-05  0.49387987149599D-07  0.27886410342940D-05
  0.15632362054421D-05  0.20627105227225D-05  0.31592317953237D-05
  0.47343573427284D-03  0.73041018170788D-03  0.38152197476525D-03
  -.19871366414585D-05  0.51701312340197D-07  -.27915787568225D-05
  -.15631912828036D-05  0.20643013712337D-05  -.31574729366489D-05
  -.29946799161392D-03  -.72987729510747D-03  -.23706087372680D-03
  0.24692453108041D-05  -.13307453901613D-05  0.17931830006031D-05
  cycle =     10    SCF energy =     -230.2229008536   |dE/dxyz| =  0.001771
    0.72844952496367     -0.54385613149402     -4.65301703193745      h
   -0.38015400869968     -0.55399550369722     -3.21023877309883      o
    0.89140788335290      0.60923015208484     -1.13382321540463      c
    1.46596584251878      2.53694621941110     -1.62600295323821      h
    2.58209043010204     -0.45927487666991     -0.60192296617778      h
   -0.89140776998455      0.60923033542651      1.13382319789459      c
   -1.46596538548064      2.53694651039810      1.62600290174170      h
   -2.58209050472821     -0.45927441363439      0.60192299782082      h
    0.38015392751356     -0.55399549267351      3.21023880248798      o
   -0.72844996963455     -0.54385685992041      4.65301679395284      h
  -.89743309001975D-06  0.37292188038379D-06  0.35582762494354D-06
  0.29605932580684D-03  -.73262261043420D-03  0.23314702614209D-03
  -.46791590989818D-03  0.73187908649923D-03  -.36843937496628D-03
  0.18600389515592D-06  0.12777781582170D-05  -.41542921832792D-06
  -.10874628180916D-06  0.41210166746044D-06  -.21565604126220D-06
  0.46791668467233D-03  0.73188949997259D-03  0.36843130021974D-03
  -.18199918369878D-06  0.12768029802379D-05  0.41592657309325D-06
  0.10660271162692D-06  0.41473781719511D-06  0.21682904424531D-06
  -.29606124957073D-03  -.73262784439251D-03  -.23314384279498D-03
  0.89671773150476D-06  0.37120282555801D-06  -.35260449644076D-06
  cycle =     11    SCF energy =     -230.2229008537   |dE/dxyz| =  0.001772
    0.72845983687768     -0.54389229933113     -4.65300992214544      h
   -0.38016267576677     -0.55398720387396     -3.21024444453043      o
    0.89140498662462      0.60924072375861     -1.13382553633672      c
    1.46596278580379      2.53695426269309     -1.62600444912655      h
    2.58208811360756     -0.45926563462074     -0.60192823553720      h
   -0.89140487023927      0.60924090713997      1.13382553172771      c
   -1.46596232636378      2.53695456338683      1.62600440014478      h
   -2.58208818144822     -0.45926517087529      0.60192827714544      h
    0.38016260781236     -0.55398716053118      3.21024447828414      o
   -0.72846030698465     -0.54389304851510      4.65300965441530      h
  -.42798539854211D-06  0.40849869300725D-07  -.17275883335853D-06
  0.29478062799967D-03  -.73316178657062D-03  0.23194731730686D-03
  -.46763692214636D-03  0.73342643255354D-03  -.36797360270327D-03
  0.12236689704939D-06  0.64875038018007D-06  0.22802436962618D-08
  0.11897327951987D-06  0.36615518102941D-06  -.53706387113342D-07
  0.46763447539952D-03  0.73342637501578D-03  0.36796919015091D-03
  -.12077310898094D-06  0.64912663276556D-06  -.13939587857781D-08
  -.11853465606951D-06  0.36721044645913D-06  0.55134417391555D-07
  -.29477931088131D-03  -.73315847903417D-03  -.23194609270677D-03
  0.42708554938811D-06  0.37742591184478D-07  0.17363315073218D-06
$end
