$hessapprox internal
  0.161170539219D-01  0.169080081028D-02  0.618457679040D+00  0.394253136818D-02
  0.610689092304D-02  0.369384792862D+00  0.112361971217D-02  0.964430626310D-03
  0.167889599076D-02  0.425143777909D+00  0.428660549763D-03  0.348627100692D-02
 -0.817217459681D-02 -0.100782305754D-03  0.414516135560D+00 -0.269681680590D-02
 -0.302209321415D-02 -0.203052215130D-02 -0.126438806726D-02  0.227296030674D-02
  0.347311607256D+00 -0.151644887658D-03  0.665422606530D-03 -0.247496509661D-02
 -0.154957948045D-03 -0.227082514248D-02  0.873609651844D-03  0.345203492253D+00
  0.172392350371D-02  0.230328673993D-02  0.248302363415D-03  0.770964869422D-03
 -0.251950156753D-02 -0.121217634379D-02 -0.821890957819D-03  0.321031194192D+00
 -0.822744104329D-03 -0.985940273129D-03 -0.438712574310D-03 -0.379318232159D-03
  0.877090652893D-03  0.678627480024D-03  0.311885397115D-03 -0.312099585115D-03
  0.344016281137D+00  0.111070305401D-02  0.951115096184D-03  0.166589499209D-02
  0.550216636032D-03 -0.932238863609D-04 -0.125182257058D-02 -0.151595792161D-03
  0.764113228066D-03 -0.375688084367D-03  0.425131500107D+00  0.436543002603D-03
  0.348864697976D-02 -0.814799103112D-02 -0.964384315697D-04 -0.898051339725D-02
  0.226021162378D-02 -0.226879875556D-02 -0.251013229234D-02  0.872991244987D-03
 -0.889372668882D-04  0.414539949482D+00 -0.268855642504D-02 -0.300374243170D-02
 -0.205000320104D-02 -0.126142816956D-02  0.223988559493D-02  0.241032801229D-02
  0.864483727956D-03 -0.121666885912D-02  0.679528731937D-03 -0.124887225128D-02
  0.222720582565D-02  0.347312813897D+00 -0.108208974681D-03  0.711842384264D-03
 -0.243588752417D-02 -0.134366862779D-03 -0.230095884533D-02  0.832805949148D-03
 -0.555831732567D-03 -0.800332417254D-03  0.300216219295D-03 -0.131214260445D-03
 -0.229873452926D-02  0.823694218871D-03  0.345179233442D+00  0.171841609427D-02
  0.229685424024D-02  0.244892735109D-03  0.768408932773D-03 -0.251411085427D-02
 -0.120748578734D-02 -0.819921897145D-03  0.437499236764D-03 -0.310799161768D-03
  0.761582123413D-03 -0.250476847080D-02 -0.121197410520D-02 -0.798443508078D-03
  0.321026723381D+00 -0.826300728018D-03 -0.995196974029D-03 -0.426493950699D-03
 -0.380456580565D-03  0.895223637026D-03  0.677147944097D-03  0.316776100662D-03
 -0.308942214246D-03  0.185244906362D-03 -0.376826617801D-03  0.891090105949D-03
  0.678107875903D-03  0.305117325113D-03 -0.307646365335D-03  0.344014583086D+00
  0.226560984621D-02  0.174096167139D-02  0.396082052607D-02  0.114232016970D-02
  0.381595414924D-03 -0.272940575463D-02 -0.167996616130D-03  0.173829998673D-02
 -0.831574637454D-03  0.112922727810D-02  0.389685352987D-03 -0.272120361602D-02
 -0.123996617212D-03  0.173273055767D-02 -0.835082624188D-03  0.161991292351D-01
  0.169458918803D-02  0.195322661352D-03  0.609058489762D-02  0.965526239906D-03
  0.346361246711D-02 -0.301948825397D-02  0.659387223778D-03  0.229887284182D-02
 -0.984672225451D-03  0.952214609069D-03  0.346602861107D-02 -0.300121274902D-02
  0.705781733799D-03  0.229244759204D-02 -0.993886483425D-03  0.174467800141D-02
  0.618479667743D+00  0.394806959376D-02  0.612869311632D-02 -0.184421183757D-02
  0.167992690699D-02 -0.822162445696D-02 -0.202169030242D-02 -0.248782072721D-02
  0.236719733341D-03 -0.434995813173D-03  0.166694968287D-02 -0.819736349426D-02
 -0.204134376274D-02 -0.244884935763D-02  0.233332310162D-03 -0.422681289422D-03
  0.396615460585D-02  0.611226632713D-02  0.369304711421D+00 -0.135915953409D-03
 -0.835852300467D-02  0.230890583448D-01  0.760083130434D-03  0.236777655507D-01
 -0.712945491465D-02  0.586435243969D-02  0.734323045314D-02 -0.265476393453D-02
  0.734629047539D-03  0.236501743902D-01 -0.703941105173D-02  0.596226819849D-02
  0.732671463169D-02 -0.270370003647D-02  0.507240397014D-05 -0.829766365277D-02
  0.232206704997D-01  0.424884565437D+00  0.302337411091D-02  0.264666949231D-02
  0.437156320919D-02  0.149191733868D-02 -0.419436686137D-03 -0.335652397591D-02
 -0.453573175436D-03  0.202788265560D-02 -0.100372994764D-02  0.147547349276D-02
 -0.407578870459D-03 -0.334912598479D-02 -0.398796830362D-03  0.202111068504D-02
 -0.100648552136D-02  0.307279485562D-02  0.264923541462D-02  0.437351185291D-02
  0.243243841174D-02  0.382749457122D+00 -0.140568642704D-03 -0.834397471338D-02
  0.230297057773D-01  0.755917854939D-03  0.236249421670D-01 -0.710783603903D-02
  0.585184316091D-02  0.732330808890D-02 -0.264711757617D-02  0.730548274169D-03
  0.235973939094D-01 -0.701800781061D-02  0.594944777043D-02  0.730684070246D-02
 -0.269593856256D-02  0.200077114737D-07 -0.828325711230D-02  0.231610172935D-01
 -0.617706208167D-01  0.242038239386D-02  0.425156095598D+00  0.300532384754D-02
  0.262704136338D-02  0.435627899981D-02  0.148339441050D-02 -0.405944092120D-03
 -0.333986610952D-02 -0.448150988514D-03  0.201922864161D-02 -0.998991411934D-03
  0.146703657269D-02 -0.394169637644D-03 -0.333247031054D-02 -0.393655050269D-03
  0.201248928910D-02 -0.100175332029D-02  0.305451605301D-02  0.262962028642D-02
  0.435827717805D-02  0.238921427143D-02  0.397534431618D-02  0.237729310651D-02
  0.382704257886D+00  0.243718893265D-02  0.300779489236D-02  0.105322088456D-02
  0.111489109929D-02 -0.284849138856D-02 -0.193325006692D-02 -0.985717925847D-03
  0.845866209771D-03 -0.522645344612D-03  0.110441475453D-02 -0.283606156467D-02
 -0.193687600790D-02 -0.952212698833D-03  0.842191966484D-03 -0.519661046208D-03
  0.246183216726D-02  0.300339347685D-02  0.104081744493D-02  0.851794333578D-02
  0.294568061324D-02  0.849386048291D-02  0.293211188927D-02  0.379949659962D+00
  0.000000000000D+00  0.000000000000D+00  0.000000000000D+00  0.000000000000D+00
  0.000000000000D+00  0.000000000000D+00  0.000000000000D+00  0.000000000000D+00
  0.000000000000D+00  0.000000000000D+00  0.000000000000D+00  0.000000000000D+00
  0.000000000000D+00  0.000000000000D+00  0.000000000000D+00  0.000000000000D+00
  0.000000000000D+00  0.000000000000D+00  0.000000000000D+00  0.000000000000D+00
  0.000000000000D+00  0.000000000000D+00  0.000000000000D+00  0.000000000000D+00
$end
