$coord
    0.29352843584798     -1.06050615942552     -4.22903506603364  h
   -0.27528078998534     -1.10749203096435     -2.49898148656584  o
    0.43884079924434      1.20672489974859     -1.35803276211866  c
   -0.39967780735504      2.84436019194388     -2.31174727640172  h
    2.50050261547875      1.41563299532805     -1.39996970015560  h
   -0.43884143555555      1.20672536037396      1.35803188749671  c
    0.39967299746263      2.84436321247087      2.31174598806126  h
   -2.50050367163744      1.41562910749857      1.39996636756325  h
    0.27528442546315     -1.10748879689753      2.49898304849673  o
   -0.29358238725483     -1.06052919393590      4.22901833609966  h
$intdef
# definitions of internal coordinates
   1 f  1.0000000000000 tors    2    3    6    9 val=  48.00000
$user-defined bonds
$redundant
     number_of_atoms            10
     degrees_of_freedom         24
     internal_coordinates       25
     frozen_coordinates          1
# definitions of redundant internals
   1 k  1.0000000000000 tors   1    2    3    6 val= 179.64949
   2 k  1.0000000000000 stre   2    1           val=   1.82177
   3 k  1.0000000000000 bend   3    1    2      val= 107.40594
   4 k  1.0000000000000 stre   3    4           val=   2.07233
   5 k  1.0000000000000 stre   3    5           val=   2.07264
   6 k  0.0902284016769 bend   5    4    3      val=   1.15427
       -0.5250569949648 bend   2    4    3
       -0.4920359055037 bend   2    5    3
        0.4796892251444 bend   6    4    3
        0.4939361320503 bend   6    5    3
   7 k  0.0071820636085 bend   5    4    3      val=   0.23388
       -0.5308762793203 bend   2    4    3
        0.5582089520208 bend   2    5    3
       -0.4621516407765 bend   6    4    3
        0.4392464238088 bend   6    5    3
   8 k -0.8891293736026 bend   5    4    3      val=   1.14930
        0.1692589653907 bend   2    4    3
        0.1890801154690 bend   2    5    3
        0.2727613628817 bend   6    4    3
        0.2658012574935 bend   6    5    3
   9 k -0.0086097575139 bend   5    4    3      val=   1.26500
        0.4514289616114 bend   2    4    3
       -0.4499065557492 bend   2    5    3
       -0.5358705474880 bend   6    4    3
        0.5536827721023 bend   6    5    3
  10 k  1.0000000000000 stre   6    7           val=   2.07233
  11 k  1.0000000000000 stre   6    8           val=   2.07264
  12 k  0.0902288182824 bend   8    7    6      val=   1.15428
       -0.5250566756091 bend   9    7    6
       -0.4920362665601 bend   9    8    6
        0.4796899366856 bend   3    7    6
        0.4939353447384 bend   3    8    6
  13 k  0.0071828748812 bend   8    7    6      val=   0.23391
       -0.5308769090974 bend   9    7    6
        0.5582086539684 bend   9    8    6
       -0.4621509526948 bend   3    7    6
        0.4392467521266 bend   3    8    6
  14 k -0.8891293830116 bend   8    7    6      val=   1.14928
        0.1692586429526 bend   9    7    6
        0.1890799571020 bend   9    8    6
        0.2727609238669 bend   3    7    6
        0.2658019945089 bend   3    8    6
  15 k -0.0086092832643 bend   8    7    6      val=   1.26495
        0.4514283302364 bend   9    7    6
       -0.4499068062656 bend   9    8    6
       -0.5358706944264 bend   3    7    6
        0.5536829484755 bend   3    8    6
  16 k  1.0000000000000 tors  10    9    6    3 val= 179.65167
  17 k  1.0000000000000 stre   9   10           val=   1.82177
  18 k  1.0000000000000 bend   6   10    9      val= 107.40595
  19 k  1.0000000000000 tors   2    3    6    9 val=  48.00000
  20 k  1.0000000000000 stre   3    2           val=   2.67719
  21 k  1.0000000000000 bend   6    2    3      val= 108.87511
  22 k  1.0000000000000 stre   6    9           val=   2.67719
  23 k  1.0000000000000 bend   3    9    6      val= 108.87512
  24 k  1.0000000000000 stre   3    6           val=   2.85435
  25 f  1.0000000000000 tors   2    3    6    9 val=  48.00000
        24 non zero eigenvalues  of BmBt
           1           4.497367345    1    0
         1
           2           3.800472861    2    0
         2
           3           3.763977267    3    0
         3
           4           3.079035258    4    0
         4
           5           2.715282429    5    0
         5
           6           2.456620721    6    0
         6
           7           2.102477862    7    0
         7
           8           1.722503519    8    0
         8
           9           1.233585106    9    0
         9
          10           1.229775024   10    0
        10
          11           1.044855820   11    0
        11
          12           0.841645313   12    0
        12
          13           0.773203366   13    0
        13
          14           0.731002380   14    0
        14
          15           0.645888791   15    0
        15
          16           0.412816875   16    0
        16
          17           0.344985197   17    0
        17
          18           0.322422520   18    0
        18
          19           0.277658780   20    0
        20
          20           0.247317689   21    0
        21
          21           0.147270145   22    0
        22
          22           0.068174172   23    0
        23
          23           0.059745840   24    0
        24
          24           0.000000000    0    1
         0.000000000         0.000000000         0.000000000         0.000000000
         0.000000000         0.000000000         0.000000000         0.000000000
         0.000000000         0.000000000         0.000000000         0.000000000
         0.000000000         0.000000000         0.000000000         0.000000000
         0.000000000         0.000000000         0.000000000         0.000000000
         0.000000000         0.000000000         0.000000000         0.000000000
         1.000000000
$end
