$energy      SCF               SCFKIN            SCFPOT            MP2
     1 -229.0238706656      228.757714     -457.781585     -.8134680624666
     2 -229.0247502688      228.779412     -457.804162     -.8131001341037
     3 -229.0248467608      228.793488     -457.818334     -.8130907270094
     4 -229.0247710706      228.789384     -457.814155     -.8131740707852
     5 -229.0247459290      228.787965     -457.812711     -.8131998882419
     6 -229.0247485002      228.788093     -457.812842     -.8131973092446
     7 -229.0247485004      228.788093     -457.812842     -.8131973065081
     8 -229.0247489150      228.788086     -457.812835     -.8131969199537
     9 -229.0247494919      228.788087     -457.812836     -.8131962921944
    10 -229.0247494919      228.788087     -457.812837     -.8131963167097
    11 -229.0247495955      228.788092     -457.812842     -.8131962116915
    12 -229.0247496235      228.788095     -457.812845     -.8131961890457
$end
