$grad          cartesian gradients
  cycle =      1 MP2 energy =     -229.8373387281 |dE/dxyz| =  0.012530
    0.27095813969751     -1.16784623874710     -4.17378380507953      h
   -0.28475441314483     -1.12015471420420     -2.44357656353662      o
    0.45476026480078      1.22962728083309     -1.35764869275340      c
   -0.39475894082759      2.83018934350184     -2.36196875947896      h
    2.51286233903483      1.46500273245535     -1.38824374597524      h
   -0.45476661798037      1.22963510304030      1.35763370579108      c
    0.39470879334058      2.83020886681968      2.36194207266337      h
   -2.51288767689565      1.46498003029714      1.38819599603465      h
    0.28482640953416     -1.12009740851559      2.44361241214276      o
   -0.27194973971778     -1.16826086686833      4.17346780805638      h
  -.15460566824593D-02  -.23372325968277D-02  0.16279355461495D-02
  0.24400070474484D-02  -.46568389605284D-02  -.16635998652212D-02
  -.12756751970664D-02  0.52133354532264D-02  -.87061200168126D-03
  -.16347411375484D-03  -.64628020577739D-03  -.11370961715078D-02
  0.77083256700305D-04  0.24275601191430D-02  0.61156087575381D-03
  0.12812874340835D-02  0.52152303361757D-02  0.87258899632614D-03
  0.16199558561025D-03  -.65148534391257D-03  0.11346997757682D-02
  -.82526137343830D-04  0.24299351501162D-02  -.61190415924467D-03
  -.24378151133884D-02  -.46577979360265D-02  0.16622137828541D-02
  0.15451739200647D-02  -.23364260543796D-02  -.16257867787650D-02
  cycle =      2 MP2 energy =     -229.8378504029 |dE/dxyz| =  0.012163
    0.27742947712782     -1.10176271004202     -4.21921296320917      h
   -0.27599784651745     -1.11701928870933     -2.48436508586720      o
    0.44453786866086      1.20652851244692     -1.35941424654751      c
   -0.39232670820374      2.82686527406435     -2.34182983743650      h
    2.50389255984469      1.42220943214970     -1.39545321249443      h
   -0.44458890885777      1.20652770680300      1.35939069825335      c
    0.39227375302874      2.82684763250208      2.34183387966213      h
   -2.50394455423423      1.42221965960913      1.39539725247264      h
    0.27594487793496     -1.11702107052924      2.48433491871213      o
   -0.27822196094223     -1.10211101968240      4.21894902431904      h
  -.55216780804690D-03  -.11451099604675D-02  0.26705699946561D-04
  0.43541158983604D-02  -.17631178369735D-02  0.37900859028728D-03
  -.58736107577664D-02  0.29452951281614D-02  -.20964472207088D-02
  0.18961481684077D-03  -.71965888048009D-03  -.11241721762318D-02
  -.52246563370639D-03  0.68208869701092D-03  0.14730041054217D-03
  0.58739373431802D-02  0.29463276308350D-02  0.20969918374152D-02
  -.18970895206749D-03  -.72087459877324D-03  0.11244237260482D-02
  0.52158983635309D-03  0.68291978842761D-03  -.14788604903276D-03
  -.43525380414637D-02  -.17627088813574D-02  -.37899310590639D-03
  0.55123329867801D-03  -.11451611296369D-02  -.26931712390876D-04
  cycle =      3 MP2 energy =     -229.8379374878 |dE/dxyz| =  0.014609
    0.28535043924966     -1.07436813098288     -4.22813521735186      h
   -0.27613665135881     -1.11727719169036     -2.49559601746667      o
    0.43874770733278      1.19628396427085     -1.35781145113907      c
   -0.39532720292198      2.83009486122387     -2.32079083259812      h
    2.50048031572174      1.40209581751371     -1.39795506954649      h
   -0.43884391961939      1.19626963724530      1.35777826324343      c
    0.39527752651723      2.83002661315791      2.32081537178385      h
   -2.50056770032908      1.40214807203650      1.39789673091997      h
    0.27595577266867     -1.11734215560977      2.49550854264719      o
   -0.28593772941918     -1.07464735855294      4.22792010737225      h
  -.77983885384603D-04  -.19816506659298D-03  -.10625858633428D-03
  0.50579724839803D-02  -.13316858992614D-02  0.16882878592064D-02
  -.82215416191165D-02  0.19513286728285D-02  -.21701192453065D-02
  0.14284069678361D-03  -.33385403330755D-03  -.43451841559961D-03
  -.16425206378745D-03  -.88108427559241D-04  0.17512222721838D-04
  0.82205710173791D-02  0.19514976307020D-02  0.21701090687642D-02
  -.14260588476955D-03  -.33353706182337D-03  0.43539291613626D-03
  0.16495429420527D-03  -.88136601086530D-04  -.18187572353057D-04
  -.50574888744039D-02  -.13308579908173D-02  -.16880446397014D-02
  0.77533834844101D-04  -.19848123386701D-03  0.10582639215162D-03
  cycle =      4 MP2 energy =     -229.8379451414 |dE/dxyz| =  0.014555
    0.28984790726860     -1.07251226406160     -4.22916326478607      h
   -0.27678923967962     -1.11917704640551     -2.49843482572575      o
    0.43791917215985      1.19465742668533     -1.35798294896510      c
   -0.39876567193628      2.83194012998889     -2.31359907811657      h
    2.50005175239743      1.40192704470385     -1.40000111992351      h
   -0.43804173829112      1.19463391444235      1.35794386573771      c
    0.39872044154413      2.83183806078375      2.31362935323479      h
   -2.50016333639727      1.40200638441537      1.39994839015150      h
    0.27654140569265     -1.11927707653229      2.49831631930921      o
   -0.29032213491672     -1.07275244540797      4.22897373694826      h
  -.19666006744745D-04  -.34102049929707D-04  -.24205511399700D-05
  0.48764087548765D-02  -.20436255061647D-02  0.15432623185827D-02
  -.80954059419529D-02  0.21799507987943D-02  -.22964669558903D-02
  0.63867089881819D-04  -.65820769191927D-04  -.11040390763450D-03
  0.67084647808802D-04  -.36587669543731D-04  0.16453989614196D-04
  0.80952784314359D-02  0.21798302484717D-02  0.22965234058088D-02
  -.63820540647574D-04  -.65763725094037D-04  0.11085957542267D-03
  -.66860861013929D-04  -.36632003753034D-04  -.16948862178012D-04
  -.48763422915004D-02  -.20428671155415D-02  -.15430937334910D-02
  0.19456717983757D-04  -.34382220852947D-04  0.22347213528562D-05
  cycle =      5 MP2 energy =     -229.8379458172 |dE/dxyz| =  0.014235
    0.29154160320710     -1.07289351162412     -4.22905321156713      h
   -0.27677784334688     -1.11983220314557     -2.49885489991358      o
    0.43803364266526      1.19440568609209     -1.35819096631106      c
   -0.40037961171753      2.83217789477679     -2.31170244998646      h
    2.49985693956785      1.40298022251649     -1.40102308231091      h
   -0.43817266817324      1.19437680191673      1.35814846929288      c
    0.40033757271132      2.83205582286703      2.31173511618255      h
   -2.49998331750094      1.40307622821054      1.40097656357256      h
    0.27649193754363     -1.11995250134050      2.49871723370349      o
   -0.29194969711494     -1.07311031165731      4.22887765520212      h
  -.54856859377228D-06  0.25271698029794D-05  0.98906659085074D-05
  0.47662526664349D-02  -.22590490435430D-02  0.15202787689281D-02
  -.77607929623191D-02  0.22523765650941D-02  -.24239316556880D-02
  0.20055676867692D-04  -.98559788330732D-07  -.58764687174140D-05
  0.41838872429256D-04  0.42251972072194D-05  0.22577419377945D-05
  0.77609773295044D-02  0.22520292547075D-02  0.24240606078707D-02
  -.20071994678794D-04  -.20028559877261D-06  0.60688641918549D-05
  -.41851981419150D-04  0.42259391987987D-05  -.25582926607148D-05
  -.47663183775151D-02  -.22583987714544D-02  -.15202127769776D-02
  0.45933933889852D-06  0.23625217543399D-05  -.99774557593690D-05
  cycle =      6 MP2 energy =     -229.8379458094 |dE/dxyz| =  0.014120
    0.29161670668237     -1.07282953465495     -4.22916744984777      h
   -0.27656029375366     -1.11985127161712     -2.49890083066473      o
    0.43816586889744      1.19433882152718     -1.35824282083948      c
   -0.40064209502574      2.83201271990836     -2.31162456433632      h
    2.49981229024592      1.40316831852752     -1.40112496327025      h
   -0.43831302426415      1.19430748839414      1.35819872155015      c
    0.40060170051298      2.83188174120205      2.31165801997613      h
   -2.49994560148247      1.40327228174466      1.40108257129590      h
    0.27625650070432     -1.11998121188847      2.49875362292385      o
   -0.29199349467539     -1.07303522453121      4.22899812107698      h
  0.27032200079491D-05  0.43716275669459D-05  -.13668633815911D-05
  0.47592185851775D-02  -.22357042654670D-02  0.15413531564610D-02
  -.76554775721298D-02  0.22305501254491D-02  -.24665199216254D-02
  0.48878532639129D-05  -.11403276731770D-05  -.24156597364655D-05
  -.24355079264460D-05  0.19627006582201D-05  -.32265070304960D-05
  0.76556441250113D-02  0.22300444407994D-02  0.24666720530164D-02
  -.48891985859889D-05  -.11959205257206D-05  0.25311396429917D-05
  0.24373813127809D-05  0.19742594554728D-05  0.30481351784295D-05
  -.47594014349528D-02  -.22351800658935D-02  -.15414201666859D-02
  -.26874509777564D-05  0.43174133045332D-05  0.13446338238410D-05
  cycle =      7 MP2 energy =     -229.8379458069 |dE/dxyz| =  0.014120
    0.29363056563238     -1.06049949467195     -4.22896490224193      h
   -0.27530614499580     -1.10750136488501     -2.49894739813204      o
    0.43883698666142      1.20673996543415     -1.35802819735002      c
   -0.39960868343131      2.84436258200090     -2.31181662809599      h
    2.50049476740050      1.41564066690138     -1.40000790268905      h
   -0.43883720227511      1.20674036607180      1.35802738426722      c
    0.39960054277306      2.84436590308352      2.31181810076001      h
   -2.50049576474246      1.41563395557461      1.39999919560083      h
    0.27531135938803     -1.10749710107463      2.49894984212627      o
   -0.29370162583117     -1.06053125011275      4.22894303224655      h
  0.31215815056163D-05  0.42168787177665D-05  -.11661238721317D-05
  0.47581004957236D-02  -.22353939981006D-02  0.15434489573538D-02
  -.76548547884954D-02  0.22304636093260D-02  -.24699528677545D-02
  0.51084388177358D-05  -.11809315623168D-05  -.23856558710733D-05
  -.21769013560657D-05  0.18109689950974D-05  -.32471273914703D-05
  0.76548243786341D-02  0.22305919243051D-02  0.24699861598450D-02
  -.51157069489438D-05  -.12381679836970D-05  0.25056841566062D-05
  0.21818381372718D-05  0.18207214484978D-05  0.30572874927803D-05
  -.47580003502223D-02  -.22352179870664D-02  -.15433631205983D-02
  -.31889857660117D-05  0.41269684618594D-05  0.11168082520996D-05
  cycle =      8 MP2 energy =     -229.8379458350 |dE/dxyz| =  0.014121
    0.29357371198146     -1.06047289721249     -4.22901933086242      h
   -0.27526582603837     -1.10750237309559     -2.49897433821909      o
    0.43885337185100      1.20672767521046     -1.35802374725199      c
   -0.39961318426859      2.84435692583034     -2.31179215023140      h
    2.50051623547119      1.41563344627339     -1.39995541986155      h
   -0.43885682031661      1.20672711458006      1.35802226355752      c
    0.39960568408631      2.84435666277162      2.31179400875026      h
   -2.50052002437630      1.41562991505036      1.39994825220137      h
    0.27526356449667     -1.10750210709951      2.49897289939133      o
   -0.29363191230722     -1.06050013398662      4.22900008901782      h
  0.99233962613798D-06  0.24864508785249D-05  -.40234106446491D-06
  0.47605907097124D-02  -.22333808536974D-02  0.15400844812348D-02
  -.76551574057930D-02  0.22297652838761D-02  -.24696011626077D-02
  0.25152969083120D-05  -.23050796116308D-06  -.20021568380990D-05
  -.33476885841210D-06  0.12996670665233D-05  -.14415811191437D-05
  0.76551764922155D-02  0.22298607552838D-02  0.24696428518935D-02
  -.25136485213295D-05  -.26070545011692D-06  0.20935418940660D-05
  0.33979942859474D-06  0.13081110994406D-05  0.13113902295747D-05
  -.47606577978558D-02  -.22333086146054D-02  -.15400782953163D-02
  -.95101707231482D-06  0.24603998401984D-05  0.39327192968841D-06
  cycle =      9 MP2 energy =     -229.8379457841 |dE/dxyz| =  0.014119
    0.29359061308350     -1.06051152042224     -4.22902212916502      h
   -0.27525946389810     -1.10748695057364     -2.49898247454281      o
    0.43885311427330      1.20673335478067     -1.35802630002019      c
   -0.39965868424641      2.84436587298174     -2.31175482756099      h
    2.50051810458969      1.41564235191582     -1.39994243376029      h
   -0.43885666587066      1.20673251209276      1.35802461539295      c
    0.39965170959503      2.84436600876857      2.31175461838965      h
   -2.50052197489132      1.41563838186695      1.39993801149597      h
    0.27525850414818     -1.10748655582335      2.49898123083182      o
   -0.29365045620367     -1.06053922726526      4.22900221543074      h
  0.26586519752403D-06  -.40531938882982D-06  0.60396363732451D-06
  0.47622274830315D-02  -.22290467701174D-02  0.15380693645151D-02
  -.76539016506947D-02  0.22291906800262D-02  -.24712399316233D-02
  -.52348946266711D-06  0.98505557932782D-07  -.43337061139681D-06
  0.80091149401440D-06  0.18033289894692D-06  0.55793404396542D-07
  0.76539057502010D-02  0.22291684145275D-02  0.24712142734624D-02
  0.51996657313147D-06  0.78480256515689D-07  0.41165021302803D-06
  -.81056542544644D-06  0.18557594883006D-06  -.61024009123667D-07
  -.47621226022563D-02  -.22290047884646D-02  -.15379991490967D-02
  -.36166855377218D-06  -.44512337782354D-06  -.62157231806026D-06
  cycle =     10 MP2 energy =     -229.8379458086 |dE/dxyz| =  0.014119
    0.29353992063003     -1.06051721092902     -4.22902418912950      h
   -0.27528838839332     -1.10749189666488     -2.49897735697759      o
    0.43883767623600      1.20672930341086     -1.35803143839287      c
   -0.39968671980309      2.84436098415819     -2.31175032812475      h
    2.50050206196680      1.41563904164228     -1.39997360726106      h
   -0.43883795695375      1.20672963509688      1.35803051159695      c
    0.39968180233519      2.84436396893061      2.31174906846149      h
   -2.50050281625280      1.41563476429930      1.39996971214476      h
    0.27529241468841     -1.10748853837379      2.49897942655659      o
   -0.29359481274484     -1.06054046542979      4.22900753756812      h
  -.40735840256545D-07  -.61221251956844D-07  0.38605867480612D-06
  0.47622045369269D-02  -.22296538433544D-02  0.15383773515758D-02
  -.76540395408746D-02  0.22295202509124D-02  -.24709647854806D-02
  -.49476759667044D-06  0.79653282636372D-07  -.53139527000923D-06
  0.88288120769775D-06  0.12191642206894D-06  -.96618208156318D-07
  0.76540408294510D-02  0.22295035680582D-02  0.24709171719168D-02
  0.47754554999280D-06  0.64170819769060D-07  0.50466942624894D-06
  -.89352656784669D-06  0.12029539853131D-06  0.78106893453000D-07
  -.47620910783821D-02  -.22296048376349D-02  -.15382674669135D-02
  -.46144014609339D-07  -.89964721450286D-07  -.40309304427666D-06
  cycle =     11 MP2 energy =     -229.8379458072 |dE/dxyz| =  0.014120
    0.29352034677382     -1.06049663185934     -4.22904251393686      h
   -0.27527760113666     -1.10749330780340     -2.49898571595860      o
    0.43884271009712      1.20672259220682     -1.35803135631172      c
   -0.39967178619301      2.84435849875604     -2.31174922827482      h
    2.50050542064692      1.41562888059055     -1.39996235480892      h
   -0.43884605225308      1.20672241317484      1.35803005434621      c
    0.39966719001490      2.84435815890686      2.31174961168167      h
   -2.50050881717798      1.41562801050017      1.39995853516414      h
    0.27527414431901     -1.10749349266175      2.49898387937371      o
   -0.29356237338239     -1.06051553567016      4.22902842516733      h
  -.22911682806548D-06  0.30368087022836D-06  0.20805484446385D-07
  0.47630117038397D-02  -.22292318473776D-02  0.15386425977555D-02
  -.76536937825302D-02  0.22290928618220D-02  -.24722385112335D-02
  -.74126378368788D-08  -.12157670603585D-06  -.39164254217461D-06
  0.54158941775739D-07  -.78449476137443D-07  0.11610670702655D-07
  0.76537284832636D-02  0.22291478949725D-02  0.24723104932787D-02
  0.28659567830047D-07  -.13161667222761D-06  0.43093512158698D-06
  -.44392742371002D-07  -.56612982746174D-07  -.50400223550184D-07
  -.47632548312029D-02  -.22293015839390D-02  -.15387670916711D-02
  0.40653034794058D-06  0.37723673040890D-06  0.31203076567010D-07
  cycle =     12 MP2 energy =     -229.8379458125 |dE/dxyz| =  0.014119
    0.29352843584798     -1.06050615942552     -4.22903506603364      h
   -0.27528078998534     -1.10749203096435     -2.49898148656584      o
    0.43884079924434      1.20672489974859     -1.35803276211866      c
   -0.39967780735504      2.84436019194388     -2.31174727640172      h
    2.50050261547875      1.41563299532805     -1.39996970015560      h
   -0.43884143555555      1.20672536037396      1.35803188749671      c
    0.39967299746263      2.84436321247087      2.31174598806126      h
   -2.50050367163744      1.41562910749857      1.39996636756325      h
    0.27528442546315     -1.10748879689753      2.49898304849673      o
   -0.29358238725483     -1.06052919393590      4.22901833609966      h
  0.28707042498688D-06  -.16059982232974D-07  0.50629918035838D-07
  0.47625826006206D-02  -.22287760048458D-02  0.15390611779686D-02
  -.76535249810437D-02  0.22290658580992D-02  -.24728812923072D-02
  0.49471673424506D-08  -.18319706951431D-06  -.20030709668717D-06
  -.12712819552618D-06  -.10706076825073D-06  -.99182806967413D-07
  0.76535035542813D-02  0.22290670779812D-02  0.24728657195054D-02
  -.23139145932660D-07  -.17007451136308D-06  0.18699657022836D-06
  0.11863342086471D-06  -.12190020826086D-06  0.88126028197077D-07
  -.47622916954682D-02  -.22286468697219D-02  -.15389470500207D-02
  -.52986194931659D-06  -.11178130221445D-06  -.12481832900590D-06
$end
