$hessapprox internal
  0.193174449821D-01  0.717555231894D-05  0.614387085335D+00  0.321321031933D-02
 -0.141080709690D-02  0.374343340027D+00  0.843554707256D-04  0.168004288955D-02
  0.202765065089D-02  0.419972026683D+00  0.992315189688D-03  0.304147355088D-02
  0.430691909393D-02 -0.419472184734D-02  0.414644285766D+00 -0.319661965742D-02
  0.283002788854D-02  0.885883192506D-03 -0.399495700951D-02 -0.786347989900D-02
  0.343198056057D+00  0.259467910898D-02  0.988822122771D-03  0.312173988523D-02
 -0.131310155038D-02 -0.186098275565D-02 -0.426459701836D-02  0.349305231176D+00
 -0.352376432585D-03 -0.419026599588D-03 -0.756773369943D-03  0.573102371134D-03
  0.967080548688D-03  0.124548957269D-02  0.123796451170D-03  0.320605241720D+00
  0.349473103599D-02 -0.290327812341D-02 -0.745628533773D-03  0.410316116151D-02
  0.811845571863D-02  0.416683907241D-02  0.450739203621D-02 -0.129579543947D-02
  0.342250504026D+00 -0.483429565514D-04  0.161262115564D-02  0.184830067897D-02
 -0.223689368013D-02 -0.405727122246D-02 -0.373742130433D-02 -0.133990873287D-02
  0.560951893073D-03  0.383218256095D-02  0.420153444352D+00  0.994989876329D-03
  0.306004238121D-02  0.433065003302D-02 -0.422040693758D-02 -0.743933450161D-02
 -0.790894437850D-02 -0.187442472220D-02  0.973268643123D-03  0.816523875372D-02
 -0.408201067743D-02  0.414552154209D+00 -0.328402455332D-02  0.279557201482D-02
  0.779383861587D-03 -0.394913444208D-02 -0.779791485826D-02 -0.407319497666D-02
 -0.429034059681D-02  0.124092351310D-02  0.401225007230D-02 -0.369075927152D-02
 -0.784290896738D-02  0.343491580295D+00  0.365224009807D-02  0.757984021389D-03
  0.365321847857D-02 -0.969477797109D-03 -0.102925119821D-02 -0.451944946166D-02
  0.162960874957D-02 -0.446438710958D-04  0.482261994852D-02 -0.104236474936D-02
 -0.103846016462D-02 -0.457363361898D-02  0.351200496663D+00 -0.266316631823D-03
 -0.494745255813D-03 -0.780071861564D-03  0.680001104034D-03  0.117759872300D-02
  0.135798456103D-02  0.238225226125D-03 -0.148510845224D-03 -0.140684301742D-02
  0.660943377527D-03  0.118500359060D-02  0.134949206340D-02  0.767366405690D-04
  0.320535503787D+00  0.409412495710D-02 -0.317744683676D-02 -0.611942857935D-03
  0.449664558686D-02  0.894945733456D-02  0.435782445528D-02  0.509865682341D-02
 -0.144076166039D-02 -0.426311330299D-02  0.419160112692D-02  0.900083562595D-02
  0.418305766652D-02  0.551091584564D-02 -0.155684383767D-02  0.341941965910D+00
  0.781528232180D-02 -0.470624363645D-03  0.537141354492D-02  0.826740565459D-03
  0.304744574409D-02 -0.477399605911D-02  0.518728733820D-02 -0.818183187682D-03
  0.529535748802D-02  0.554720120676D-03  0.305980148840D-02 -0.494919383577D-02
  0.704842524759D-02 -0.689468676955D-03  0.629295243030D-02  0.293346382723D-01
  0.106835115634D-03 -0.122465448646D-02 -0.135050320326D-02  0.170030205288D-02
  0.309791659256D-02  0.278555090783D-02  0.106066376278D-02 -0.431880198821D-03
 -0.285257941287D-02  0.162902287595D-02  0.311675035914D-02  0.274866249494D-02
  0.852213111872D-03 -0.506396309463D-03 -0.311561860614D-02 -0.291747755364D-03
  0.614363350846D+00  0.294877356014D-02 -0.130921411707D-02  0.703947282373D-03
  0.188090153475D-02  0.398888082501D-02  0.846937706513D-03  0.287662111852D-02
 -0.699504849478D-03 -0.719108915494D-03  0.171550667719D-02  0.401088112708D-02
  0.748792026613D-03  0.336157454705D-02 -0.721794571931D-03 -0.599720997021D-03
  0.492356828198D-02 -0.125403087763D-02  0.374188088223D+00 -0.231198936815D-02
  0.531859693866D-02  0.446494296701D-02 -0.742550622144D-02 -0.138954695118D-01
 -0.107081849220D-01 -0.574257400512D-02  0.203066645494D-02  0.108692296135D-01
 -0.705779464037D-02 -0.139784799886D-01 -0.105097043733D-01 -0.529873902715D-02
  0.231688144247D-02  0.117504252980D-01 -0.214625102682D-02  0.532201404151D-02
  0.416123979063D-02  0.485182753202D+00 -0.892791765073D-02 -0.102472668218D-03
 -0.688430913620D-02 -0.569777205959D-04 -0.187542973927D-02  0.695157520343D-02
 -0.540573098556D-02  0.713616182724D-03 -0.758612514504D-02  0.218270499877D-03
 -0.187973732210D-02  0.713359116305D-02 -0.765472852475D-02  0.526498988996D-03
 -0.887112025478D-02 -0.165308659219D-01 -0.313777436828D-03 -0.631879878731D-02
  0.526360380716D-02  0.404221607381D+00 -0.191734420366D-02  0.530200650883D-02
  0.474456706328D-02 -0.739370570816D-02 -0.137595831662D-01 -0.109660448334D-01
 -0.548646262424D-02  0.199182860099D-02  0.111538532290D-01 -0.703933234735D-02
 -0.138420796434D-01 -0.107762080331D-01 -0.494726904607D-02  0.228499244535D-02
  0.120870535004D-01 -0.142396340672D-02  0.531453430601D-02  0.441764501337D-02
 -0.222567135108D-01  0.442936841012D-02  0.484939727788D+00 -0.716924295536D-02
 -0.593473963879D-04 -0.550138350187D-02 -0.775584660155D-04 -0.156354692108D-02
  0.552853035363D-02 -0.435951517125D-02  0.580965660126D-03 -0.603668646848D-02
  0.144741905506D-03 -0.156735743732D-02  0.567534124490D-02 -0.616108741515D-02
  0.432144233004D-03 -0.706334561788D-02 -0.132653558714D-01 -0.228778580886D-03
 -0.504920266226D-02  0.412597946658D-02  0.151289725975D-01  0.345640352695D-02
  0.397533126456D+00 -0.627305415005D-03 -0.483379157939D-02 -0.612532725065D-02
  0.668781613913D-02  0.119771193075D-01  0.117833557864D-01  0.354157802329D-02
 -0.161665486791D-02 -0.121217455847D-01  0.643948071908D-02  0.120507668265D-01
  0.116594817774D-01  0.245687405924D-02 -0.193200642460D-02 -0.133082252596D-01
 -0.308904248209D-02 -0.490113553945D-02 -0.567911367711D-02  0.215718993164D-01
  0.975769549697D-03  0.214445288700D-01  0.875051814555D-03  0.382200716102D+00
  0.000000000000D+00  0.000000000000D+00  0.000000000000D+00  0.000000000000D+00
  0.000000000000D+00  0.000000000000D+00  0.000000000000D+00  0.000000000000D+00
  0.000000000000D+00  0.000000000000D+00  0.000000000000D+00  0.000000000000D+00
  0.000000000000D+00  0.000000000000D+00  0.000000000000D+00  0.000000000000D+00
  0.000000000000D+00  0.000000000000D+00  0.000000000000D+00  0.000000000000D+00
  0.000000000000D+00  0.000000000000D+00  0.000000000000D+00  0.000000000000D+00
$end
