$coord
    0.05050503130074     -1.06978547574716     -4.21032345016327  h
   -0.14733516572565     -1.18224311705712     -2.40221448378775  o
    0.22767843374876      1.28260568644718     -1.42724340384474  c
   -1.04023406866337      2.66844715885842     -2.29754609501850  h
    2.17459309627423      1.88304708740769     -1.80502672753644  h
   -0.22767834327751      1.28260567016932      1.42724341175528  c
    1.04023406605718      2.66844721878862      2.29754609304196  h
   -2.17459305239742      1.88304695668824      1.80502671671281  h
    0.14733543147856     -1.18224309818694      2.40221453880730  o
   -0.05050525435156     -1.06978553432277      4.21032346186642  h
$intdef
# definitions of internal coordinates
   1 f  1.0000000000000 tors    2    3    6    9 val=  24.00000
$user-defined bonds
$redundant
     number_of_atoms            10
     degrees_of_freedom         24
     internal_coordinates       25
     frozen_coordinates          1
# definitions of redundant internals
   1 k  1.0000000000000 tors   1    2    3    6 val= 176.35537
   2 k  1.0000000000000 stre   2    1           val=   1.82237
   3 k  1.0000000000000 bend   3    1    2      val= 106.81712
   4 k  1.0000000000000 stre   3    4           val=   2.07017
   5 k  1.0000000000000 stre   3    5           val=   2.07213
   6 k  0.0751620185261 bend   5    4    3      val=   0.83500
       -0.5281853741402 bend   2    4    3
       -0.4884278768348 bend   2    5    3
        0.4827566957914 bend   6    4    3
        0.4937155692448 bend   6    5    3
   7 k  0.0157215986642 bend   5    4    3      val=   0.46151
       -0.5298012871852 bend   2    4    3
        0.5596321469044 bend   2    5    3
       -0.4632145150056 bend   6    4    3
        0.4373872433801 bend   6    5    3
   8 k  0.8930904108837 bend   5    4    3      val=  -0.48959
       -0.1682258205766 bend   2    4    3
       -0.1990141740566 bend   2    5    3
       -0.2609814489230 bend   6    4    3
       -0.2576269262356 bend   6    5    3
   9 k -0.0106348065753 bend   5    4    3      val=   1.48636
        0.4495368826367 bend   2    4    3
       -0.4507862274101 bend   2    5    3
       -0.5327304799487 bend   6    4    3
        0.5574885693442 bend   6    5    3
  10 k  1.0000000000000 stre   6    7           val=   2.07017
  11 k  1.0000000000000 stre   6    8           val=   2.07213
  12 k  0.0751620166241 bend   8    7    6      val=   0.83500
       -0.5281853828341 bend   9    7    6
       -0.4884278675803 bend   9    8    6
        0.4827566872596 bend   3    7    6
        0.4937155777312 bend   3    8    6
  13 k  0.0157215884334 bend   8    7    6      val=   0.46151
       -0.5298012749384 bend   9    7    6
        0.5596321579747 bend   9    8    6
       -0.4632145202630 bend   3    7    6
        0.4373872388501 bend   3    8    6
  14 k  0.8930904105035 bend   8    7    6      val=  -0.48959
       -0.1682258233752 bend   9    7    6
       -0.1990141742404 bend   9    8    6
       -0.2609814590769 bend   3    7    6
       -0.2576269152979 bend   3    8    6
  15 k -0.0106348141969 bend   8    7    6      val=   1.48636
        0.4495368872672 bend   9    7    6
       -0.4507862235086 bend   9    8    6
       -0.5327304756896 bend   3    7    6
        0.5574885726897 bend   3    8    6
  16 k  1.0000000000000 tors  10    9    6    3 val= 176.35539
  17 k  1.0000000000000 stre   9   10           val=   1.82237
  18 k  1.0000000000000 bend   6   10    9      val= 106.81712
  19 k  1.0000000000000 tors   2    3    6    9 val=  24.00000
  20 k  1.0000000000000 stre   3    2           val=   2.67707
  21 k  1.0000000000000 bend   6    2    3      val= 109.72944
  22 k  1.0000000000000 stre   6    9           val=   2.67707
  23 k  1.0000000000000 bend   3    9    6      val= 109.72944
  24 k  1.0000000000000 stre   3    6           val=   2.89058
  25 f  1.0000000000000 tors   2    3    6    9 val=  24.00000
        24 non zero eigenvalues  of BmBt
           1           4.616594561    1    0
         1
           2           3.792024241    2    0
         2
           3           3.738981544    3    0
         3
           4           3.072462985    4    0
         4
           5           2.662824408    5    0
         5
           6           2.466986145    6    0
         6
           7           2.105485407    7    0
         7
           8           1.748488653    8    0
         8
           9           1.225725556    9    0
         9
          10           1.211300183   10    0
        10
          11           1.031888789   11    0
        11
          12           0.829456157   12    0
        12
          13           0.763841820   13    0
        13
          14           0.729339875   14    0
        14
          15           0.680113898   15    0
        15
          16           0.390698483   16    0
        16
          17           0.346131948   17    0
        17
          18           0.297647004   18    0
        18
          19           0.264455762   20    0
        20
          20           0.247272223   21    0
        21
          21           0.182893503   22    0
        22
          22           0.067388757   23    0
        23
          23           0.055421901   24    0
        24
          24           0.000000000    0    1
         0.000000000         0.000000000         0.000000000         0.000000000
         0.000000000         0.000000000         0.000000000         0.000000000
         0.000000000         0.000000000         0.000000000         0.000000000
         0.000000000         0.000000000         0.000000000         0.000000000
         0.000000000         0.000000000         0.000000000         0.000000000
         0.000000000         0.000000000         0.000000000         0.000000000
         1.000000000
$end
