$energy      SCF               SCFKIN            SCFPOT            MP2
     1 -229.0151209931      228.791364     -457.806485     -.8139600625949
     2 -229.0178238459      228.756767     -457.774591     -.8127747080557
     3 -229.0178135790      228.777664     -457.795477     -.8129580960882
     4 -229.0176236505      228.781065     -457.798689     -.8131782739458
     5 -229.0175782461      228.777060     -457.794638     -.8132253444611
     6 -229.0175741176      228.777574     -457.795148     -.8132295733655
     7 -229.0175741794      228.777353     -457.794927     -.8132295485738
     8 -229.0175741794      228.777351     -457.794925     -.8132295225785
     9 -229.0175738924      228.777363     -457.794937     -.8132298364310
    10 -229.0175738255      228.777352     -457.794926     -.8132298609088
    11 -229.0175738253      228.777354     -457.794927     -.8132298886204
    12 -229.0175738259      228.777356     -457.794930     -.8132298934621
    13 -229.0175737600      228.777359     -457.794932     -.8132299329513
$end
