$grad          cartesian gradients
  cycle =      1 MP2 energy =     -229.8290810557 |dE/dxyz| =  0.019423
    0.12467711115222     -1.25069862262611     -4.07863429028953      h
   -0.16175080347400     -1.19934777978822     -2.28419004257426      o
    0.23517438126320      1.31658710997965     -1.41234218739811      c
   -1.06598520946288      2.64837779731196     -2.32088928491523      h
    2.17262202199773      1.95053642086975     -1.78183714472911      h
   -0.23517339652351      1.31659485230990      1.41232958330469      c
    1.06595459769853      2.64839428878807      2.32087583821856      h
   -2.17264570637239      1.95053594337225      1.78179287981132      h
    0.16182331141823     -1.19931492177298      2.28421376496475      o
   -0.12578546019019     -1.25089445019063      4.07846565155845      h
  -.84866957578195D-03  -.36578407880579D-02  0.24672740401561D-02
  0.31725093161641D-02  -.49338779827455D-02  0.19517454770641D-02
  -.47980939037430D-02  0.59261962466044D-02  0.73510442769571D-02
  -.16992149540249D-02  -.36947198295056D-03  0.12965588306924D-03
  0.75550304692307D-04  0.30353285865383D-02  0.24005506322485D-02
  0.48041736764873D-02  0.59270994095915D-02  -.73496253371230D-02
  0.16965918163527D-02  -.37416118434708D-03  -.13157149642917D-03
  -.80132486552031D-04  0.30388052950439D-02  -.24002658105206D-02
  -.31703892179062D-02  -.49349514693731D-02  -.19538708152842D-02
  0.84767502436783D-03  -.36571262705996D-02  -.24649368492904D-02
  cycle =      2 MP2 energy =     -229.8305985540 |dE/dxyz| =  0.017384
    0.10371022907311     -1.10446867995037     -4.23911301184541      h
   -0.13464693573857     -1.19863419131804     -2.43536786932514      o
    0.23193271708138      1.25860237746294     -1.43186730917779      c
   -1.03749448005290      2.63057070842823     -2.32115200039181      h
    2.17264059289919      1.87939313267662     -1.79901282033489      h
   -0.23201486700888      1.25860012181407      1.43184408817309      c
    1.03745312853186      2.63050753358959      2.32116109692753      h
   -2.17270715481175      1.87946169816625      1.79896377763729      h
    0.13448298126237     -1.19865376881131      2.43532707300224      o
   -0.10444536372888     -1.10460829380434      4.23900174328643      h
  -.27392548190902D-03  -.17777873859653D-02  -.35783321145022D-03
  0.57821257211130D-02  0.17868748938632D-03  -.25911220946755D-02
  -.99234038979656D-02  0.19825167531220D-02  -.69232977184552D-03
  0.20697515861245D-03  -.95363258682024D-03  -.16797999610854D-02
  -.75202812997377D-03  0.57012954857738D-03  0.12213531955418D-03
  0.99239199042266D-02  0.19825873757586D-02  0.69259606523175D-03
  -.20733944574913D-03  -.95495521816025D-03  0.16802671064533D-02
  0.75135273208815D-03  0.57105387188039D-03  -.12296424940361D-03
  -.57807663368514D-02  0.17940583557419D-03  0.25917414505834D-02
  0.27308977623097D-03  -.17780057158043D-02  0.35730934700151D-03
  cycle =      3 MP2 energy =     -229.8307716751 |dE/dxyz| =  0.017481
    0.09653070580822     -1.10347529254513     -4.21379220878803      h
   -0.13512905194962     -1.20023575714964     -2.40942255114093      o
    0.23407888498561      1.26107072076262     -1.42760766130880      c
   -1.03184395318311      2.63894690894507     -2.31269720445409      h
    2.18009744891391      1.86915552606591     -1.79404902549541      h
   -0.23418947677847      1.26106596983675      1.42758233361680      c
    1.03180351122450      2.63885602616907      2.31270797212981      h
   -2.18017841783291      1.86925501194779      1.79400653750710      h
    0.13488013910675     -1.20027251161266      2.40936470137213      o
   -0.09713894278794     -1.10359596416613      4.21369187451297      h
  -.12210591986234D-03  -.78286861404886D-03  0.44081873882718D-04
  0.62684948919367D-02  0.41548254376522D-04  -.68544898786271D-04
  -.10448369577011D-01  0.11157572928520D-02  -.12107931796457D-02
  0.46549211521585D-04  -.56116776103465D-03  -.72758506567006D-03
  -.29435669882139D-03  0.18660712406615D-03  0.12164683062443D-03
  0.10448040792349D-01  0.11154050887505D-02  0.12109528942295D-02
  -.46466909918275D-04  -.56150316355597D-03  0.72827123779828D-03
  0.29434281469687D-03  0.18688460945726D-03  -.12241056958961D-03
  -.62676240920569D-02  0.42353291908270D-04  0.68841736841740D-04
  0.12149548731133D-03  -.78301617510068D-03  -.44460860198825D-04
  cycle =      4 MP2 energy =     -229.8308019244 |dE/dxyz| =  0.018262
    0.08833093033309     -1.09780267053951     -4.20559501822261      h
   -0.13310538440365     -1.20381895910571     -2.40005790468903      o
    0.23636017834069      1.26049207584619     -1.42563152453396      c
   -1.02544536305751      2.64578137964722     -2.30568731283051      h
    2.18607589037190      1.86081015835078     -1.79023380413960      h
   -0.23650724951953      1.26048334613423      1.42560316948759      c
    1.02540575068082      2.64565271760483      2.30569562414132      h
   -2.18617687645997      1.86095033754986      1.79020346141595      h
    0.13275587849317     -1.20387659670542      2.39998065921467      o
   -0.08878290727207     -1.09790115052881      4.20550741810775      h
  -.60947890714314D-05  -.89375446292561D-04  0.87026312464822D-04
  0.65595452889020D-02  -.92910614324637D-03  0.12264646187079D-02
  -.10827226659297D-01  0.10501129095077D-02  -.17316549963353D-02
  -.15212277504340D-06  -.52822462800250D-04  -.68210028008275D-04
  0.52349718946409D-04  0.21251875610639D-04  0.53880972034070D-04
  0.10827091853085D-01  0.10493223351826D-02  0.17317467520892D-02
  0.25038698936442D-06  -.52781829506632D-04  0.68601038607508D-04
  -.52242322372109D-04  0.21215646512474D-04  -.54371371052020D-04
  -.65594273218483D-02  -.92829546798967D-03  -.12264531158825D-02
  0.59059674499817D-05  -.89521484146149D-04  -.87030180051073D-04
  cycle =      5 MP2 energy =     -229.8308035906 |dE/dxyz| =  0.018232
    0.08526283608993     -1.09402995547273     -4.20965702497091      h
   -0.13093876360763     -1.20531561706888     -2.40357091201184      o
    0.23739080442947      1.25921226967995     -1.42577569176733      c
   -1.02374832221923      2.64592683688220     -2.30461374869805      h
    2.18711134698585      1.85966830228977     -1.78951926384637      h
   -0.23755124442873      1.25920194761455      1.42574614899630      c
    1.02370928617474      2.64578449958151      2.30461819067018      h
   -2.18721958892306      1.85982288903683      1.78949768863031      h
    0.13055791150253     -1.20537994293404      2.40348709441595      o
   -0.08566341849692     -1.09412059135548      4.20957228653333      h
  0.76130445447742D-05  -.12871204711939D-04  -.79408918143287D-05
  0.65428391391207D-02  -.13820875415753D-02  0.10925432920112D-02
  -.10730043822505D-01  0.13309859014328D-02  -.18402613997210D-02
  0.22668526017400D-04  0.37350721597829D-04  0.18781498374310D-05
  0.27489282395710D-04  0.26792867129588D-04  0.95077029146351D-05
  0.10730228293677D-01  0.13300164464622D-02  0.18403898086528D-02
  -.22689267173748D-04  0.37279276777102D-04  -.17625910011532D-05
  -.27522708395900D-04  0.26787218629920D-04  -.97124574344187D-05
  -.65429265363945D-02  -.13813621814087D-02  -.10925107771733D-02
  -.76559512292573D-05  -.12891569104334D-04  0.78691638094597D-05
  cycle =      6 MP2 energy =     -229.8308036910 |dE/dxyz| =  0.018057
    0.08327252267520     -1.09335917579204     -4.20956613729585      h
   -0.12971391939051     -1.20551092200940     -2.40316239026234      o
    0.23817899888818      1.25927618037189     -1.42552109953969      c
   -1.02323114618881      2.64527725813427     -2.30498754779715      h
    2.18780328322929      1.85977799323824     -1.78882924494031      h
   -0.23834462695355      1.25926560194886      1.42549103460238      c
    1.02319256937453      2.64513093627128      2.30498914143980      h
   -2.18791395664508      1.85993806939040      1.78881269161214      h
    0.12932283253821     -1.20557740908631      2.40307610812338      o
   -0.08365571002052     -1.09344789421352      4.20948221200921      h
  0.34947517282835D-05  0.52222619645881D-05  0.39381777732217D-05
  0.65226457297818D-02  -.14028195716733D-02  0.11095908627023D-02
  -.10590435697600D-01  0.13866068328046D-02  -.17892606496608D-02
  0.72642610815521D-06  0.57506127979501D-05  0.14159669132985D-04
  -.97571143200526D-05  0.54249766994197D-05  0.30788670527526D-05
  0.10590562479761D-01  0.13855913319372D-02  0.17892962642667D-02
  -.72300608700004D-06  0.57347784347961D-05  -.14149083253256D-04
  0.97216600427608D-05  0.54623313503477D-05  -.30872154526129D-05
  -.65227364199842D-02  -.14021947788034D-02  -.11096527263410D-02
  -.34988095009014D-05  0.52211613774111D-05  -.39141664274212D-05
  cycle =      7 MP2 energy =     -229.8308037280 |dE/dxyz| =  0.018059
    0.08266481704512     -1.09313097745358     -4.20985881656536      h
   -0.12942701433717     -1.20553783996874     -2.40336127402957      o
    0.23833539750278      1.25925457626078     -1.42551786334450      c
   -1.02298172113118      2.64517778871513     -2.30524737319893      h
    2.18802000392166      1.85969786606214     -1.78863842324776      h
   -0.23850141510534      1.25924392233395      1.42548771433316      c
    1.02294317145891      2.64503115981283      2.30524866101463      h
   -2.18813075361296      1.85985818768110      1.78862234105508      h
    0.12903479484814     -1.20560457426113      2.40327482249284      o
   -0.08304643308301     -1.09321947092882      4.20977497944200      h
  0.13708199888551D-05  0.82401435752555D-06  -.48908394045810D-06
  0.65230858893273D-02  -.14071030037304D-02  0.10909625092941D-02
  -.10592381066446D-01  0.14030108280947D-02  -.17803250039117D-02
  -.18210706351773D-05  0.18619535984143D-05  0.21658363562604D-05
  -.63712960876039D-05  0.16044788380132D-05  -.13806031029517D-06
  0.10592497619672D-01  0.14019920806296D-02  0.17803444223656D-02
  0.18220940034563D-05  0.18606444349700D-05  -.21715181617310D-05
  0.63711021907054D-05  0.16160407572130D-05  0.14928217739740D-06
  -.65232032593399D-02  -.14064906178266D-02  -.10909962759547D-02
  -.13708324834716D-05  0.82351726587993D-06  0.49789220035734D-06
  cycle =      8 MP2 energy =     -229.8308037020 |dE/dxyz| =  0.018059
    0.05099540483500     -1.06983064958895     -4.21032335975195      h
   -0.14741443505247     -1.18222663274167     -2.40227128714054      o
    0.22762401352908      1.28259381200556     -1.42726620011446      c
   -1.04037808981499      2.66844911052389     -2.29744077603084      h
    2.17447725677816      1.88312241894265     -1.80513733065955      h
   -0.22762403213387      1.28259380674789      1.42726622514208      c
    1.04037836010257      2.66844895962821      2.29744061246636      h
   -2.17447711424733      1.88312275851778      1.80513771809186      h
    0.14741440657201     -1.18222666746072      2.40227125338161      o
   -0.05099514388811     -1.06983068460597      4.21032337350245      h
  0.12511858407671D-05  0.86046536457163D-06  -.45291164418870D-06
  0.65313633174784D-02  -.14067926266836D-02  0.10415338177143D-02
  -.10605633217381D-01  0.14025325678251D-02  -.17000549333679D-02
  -.17695008291962D-05  0.18208467924552D-05  0.21645583043739D-05
  -.63778114838264D-05  0.15815078104886D-05  -.34401143489404D-07
  0.10605621799050D-01  0.14025191867475D-02  0.17000465254986D-02
  0.17710437016927D-05  0.18190125703477D-05  -.21700529422297D-05
  0.63780597927554D-05  0.15944676161617D-05  0.45512305923978D-07
  -.65313536894795D-02  -.14067956264334D-02  -.10415391520873D-02
  -.12511868222043D-05  0.86013416999986D-06  0.46103554129928D-06
  cycle =      9 MP2 energy =     -229.8308037288 |dE/dxyz| =  0.018072
    0.05084862653329     -1.06982963870497     -4.21029452539135      h
   -0.14738208995732     -1.18222491789775     -2.40222381087341      o
    0.22764869561774      1.28261050149483     -1.42725428165736      c
   -1.04029694712480      2.66847100170234     -2.29749504734418      h
    2.17454424098848      1.88308112271471     -1.80507129525066      h
   -0.22764859941812      1.28261051098449      1.42725432452887      c
    1.04029720842553      2.66847093223500      2.29749499115095      h
   -2.17454404781851      1.88308132662153      1.80507153474870      h
    0.14738211585048     -1.18222492997410      2.40222380882558      o
   -0.05084857641672     -1.06982967720742      4.21029453014988      h
  0.72867088962703D-06  0.53677513156547D-06  0.92707826304661D-07
  0.65335586556119D-02  -.14063248756440D-02  0.10435779638014D-02
  -.10615572653959D-01  0.14035223132218D-02  -.16975805960509D-02
  -.10975951429959D-05  0.14484562398387D-05  0.12653943421981D-05
  -.21206965494791D-05  0.81746171232133D-06  0.25302573902763D-06
  0.10615567096827D-01  0.14035151330996D-02  0.16975775757408D-02
  0.10982647364877D-05  0.14503087104600D-05  -.12677660155003D-05
  0.21227183526484D-05  0.82147682278766D-06  -.24639960316541D-06
  -.65335549808823D-02  -.14063239241242D-02  -.10435802720563D-02
  -.72948007140416D-06  0.53680980066639D-06  -.91634602128465D-07
  cycle =     10 MP2 energy =     -229.8308036864 |dE/dxyz| =  0.018083
    0.05068680349128     -1.06979918926516     -4.21031117029382      h
   -0.14733190508269     -1.18222653055222     -2.40221944276673      o
    0.22767948866369      1.28261444499856     -1.42724610945897      c
   -1.04021107644501      2.66847711799273     -2.29755211011768      h
    2.17460905461936      1.88304225151623     -1.80500570553650      h
   -0.22767935166647      1.28261445474442      1.42724616033765      c
    1.04021132686636      2.66847703062022      2.29755216232345      h
   -2.17460886150062      1.88304241387616      1.80500578740523      h
    0.14733182411761     -1.18222656320151      2.40221945540188      o
   -0.05068667638346     -1.06979919876076      4.21031120159251      h
  -.47375930145588D-06  0.10546120715604D-06  -.71168027915292D-07
  0.65360418484832D-02  -.14061609859457D-02  0.10429988252678D-02
  -.10623749650513D-01  0.14056417848414D-02  -.16956453973413D-02
  0.17524595752327D-06  0.39091255432666D-06  -.73437838032930D-07
  0.76435644702499D-06  0.22123765042181D-07  0.27270579527894D-06
  0.10623751428727D-01  0.14056402285592D-02  0.16956460670954D-02
  -.17536770569038D-06  0.39318654110332D-06  0.73740050510196D-07
  -.76330005160941D-06  0.20991415716765D-07  -.27174646399786D-06
  -.65360458281432D-02  -.14061594997035D-02  -.10429993761285D-02
  0.47502608030436D-06  0.10573265646352D-06  0.69787184919790D-07
  cycle =     11 MP2 energy =     -229.8308037139 |dE/dxyz| =  0.018083
    0.05059114586422     -1.06980656040044     -4.21031233558817      h
   -0.14738646529963     -1.18223390775319     -2.40221610800205      o
    0.22764698231957      1.28260708491443     -1.42725130100277      c
   -1.04026342059961      2.66846970314214     -2.29752848778932      h
    2.17456793700099      1.88303497333600     -1.80505514572725      h
   -0.22764698368812      1.28260707904392      1.42725131702239      c
    1.04026341536532      2.66846970968617      2.29752850158920      h
   -2.17456793306341      1.88303495627176      1.80505519120009      h
    0.14738645457512     -1.18223392178518      2.40221609208678      o
   -0.05059095803049     -1.06980656341011      4.21031233804418      h
  -.18545584812291D-06  -.41743005163575D-08  -.86482347505523D-07
  0.65353960486696D-02  -.14060087144525D-02  0.10429708341242D-02
  -.10623883684717D-01  0.14055150599690D-02  -.16955539800259D-02
  -.65615768152227D-07  0.42222523743973D-06  0.12517529701661D-06
  0.63719627796388D-06  0.74848176989661D-07  -.16691933835133D-07
  0.10623882104052D-01  0.14055138242615D-02  0.16955545006669D-02
  0.64910311792232D-07  0.42514528741933D-06  -.12507768798464D-06
  -.63646287751240D-06  0.72780762527813D-07  0.17835338428362D-07
  -.65353952895906D-02  -.14060069597583D-02  -.10429711888760D-02
  0.18624966030556D-06  -.40991687266789D-08  0.85075000377799D-07
  cycle =     12 MP2 energy =     -229.8308037194 |dE/dxyz| =  0.018081
    0.05057917823664     -1.06980292195132     -4.21031503861090      h
   -0.14737782627633     -1.18223570491355     -2.40221705297914      o
    0.22765214071510      1.28260665237864     -1.42724972885723      c
   -1.04026059700578      2.66846413475510     -2.29753061072484      h
    2.17457033712319      1.88303914305077     -1.80505103457924      h
   -0.22765215632020      1.28260664046464      1.42724974098459      c
    1.04026058999401      2.66846411178375      2.29753062934558      h
   -2.17457034537914      1.88303914422922      1.80505106640590      h
    0.14737777418266     -1.18223573226068      2.40221703691821      o
   -0.05057892082619     -1.06980291449108      4.21031505393014      h
  0.93412496626755D-07  -.44302904789184D-07  0.27797793400453D-07
  0.65351240280518D-02  -.14063264376887D-02  0.10424469505850D-02
  -.10622520524781D-01  0.14060513405294D-02  -.16947862142840D-02
  -.31129943511843D-07  0.18654734956769D-06  0.13829926093223D-08
  0.74460638543883D-07  0.13275572929849D-06  0.20575841874759D-06
  0.10622521955392D-01  0.14060505847233D-02  0.16947861285437D-02
  0.30580848742190D-07  0.18759907627341D-06  -.15426029342791D-08
  -.74487398027401D-07  0.13228859163661D-06  -.20511973797266D-06
  -.65351268680123D-02  -.14063263399695D-02  -.10424473146768D-02
  -.91427197757010D-07  -.44099265184006D-07  -.27828101600846D-07
  cycle =     13 MP2 energy =     -229.8308036930 |dE/dxyz| =  0.018076
    0.05050503130074     -1.06978547574716     -4.21032345016327      h
   -0.14733516572565     -1.18224311705712     -2.40221448378775      o
    0.22767843374876      1.28260568644718     -1.42724340384474      c
   -1.04023406866337      2.66844715885842     -2.29754609501850      h
    2.17459309627423      1.88304708740769     -1.80502672753644      h
   -0.22767834327751      1.28260567016932      1.42724341175528      c
    1.04023406605718      2.66844721878862      2.29754609304196      h
   -2.17459305239742      1.88304695668824      1.80502671671281      h
    0.14733543147856     -1.18224309818694      2.40221453880730      o
   -0.05050525435156     -1.06978553432277      4.21032346186642      h
  -.30272947315613D-06  -.12293312423584D-07  0.20426831071063D-06
  0.65347914130964D-02  -.14071685007231D-02  0.10420515838305D-02
  -.10618917390411D-01  0.14076954081643D-02  -.16932785021821D-02
  -.21825578455648D-07  -.57097846006826D-06  0.16533087454640D-06
  -.11764943654846D-05  0.58724320739501D-07  -.33847585179103D-07
  0.10618918518836D-01  0.14076955301539D-02  0.16932756180748D-02
  0.20253272392523D-07  -.57401875563912D-06  -.16721108142548D-06
  0.11741335237403D-05  0.60235089804905D-07  0.33467412507981D-07
  -.65347839602776D-02  -.14071702813769D-02  -.10420491955401D-02
  0.29808130036502D-06  -.13889367544984D-07  -.20151461654905D-06
$end
