$hessapprox internal
  0.132880506564D-01 -0.184255251634D-02  0.615815151385D+00  0.667563794096D-03
 -0.458796967172D-03  0.373711857284D+00 -0.244309456720D-02  0.513783321835D-04
 -0.124290177654D-03  0.423064251028D+00 -0.122009387437D-01  0.473463640473D-02
 -0.242928885631D-02 -0.101797217071D-02  0.444632040743D+00  0.612721865773D-02
  0.946424976136D-03 -0.122563480408D-03  0.350653601681D-02  0.909876992979D-02
  0.334925700005D+00  0.190773356058D-01 -0.582805900432D-02  0.316232157632D-02
  0.301090439742D-02 -0.250867640169D-01 -0.171857948174D-01  0.372164392797D+00
 -0.100244238960D-02  0.534524787957D-03 -0.258365831348D-03  0.474899326365D-04
  0.270787267550D-02  0.474168377379D-03 -0.336503353288D-02  0.320573968471D+00
 -0.214858638281D-02  0.324844122772D-02 -0.140302594236D-02  0.199655944400D-02
  0.186044207749D-01 -0.293422237186D-02 -0.260532594456D-01  0.180911983618D-02
  0.352045256435D+00 -0.247401763785D-02  0.627799284385D-04 -0.130205546331D-03
 -0.101493834395D-02 -0.965409033315D-03  0.353072066060D-02  0.295268282714D-02
  0.540229082148D-04  0.204255861152D-02  0.423058132784D+00 -0.121759221120D-01
  0.472341129833D-02 -0.242369508581D-02 -0.101725212902D-02  0.221214194556D-01
  0.908296449189D-02 -0.250217316728D-01  0.270148335518D-02  0.185633492892D-01
 -0.964819853924D-03  0.444522763100D+00  0.612153583853D-02  0.948718646359D-03
 -0.123730679934D-03  0.350614155383D-02  0.910963715468D-02 -0.108103930419D-01
 -0.171982717283D-01  0.475478406956D-03 -0.292538653259D-02  0.353035202540D-02
  0.909380508522D-02  0.334933849124D+00  0.190680006651D-01 -0.580862492347D-02
  0.315407699626D-02  0.302437315294D-02 -0.249735445970D-01 -0.172085390989D-01
  0.249526918562D-01 -0.335423789089D-02 -0.260085410517D-01  0.296643239575D-02
 -0.249087599673D-01 -0.172209623683D-01  0.371842909821D+00 -0.987564171356D-03
  0.534297026886D-03 -0.257643296985D-03  0.537285251884D-04  0.271459024515D-02
  0.452653966902D-03 -0.338413240941D-02  0.302529327885D-03  0.179712509895D-02
  0.602817912384D-04  0.270819543151D-02  0.453966642759D-03 -0.337341791726D-02
  0.320573445418D+00 -0.218601328862D-02  0.325232665592D-02 -0.140618134679D-02
  0.198385078073D-02  0.186076869868D-01 -0.288632505503D-02 -0.260348951478D-01
  0.181155682481D-02  0.796818912923D-02  0.202984931089D-02  0.185665861929D-01
 -0.287748637674D-02 -0.259899386232D-01  0.179964075077D-02  0.352118227472D+00
 -0.185142803629D-02 -0.179458432595D-02  0.646325113192D-03 -0.241893523261D-02
 -0.119329104311D-01  0.610201580130D-02  0.187100818333D-01 -0.975631677287D-03
 -0.202191826953D-02 -0.244919867915D-02 -0.119084932953D-01  0.609646073144D-02
  0.187014723308D-01 -0.960897785522D-03 -0.205887309898D-02  0.132019998836D-01
 -0.181906398815D-02  0.934075906405D-03 -0.454343840167D-03  0.538369373408D-04
  0.469531441501D-02  0.927868444461D-03 -0.578472394866D-02  0.529617207550D-03
  0.321369246408D-02  0.651457663961D-04  0.468418741737D-02  0.930142780822D-03
 -0.576550214959D-02  0.529373492874D-03  0.321757985476D-02 -0.177159356986D-02
  0.615798101457D+00  0.674471231446D-03 -0.464811925674D-03  0.216310875715D-03
 -0.126718524453D-03 -0.246214221575D-02 -0.121450044316D-03  0.320640127487D-02
 -0.261738628259D-03 -0.141998741299D-02 -0.132714390445D-03 -0.245647406068D-02
 -0.122632955175D-03  0.319805837672D-02 -0.261001699495D-03 -0.142319435866D-02
  0.652971068870D-03 -0.460298113708D-03  0.373717336406D+00  0.127369264814D-01
 -0.311611835729D-02  0.179832361160D-02  0.270853346238D-02 -0.120315210852D-01
 -0.129300007396D-01  0.982327234649D-02 -0.181907626154D-02 -0.159002742913D-01
  0.268145428671D-02 -0.119981921122D-01 -0.129361093175D-01  0.972382366890D-02
 -0.183605683947D-02 -0.158764645013D-01  0.125172352570D-01 -0.309611575942D-02
  0.182416645353D-02  0.509565008508D+00  0.417442023708D-02 -0.484443077990D-02
  0.213346388298D-02 -0.255728394406D-02 -0.272164787165D-01  0.294496821360D-02
  0.374749483373D-01 -0.270555933395D-02 -0.125820589373D-01 -0.262433378394D-02
 -0.271557800164D-01  0.293200638574D-02  0.374031199934D-01 -0.269026031911D-02
 -0.126312297716D-01  0.397659612111D-02 -0.479382110656D-02  0.215962860389D-02
  0.225201503437D-01  0.400425876389D+00  0.127723231828D-01 -0.312887310129D-02
  0.180497507922D-02  0.271237082625D-02 -0.120898846952D-01 -0.129582408689D-01
  0.988726180478D-02 -0.182639087130D-02 -0.159523568555D-01  0.268515408654D-02
 -0.120564097860D-01 -0.129643781616D-01  0.978749472990D-02 -0.184339629222D-02
 -0.159285419199D-01  0.125518866587D-01 -0.310876773008D-02  0.183090869252D-02
  0.216472341677D-02  0.225959444029D-01  0.509623777207D+00  0.421462748069D-02
 -0.485721308859D-02  0.214033035676D-02 -0.255138795041D-02 -0.272723898587D-01
  0.290968531053D-02  0.375323497484D-01 -0.271292684466D-02 -0.126379308997D-01
 -0.261856809273D-02 -0.272115475984D-01  0.289669575556D-02  0.374601772421D-01
 -0.269766535851D-02 -0.126870704679D-01  0.401601291663D-02 -0.480650633109D-02
  0.216659028988D-02  0.225437025761D-01  0.197940770210D-01  0.226196401404D-01
  0.400587191622D+00 -0.844658197965D-02  0.231181780733D-02 -0.129165869686D-02
 -0.157510881353D-02  0.947229644505D-02  0.811368885466D-02 -0.871263937731D-02
  0.134169744340D-02  0.110173879373D-01 -0.155341782580D-02  0.944699987700D-02
  0.811844312115D-02 -0.864417147938D-02  0.135161931534D-02  0.110052545067D-01
 -0.829281784808D-02  0.229572587765D-02 -0.130993209232D-02 -0.281638559956D-02
 -0.157258186950D-01 -0.284006730983D-02 -0.157461139840D-01  0.376899468086D+00
  0.000000000000D+00  0.000000000000D+00  0.000000000000D+00  0.000000000000D+00
  0.000000000000D+00  0.000000000000D+00  0.000000000000D+00  0.000000000000D+00
  0.000000000000D+00  0.000000000000D+00  0.000000000000D+00  0.000000000000D+00
  0.000000000000D+00  0.000000000000D+00  0.000000000000D+00  0.000000000000D+00
  0.000000000000D+00  0.000000000000D+00  0.000000000000D+00  0.000000000000D+00
  0.000000000000D+00  0.000000000000D+00  0.000000000000D+00  0.000000000000D+00
$end
