$coord
    0.82128501024811      0.01866057820759     -4.75031023983587  h
   -0.37010974194831     -0.06640264749105     -3.37985155225043  o
    0.97320988994932      0.06820349803735     -1.05049855438818  c
    2.12247006907380      1.78765045295831     -0.93418384368200  h
    2.22458949684876     -1.56470141853739     -0.80412148003057  h
   -0.97320967213422      0.06820456513933      1.05049839242476  c
   -2.12246711999589      1.78765345326414      0.93418457433874  h
   -2.22459181847181     -1.56469818826747      0.80411991792468  h
    0.37010941212677     -0.06640497605252      3.37985143685151  o
   -0.82128734148204      0.01863664290090      4.75030973895362  h
$user-defined bonds
$intdef
# definitions of internal coordinates
   1 f  1.0000000000000 tors    2    3    6    9 val= 174.00000
$redundant
     number_of_atoms            10
     degrees_of_freedom         24
     internal_coordinates       25
     frozen_coordinates          1
# definitions of redundant internals
   1 k  1.0000000000000 tors   1    2    3    6 val= 177.06985
   2 k  1.0000000000000 stre   2    1           val=   1.81791
   3 k  1.0000000000000 bend   3    1    2      val= 108.83854
   4 k  1.0000000000000 stre   3    4           val=   2.07143
   5 k  1.0000000000000 stre   3    5           val=   2.07196
   6 k  0.0838463029221 bend   5    4    3      val=   0.97618
       -0.5095371733895 bend   2    4    3
       -0.5086008715448 bend   2    5    3
        0.4918714482985 bend   6    4    3
        0.4824202506457 bend   6    5    3
   7 k  0.0085113286417 bend   5    4    3      val=   0.22811
       -0.5420663403216 bend   2    4    3
        0.5387944471642 bend   2    5    3
       -0.4544922790362 bend   6    4    3
        0.4574155134849 bend   6    5    3
   8 k -0.8856794084987 bend   5    4    3      val=   2.62120
        0.1828145360494 bend   2    4    3
        0.1890150638623 bend   2    5    3
        0.2661499818608 bend   6    4    3
        0.2749333074750 bend   6    5    3
   9 k -0.0018855805553 bend   5    4    3      val=   0.25261
       -0.4525306172497 bend   2    4    3
        0.4594343732227 bend   2    5    3
        0.5385170038512 bend   6    4    3
       -0.5423393571393 bend   6    5    3
  10 k  1.0000000000000 stre   6    7           val=   2.07143
  11 k  1.0000000000000 stre   6    8           val=   2.07196
  12 k  0.0838466766161 bend   8    7    6      val=   0.97619
       -0.5095370086412 bend   9    7    6
       -0.5086010561593 bend   9    8    6
        0.4918715378069 bend   3    7    6
        0.4824200738096 bend   3    8    6
  13 k  0.0085113396629 bend   8    7    6      val=   0.22811
       -0.5420666252970 bend   9    7    6
        0.5387944178494 bend   9    8    6
       -0.4544919778822 bend   3    7    6
        0.4574155093253 bend   3    8    6
  14 k -0.8856794016161 bend   8    7    6      val=   2.62119
        0.1828144016136 bend   9    7    6
        0.1890147834331 bend   9    8    6
        0.2661500628425 bend   3    7    6
        0.2749335334374 bend   3    8    6
  15 k -0.0018856871512 bend   8    7    6      val=   0.25262
       -0.4525304222018 bend   9    7    6
        0.4594342664160 bend   9    8    6
        0.5385172015593 bend   3    7    6
       -0.5423394136824 bend   3    8    6
  16 k  1.0000000000000 tors  10    9    6    3 val= 177.07062
  17 k  1.0000000000000 stre   9   10           val=   1.81791
  18 k  1.0000000000000 bend   6   10    9      val= 108.83854
  19 k  1.0000000000000 tors   2    3    6    9 val= 174.00000
  20 k  1.0000000000000 stre   3    2           val=   2.69231
  21 k  1.0000000000000 bend   6    2    3      val= 107.19324
  22 k  1.0000000000000 stre   6    9           val=   2.69231
  23 k  1.0000000000000 bend   3    9    6      val= 107.19325
  24 k  1.0000000000000 stre   3    6           val=   2.86404
  25 f  1.0000000000000 tors   2    3    6    9 val= 174.00000
        24 non zero eigenvalues  of BmBt
           1           3.928558099    1    0
         1
           2           3.753749774    2    0
         2
           3           3.721413815    3    0
         3
           4           3.098523414    4    0
         4
           5           2.995757551    5    0
         5
           6           2.448980799    6    0
         6
           7           2.135940318    7    0
         7
           8           1.673023093    8    0
         8
           9           1.249722913    9    0
         9
          10           1.176318769   10    0
        10
          11           1.065358989   11    0
        11
          12           0.880788908   12    0
        12
          13           0.766685458   13    0
        13
          14           0.753909757   14    0
        14
          15           0.584592925   15    0
        15
          16           0.386565469   16    0
        16
          17           0.353323465   17    0
        17
          18           0.340348125   18    0
        18
          19           0.278572576   20    0
        20
          20           0.259442830   21    0
        21
          21           0.140005948   22    0
        22
          22           0.067058417   23    0
        23
          23           0.064248380   24    0
        24
          24           0.000000000    0    1
         0.000000000         0.000000000         0.000000000         0.000000000
         0.000000000         0.000000000         0.000000000         0.000000000
         0.000000000         0.000000000         0.000000000         0.000000000
         0.000000000         0.000000000         0.000000000         0.000000000
         0.000000000         0.000000000         0.000000000         0.000000000
         0.000000000         0.000000000         0.000000000         0.000000000
         1.000000000
$end
