$energy      SCF               SCFKIN            SCFPOT
     1 -230.2270132580      229.2924941936     -459.5195074515
     2 -230.2270398370      229.2914780717     -459.5185179087
     3 -230.2270481381      229.2917344492     -459.5187825873
     4 -230.2270482997      229.2915808511     -459.5186291508
     5 -230.2270483108      229.2916683167     -459.5187166275
     6 -230.2270483128      229.2916465377     -459.5186948505
     7 -230.2270483132      229.2916589343     -459.5187072475
     8 -230.2270483132      229.2916591545     -459.5187074676
     9 -230.2270483132      229.2916475981     -459.5186959113
    10 -230.2270483133      229.2916463616     -459.5186946749
    11 -230.2270483133      229.2916463284     -459.5186946418
$end
