$grad          cartesian gradients
  cycle =      1    SCF energy =     -230.2270132580   |dE/dxyz| =  0.001276
    0.82606531132162     -0.06702931701012     -4.74779851786945      h
   -0.37043545410947     -0.06418011785385     -3.37917770795757      o
    0.97322942063972      0.07043299808595     -1.05017551222196      c
    2.10865039904111      1.79904475101559     -0.92836838457518      h
    2.23770740591375     -1.55286080261717     -0.80906590923770      h
   -0.97322615898216      0.07046748671177      1.05017499998160      c
   -2.10861745307958      1.79910058461155      0.92835865983308      h
   -2.23773056287826     -1.55280370272937      0.80906952531918      h
    0.37043386766686     -0.06415011692887      3.37917966042157      o
   -0.82608878537694     -0.06747468816211      4.74777973922511      h
  -.41403378093142D-05  -.20403753887876D-03  0.30390204517507D-04
  -.17108029523252D-04  -.39407727552458D-03  0.71712341098262D-04
  -.53185682792483D-04  0.26571710454329D-03  0.87563636428784D-04
  -.40718985938893D-03  0.16750077390642D-03  0.29581749843583D-03
  0.40731505962959D-03  0.16717016343077D-03  -.23419193558710D-03
  0.52951050125438D-04  0.26666253367543D-03  -.87359349589016D-04
  0.40667588916267D-03  0.16796542066444D-03  -.29541916299286D-03
  -.40672048683564D-03  0.16759228695796D-03  0.23374514266475D-03
  0.17193379771386D-04  -.39312667071094D-03  -.71611116165281D-04
  0.42092837815542D-05  -.20477852861620D-03  -.30647273440070D-04
  cycle =      2    SCF energy =     -230.2270398370   |dE/dxyz| =  0.001182
    0.82541326055689     -0.03072624788949     -4.74952639610709      h
   -0.36947801750502     -0.07056356072568     -3.38002223619636      o
    0.97338176054318      0.06401693252855     -1.05044220786445      c
    2.11708031044483      1.78746912454732     -0.93029609462285      h
    2.23007370751469     -1.56476793199384     -0.80751007930320      h
   -0.97337697797054      0.06403176586081      1.05043981595175      c
   -2.11704353328088      1.78750705874035      0.93031129053041      h
   -2.23009841135103     -1.56472641105843      0.80748617328466      h
    0.36947550072490     -0.07059356572497      3.38002154631573      o
   -0.82543960952037     -0.03110008916126      4.74951474093009      h
  0.22807405773079D-05  -.10346974053322D-03  -.52178491137897D-05
  0.30071565361961D-04  -.60174793212510D-03  0.12351986344116D-04
  -.41358362422291D-04  0.42557587074342D-03  -.41480190932029D-04
  -.11220983238097D-03  0.14144767094271D-03  0.19630213200994D-03
  0.11649085526927D-03  0.14061517489338D-03  -.18999026827554D-03
  0.41282562982515D-04  0.42658078364387D-03  0.41296481434713D-04
  0.11204934170677D-03  0.14149983952796D-03  -.19597370079773D-03
  -.11625343830456D-03  0.14073544252947D-03  0.18969949406639D-03
  -.30104659478874D-04  -.60106109403324D-03  -.12147145730355D-04
  -.22492190515501D-05  -.10399705924866D-03  0.51582382245153D-05
  cycle =      3    SCF energy =     -230.2270481381   |dE/dxyz| =  0.001378
    0.82368178993764      0.00467649778552     -4.74978045507287      h
   -0.36862409283947     -0.07716965085156     -3.37989932668802      o
    0.97373027704431      0.05738724217307     -1.05007953791466      c
    2.12359594884295      1.77654385068905     -0.93223245540129      h
    2.22429837438713     -1.57598300314502     -0.80410489713239      h
   -0.97372807165656      0.05737609708359      1.05007647745318      c
   -2.12355931253603      1.77655939028548      0.93228337462628      h
   -2.22432852028057     -1.57596152203277      0.80404642502891      h
    0.36862025562929     -0.07728027557093      3.37989352679727      o
   -0.82369865837204      0.00439844870693      4.74977342122229      h
  0.10899595818751D-04  -.49545589921987D-05  0.25346738754413D-05
  0.18167971024840D-04  -.70446309917586D-03  0.58920507125043D-04
  -.12372172462273D-04  0.65680455076715D-03  -.69652444124513D-04
  0.43601880924990D-04  0.33991325979567D-04  0.55286523127125D-04
  -.46358134243021D-04  0.21383707877402D-04  -.59691735884708D-04
  0.12441090830879D-04  0.65741207635533D-03  0.69710157906339D-04
  -.43597631989513D-04  0.33938442350037D-04  -.55159510970223D-04
  0.46352580383866D-04  0.21287151503562D-04  0.59535530923060D-04
  -.18188052395650D-04  -.70417151795243D-03  -.58943334745038D-04
  -.10946263281741D-04  -.51693785890516D-05  -.25376764102682D-05
  cycle =      4    SCF energy =     -230.2270482997   |dE/dxyz| =  0.001323
    0.82358796441130      0.00694724029427     -4.74995713394684      h
   -0.36850609876849     -0.07782722383662     -3.38008276696359      o
    0.97369481579796      0.05672151195247     -1.05007549988908      c
    2.12312391694087      1.77600922434105     -0.93287456762551      h
    2.22472113873856     -1.57638804278043     -0.80337040243824      h
   -0.97369439323598      0.05670255177553      1.05007231200236      c
   -2.12308856805207      1.77601819093758      0.93293675597694      h
   -2.22475356678886     -1.57637215454029      0.80330207476313      h
    0.36850189850367     -0.07796222602660      3.38007516408553      o
   -0.82359911739031      0.00669800300642      4.74995061695402      h
  0.14811104796405D-05  0.22847498119857D-06  -.18903803443606D-05
  0.24337146421667D-04  -.65668526138738D-03  0.18355545999236D-04
  -.38464849263310D-04  0.66247738907842D-03  -.48658744691504D-04
  0.64234384840315D-05  -.44610969206594D-06  0.17646491027460D-04
  -.88103332143134D-05  -.27044032143062D-05  -.12942777504102D-04
  0.38496371565943D-04  0.66278502867609D-03  0.48772050426691D-04
  -.64437048182459D-05  -.44595371117064D-06  -.17595753130637D-04
  0.88318617371732D-05  -.27352444624389D-05  0.12832533006344D-04
  -.24335666006121D-04  -.65651990666067D-03  -.18395699415119D-04
  -.15137687467436D-05  0.10409458911981D-06  0.18808733834921D-05
  cycle =      6    SCF energy =     -230.2270483128   |dE/dxyz| =  0.001285
    0.82128324724082      0.01877147004912     -4.75031290973938      h
   -0.37010612008482     -0.06641822903261     -3.37985849878142      o
    0.97320883001507      0.06818919415458     -1.05050204367958      c
    2.12244874808962      1.78762794340242     -0.93413641621141      h
    2.22459343233533     -1.56473160867134     -0.80413862871912      h
   -0.97320797788995      0.06819257754867      1.05050190271830      c
   -2.12244473597379      1.78763343407533      0.93413463117049      h
   -2.22459534373125     -1.56472608450022      0.80413807326403      h
    0.37010567553280     -0.06641536056806      3.37985881123043      o
   -0.82128844570873      0.01872872995035      4.75031197048554      h
  -.14401630819546D-06  0.97783754836999D-06  0.31355505360682D-06
  0.24173355125617D-04  -.63653532243937D-03  0.21340801778694D-04
  -.37975059640395D-04  0.64495252391956D-03  -.38456691597975D-04
  -.33875810434723D-05  -.30408525878274D-05  0.27572575326403D-05
  0.21526783298718D-05  -.34028101298404D-05  -.70150435456579D-07
  0.37979292821575D-04  0.64510645951444D-03  0.38534932884651D-04
  0.33711418128443D-05  -.30341707932744D-05  -.27382920544219D-05
  -.21300406461591D-05  -.34102559747288D-05  0.33705041055347D-08
  -.24163687907743D-04  -.63643582933701D-03  -.21365398545369D-04
  0.12356905227314D-06  0.91065045948155D-06  -.31992743785307D-06
  cycle =      7    SCF energy =     -230.2270483132   |dE/dxyz| =  0.001277
    0.82128710491033      0.01870599769178     -4.75030839052108      h
   -0.37010631910851     -0.06640536655510     -3.37985192594290      o
    0.97321131502662      0.06820015840978     -1.05049959792780      c
    2.12245989266316      1.78764825476736     -0.93415736350007      h
    2.22459382840959     -1.56470840351901     -0.80413295537340      h
   -0.97321084291720      0.06820169526217      1.05049934533113      c
   -2.12245612583957      1.78765214218413      0.93415830134045      h
   -2.22459632267876     -1.56470424270794      0.80413011721758      h
    0.37010574413212     -0.06640826598447      3.37985183418067      o
   -0.82129096477269      0.01867009685953      4.75030752693332      h
  0.17095490740757D-06  0.55149295315869D-06  0.12830844025270D-06
  0.24298377068063D-04  -.63527864875309D-03  0.22904130782829D-04
  -.37415503575679D-04  0.63843320780976D-03  -.37275171949384D-04
  -.11357704804163D-05  -.17280697522786D-06  0.14931312787644D-05
  0.52659746100403D-06  -.54740485237932D-06  -.41273543244588D-06
  0.37423989650002D-04  0.63855270981867D-03  0.37337971341652D-04
  0.11241217333004D-05  -.16658630954290D-06  -.14709719867399D-05
  -.51490446393914D-06  -.55237313754449D-06  0.35429054076914D-06
  -.24297751717314D-04  -.63528396501020D-03  -.22927234777685D-04
  -.18027689371481D-06  0.55278068305965D-06  -.13191815607729D-06
  cycle =      9    SCF energy =     -230.2270483132   |dE/dxyz| =  0.001273
    0.82128237180684      0.01870460128280     -4.75030947787067      h
   -0.37010796491051     -0.06641685555497     -3.37985081096718      o
    0.97321106696183      0.06819076662499     -1.05049878293131      c
    2.12246744682253      1.78764167006733     -0.93417924771785      h
    2.22459238683351     -1.56471095802513     -0.80412441944808      h
   -0.97321056589292      0.06819309024638      1.05049866133738      c
   -2.12246418591132      1.78764578251433      0.93417779987673      h
   -2.22459441246687     -1.56470676807877      0.80412469511148      h
    0.37010771923054     -0.06641489552092      3.37985100844287      o
   -0.82128567825913      0.01867552660315      4.75030896447289      h
  0.40577773583827D-07  0.92475895264057D-06  0.12706606335907D-06
  0.24582125312814D-04  -.63490304023641D-03  0.22934318672554D-04
  -.37442202199186D-04  0.63480696171776D-03  -.35959312323056D-04
  0.10473372844975D-06  0.11222608342565D-05  0.41675834316893D-06
  -.32442113393506D-06  0.10691377941690D-05  -.29797146285753D-06
  0.37441436629165D-04  0.63480731784520D-03  0.35967478970179D-04
  -.92553952921311D-07  0.11191859163266D-05  -.43194477300980D-06
  0.31766886758418D-06  0.10671790011663D-05  0.29963157564200D-06
  -.24581560005160D-04  -.63481283695592D-03  -.22929971926512D-04
  -.46040909671053D-07  0.88768839236035D-06  -.12642026067393D-06
  cycle =     10    SCF energy =     -230.2270483133   |dE/dxyz| =  0.001273
    0.82128544537608      0.01865354086528     -4.75031029341396      h
   -0.37010985323444     -0.06640148392774     -3.37985162666227      o
    0.97320989989981      0.06820456928371     -1.05049893701986      c
    2.12246815137689      1.78765295850603     -0.93418174527628      h
    2.22459081617053     -1.56469916943791     -0.80412384746599      h
   -0.97320965754147      0.06820566809038      1.05049880307896      c
   -2.12246524343734      1.78765596365808      0.93418258385166      h
   -2.22459303087579     -1.56469593774680      0.80412210085066      h
    0.37010948522873     -0.06640393489332      3.37985154830671      o
   -0.82128782874850      0.01862978576148      4.75030980405663      h
  0.65608326321345D-07  0.53214334545445D-06  0.25401373337497D-07
  0.24521153044212D-04  -.63449095364485D-03  0.22664237991028D-04
  -.37822514944320D-04  0.63553418503499D-03  -.35541572544465D-04
  -.86066263810200D-07  0.73764008578132D-06  0.35469388905921D-06
  -.84830191282970D-09  0.70477118042627D-06  -.19008390350007D-06
  0.37825929339812D-04  0.63558642395769D-03  0.35562631437024D-04
  0.80809544368865D-07  0.74412779988710D-06  -.34529559117861D-06
  0.73530319169520D-08  0.70711651617704D-06  0.16832690790818D-06
  -.24523143674109D-04  -.63450509635094D-03  -.22673845265265D-04
  -.68372395231925D-07  0.53825494413879D-06  -.24591635788047D-07
$end
