$hessapprox internal
  0.168678400439D-01 -0.130308696753D-03  0.620151658985D+00  0.335274661576D-03
 -0.702984321562D-04  0.372158033679D+00  0.196585468564D-03  0.370190893051D-03
  0.277690336148D-03  0.421263647739D+00 -0.604923464118D-03 -0.484364612893D-03
 -0.418853316034D-03  0.237214094926D-02  0.419466765094D+00 -0.168734019276D-02
 -0.268372912810D-03 -0.447974596402D-03  0.152716818474D-02 -0.185076221757D-02
  0.345673536523D+00  0.337362741081D-02  0.508474971317D-03  0.876971419507D-03
 -0.292127354276D-02  0.352155235813D-02  0.781843467083D-03  0.345696627959D+00
 -0.963383839747D-03 -0.213341546162D-03 -0.295766700049D-03  0.115452333352D-02
 -0.143918801727D-02 -0.519707292724D-03  0.948378514641D-03  0.320315683801D+00
 -0.814505696982D-02 -0.137010126970D-02 -0.221209336045D-02  0.772267278563D-02
 -0.940873415591D-02 -0.250746077260D-02  0.439722058441D-02 -0.274957601319D-02
  0.331454353368D+00  0.283393138923D-03  0.372614991875D-03  0.293163685251D-03
 -0.179621377136D-02  0.239492964686D-02  0.150091150848D-02 -0.286644505457D-02
  0.114451937035D-02  0.760211856295D-02  0.421215802069D+00 -0.624963000399D-03
 -0.482447970027D-03 -0.420777798204D-03  0.236628531421D-02 -0.312275661263D-02
 -0.183392798525D-02  0.348821731568D-02 -0.142888580752D-02 -0.932661522251D-02
  0.238833874155D-02  0.419487890191D+00 -0.185504897341D-02 -0.296622299575D-03
 -0.493547876458D-03  0.168636168210D-02 -0.204473638923D-02 -0.503991986489D-03
  0.872706142599D-03 -0.576446529212D-03 -0.279121699446D-02  0.165762597089D-02
 -0.202621086317D-02  0.345564082792D+00  0.270922309103D-02  0.486168712464D-03
  0.756045370769D-03 -0.271183804125D-02  0.332325483255D-02  0.966478976253D-03
 -0.171682748045D-02  0.101283308715D-02  0.523763633283D-02 -0.267426472565D-02
  0.329559048677D-02  0.107461968403D-02  0.345049532265D+00 -0.101184059060D-02
 -0.220752441866D-03 -0.308434491189D-03  0.119698793561D-02 -0.149045327184D-02
 -0.531404758143D-03  0.968358008830D-03 -0.504731684630D-03 -0.281509115207D-02
  0.118620536485D-02 -0.147967102279D-02 -0.589497655699D-03  0.103831674165D-02
  0.320287442173D+00 -0.757076891802D-02 -0.132188991563D-02 -0.208832048045D-02
  0.740564555791D-02 -0.905325207047D-02 -0.254119101753D-02  0.449127360585D-02
 -0.271190646964D-02 -0.138320895744D-01  0.729760595893D-02 -0.897636711251D-02
 -0.282680810994D-02  0.523945940481D-02 -0.277867075877D-02  0.331322367266D+00
  0.233597683064D-02 -0.945531473586D-04  0.310073712829D-03  0.767980800393D-04
 -0.403447140108D-03 -0.140170562237D-02  0.280970981541D-02 -0.784957260138D-03
 -0.674720662957D-02  0.151816271251D-03 -0.421397130833D-03 -0.154062244469D-02
  0.223649712949D-02 -0.825286807742D-03 -0.625912590544D-02  0.162845518059D-01
 -0.957229888272D-04 -0.698914791858D-04 -0.617853956247D-04  0.343616243843D-03
 -0.452828775225D-03 -0.263479802994D-03  0.500848090180D-03 -0.205935433674D-03
 -0.134075587143D-02  0.346661971532D-03 -0.451245629927D-03 -0.291121994678D-03
  0.474071980010D-03 -0.213228535792D-03 -0.129090068788D-02 -0.655654212528D-04
  0.620160605450D+00  0.288142640331D-03 -0.750078818856D-04 -0.389803122271D-05
  0.307247329657D-03 -0.452817332099D-03 -0.448481075145D-03  0.875538103984D-03
 -0.301287896105D-03 -0.222103296570D-02  0.321756047186D-03 -0.454303610998D-03
 -0.494241788285D-03  0.761668482388D-03 -0.313944453336D-03 -0.210084146319D-02
  0.270208888272D-03 -0.665720006036D-04  0.372136951919D+00 -0.330870873838D-03
 -0.328228969393D-03 -0.271212750982D-03  0.159503465441D-02 -0.211653666631D-02
 -0.128768204064D-02  0.245474091672D-02 -0.991499779381D-03 -0.653400121832D-02
  0.161275069341D-02 -0.211006886325D-02 -0.142238358526D-02  0.230314654503D-02
 -0.102721639009D-02 -0.627962183047D-02 -0.204513783169D-03 -0.306123263927D-03
 -0.295299030621D-03  0.491183916821D+00  0.107098201358D-02 -0.224755084224D-04
  0.156048993920D-03 -0.629182997611D-04 -0.521483121022D-04 -0.551829500174D-03
  0.111386280331D-02 -0.292503002610D-03 -0.263575937808D-02 -0.302562943166D-04
 -0.606177512124D-04 -0.606085942883D-03  0.865284495743D-03 -0.308461520262D-03
 -0.243175556304D-02  0.938900843425D-03 -0.107870613546D-04  0.139588853950D-03
 -0.476477380379D-05  0.382588372789D+00 -0.448275135028D-03 -0.339636915505D-03
 -0.297548717668D-03  0.166714111965D-02 -0.219908383363D-02 -0.128753787531D-02
  0.244847225437D-02 -0.100420988628D-02 -0.654918513069D-02  0.168242748637D-02
 -0.219152819403D-02 -0.142256028644D-02  0.231467538916D-02 -0.103985932690D-02
 -0.630403283552D-02 -0.303898183326D-03 -0.317748194127D-03 -0.321037907510D-03
 -0.148616676491D-02 -0.458877053429D-04  0.491068307117D+00  0.111052393662D-02
 -0.747576368168D-06  0.176819016320D-03 -0.171281972215D-03  0.894575509930D-04
 -0.474066404899D-03  0.966619357134D-03 -0.230490906494D-03 -0.223852033856D-02
 -0.139285490189D-03  0.804162142944D-04 -0.520132269471D-03  0.724234363698D-03
 -0.244303020280D-03 -0.204834639948D-02  0.967808379117D-03  0.964163548896D-05
  0.161714446176D-03  0.912349677648D-04  0.429762764462D-03  0.533940374318D-04
  0.382596311311D+00  0.204664858907D-02  0.532810575337D-03  0.681285224762D-03
 -0.282680543623D-02  0.356381797837D-02  0.145029686131D-02 -0.267930227591D-02
  0.129946178641D-02  0.758600373903D-02 -0.281215476970D-02  0.354101718148D-02
  0.160679773073D-02 -0.276200534197D-02  0.133878842987D-02  0.743061595487D-02
  0.164728000721D-02  0.510970839979D-03  0.699940832210D-03  0.244567013890D-02
  0.591535235986D-03  0.248960661727D-02  0.436477740169D-03  0.390504323370D+00
  0.000000000000D+00  0.000000000000D+00  0.000000000000D+00  0.000000000000D+00
  0.000000000000D+00  0.000000000000D+00  0.000000000000D+00  0.000000000000D+00
  0.000000000000D+00  0.000000000000D+00  0.000000000000D+00  0.000000000000D+00
  0.000000000000D+00  0.000000000000D+00  0.000000000000D+00  0.000000000000D+00
  0.000000000000D+00  0.000000000000D+00  0.000000000000D+00  0.000000000000D+00
  0.000000000000D+00  0.000000000000D+00  0.000000000000D+00  0.000000000000D+00
$end
