$coord
    0.81166525475218     -1.24994851466187     -4.16716037728777  h
   -0.38373823811867     -0.87210535301435     -2.84614720371669  o
    0.71280966094893      0.97901523147436     -1.23305744303219  c
    0.58014749203725      2.85416894692635     -2.10384403597708  h
    2.70115445058399      0.57315273094290     -0.83622222850317  h
   -0.71280893203884      0.97901607845284      1.23305789277577  c
   -0.58014505867510      2.85416986677791      2.10384427250852  h
   -2.70115415562793      0.57315508349596      0.83622284079111  h
    0.38373779734140     -0.87210558390040      2.84614705115357  o
   -0.81166237563217     -1.24994133555516      4.16716543605155  h
$intdef
# definitions of internal coordinates
   1 f  1.0000000000000 tors    2    3    6    9 val=  87.00000
$user-defined bonds
$redundant
     number_of_atoms            10
     degrees_of_freedom         24
     internal_coordinates       25
     frozen_coordinates          1
# definitions of redundant internals
   1 k  1.0000000000000 tors   1    2    3    6 val= 197.86828
   2 k  1.0000000000000 stre   2    1           val=   1.82122
   3 k  1.0000000000000 bend   3    1    2      val= 108.07570
   4 k  1.0000000000000 stre   3    5           val=   2.06778
   5 k  1.0000000000000 stre   3    4           val=   2.07173
   6 k  0.0789283645155 bend   4    5    3      val=   0.98272
       -0.5225546654372 bend   2    5    3
       -0.4938486237269 bend   2    4    3
        0.4799893707483 bend   6    5    3
        0.4964178438740 bend   6    4    3
   7 k  0.0058336071789 bend   4    5    3      val=   0.04256
       -0.5273369062113 bend   2    5    3
        0.5501514501486 bend   2    4    3
       -0.4698046886376 bend   6    5    3
        0.4455319212001 bend   6    4    3
   8 k -0.8886853710792 bend   4    5    3      val=   1.40038
        0.1768529362213 bend   2    5    3
        0.1953242380020 bend   2    4    3
        0.2681346969949 bend   6    5    3
        0.2625139548596 bend   6    4    3
   9 k -0.0080598279791 bend   4    5    3      val=   1.16613
        0.4594521393965 bend   2    5    3
       -0.4558906686792 bend   2    4    3
       -0.5320448633615 bend   6    5    3
        0.5458303146206 bend   6    4    3
  10 k  1.0000000000000 stre   6    8           val=   2.06778
  11 k  1.0000000000000 stre   6    7           val=   2.07173
  12 k  0.0789283902079 bend   7    8    6      val=   0.98271
       -0.5225546237330 bend   9    8    6
       -0.4938486763000 bend   9    7    6
        0.4799893768799 bend   3    8    6
        0.4964178254592 bend   3    7    6
  13 k  0.0058335547946 bend   7    8    6      val=   0.04256
       -0.5273369335865 bend   9    8    6
        0.5501514194462 bend   9    7    6
       -0.4698046553108 bend   3    8    6
        0.4455319625387 bend   3    7    6
  14 k -0.8886853469798 bend   7    8    6      val=   1.40038
        0.1768529920119 bend   9    8    6
        0.1953241969873 bend   9    7    6
        0.2681347368462 bend   3    8    6
        0.2625139886700 bend   3    7    6
  15 k -0.0080597990587 bend   7    8    6      val=   1.16612
        0.4594521455477 bend   9    8    6
       -0.4558906713467 bend   9    7    6
       -0.5320448908851 bend   3    8    6
        0.5458302808134 bend   3    7    6
  16 k  1.0000000000000 tors  10    9    6    3 val= 197.86798
  17 k  1.0000000000000 stre   9   10           val=   1.82122
  18 k  1.0000000000000 bend   6   10    9      val= 108.07569
  19 k  1.0000000000000 tors   2    3    6    9 val=  87.00000
  20 k  1.0000000000000 stre   3    2           val=   2.68907
  21 k  1.0000000000000 bend   6    2    3      val= 108.37609
  22 k  1.0000000000000 stre   6    9           val=   2.68907
  23 k  1.0000000000000 bend   3    9    6      val= 108.37606
  24 k  1.0000000000000 stre   3    6           val=   2.84853
  25 f  1.0000000000000 tors   2    3    6    9 val=  87.00000
        24 non zero eigenvalues  of BmBt
           1           4.296431598    1    0
         1
           2           3.816774268    2    0
         2
           3           3.742882456    3    0
         3
           4           3.029157742    4    0
         4
           5           2.897376750    5    0
         5
           6           2.432390051    6    0
         6
           7           2.079956290    7    0
         7
           8           1.732345916    8    0
         8
           9           1.249623467    9    0
         9
          10           1.230856820   10    0
        10
          11           1.035092284   11    0
        11
          12           0.829402396   12    0
        12
          13           0.773085143   13    0
        13
          14           0.730048324   14    0
        14
          15           0.578818355   15    0
        15
          16           0.476038395   16    0
        16
          17           0.352825397   17    0
        17
          18           0.348690509   18    0
        18
          19           0.279584798   20    0
        20
          20           0.253691141   21    0
        21
          21           0.107924544   22    0
        22
          22           0.074781002   23    0
        23
          23           0.066563806   24    0
        24
          24           0.000000000    0    1
         0.000000000         0.000000000         0.000000000         0.000000000
         0.000000000         0.000000000         0.000000000         0.000000000
         0.000000000         0.000000000         0.000000000         0.000000000
         0.000000000         0.000000000         0.000000000         0.000000000
         0.000000000         0.000000000         0.000000000         0.000000000
         0.000000000         0.000000000         0.000000000         0.000000000
         1.000000000
$end
