$energy      SCF               SCFKIN            SCFPOT            MP2
     1 -229.0266456256      228.770155     -457.796801     -.8130475990286
     2 -229.0272338378      228.782504     -457.809738     -.8130223195114
     3 -229.0273517128      228.797214     -457.824566     -.8131406102670
     4 -229.0273146613      228.791227     -457.818542     -.8132010717752
     5 -229.0273048801      228.788917     -457.816222     -.8132158212484
     6 -229.0273215248      228.790025     -457.817346     -.8131995877595
     7 -229.0273247032      228.790065     -457.817389     -.8131964507133
     8 -229.0273247034      228.790060     -457.817384     -.8131964390111
     9 -229.0273246160      228.790046     -457.817370     -.8131964963467
    10 -229.0273245015      228.790039     -457.817364     -.8131965995165
    11 -229.0273245017      228.790040     -457.817365     -.8131966102657
    12 -229.0273245487      228.790045     -457.817370     -.8131965797902
    13 -229.0273247830      228.790066     -457.817391     -.8131963821093
$end
