$grad          cartesian gradients
  cycle =      1 MP2 energy =     -229.8396932246 |dE/dxyz| =  0.010283
    0.52977301172436     -0.92684719066445     -4.39760788674665      h
   -0.37298472828932     -0.88946118813089     -2.82016097254252      o
    0.73645523501179      0.97635844086350     -1.22784921578089      c
    0.63661343475050      2.86048607102410     -2.08355666091645      h
    2.72472404814222      0.55008825457693     -0.83136155182457      h
   -0.73650087560628      0.97633053997902      1.22783764122882      c
   -0.63678511324428      2.86045757042922      2.08352578138118      h
   -2.72475224850344      0.54993161121616      0.83132305467363      h
    0.37307432738845     -0.88936351322638      2.82020034137948      o
   -0.53045146833582     -0.92761168385601      4.39719029051784      h
  -.25666496156740D-02  -.31155764220125D-03  0.10724239518622D-02
  0.52787065726889D-03  -.97592018160508D-03  -.13346355203128D-02
  0.55793624894824D-02  0.61023010783057D-03  -.29165879735560D-04
  0.15271746795349D-02  0.88294730655702D-03  0.16408745232996D-02
  0.16826290799403D-02  -.20514174399006D-03  -.13660031346594D-02
  -.55748061134064D-02  0.61389943619483D-03  0.31261816344719D-04
  -.15264626001044D-02  0.87720250427292D-03  -.16425492028704D-02
  -.16883588922996D-02  -.20520235930349D-03  0.13639608051093D-02
  -.52542687778789D-03  -.97489806106577D-03  0.13348191889007D-02
  0.25646671930877D-02  -.31155941207539D-03  -.10709865477017D-02
  cycle =      2 MP2 energy =     -229.8402561573 |dE/dxyz| =  0.005748
    0.60280232519266     -0.99895193270265     -4.34946414961365      h
   -0.40162233351199     -0.86567614686032     -2.83588079433873      o
    0.71024452338661      0.98849755749163     -1.23811225900568      c
    0.58106503341749      2.86928718061918     -2.09693685870591      h
    2.70267549663018      0.57745691066730     -0.86423007149211      h
   -0.71035168506602      0.98845411516158      1.23809630659715      c
   -0.58124384944647      2.86922241216691      2.09697597626582      h
   -2.70276480348304      0.57735192835422      0.86418114872350      h
    0.40159626665344     -0.86570218751679      2.83582499472310      o
   -0.60323535073467     -0.99957092516985      4.34908652821638      h
  -.96977445012625D-03  -.14078160307618D-03  -.41658033881387D-03
  -.95079788015262D-04  0.77880571076072D-03  -.40842015571307D-03
  0.33583913881277D-02  -.90952444899095D-03  0.87312797143446D-03
  0.73578383904330D-03  0.23872961536098D-03  0.60804587775953D-03
  0.22180860658638D-03  0.30948211466209D-04  -.84799345563605D-03
  -.33589366577988D-02  -.90684447475065D-03  -.87091168621822D-03
  -.73557386282674D-03  0.23800626399950D-03  -.60715827903768D-03
  -.22262984574173D-03  0.31334460731336D-04  0.84670689708258D-03
  0.97856242688543D-04  0.78044658766885D-03  0.40699882941109D-03
  0.96815452842014D-03  -.14112038395420D-03  0.41618433766288D-03
  cycle =      3 MP2 energy =     -229.8404923231 |dE/dxyz| =  0.006212
    0.67667560649215     -1.11958011954456     -4.24643246021729      h
   -0.44315551053097     -0.83258113573395     -2.83768262655610      o
    0.68428096255469      1.01513891090063     -1.24723284603287      c
    0.52525778046420      2.89251069619231     -2.10936546572285      h
    2.68254160805421      0.61517724387787     -0.89648224887199      h
   -0.68443095825966      1.01504290710257      1.24718905421685      c
   -0.52543259951797      2.89235195879395      2.10946686845713      h
   -2.68268100404823      0.61509369824623      0.89639151110765      h
    0.44300473084731     -0.83278543995968      2.83751932420241      o
   -0.67689499301754     -1.11999980766418      4.24616971078692      h
  0.29416988574793D-03  0.16186369660431D-03  -.38048985303485D-03
  -.14210745984284D-02  0.21800826043910D-02  0.44573115558499D-04
  0.18983445364462D-02  -.23689794536819D-02  0.17278200592754D-02
  -.19033475585742D-03  -.31865502439388D-04  0.39558085529912D-04
  -.11845136350797D-03  0.58890284160062D-04  -.12643294773629D-05
  -.18994464313371D-02  -.23689659610242D-02  -.17299857332491D-02
  0.19006288865668D-03  -.31360275499104D-04  -.39008352402892D-04
  0.11994808363314D-03  0.59247223393788D-04  0.11223376375213D-05
  0.14206508962449D-02  0.21797914250996D-02  -.42825076711495D-04
  -.29386914192520D-03  0.16129586789004D-03  0.38049974593823D-03
  cycle =      4 MP2 energy =     -229.8405157331 |dE/dxyz| =  0.005756
    0.69201496743558     -1.16483809397240     -4.21009983944661      h
   -0.45567256791154     -0.82187785491567     -2.83768429696751      o
    0.67963129014734      1.02743945045806     -1.25105571266748      c
    0.51908659750389      2.90424481140098     -2.11442824081031      h
    2.67881131925024      0.62570393489264     -0.90644772178834      h
   -0.67979416876281      1.02733372342944      1.25100888851856      c
   -0.51925529318943      2.90406466691547      2.11454526655085      h
   -2.67897125027847      0.62562528719403      0.90635891956116      h
    0.45550501518860     -0.82211784005382      2.83748414363571      o
   -0.69219028634523     -1.16520917313753      4.20985941478384      h
  0.18483353829213D-03  0.13620723929741D-03  -.70125216198313D-04
  -.16263505860978D-02  0.17212715074297D-02  -.62746418555815D-03
  0.22112025371275D-02  -.19716687183320D-02  0.12984999988939D-02
  -.15868533753925D-03  0.76043949185589D-04  0.16569454063697D-04
  0.27354214234165D-04  0.37977904441766D-04  0.94349682521172D-04
  -.22113095775729D-02  -.19713729363873D-02  -.12991530338806D-02
  0.15857799728891D-03  0.76117410243270D-04  -.16211469432648D-04
  -.26902874269652D-04  0.37990024205348D-04  -.94470173537364D-04
  0.16257753449436D-02  0.17213385247485D-02  0.62801895529763D-03
  -.18449525639586D-03  0.13609499805467D-03  0.69985987965815D-04
  cycle =      5 MP2 energy =     -229.8405207013 |dE/dxyz| =  0.005528
    0.69715217186350     -1.19059482766735     -4.18924661905965      h
   -0.46214654516439     -0.81561986458502     -2.83565430447133      o
    0.67822686112386      1.03531904226081     -1.25264127108422      c
    0.51986311259555      2.91121382319627     -2.11776510413053      h
    2.67709272843362      0.63035660167591     -0.91102202792289      h
   -0.67839508694841      1.03520943033987      1.25259398327015      c
   -0.52002836264766      2.91102650988625      2.11788510150332      h
   -2.67726203172997      0.63027979866771      0.91093745613468      h
    0.46197575442865     -0.81587220056153      2.83544054838852      o
   -0.69731297891658     -1.19094940100173      4.18901305874183      h
  0.44707549823997D-04  0.63819478853588D-04  0.51826436680003D-04
  -.15929032610567D-02  0.14659644282116D-02  -.86539281227527D-03
  0.24719069206154D-02  -.15886547666866D-02  0.10908201182911D-02
  -.49159140839222D-04  0.56587768003880D-04  0.55553929773078D-04
  0.35158413401515D-04  0.21566492122704D-05  0.37787849029469D-04
  -.24716715990367D-02  -.15883424449350D-02  -.10906792889571D-02
  0.49168375418046D-04  0.56483065139723D-04  -.55500698034727D-04
  -.35350322060257D-04  0.20818433406622D-05  -.37892731249156D-04
  0.15928068689348D-02  0.14660505583670D-02  0.86531585673644D-03
  -.44663805637946D-04  0.63853322629370D-04  -.51838657769920D-04
  cycle =      6 MP2 energy =     -229.8405211126 |dE/dxyz| =  0.005456
    0.69625879925833     -1.19214933995334     -4.18830079957882      h
   -0.46229025456948     -0.81493316500181     -2.83464923230454      o
    0.67840802685686      1.03613183535985     -1.25235715425075      c
    0.52147218282661      2.91144685593517     -2.11867935927330      h
    2.67691579581267      0.63017877192918     -0.91073849344441      h
   -0.67857540117841      1.03602235331661      1.25230999450383      c
   -0.52163765783284      2.91126123346061      2.11879660905812      h
   -2.67708360033532      0.63010146503092      0.91065528715290      h
    0.46212093264017     -0.81518320235481      2.83443912735717      o
   -0.69642320044041     -1.19250789551120      4.18806484214968      h
  0.17698769543717D-04  0.10711731126767D-04  0.16804179701069D-05
  -.14869770102015D-02  0.15589116437553D-02  -.77956287477754D-03
  0.23895554205153D-02  -.15613582969265D-02  0.12184209960842D-02
  -.10101005327737D-04  -.26068985725658D-06  0.25076329172258D-04
  -.14940799211161D-04  -.79883760462640D-05  -.66108887945004D-05
  -.23895576365809D-02  -.15612790728499D-02  -.12185505788909D-02
  0.10090628015894D-04  -.26592883628496D-06  -.25121372660308D-04
  0.14945834638347D-04  -.79736891815951D-05  0.65946753111112D-05
  0.14869986356265D-02  0.15588026025597D-02  0.77969363715802D-03
  -.17712836465567D-04  0.10699977911921D-04  -.16203398769399D-05
  cycle =      7 MP2 energy =     -229.8405211539 |dE/dxyz| =  0.005435
    0.69607500951123     -1.19241813428176     -4.18825455711379      h
   -0.46229155591470     -0.81483204596899     -2.83457451298316      o
    0.67839760315308      1.03622967428012     -1.25229803382985      c
    0.52170055902405      2.91142242457116     -2.11898496230692      h
    2.67692740556124      0.63027206788608     -0.91058435630502      h
   -0.67856474767952      1.03612088803860      1.25225123382731      c
   -0.52186602731314      2.91123798836599      2.11910172373160      h
   -2.67709491571837      0.63019466703972      0.91050223842877      h
    0.46212317076692     -0.81508005128740      2.83436559620965      o
   -0.69624087835260     -1.19277856643234      4.18801645171127      h
  0.95747686135184D-06  -.90968824628668D-06  -.16111562679555D-05
  -.14598078806962D-02  0.15767563245701D-02  -.78995478785160D-03
  0.23369010286447D-02  -.15702257007719D-02  0.12656719275221D-02
  -.22522722928214D-05  -.79821099818744D-06  0.12839410385990D-05
  -.42212302240330D-05  -.48472230121388D-05  -.25834781318401D-05
  -.23369147762411D-02  -.15701391666116D-02  -.12657800896607D-02
  0.22576447679251D-05  -.77015205013353D-06  -.12849386530345D-05
  0.42210812649657D-05  -.48518894689153D-05  0.25808367352664D-05
  0.14598239700394D-02  0.15766948635862D-02  0.79007900126715D-03
  -.96504260804764D-06  -.90925498019701D-06  0.15987439265785D-05
  cycle =      8 MP2 energy =     -229.8405211424 |dE/dxyz| =  0.005435
    0.81160602491674     -1.24978025430101     -4.16730104865116      h
   -0.38371837523934     -0.87213519854696     -2.84615843480603      o
    0.71282115400270      0.97899558659734     -1.23305088000107      c
    0.58013154755909      2.85415053051055     -2.10381804235595      h
    2.70114644107140      0.57305299544646     -0.83623309788542      h
   -0.71282071579415      0.97899594571208      1.23305113058479      c
   -0.58012964589831      2.85415085598415      2.10381834586361      h
   -2.70114632493194      0.57305470870161      0.83623342753593      h
    0.38371780070868     -0.87213593226794      2.84615799401931      o
   -0.81160414502438     -1.24977548052620      4.16730442605316      h
  0.13395210625156D-05  -.52922133630950D-06  -.16412845540437D-05
  -.14376541393517D-02  0.15762908588766D-02  -.83046559470557D-03
  0.23009577025088D-02  -.15702246510552D-02  0.13297060807747D-02
  -.24734820809613D-05  -.69860408968836D-06  0.13686616264774D-05
  -.42245383120587D-05  -.48403247370765D-05  -.28800924473660D-05
  -.23009692643852D-02  -.15702491500571D-02  -.13296727945935D-02
  0.24789287493554D-05  -.67167854078676D-06  -.13688322071381D-05
  0.42234567345645D-05  -.48440143342043D-05  0.28765128101127D-05
  0.14376612429885D-02  0.15762811750868D-02  0.83043648882963D-03
  -.13394276274781D-05  -.51447064186583D-06  0.16408552645508D-05
  cycle =      9 MP2 energy =     -229.8405211123 |dE/dxyz| =  0.005435
    0.81159935623320     -1.24979446738185     -4.16729164109395      h
   -0.38372359680577     -0.87214332918591     -2.84615428280300      o
    0.71282033162140      0.97898861599325     -1.23305154807825      c
    0.58012752602501      2.85414081499312     -2.10383001590416      h
    2.70116084308747      0.57309190308143     -0.83621812986521      h
   -0.71281969612976      0.97898913276563      1.23305185940731      c
   -0.58012567161062      2.85414141527686      2.10383002668387      h
   -2.70116048874187      0.57309354417481      0.83621858074551      h
    0.38372326143250     -0.87214343278380      2.84615448217966      o
   -0.81159810374107     -1.24979043962346      4.16729448908538      h
  -.23583525798898D-07  0.17252515882582D-06  -.20999971139801D-06
  -.14383417215811D-02  0.15759739502208D-02  -.83240868095924D-03
  0.22990250324981D-02  -.15732811609861D-02  0.13288853015354D-02
  -.17121191621394D-05  -.38091340526236D-06  0.55754385863693D-06
  -.11440233422810D-05  -.24823875072744D-05  -.10474216246004D-05
  -.22990274286023D-02  -.15732976761273D-02  -.13288722743179D-02
  0.17126021400471D-05  -.37091793947397D-06  -.56678829962742D-06
  0.11419730014950D-05  -.24862176857821D-05  0.10472817602025D-05
  0.14383586618969D-02  0.15759891867670D-02  0.83241507078124D-03
  0.10606683531478D-07  0.16352903076111D-06  0.19996860256555D-06
  cycle =     10 MP2 energy =     -229.8405211010 |dE/dxyz| =  0.005437
    0.81160948891872     -1.24986108648719     -4.16723525548277      h
   -0.38374387378189     -0.87213449205399     -2.84614821793399      o
    0.71281160522652      0.97899479679863     -1.23305652624080      c
    0.58012404522410      2.85414616124450     -2.10384338196854      h
    2.70116471165116      0.57313880809899     -0.83621794334166      h
   -0.71281139307756      0.97899474396001      1.23305637946759      c
   -0.58012215324911      2.85414547937426      2.10384431335901      h
   -2.70116488013643      0.57314066659759      0.83621767324693      h
    0.38374263663481     -0.87213658204848      2.84614671211357      o
   -0.81160642603983     -1.24985473817422      4.16724006713783      h
  0.23510965929674D-06  -.36355828836321D-06  0.86415666222805D-06
  -.14401992390871D-02  0.15775480031595D-02  -.83302638960348D-03
  0.22967601215149D-02  -.15770720955826D-02  0.13273990061329D-02
  -.41045320639532D-06  -.38946126323935D-08  -.29114172184208D-07
  0.63394632165981D-06  -.97199151671834D-07  0.29290888875488D-06
  -.22967625620374D-02  -.15770636198336D-02  -.13274062949542D-02
  0.41199174369289D-06  -.16802188529397D-07  0.39156185849265D-07
  -.62638899800405D-06  -.89580158957325D-07  -.29432311027255D-06
  0.14401467808378D-02  0.15774687007681D-02  0.83297988408670D-03
  -.18930654066551D-06  -.31003583988998D-06  -.81898974091388D-06
  cycle =     11 MP2 energy =     -229.8405211120 |dE/dxyz| =  0.005437
    0.81164331606804     -1.24986158480572     -4.16722812722034      h
   -0.38372070749869     -0.87213469749812     -2.84615081971392      o
    0.71282179462104      0.97899487454023     -1.23305063157584      c
    0.58014132354590      2.85414607274360     -2.10383892544670      h
    2.70117168345243      0.57313890546925     -0.83619590724598      h
   -0.71282112519987      0.97899534495811      1.23305075769413      c
   -0.58013886504308      2.85414624659287      2.10383939716974      h
   -2.70117141831351      0.57314124804400      0.83619606859662      h
    0.38371981977015     -0.87213569793522      2.84615030996150      o
   -0.81163992583139     -1.24985356117045      4.16723408254440      h
  0.47280391157756D-07  0.33763159068556D-06  0.47400968572475D-06
  -.14397972114644D-02  0.15768333864834D-02  -.83294816237345D-03
  0.22968840700610D-02  -.15769697709618D-02  0.13276510658846D-02
  -.30031513198470D-06  -.31048678739154D-07  0.36369647737899D-07
  0.54639189572825D-06  -.16804160174466D-06  0.36373843112503D-06
  -.22968885191093D-02  -.15769674090751D-02  -.13276743896111D-02
  0.29877853582883D-06  -.40138047552318D-07  -.36855440699313D-07
  -.53854282500154D-06  -.16466711166840D-06  -.36222677624043D-06
  0.14397687259420D-02  0.15768063043904D-02  0.83295252856708D-03
  -.20658738719703D-07  0.36367148803507D-06  -.45607664356240D-06
  cycle =     12 MP2 energy =     -229.8405211285 |dE/dxyz| =  0.005436
    0.81164425721285     -1.24986805758725     -4.16722374923599      h
   -0.38372160538595     -0.87213233628570     -2.84614957912647      o
    0.71282064177581      0.97899634495045     -1.23305119742263      c
    0.58014368872531      2.85414765994713     -2.10383981896998      h
    2.70116931009809      0.57313918479507     -0.83619858943785      h
   -0.71281957289128      0.97899747358534      1.23305178818821      c
   -0.58014129144284      2.85414917162825      2.10383942032090      h
   -2.70116856075392      0.57314138433734      0.83619951466578      h
    0.38372166109479     -0.87213125317371      2.84615074270480      o
   -0.81164263286183     -1.24986242125838      4.16722767307684      h
  0.17920458983411D-06  0.25843032669393D-06  -.71796081524411D-07
  -.14396377690371D-02  0.15772564816636D-02  -.83204935165604D-03
  0.22966153214354D-02  -.15773265113195D-02  0.13273982601907D-02
  -.14179019089400D-06  -.52953148976798D-07  0.43078688616305D-07
  0.86718900504934D-07  -.14865388964225D-06  0.87133460474620D-07
  -.22966193038476D-02  -.15773240768659D-02  -.13273879711340D-02
  0.13757654987456D-06  -.45366272516389D-07  -.51807273582227D-07
  -.91393385748262D-07  -.15587169399645D-06  -.85898515161942D-07
  0.14396811645172D-02  0.15773185335979D-02  0.83207797240359D-03
  -.20972946623843D-06  0.21990510790104D-06  0.40379148913416D-07
  cycle =     13 MP2 energy =     -229.8405211651 |dE/dxyz| =  0.005436
    0.81166525475218     -1.24994851466187     -4.16716037728777      h
   -0.38373823811867     -0.87210535301435     -2.84614720371669      o
    0.71280966094893      0.97901523147436     -1.23305744303219      c
    0.58014749203725      2.85416894692635     -2.10384403597708      h
    2.70115445058399      0.57315273094290     -0.83622222850317      h
   -0.71280893203884      0.97901607845284      1.23305789277577      c
   -0.58014505867510      2.85416986677791      2.10384427250852      h
   -2.70115415562793      0.57315508349596      0.83622284079111      h
    0.38373779734140     -0.87210558390040      2.84614705115357      o
   -0.81166237563217     -1.24994133555516      4.16716543605155      h
  0.12747471593855D-05  -.95278791811815D-06  -.13011077353298D-05
  -.14388741763867D-02  0.15800181226719D-02  -.82941389566038D-03
  0.22952938527752D-02  -.15792710543505D-02  0.13266913026830D-02
  0.70124061526955D-06  0.15845515122237D-07  0.97115167019268D-08
  -.19152905377240D-05  0.16617296433319D-06  -.83729658775789D-06
  -.22952888338330D-02  -.15792472483493D-02  -.13266345404257D-02
  -.70287379652645D-06  0.42199846284063D-07  0.13982786040145D-08
  0.18994988852938D-05  0.15778788742260D-06  0.82814354918082D-06
  0.14388960166478D-02  0.15800030264126D-02  0.82933499120319D-03
  -.12841815348885D-05  -.93214661922580D-06  0.13212935723317D-05
$end
