$hessapprox internal
  0.259429647911D-01 -0.295894305074D-01  0.657072949737D+00 -0.134493226255D-01
 -0.140633675133D-03  0.353619161788D+00  0.260419175141D-01 -0.277499612948D-01
  0.819082136866D-02  0.441373082566D+00  0.208494258916D-02 -0.496770297483D-02
 -0.205610825263D-02  0.428389446769D-02  0.423162069957D+00 -0.941375586164D-02
  0.130920587121D-01  0.619609065159D-04 -0.894879892823D-02 -0.158162125746D-02
  0.351569979944D+00 -0.272470860124D-01  0.311256191350D-01 -0.650443310940D-02
 -0.183681791015D-01 -0.450473316955D-02  0.100218716764D-01  0.369677482588D+00
 -0.127885724859D-01  0.338218583559D-02 -0.141401167539D-01  0.387497143213D-02
 -0.199306735214D-02  0.116665555651D-02 -0.230003488569D-02  0.310790630383D+00
  0.619578287975D-02 -0.111893600465D-01 -0.258145217804D-02  0.875330369569D-02
  0.106874992228D-02 -0.357432659846D-02 -0.943863201566D-02 -0.292574208962D-02
  0.349298263330D+00  0.254823798190D-01 -0.269228750729D-01  0.824281252219D-02
  0.147444340620D-01  0.418935726124D-02 -0.868379219959D-02 -0.177184466821D-01
  0.398534561051D-02  0.853429723074D-02  0.440216972453D+00  0.128216000120D-02
 -0.373684400479D-02 -0.193784709572D-02  0.339342796466D-02  0.236518690344D-03
 -0.118747805286D-02 -0.352368820979D-02 -0.179762169074D-02  0.748610955971D-03
  0.332347265546D-02  0.422926164163D+00 -0.830209704939D-02  0.112061531805D-01
 -0.281011009348D-03 -0.751373653697D-02 -0.139117869503D-02  0.359626052510D-02
  0.846285631999D-02  0.743801567709D-03 -0.310669655940D-02 -0.728591488921D-02
 -0.105160239664D-02  0.350444602774D+00 -0.257417009730D-01  0.281275548140D-01
 -0.740756660631D-02 -0.159304115022D-01 -0.424204217538D-02  0.906539310589D-02
  0.189271180429D-01 -0.324525003689D-02 -0.874585530763D-02 -0.153387333387D-01
 -0.334537635364D-02  0.762768433534D-02  0.364648658820D+00 -0.126124762359D-01
  0.308279872772D-02 -0.141950819987D-01  0.410301390219D-02 -0.196289267299D-02
  0.107093786956D-02 -0.254770732875D-02 -0.105638755602D-01 -0.285157926326D-02
  0.420748649199D-02 -0.177610606718D-02  0.660862104772D-03 -0.347369065632D-02
  0.310657611106D+00  0.727062870718D-02 -0.130563341654D-01 -0.295604642751D-02
  0.101892853048D-01  0.125335595665D-02 -0.417103684140D-02 -0.109941078061D-01
 -0.337109770392D-02  0.315518680111D-02  0.993357085564D-02  0.879429754730D-03
 -0.362432253413D-02 -0.101829714991D-01 -0.328439093300D-02  0.350291784161D+00
  0.302312114111D-02 -0.138934338131D-01 -0.958850941862D-02  0.136583874278D-01
  0.612565993008D-03 -0.440121565971D-02 -0.139241736357D-01 -0.850165781298D-02
  0.244613933651D-02  0.134053538855D-01  0.257276853528D-03 -0.394100842788D-02
 -0.133787700033D-01 -0.842886977149D-02  0.288348433604D-02  0.141204232071D-01
 -0.306461881310D-01  0.425603493496D-01  0.142024375609D-03 -0.290652629152D-01
 -0.514826582943D-02  0.136514077921D-01  0.325591093848D-01  0.374731583569D-02
 -0.116280100962D-01 -0.282035893060D-01 -0.386657162292D-02  0.116901345006D-01
  0.294468093883D-01  0.343597219313D-02 -0.135690489015D-01 -0.143386053831D-01
  0.660641069747D+00 -0.112982524055D-01 -0.380158586068D-02 -0.191975120382D-01
  0.109807115636D-01 -0.168747366540D-02 -0.110847200343D-02 -0.953407821659D-02
 -0.149681630449D-01 -0.167501495137D-02  0.109605463276D-01 -0.167507633933D-02
 -0.129524814393D-02 -0.102021944657D-01 -0.149983514983D-01 -0.189628349912D-02
 -0.870005453768D-02 -0.366508598757D-02  0.352571589382D+00  0.367597055806D-01
 -0.349066904404D-01  0.157728373464D-01  0.168941657340D-01  0.600091690058D-02
 -0.112883170194D-01 -0.212163172356D-01  0.904632738852D-02  0.117844489002D-01
  0.161404032900D-01  0.484462479027D-02 -0.937995599645D-02 -0.178801108191D-01
  0.934971747707D-02  0.137032847149D-01  0.200264243250D-01 -0.366464547590D-01
  0.194853515251D-01  0.512333795574D+00 -0.771492318598D-02  0.537218155837D-02
 -0.523986627909D-02 -0.137089763179D-02 -0.123833681480D-02  0.175354331709D-02
  0.229390099778D-02 -0.353743659960D-02 -0.221145021526D-02 -0.124656586412D-02
 -0.104178187869D-02  0.140678237057D-02  0.164175886436D-02 -0.359263099330D-02
 -0.256461471873D-02 -0.454523193232D-02  0.568376579822D-02 -0.591566353651D-02
 -0.182637210500D-03  0.383827803242D+00  0.384631633684D-01 -0.377727504541D-01
  0.152708058066D-01  0.190666800118D-01  0.629248556462D-02 -0.122047707803D-01
 -0.235789654364D-01  0.841834392045D-02  0.124978331641D-01  0.182563496046D-01
  0.505313977060D-02 -0.101736269084D-01 -0.200574597645D-01  0.874121143021D-02
  0.145372502030D-01  0.207357977751D-01 -0.396273522432D-01  0.192214074716D-01
  0.195131001867D-01 -0.704208940169D-03  0.518288862550D+00 -0.794285096050D-02
  0.641694730608D-02 -0.451963576335D-02 -0.239763368385D-02 -0.128449167802D-02
  0.208451293822D-02  0.334069815097D-02 -0.289874326026D-02 -0.239551103978D-02
 -0.225427176477D-02 -0.106121415684D-02  0.170312977996D-02  0.264750246020D-02
 -0.295941365997D-02 -0.278157993096D-02 -0.452433150914D-02  0.676202043576D-02
 -0.526227364414D-02 -0.168790925511D-02 -0.423110501618D-03 -0.226284724337D-02
  0.384509395883D+00 -0.255828893282D-02  0.502791295455D-02  0.146856904618D-02
 -0.406814702843D-02 -0.445699224183D-03  0.160433142586D-02  0.434780778112D-02
  0.155006319727D-02 -0.116833468181D-02 -0.397065066648D-02 -0.303886482547D-03
  0.140002532233D-02  0.405172898846D-02  0.151767124217D-02 -0.136777695925D-02
 -0.938619664407D-03  0.522020969742D-02  0.107272321837D-02 -0.555609468027D-02
  0.108070058963D-02 -0.586812358338D-02  0.115134848444D-02  0.406450794578D+00
  0.000000000000D+00  0.000000000000D+00  0.000000000000D+00  0.000000000000D+00
  0.000000000000D+00  0.000000000000D+00  0.000000000000D+00  0.000000000000D+00
  0.000000000000D+00  0.000000000000D+00  0.000000000000D+00  0.000000000000D+00
  0.000000000000D+00  0.000000000000D+00  0.000000000000D+00  0.000000000000D+00
  0.000000000000D+00  0.000000000000D+00  0.000000000000D+00  0.000000000000D+00
  0.000000000000D+00  0.000000000000D+00  0.000000000000D+00  0.000000000000D+00
$end
