$coord
    0.71582792977657     -1.26404487337978     -4.14861875357191  h
   -0.35747811163219     -0.98479801271431     -2.70834886008578  o
    0.59551835114664      1.09361284943493     -1.29649559457016  c
    0.14501529947575      2.89462827597001     -2.22603304524344  h
    2.65322966432939      0.97001745257206     -1.08287702455218  h
   -0.59551793492031      1.09361307405375      1.29649581372753  c
   -0.14501415424844      2.89462835763488      2.22603319546495  h
   -2.65322933574859      0.97001841716842      1.08287736476922  h
    0.35747783021307     -0.98479826179967      2.70834883306669  o
   -0.71582425348000     -1.26404028629351      4.14862264072740  h
$user-defined bonds
$intdef
# definitions of internal coordinates
   1 f  1.0000000000000 tors    2    3    6    9 val=  70.00000
$redundant
     number_of_atoms            10
     degrees_of_freedom         24
     internal_coordinates       25
     frozen_coordinates          1
# definitions of redundant internals
   1 k  1.0000000000000 tors   1    2    3    6 val= 195.75523
   2 k  1.0000000000000 stre   2    1           val=   1.81778
   3 k  1.0000000000000 bend   3    1    2      val= 109.00784
   4 k  1.0000000000000 stre   3    5           val=   2.07246
   5 k  1.0000000000000 stre   3    4           val=   2.07621
   6 k  0.0859865635458 bend   4    5    3      val=   1.12679
       -0.5097305360092 bend   2    5    3
       -0.5067692035955 bend   2    4    3
        0.4898419869440 bend   6    5    3
        0.4858198160464 bend   6    4    3
   7 k  0.0074672127565 bend   4    5    3      val=   0.09753
       -0.5439110487150 bend   2    5    3
        0.5423571886135 bend   2    4    3
       -0.4539916003786 bend   6    5    3
        0.4514923239263 bend   6    4    3
   8 k -0.8904906348915 bend   4    5    3      val=   0.84070
        0.1762953008327 bend   2    5    3
        0.1844029427580 bend   2    4    3
        0.2628553363912 bend   6    5    3
        0.2699055814683 bend   6    4    3
   9 k -0.0003889480135 bend   4    5    3      val=   0.06577
       -0.4508766017685 bend   2    5    3
        0.4546307995884 bend   2    4    3
        0.5415228764310 bend   6    5    3
       -0.5447696293524 bend   6    4    3
  10 k  1.0000000000000 stre   6    8           val=   2.07246
  11 k  1.0000000000000 stre   6    7           val=   2.07621
  12 k  0.0859866182195 bend   7    8    6      val=   1.12679
       -0.5097304696606 bend   9    8    6
       -0.5067692787173 bend   9    7    6
        0.4898420355275 bend   3    8    6
        0.4858197486367 bend   3    7    6
  13 k  0.0074672113097 bend   7    8    6      val=   0.09753
       -0.5439111180373 bend   9    8    6
        0.5423571353332 bend   9    7    6
       -0.4539915225251 bend   3    8    6
        0.4514923827255 bend   3    7    6
  14 k -0.8904906117156 bend   7    8    6      val=   0.84070
        0.1762953321237 bend   9    8    6
        0.1844028917510 bend   9    7    6
        0.2628553499247 bend   3    8    6
        0.2699056591619 bend   3    7    6
  15 k -0.0003890019873 bend   7    8    6      val=   0.06578
       -0.4508765695094 bend   9    8    6
        0.4546308137539 bend   9    7    6
        0.5415229139830 bend   3    8    6
       -0.5447696068630 bend   3    7    6
  16 k  1.0000000000000 tors  10    9    6    3 val= 195.75499
  17 k  1.0000000000000 stre   9   10           val=   1.81778
  18 k  1.0000000000000 bend   6   10    9      val= 109.00784
  19 k  1.0000000000000 tors   2    3    6    9 val=  70.00000
  20 k  1.0000000000000 stre   3    2           val=   2.68725
  21 k  1.0000000000000 bend   6    2    3      val= 109.23277
  22 k  1.0000000000000 stre   6    9           val=   2.68725
  23 k  1.0000000000000 bend   3    9    6      val= 109.23277
  24 k  1.0000000000000 stre   3    6           val=   2.85345
  25 f  1.0000000000000 tors   2    3    6    9 val=  70.00000
        24 non zero eigenvalues  of BmBt
           1           4.423150872    1    0
         1
           2           3.795592927    2    0
         2
           3           3.748368257    3    0
         3
           4           3.048421718    4    0
         4
           5           2.817206480    5    0
         5
           6           2.441310659    6    0
         6
           7           2.079668204    7    0
         7
           8           1.726595767    8    0
         8
           9           1.250121495    9    0
         9
          10           1.242468849   10    0
        10
          11           1.049734292   11    0
        11
          12           0.840049602   12    0
        12
          13           0.769992566   13    0
        13
          14           0.728614981   14    0
        14
          15           0.615128560   15    0
        15
          16           0.441148178   16    0
        16
          17           0.352321345   17    0
        17
          18           0.345766583   18    0
        18
          19           0.284086509   20    0
        20
          20           0.250704524   21    0
        21
          21           0.123089653   22    0
        22
          22           0.067600397   23    0
        23
          23           0.064604091   24    0
        24
          24           0.000000000    0    1
         0.000000000         0.000000000         0.000000000         0.000000000
         0.000000000         0.000000000         0.000000000         0.000000000
         0.000000000         0.000000000         0.000000000         0.000000000
         0.000000000         0.000000000         0.000000000         0.000000000
         0.000000000         0.000000000         0.000000000         0.000000000
         0.000000000         0.000000000         0.000000000         0.000000000
         1.000000000
$end
