$energy      SCF               SCFKIN            SCFPOT
     1 -230.2255006617      229.2917096590     -459.5172103206
     2 -230.2259292663      229.2833551377     -459.5092844039
     3 -230.2260597365      229.2913091673     -459.5173689038
     4 -230.2260885497      229.2936585357     -459.5197470854
     5 -230.2260993802      229.2920525490     -459.5181519292
     6 -230.2261013359      229.2925615644     -459.5186629003
     7 -230.2261014255      229.2924826112     -459.5185840368
     8 -230.2261014281      229.2924104903     -459.5185119184
     9 -230.2261014752      229.2924050833     -459.5185065585
    10 -230.2261014766      229.2924431241     -459.5185446007
    11 -230.2261014772      229.2924059679     -459.5185074451
    12 -230.2261014771      229.2923980595     -459.5184995366
    13 -230.2261014777      229.2923892648     -459.5184907425
    14 -230.2261014778      229.2923803122     -459.5184817900
$end
