$grad          cartesian gradients
  cycle =      1    SCF energy =     -230.2255006617   |dE/dxyz| =  0.010362
    0.41976190508933     -1.04765906768041     -4.29454355927634      h
   -0.34973761003813     -1.00439631540061     -2.64810985225752      o
    0.62771366718758      1.10259290354209     -1.28686312691646      c
    0.20921562469218      2.88831946501108     -2.25027186964381      h
    2.68057162331389      0.96321740573843     -1.04505769242058      h
   -0.62772217843859      1.10259242559602      1.28685838807375      c
   -0.20926856269367      2.88833432230305      2.25026248344372      h
   -2.68057308766864      0.96317304447074      1.04503618319844      h
    0.34976954237640     -1.00436437249594      2.64812612899434      o
   -0.42011293974036     -1.04792266217427      4.29437256468942      h
  -.59379617259112D-03  0.57613417668739D-03  0.48863294432855D-03
  -.10432540671700D-02  -.24743094316891D-02  0.25488904516865D-02
  0.50151116366810D-02  0.19573720520172D-02  -.26671225992304D-02
  0.11624051646169D-02  -.71375235073184D-03  0.58876251956200D-03
  -.13553048519136D-04  0.65644493826223D-03  -.56291830354107D-03
  -.50155100529804D-02  0.19574900120138D-02  0.26667850038081D-02
  -.11624855080914D-02  -.71364491656806D-03  -.58854583176826D-03
  0.13820305371222D-04  0.65659850445416D-03  0.56267527619511D-03
  0.10440954176959D-02  -.24743735179137D-02  -.25482262338910D-02
  0.59316939189523D-03  0.57600986306365D-03  -.48893554885672D-03
  cycle =      2    SCF energy =     -230.2259292663   |dE/dxyz| =  0.004292
    0.48574531084146     -1.07039918430840     -4.29695323431464      h
   -0.36376988833383     -0.98991524972243     -2.69048507059938      o
    0.60217235838046      1.09964456680738     -1.29672993728199      c
    0.16297246243416      2.89355778926833     -2.24125094764855      h
    2.65879889445012      0.96918546202279     -1.08086832170389      h
   -0.60220374801191      1.09963838361386      1.29672280094956      c
   -0.16302242246428      2.89355018960617      2.24125870036495      h
   -2.65882631889766      0.96916353811655      1.08084681214337      h
    0.36375479396097     -0.98991799152597      2.69047016195414      o
   -0.48600345827951     -1.07062035496809      4.29679868402140      h
  -.25684212441880D-03  0.13721619733795D-03  -.34537005859405D-03
  0.17827350624626D-03  -.16131022041542D-02  0.69024584484044D-03
  0.89874858409359D-03  0.15453293354913D-02  -.13171058688949D-02
  0.70652968040280D-03  -.37603020077648D-03  -.33232252716225D-03
  -.26654785140248D-03  0.30660509776693D-03  -.21674532538832D-03
  -.89918673838562D-03  0.15460442743844D-02  0.13175155220835D-02
  -.70653902411582D-03  -.37583702436896D-03  0.33276372520539D-03
  0.26674269099930D-03  0.30669283670304D-03  0.21638293818726D-03
  -.17748052708251D-03  -.16127885912997D-02  -.69059733756516D-03
  0.25630231299685D-03  0.13709946054676D-03  0.34523640458265D-03
  cycle =      3    SCF energy =     -230.2260597365   |dE/dxyz| =  0.003015
    0.54870884490448     -1.12065703613420     -4.25757624875883      h
   -0.38717691364885     -0.97199234954810     -2.70520045461004      o
    0.58055773866937      1.10625649990206     -1.30213223509760      c
    0.11818812112000      2.90599066347022     -2.22775401506607      h
    2.64134103033164      0.98248573401869     -1.11241668191860      h
   -0.58060814829632      1.10623802548478      1.30211805307963      c
   -0.11823351339506      2.90595303821549      2.22777499303811      h
   -2.64139042454958      0.98247989218947      1.11239155289036      h
    0.38711513459921     -0.97203736516792      2.70515485052185      o
   -0.54888388565491     -1.12082995352032      4.25744983380616      h
  -.12965020428267D-04  0.10832066262821D-03  -.29132829753898D-03
  0.80594856538025D-03  -.64923605822528D-03  0.31450278768827D-03
  -.16171809298781D-02  0.73119695888891D-03  0.93021256828699D-04
  0.48697476941790D-04  -.15165799467300D-03  -.29942694601846D-03
  0.35837193696268D-05  -.39374505366546D-04  0.47734462923785D-04
  0.16170472210855D-02  0.73148437865729D-03  -.93025747656258D-04
  -.48703246877815D-04  -.15170786555918D-03  0.29961249096700D-03
  -.35002739532181D-05  -.39316360017272D-04  -.47969875203882D-04
  -.80574540737316D-03  -.64896877012875D-03  -.31443251662731D-03
  0.12815818549013D-04  0.10812223024688D-03  0.29131027810545D-03
  cycle =      4    SCF energy =     -230.2260885497   |dE/dxyz| =  0.002930
    0.58340514205300     -1.16767377371536     -4.21627322728668      h
   -0.40509484691811     -0.96005869878655     -2.70443354047383      o
    0.57067201237978      1.11643347842965     -1.30612123948771      c
    0.09758732518102      2.91856315388573     -2.22270988998854      h
    2.63311309448580      0.99482633753062     -1.13210994341294      h
   -0.57073313305994      1.11640699911464      1.30610246488103      c
   -0.09762929509341      2.91850693549262      2.22273922029679      h
   -2.63317489282978      0.99482810614562      1.13208381212899      h
    0.40500801281031     -0.96013063635498      2.70436532072539      o
   -0.58353543492868     -1.16781475283181      4.21616667050246      h
  0.42308148255738D-04  0.13148452290350D-03  -.68801479587466D-04
  0.84888340237816D-03  -.54837906974364D-03  0.34645181667222D-03
  -.16740561065130D-02  0.50575990772197D-03  -.76935585863173D-05
  -.17760125708733D-03  0.15145751442285D-04  0.99637457862162D-06
  0.15634205570268D-03  -.10413553953589D-03  0.41541668778132D-04
  0.16740502552612D-02  0.50582328315867D-03  0.75359313112402D-05
  0.17760157943415D-03  0.15037123086396D-04  -.91447950876779D-06
  -.15629029528766D-03  -.10412014877270D-03  -.41642165515508D-04
  -.84900106975775D-03  -.54819512327217D-03  -.34621899194273D-03
  -.42238080083684D-04  0.13135517628483D-03  0.68743061615493D-04
  cycle =      5    SCF energy =     -230.2260993802   |dE/dxyz| =  0.002621
    0.60288021427605     -1.20666579706613     -4.18252138369862      h
   -0.41860819662048     -0.95129756285987     -2.70057992419060      o
    0.56567820485830      1.12665053579856     -1.30982843130591      c
    0.09064310213939      2.92911496581625     -2.22467921354847      h
    2.62801680800135      1.00429216893307     -1.14489439121789      h
   -0.56574554219915      1.12661941916108      1.30980739013184      c
   -0.09068277523496      2.92904842563483      2.22471344440211      h
   -2.62808599649365      1.00429780008551      1.14486913014080      h
    0.41850856039100     -0.95138591886080      2.70049591762435      o
   -0.60298639503787     -1.20678688773231      4.18242710954734      h
  0.26242675516504D-04  0.66474931964663D-04  0.63606318289414D-05
  0.79924561364419D-03  -.72687593275248D-03  0.39104853020009D-03
  -.11114133758773D-02  0.60762631978833D-03  -.68128161842329D-03
  -.94808171257152D-04  0.89194961175578D-04  0.14136695716297D-03
  0.18144064482756D-04  -.35227369905994D-04  -.36562798265219D-04
  0.11114516370599D-02  0.60759629270137D-03  0.68128737550708D-03
  0.94814396602538D-04  0.89163633329409D-04  -.14134516963607D-03
  -.18147705580617D-04  -.35237586974609D-04  0.36549492940585D-04
  -.79932465577095D-03  -.72678000905941D-03  -.39104332400442D-03
  -.26206790815912D-04  0.66456329127764D-04  -.63809634371525D-05
  cycle =      6    SCF energy =     -230.2261013359   |dE/dxyz| =  0.002817
    0.61081763435392     -1.22441577795001     -4.16655682680604      h
   -0.42512083807815     -0.94651742545399     -2.69888420443411      o
    0.56276820798314      1.13161555465195     -1.31114875255866      c
    0.08855614474111      2.93313924715802     -2.22791898313566      h
    2.62508780511470      1.00827469753132     -1.14933486186132      h
   -0.56283754026411      1.13158245001395      1.31112673764424      c
   -0.08859506686154      2.93306881492934      2.22795462567701      h
   -2.62515935977754      1.00828137252945      1.14930971023342      h
    0.42501698919314     -0.94661217226330      2.69879460647333      o
   -0.61091599232469     -1.22452961223653      4.16646759665273      h
  0.96066828411247D-05  0.19608880121665D-06  -.11629449168601D-04
  0.87114267475330D-03  -.63866468330084D-03  0.40938179047739D-03
  -.13290280487322D-02  0.61832584593133D-03  -.69293814667507D-03
  -.14730001570753D-04  0.25566260180658D-04  0.47776796519472D-04
  -.39304510067858D-04  -.37042188851059D-05  -.37911170958331D-05
  0.13290478919883D-02  0.61822941083474D-03  0.69292854870669D-03
  0.14729854952532D-04  0.25578390343998D-04  -.47806601214474D-04
  0.39293253387942D-04  -.37015988721797D-05  0.38148432429247D-05
  -.87115226396889D-03  -.63867864913700D-03  -.40939107457757D-03
  -.96081952521668D-05  0.20059443452700D-06  0.11653496371174D-04
  cycle =      7    SCF energy =     -230.2261014255   |dE/dxyz| =  0.002875
    0.61123127688310     -1.22609856028394     -4.16496938952812      h
   -0.42581675432509     -0.94605784202613     -2.69853806440409      o
    0.56251890822180      1.13222648955943     -1.31118948681226      c
    0.08872576217548      2.93334561524253     -2.22887976794746      h
    2.62493945211908      1.00868009241020     -1.14950295941932      h
   -0.56258808341055      1.13219372645392      1.31116773850767      c
   -0.08876478032480      2.93327570798139      2.22891544397370      h
   -2.62501079614037      1.00868671879265      1.14947795134965      h
    0.42571343861246     -0.94615185476068      2.69844886478765      o
   -0.61133043973113     -1.22621294445917      4.16487931737752      h
  -.54834085187324D-05  -.76288890308475D-05  -.25037384136777D-05
  0.88146163903062D-03  -.63572048227394D-03  0.38106270999993D-03
  -.14113816346712D-02  0.63857685759776D-03  -.63676651237763D-03
  0.18925995282634D-05  0.27010076122635D-05  0.59075962411800D-05
  -.81540745495275D-05  0.38017860517512D-05  0.58368763915244D-05
  0.14113872373484D-02  0.63852135765290D-03  0.63680454513217D-03
  -.18934218791319D-05  0.27165115238969D-05  -.59200720510482D-05
  0.81513116298037D-05  0.38016405621595D-05  -.58221460755276D-05
  -.88145994999426D-03  -.63571964765216D-03  -.38111161989539D-03
  0.54770590931880D-05  -.76113489326035D-05  0.25114896710449D-05
  cycle =      9    SCF energy =     -230.2261014752   |dE/dxyz| =  0.002862
    0.71556585151568     -1.26378225302573     -4.14891439576004      h
   -0.35741862336922     -0.98481878381913     -2.70835659898396      o
    0.59553865521822      1.09356233281104     -1.29649480331911      c
    0.14503907749294      2.89460158996176     -2.22599841011020      h
    2.65325576246163      0.97002224838423     -1.08278869297758      h
   -0.59553829969518      1.09356249824634      1.29649502307937      c
   -0.14503746843312      2.89460144616965      2.22599866280267      h
   -2.65325557615046      0.97002367133048      1.08278929205929      h
    0.35741792418075     -0.98481960768946      2.70835605546087      o
   -0.71556078521871     -1.26377611029521      4.14891955256736      h
  -.49016432621661D-05  -.20511229205746D-05  0.35352560836465D-06
  0.86162173752231D-03  -.65218189964034D-03  0.39286143936506D-03
  -.13917368337499D-02  0.64925903005020D-03  -.64500324454381D-03
  -.23907696061423D-06  0.14967701779056D-05  0.28660373360518D-06
  0.19170687218059D-05  0.23350323066067D-05  0.34414967705535D-05
  0.13917386803118D-02  0.64925087159241D-03  0.64501362251524D-03
  0.23842059172137D-06  0.15047289762574D-05  -.29465957047807D-06
  -.19224386900908D-05  0.23345763845649D-05  -.34336362444657D-05
  -.86161485880538D-03  -.65219675036815D-03  -.39287913524193D-03
  0.48989307063211D-05  -.20416377452742D-05  -.34614559287321D-06
  cycle =     10    SCF energy =     -230.2261014766   |dE/dxyz| =  0.002859
    0.71564067933786     -1.26388656368259     -4.14878191035961      h
   -0.35746845495526     -0.98479468401119     -2.70833640877444      o
    0.59552191023834      1.09360062051907     -1.29649845103227      c
    0.14501286475826      2.89463099268156     -2.22600745531985      h
    2.65323799447204      0.97003465209726     -1.08284945127914      h
   -0.59552139388964      1.09360090513455      1.29649874768506      c
   -0.14501130553597      2.89463111364036      2.22600758808601      h
   -2.65323761497687      0.97003596587366      1.08285005117225      h
    0.35746806027681     -0.98479506192951      2.70833632228404      o
   -0.71563622172302     -1.26388090824921      4.14878665235661      h
  -.19035843385679D-05  -.17392934430732D-05  -.68653742139298D-06
  0.85761169932040D-03  -.65398489431001D-03  0.39529715557877D-03
  -.13886357072064D-02  0.65265915513144D-03  -.64246175785737D-03
  -.22477294762306D-06  0.75480456984278D-06  0.10567837581783D-05
  0.11907186776438D-05  0.11702329736963D-05  0.13882132774735D-05
  0.13886383064622D-02  0.65265073478853D-03  0.64246869000602D-03
  0.22341424068442D-06  0.76023032976489D-06  -.10641897429661D-05
  -.11944017802561D-05  0.11688065814055D-05  -.13820776493421D-05
  -.85760464406433D-03  -.65398991872784D-03  -.39530441309000D-03
  0.18989651697026D-05  -.17354533671469D-05  0.68803063946755D-06
  cycle =     12    SCF energy =     -230.2261014771   |dE/dxyz| =  0.002857
    0.71576345364430     -1.26394264693206     -4.14872098760852      h
   -0.35743753440973     -0.98482326881332     -2.70834785958511      o
    0.59553838931886      1.09358391379004     -1.29648763552533      c
    0.14504795158771      2.89460472905514     -2.22601975450754      h
    2.65324630068629      0.96999308314549     -1.08283612595541      h
   -0.59553810785845      1.09358402726118      1.29648777353324      c
   -0.14504676610085      2.89460455461826      2.22602002256572      h
   -2.65324612379015      0.96999413363256      1.08283643186160      h
    0.35743697248920     -0.98482390087591      2.70834745103976      o
   -0.71575925065527     -1.26393763223461      4.14872525391391      h
  -.12717082295001D-05  0.80339364190528D-08  -.59286005105679D-06
  0.85636102669050D-03  -.65809389847480D-03  0.39422249906870D-03
  -.13855102870631D-02  0.65673279381136D-03  -.63878951006681D-03
  -.28971137940714D-07  0.41850035506784D-07  0.71585975715092D-06
  -.46899336144805D-06  0.16984239913713D-06  -.53062627674778D-07
  0.13855083993714D-02  0.65672908396283D-03  0.63878937026167D-03
  0.28698901647911D-07  0.42384136890492D-07  -.71620926969820D-06
  0.47009793738573D-06  0.16925950339634D-06  0.55904271484444D-07
  -.85636435336816D-03  -.65810005939297D-03  -.39422825631951D-03
  0.12760794080994D-05  0.11541491417367D-07  0.59615669132429D-06
  cycle =     13    SCF energy =     -230.2261014777   |dE/dxyz| =  0.002856
    0.71581445524163     -1.26403152352528     -4.14863112425107      h
   -0.35747142314121     -0.98480230266622     -2.70834233390798      o
    0.59552334625745      1.09360847152100     -1.29649354616876      c
    0.14502094699045      2.89462605347657     -2.22602689042376      h
    2.65323466491014      0.97001499487325     -1.08286856205978      h
   -0.59552293362525      1.09360869362646      1.29649376818954      c
   -0.14501979348838      2.89462614097804      2.22602702191126      h
   -2.65323434667221      0.97001595633618      1.08286893595190      h
    0.35747114562286     -0.98480255896190      2.70834229599873      o
   -0.71581077718358     -1.26402693301132      4.14863500449222      h
  -.61584146825247D-06  -.34663320511001D-06  -.36119273574551D-06
  0.85508430938512D-03  -.65834441025941D-03  0.39412447390285D-03
  -.13854732559933D-02  0.65749264030639D-03  -.63807910032455D-03
  -.32767337434546D-06  0.90906170725661D-07  0.67979330980931D-06
  0.79792282733703D-07  -.34524375757825D-07  -.29992308770929D-06
  0.13854746970749D-02  0.65748980627021D-03  0.63808126872899D-03
  0.32678511624260D-06  0.92435846434792D-07  -.68270088428708D-06
  -.81559666821214D-07  -.36121813248061D-07  0.30216370616296D-06
  -.85508174471424D-03  -.65834517824033D-03  -.39412675117872D-03
  0.61449169968490D-06  -.34559924800942D-06  0.36188533171206D-06
$end
