$hessapprox internal
  0.140158189444D-01  0.905614680798D-03  0.620653658372D+00  0.149115531220D-02
 -0.189259765614D-03  0.371647912571D+00  0.106781590985D-02  0.469142111780D-03
 -0.265931071029D-04  0.422932271732D+00 -0.106372500202D-03  0.725158642437D-04
  0.159894078352D-03  0.760165996167D-04  0.419108843350D+00 -0.460667436757D-02
 -0.484539608348D-04  0.271961271461D-02 -0.713035441589D-03 -0.453670553162D-03
  0.341044149734D+00 -0.139082497592D-02 -0.372029120838D-03  0.349820219943D-03
 -0.664151718582D-03 -0.114223760688D-03 -0.122988845879D-03  0.348120638426D+00
  0.159105543342D-03 -0.143650420951D-03 -0.285556017391D-03 -0.157892239598D-03
  0.249178498386D-04  0.833389331404D-03  0.224072591028D-03  0.320225636445D+00
  0.357991430490D-02  0.526458741551D-03 -0.146890746337D-02  0.116802261366D-02
  0.321444719055D-03  0.221351819640D-02 -0.643815504787D-03 -0.609973110160D-03
  0.345839036229D+00  0.107431048048D-02  0.471548885257D-03 -0.273437401806D-04
  0.744333381437D-03  0.765073639320D-04 -0.715407165798D-03 -0.667515610634D-03
 -0.158886970837D-03  0.117348706913D-02  0.422940151725D+00 -0.106378487832D-03
  0.721827126382D-04  0.159458398506D-03  0.755973313018D-04 -0.151414624631D-04
 -0.452212264315D-03 -0.113720072753D-03  0.248932661268D-04  0.320224739814D-03
  0.760856248160D-04  0.419108880858D+00 -0.461008044424D-02 -0.501959893366D-04
  0.271937371852D-02 -0.715705544237D-03 -0.453897398409D-03 -0.561261847627D-02
 -0.120498887158D-03  0.833874046216D-03  0.220889090387D-02 -0.718091662612D-03
 -0.452437728628D-03  0.341050867542D+00 -0.139617320612D-02 -0.372291429080D-03
  0.352705914302D-03 -0.665238327728D-03 -0.114737346437D-03 -0.128602207727D-03
  0.503659389312D-03  0.225024256550D-03 -0.642002147491D-03 -0.668606499864D-03
 -0.114231928908D-03 -0.126107502420D-03  0.348120969616D+00  0.161483459577D-03
 -0.144011377442D-03 -0.287468794496D-03 -0.158008933386D-03  0.251765941761D-04
  0.837986493987D-03  0.224719912404D-03 -0.404418469622D-04 -0.612532694799D-03
 -0.159005299847D-03  0.251513261879D-04  0.838471072120D-03  0.225676488112D-03
  0.320224711383D+00  0.360863070277D-02  0.529864850074D-03 -0.148176752252D-02
  0.117636596537D-02  0.324075188592D-03  0.223486834769D-02 -0.647744208859D-03
 -0.614928977044D-03  0.719702874793D-04  0.118186820208D-02  0.322845568179D-03
  0.223020731323D-02 -0.645912045952D-03 -0.617510786310D-03  0.345834186630D+00
 -0.485706369062D-03  0.915220561002D-03  0.150030081118D-02  0.108070534279D-02
 -0.106406092928D-03 -0.464156671518D-02 -0.140510706391D-02  0.158786847029D-03
  0.361215507321D-02  0.108727362547D-02 -0.106415618547D-03 -0.464501648108D-02
 -0.141049796383D-02  0.161178727214D-03  0.364112152578D-02  0.140276179232D-01
  0.912684896745D-03  0.273199607737D-03 -0.191230003993D-03  0.472335490178D-03
  0.731057812355D-04 -0.471882846294D-04 -0.374368416337D-03 -0.144800703588D-03
  0.529197166228D-03  0.474758285497D-03  0.727700949726D-04 -0.489423691930D-04
 -0.374630824162D-03 -0.145165252360D-03  0.532619020851D-03  0.922361853212D-03
  0.620657131410D+00  0.147642620800D-02 -0.192680107584D-03 -0.114617578440D-02
 -0.329741147320D-04  0.158651362685D-03  0.271602436226D-02  0.354366430168D-03
 -0.283143012838D-03 -0.147381830561D-02 -0.337565231758D-04  0.158220924820D-03
  0.271580958828D-02  0.357251204210D-03 -0.285047858100D-03 -0.148670488989D-02
  0.148542590439D-02 -0.194671163684D-03  0.371656730143D+00 -0.491836691153D-02
  0.642857846302D-04  0.305660764034D-02 -0.615567531124D-03 -0.491750219404D-03
 -0.650643571594D-02 -0.306805769050D-03  0.898717405226D-03  0.278922064276D-02
 -0.617240197061D-03 -0.490213844609D-03 -0.650333323848D-02 -0.313403913341D-03
  0.903866038533D-03  0.281538315345D-02 -0.495440359148D-02  0.665205180696D-04
  0.305094903563D-02  0.489995683775D+00 -0.479706181781D-02 -0.135658663880D-02
  0.110973139518D-02 -0.238293392998D-02 -0.389293155111D-03 -0.101107534332D-03
  0.184765098391D-02  0.767185220548D-03 -0.249014885774D-02 -0.239508026217D-02
 -0.387542869281D-03 -0.922160089670D-04  0.184861643935D-02  0.769265714858D-03
 -0.250583078252D-02 -0.484709178803D-02 -0.136521417847D-02  0.112656825054D-02
 -0.717636899626D-03  0.390950274231D+00 -0.492057608064D-02  0.632253179527D-04
  0.305654414895D-02 -0.617212178940D-03 -0.491901767722D-03 -0.650456509511D-02
 -0.305295779159D-03  0.899037137817D-03  0.278647420797D-02 -0.618893666675D-03
 -0.490364509572D-03 -0.650145672214D-02 -0.311891206752D-03  0.904185826305D-03
  0.281261684851D-02 -0.495664036950D-02  0.654527603713D-04  0.305090016134D-02
 -0.748305855770D-02 -0.712234628302D-03  0.489999077429D+00 -0.480089804385D-02
 -0.135346633961D-02  0.111616383413D-02 -0.237955810610D-02 -0.389872106497D-03
 -0.119691100144D-03  0.184276759597D-02  0.768122780046D-03 -0.247670196315D-02
 -0.239168299739D-02 -0.388121167019D-03 -0.110809843122D-03  0.184371189567D-02
  0.770213652401D-03 -0.249227436093D-02 -0.485092392947D-02 -0.136206875853D-02
  0.113294791631D-02 -0.737713934708D-03  0.674187716372D-02 -0.732318464631D-03
  0.390916866060D+00  0.335242845000D-03 -0.413710215906D-03 -0.748088127311D-03
 -0.472136669897D-03  0.595695699353D-04  0.224453085452D-02  0.640084503732D-03
 -0.927996136491D-04 -0.169286989972D-02 -0.475055206586D-03  0.595374697228D-04
  0.224601103969D-02  0.642668683703D-03 -0.939987933551D-04 -0.170653519050D-02
  0.333407098337D-03 -0.416979368560D-03 -0.741254892307D-03  0.240859521436D-02
  0.219998079245D-02  0.240956255389D-02  0.220218221320D-02  0.401876806978D+00
  0.000000000000D+00  0.000000000000D+00  0.000000000000D+00  0.000000000000D+00
  0.000000000000D+00  0.000000000000D+00  0.000000000000D+00  0.000000000000D+00
  0.000000000000D+00  0.000000000000D+00  0.000000000000D+00  0.000000000000D+00
  0.000000000000D+00  0.000000000000D+00  0.000000000000D+00  0.000000000000D+00
  0.000000000000D+00  0.000000000000D+00  0.000000000000D+00  0.000000000000D+00
  0.000000000000D+00  0.000000000000D+00  0.000000000000D+00  0.000000000000D+00
$end
