$coord
    0.72610789055680     -0.30167696019116     -4.72116336504168  h
   -0.37517149230693     -0.44105816700825     -3.28001938857797  o
    0.92576426840498      0.47837842150337     -1.10381521036220  c
    1.68626984521762      2.37385703891736     -1.44314502995753  h
    2.49701569598459     -0.77168383808671     -0.59834362884983  h
   -0.92576429235885      0.47837839903275      1.10381520847258  c
   -1.68626986123467      2.37385700990682      1.44314508230592  h
   -2.49701571963440     -0.77168384384774      0.59834359622167  h
    0.37517147569061     -0.44105825614296      3.28001935568114  o
   -0.72610780552068     -0.30167684397334      4.72116339210339  h
$user-defined bonds
$intdef
# definitions of internal coordinates
   1 f  1.0000000000000 tors    2    3    6    9 val= 138.00000
$redundant
     number_of_atoms            10
     degrees_of_freedom         24
     internal_coordinates       25
     frozen_coordinates          1
# definitions of redundant internals
   1 k  1.0000000000000 tors   1    2    3    6 val= 174.68395
   2 k  1.0000000000000 stre   2    1           val=   1.81910
   3 k  1.0000000000000 bend   3    1    2      val= 108.72992
   4 k  1.0000000000000 stre   3    4           val=   2.07035
   5 k  1.0000000000000 stre   3    5           val=   2.07050
   6 k  0.0668268092580 bend   5    4    3      val=   0.70465
       -0.5051401377325 bend   2    4    3
       -0.5113974385371 bend   2    5    3
        0.5119773365964 bend   6    4    3
        0.4655314011806 bend   6    5    3
   7 k  0.0363666596974 bend   5    4    3      val=   1.01489
       -0.5493082530502 bend   2    4    3
        0.5263515780319 bend   2    5    3
       -0.4472865883353 bend   6    4    3
        0.4688567301341 bend   6    5    3
   8 k -0.8883951408648 bend   5    4    3      val=   1.82812
        0.1808010198758 bend   2    4    3
        0.2022724565118 bend   2    5    3
        0.2396856956902 bend   6    4    3
        0.2823148694594 bend   6    5    3
   9 k -0.0112817587830 bend   5    4    3      val=   1.50209
       -0.4432061108853 bend   2    4    3
        0.4744190924547 bend   2    5    3
        0.5321167289697 bend   6    4    3
       -0.5433409396114 bend   6    5    3
  10 k  1.0000000000000 stre   6    7           val=   2.07035
  11 k  1.0000000000000 stre   6    8           val=   2.07050
  12 k  0.0668267994505 bend   8    7    6      val=   0.70465
       -0.5051401375725 bend   9    7    6
       -0.5113974374653 bend   9    8    6
        0.5119773405432 bend   3    7    6
        0.4655313995990 bend   3    8    6
  13 k  0.0363666668233 bend   8    7    6      val=   1.01489
       -0.5493082526497 bend   9    7    6
        0.5263515737357 bend   9    8    6
       -0.4472865907305 bend   3    7    6
        0.4688567325886 bend   3    8    6
  14 k -0.8883951418303 bend   8    7    6      val=   1.82812
        0.1808010207948 bend   9    7    6
        0.2022724637967 bend   9    8    6
        0.2396856863903 bend   3    7    6
        0.2823148685086 bend   3    8    6
  15 k -0.0112817598536 bend   8    7    6      val=   1.50209
       -0.4432061113502 bend   9    7    6
        0.4744190973073 bend   9    8    6
        0.5321167255098 bend   3    7    6
       -0.5433409383613 bend   3    8    6
  16 k  1.0000000000000 tors  10    9    6    3 val= 174.68394
  17 k  1.0000000000000 stre   9   10           val=   1.81910
  18 k  1.0000000000000 bend   6   10    9      val= 108.72992
  19 k  1.0000000000000 tors   2    3    6    9 val= 138.00000
  20 k  1.0000000000000 stre   3    2           val=   2.69697
  21 k  1.0000000000000 bend   6    2    3      val= 107.95538
  22 k  1.0000000000000 stre   6    9           val=   2.69697
  23 k  1.0000000000000 bend   3    9    6      val= 107.95538
  24 k  1.0000000000000 stre   3    6           val=   2.88128
  25 f  1.0000000000000 tors   2    3    6    9 val= 138.00000
        24 non zero eigenvalues  of BmBt
           1           3.939300759    1    0
         1
           2           3.826094847    2    0
         2
           3           3.734926718    3    0
         3
           4           3.004910755    4    0
         4
           5           2.995581974    5    0
         5
           6           2.451637726    6    0
         6
           7           2.135489862    7    0
         7
           8           1.697849578    8    0
         8
           9           1.250418683    9    0
         9
          10           1.191565117   10    0
        10
          11           1.051497548   11    0
        11
          12           0.865903523   12    0
        12
          13           0.767819188   13    0
        13
          14           0.747363445   14    0
        14
          15           0.560958845   15    0
        15
          16           0.433847316   16    0
        16
          17           0.354333607   17    0
        17
          18           0.341725674   18    0
        18
          19           0.283258595   20    0
        20
          20           0.254024310   21    0
        21
          21           0.120599272   22    0
        22
          22           0.070277523   23    0
        23
          23           0.066603849   24    0
        24
          24           0.000000000    0    1
         0.000000000         0.000000000         0.000000000         0.000000000
         0.000000000         0.000000000         0.000000000         0.000000000
         0.000000000         0.000000000         0.000000000         0.000000000
         0.000000000         0.000000000         0.000000000         0.000000000
         0.000000000         0.000000000         0.000000000         0.000000000
         0.000000000         0.000000000         0.000000000         0.000000000
         1.000000000
$end
