$energy      SCF               SCFKIN            SCFPOT
     1 -230.2231728730      229.3225719203     -459.5457447933
     2 -230.2236700221      229.2868463875     -459.5105164096
     3 -230.2237613841      229.2882651287     -459.5120265127
     4 -230.2237761720      229.2909793039     -459.5147554759
     5 -230.2237771196      229.2908428466     -459.5146199662
     6 -230.2237771735      229.2908277723     -459.5146049458
     7 -230.2237772305      229.2908257744     -459.5146030048
     8 -230.2237772327      229.2907937104     -459.5145709431
     9 -230.2237772342      229.2907680484     -459.5145452826
    10 -230.2237772340      229.2907654971     -459.5145427310
    11 -230.2237772340      229.2907663961     -459.5145436301
    12 -230.2237772339      229.2907695476     -459.5145467816
$end
