$grad          cartesian gradients
  cycle =      1    SCF energy =     -230.2231728730   |dE/dxyz| =  0.008395
    0.76734436650811     -0.45841395885962     -4.66572623565194      h
   -0.37670283884505     -0.43940929111352     -3.25309042431752      o
    0.93093643703372      0.48234673241098     -1.08785312285726      c
    1.63040660747273      2.40927930794486     -1.38750074410254      h
    2.54449395567197     -0.72427192262905     -0.60554125834413      h
   -0.93090987432130      0.48239935763695      1.08785133980966      c
   -1.63030698680406      2.40936245519704      1.38748761646173      h
   -2.54451013403480     -0.72415776158418      0.60553742567954      h
    0.37668767490926     -0.43938905458733      3.25309997382637      o
   -0.76750363929410     -0.45881216540063      4.66561286473742      h
  -.24153598163662D-03  -.35859289052353D-03  0.99403758800300D-03
  -.76072111067414D-03  -.11406005215525D-02  0.27983782995914D-02
  -.49924345613130D-03  0.22471092821760D-03  0.29537709415477D-02
  -.15690872343265D-02  0.79059131896652D-03  0.28391043234857D-02
  0.18457430919447D-02  0.48275103251059D-03  -.73658791758298D-03
  0.49838394233777D-03  0.22632809494013D-03  -.29538289532117D-02
  0.15689078605843D-02  0.79087609053125D-03  -.28384323543058D-02
  -.18452312585981D-02  0.48316761745861D-03  0.73622405435279D-03
  0.76144796379872D-03  -.11392567668531D-02  -.27982316472014D-02
  0.24133841405647D-03  -.35962223625940D-03  -.99443725390547D-03
  cycle =      2    SCF energy =     -230.2236700221   |dE/dxyz| =  0.004476
    0.76750086423130     -0.36417704701699     -4.71310263110220      h
   -0.35709266955618     -0.45194503379049     -3.28561077926857      o
    0.92977673771800      0.46632448725741     -1.10135679022058      c
    1.66324427932370      2.37879672783079     -1.41536699601610      h
    2.52336574599324     -0.75943363388894     -0.61098257510098      h
   -0.92975749441628      0.46634471375198      1.10134689707692      c
   -1.66314850313679      2.37884066216845      1.41539732959656      h
   -2.52339436443499     -0.75933428496018      0.61093413122558      h
    0.35705864960048     -0.45202516920160      3.28559016160543      o
   -0.76761767702599     -0.36445772313492      4.71302868744526      h
  -.91095394141693D-04  -.27927942184654D-03  -.29439532674311D-03
  0.87803886603370D-03  -.18701097971193D-02  0.25067577020964D-03
  -.10035484400020D-02  0.86421299802559D-03  -.47401988340530D-03
  -.30154876624652D-03  0.65702248381931D-03  0.11750105576659D-02
  0.54308695338140D-03  0.62854067846803D-03  -.97106013490426D-03
  0.10036679305907D-02  0.86514496636588D-03  0.47350447460298D-03
  0.30135293951794D-03  0.65703699609021D-03  -.11746098483053D-02
  -.54275896846485D-03  0.62870638835941D-03  0.97078142020184D-03
  -.87826112018275D-03  -.18694892621004D-02  -.25007597598132D-03
  0.91063249985264D-04  -.27980871442577D-03  0.29418959009664D-03
  cycle =      3    SCF energy =     -230.2237613841   |dE/dxyz| =  0.004742
    0.75594198281617     -0.31644606269831     -4.72029788524171      h
   -0.35308754599508     -0.45702964352126     -3.28504309399601      o
    0.93211616347448      0.46135549480300     -1.10041794237204      c
    1.68629787702179      2.36283386143773     -1.42616567409378      h
    2.50855549428495     -0.78113204233579     -0.59589769341432      h
   -0.93210975353550      0.46135806422785      1.10040525939252      c
   -1.68620723835925      2.36285800937528      1.42622414418670      h
   -2.50860333130986     -0.78103811768093      0.59582934582963      h
    0.35304356446990     -0.45716931723588      3.28499955924788      o
   -0.75601164457112     -0.31665654735617      4.72024141570245      h
  -.23356545941971D-04  -.55785868452679D-04  -.16007402533551D-03
  0.98993330594061D-03  -.21058963340843D-02  0.57782744345207D-03
  -.86858473029775D-03  0.15792387644810D-02  -.12651016255390D-02
  0.17891865539956D-04  0.30769841169533D-03  0.37487924929748D-03
  0.67302326526249D-04  0.27530787591266D-03  -.54965441864045D-03
  0.86882008775975D-03  0.15796650616549D-02  0.12652088201196D-02
  -.18003793189655D-04  0.30770552328133D-03  -.37472443706095D-03
  -.67175272352601D-04  0.27527880636507D-03  0.54939689408824D-03
  -.99010751514416D-03  -.21056396722704D-02  -.57775842974690D-03
  0.23280256364049D-04  -.55925075551574D-04  0.16000057208388D-03
  cycle =      4    SCF energy =     -230.2237761720   |dE/dxyz| =  0.004975
    0.75004783603477     -0.30361899263273     -4.71964365826874      h
   -0.35422645893907     -0.45746677850191     -3.28231011401638      o
    0.93274688855131      0.46163456176233     -1.09842863407566      c
    1.69551153885767      2.35756734601542     -1.43084536457869      h
    2.50107150295341     -0.78852746239158     -0.58443570842263      h
   -0.93274911384443      0.46162870978111      1.09841447663100      c
   -1.69542393110432      2.35758248239607      1.43091751781880      h
   -2.50113244568589     -0.78843507486054      0.58436081617439      h
    0.35417852373753     -0.45763472669142      3.28225405155090      o
   -0.75008877226449     -0.30379636586124      4.71959405242835      h
  -.19723180437090D-04  0.29229956550839D-04  -.67947490938034D-05
  0.74021217210444D-03  -.21904650894526D-02  0.66509051029014D-03
  -.95926006302808D-03  0.21103772318043D-02  -.10944773758331D-02
  0.29808378330953D-04  0.43006370091952D-04  0.77986240364307D-04
  -.13575982470052D-04  0.84758377638199D-05  -.74928861050859D-04
  0.95938708313061D-03  0.21103981930637D-02  0.10948444237892D-02
  -.29822598797233D-04  0.43013915966886D-04  -.77995672055375D-04
  0.13589250896341D-04  0.84284261166593D-05  0.74777197881973D-04
  -.74028422757287D-03  -.21903993265952D-02  -.66528334417154D-03
  0.19669696044714D-04  0.29266862947648D-04  0.67808990157088D-05
  cycle =      5    SCF energy =     -230.2237771196   |dE/dxyz| =  0.004834
    0.75216090741310     -0.31401456174190     -4.71742561014546      h
   -0.35641778657871     -0.45500520221898     -3.28207174178662      o
    0.93201655927661      0.46434609801782     -1.09841781914918      c
    1.69435292551392      2.35988601308085     -1.43280441588171      h
    2.50050324388502     -0.78562363704153     -0.58373594065704      h
   -0.93201952291216      0.46434022931574      1.09840299417423      c
   -1.69426518378979      2.35990131685735      1.43287597941966      h
   -2.50056588945993     -0.78553095289033      0.58366370003604      h
    0.35637087019319     -0.45517240296144      3.28201485550868      o
   -0.75220055524477     -0.31419320140207      4.71737543372275      h
  -.19083367510902D-04  -.40393315944766D-05  -.57124705068112D-05
  0.62870718582354D-03  -.21337229775699D-02  0.51577820349147D-03
  -.10417936091646D-02  0.21655099955232D-02  -.83112469216344D-03
  -.12607556852715D-04  -.15928950302592D-04  0.37564056359875D-04
  0.27893254795860D-04  -.10978103762373D-04  0.29307328840504D-04
  0.10418721199058D-02  0.21653841441693D-02  0.83125281628231D-03
  0.12626495178497D-04  -.15937851483959D-04  -.37588480921576D-04
  -.27892934115504D-04  -.10968210371901D-04  -.29318320510560D-04
  -.62881390937784D-03  -.21336610297395D-02  -.51586712730032D-03
  0.19092759501814D-04  -.40392291873782D-05  0.57080102268874D-05
  cycle =      7    SCF energy =     -230.2237772305   |dE/dxyz| =  0.004781
    0.72584081511523     -0.30127996418291     -4.72130354299396      h
   -0.37514692996892     -0.44106482065619     -3.27998264299641      o
    0.92576219551754      0.47835122795919     -1.10382388240918      c
    1.68630528719941      2.37382122699711     -1.44307647348613      h
    2.49703658208109     -0.77168391968544     -0.59828452309467      h
   -0.92576227874511      0.47835108203751      1.10382392667690      c
   -1.68630545144321      2.37382106762116      1.44307643223470      h
   -2.49703657890516     -0.77168416541254      0.59828457512917      h
    0.37514696370285     -0.44106488585643      3.27998259176953      o
   -0.72584019774787     -0.30127884144522      4.72130381782768      h
  -.56183540868399D-05  -.14179200749554D-05  -.30016250893283D-05
  0.63853613662515D-03  -.21216621365466D-02  0.53408045814519D-03
  -.10006938545031D-02  0.21270111392366D-02  -.84252960635023D-03
  0.89214004046301D-06  -.32426441910905D-05  0.38382584858461D-05
  0.40435508892076D-05  0.17642480685772D-06  0.44240426219130D-05
  0.10006953807371D-02  0.21269846212340D-02  0.84255217284788D-03
  -.88895809547180D-06  -.32378451477608D-05  -.38483098355851D-05
  -.40438455207236D-05  0.17682988363411D-06  -.44228219568289D-05
  -.63854309038067D-03  -.21216612417221D-02  -.53409263477849D-03
  0.56209019765318D-05  -.14147669303397D-05  0.30000489411140D-05
  cycle =      8    SCF energy =     -230.2237772327   |dE/dxyz| =  0.004775
    0.72591502546831     -0.30144201111410     -4.72125173744470      h
   -0.37518565883209     -0.44103020513119     -3.27999552675392      o
    0.92575345894303      0.47839291883592     -1.10383292561063      c
    1.68628239761890      2.37387142027160     -1.44311922096408      h
    2.49702474554596     -0.77164844715643     -0.59833894563628      h
   -0.92575348656295      0.47839285753765      1.10383295344829      c
   -1.68628255973854      2.37387133103954      1.44311910114336      h
   -2.49702466526939     -0.77164866636850      0.59833905440768      h
    0.37518574220113     -0.44103004728062      3.27999555820912      o
   -0.72591459256851     -0.30144114325763      4.72125196785880      h
  -.33777646259880D-05  -.10436933360159D-05  -.18252384880500D-05
  0.63399057937336D-03  -.21233534547765D-02  0.53037918630977D-03
  -.99487696662620D-03  0.21249287949062D-02  -.83772474434683D-03
  0.14225707345366D-05  -.53496623220540D-06  0.23031483327655D-05
  0.19943702224681D-05  0.86587731002715D-06  0.22944657927162D-05
  0.99487512153915D-03  0.21249173326775D-02  0.83773063716002D-03
  -.14202293745465D-05  -.53328487669127D-06  -.23081214197880D-05
  -.19931056075559D-05  0.86665849151609D-06  -.22928377044251D-05
  -.63399405469673D-03  -.21233541126528D-02  -.53038433201438D-03
  0.33794824986400D-05  -.10430512505397D-05  0.18278239909429D-05
  cycle =     10    SCF energy =     -230.2237772340   |dE/dxyz| =  0.004768
    0.72610175444635     -0.30167638901822     -4.72116564495594      h
   -0.37516844083723     -0.44106014274423     -3.28001517436308      o
    0.92576630303300      0.47837474119649     -1.10381712176137      c
    1.68627574262774      2.37385889113330     -1.44313721889915      h
    2.49702087903546     -0.77168062352082     -0.59834490774411      h
   -0.92576630036367      0.47837474174041      1.10381712062783      c
   -1.68627574926455      2.37385888636862      1.44313722611306      h
   -2.49702088055423     -0.77168062410944      0.59834490731646      h
    0.37516843855536     -0.44106014401052      3.28001517438853      o
   -0.72610174187917     -0.30167637692544      4.72116565127324      h
  0.34085588973694D-07  0.47241992099073D-07  0.73449589655274D-07
  0.62668848878493D-03  -.21262431306215D-02  0.52548954568107D-03
  -.98687569480626D-03  0.21251352831086D-02  -.82914099842334D-03
  0.81930236159109D-06  0.11315734746757D-05  0.48704463242984D-06
  -.36268565407532D-07  0.78848679724741D-06  0.10533947280270D-06
  0.98687864711039D-03  0.21251379036899D-02  0.82914098755275D-03
  -.81940267220316D-06  0.11314621727989D-05  -.48578064949068D-06
  0.34738986410284D-07  0.78861546457649D-06  -.10601320194696D-06
  -.62669100397725D-03  -.21262447263013D-02  -.52548928445135D-03
  -.32894060108390D-07  0.46629856110806D-07  -.74290611044222D-07
  cycle =     11    SCF energy =     -230.2237772340   |dE/dxyz| =  0.004769
    0.72610366546928     -0.30167605408505     -4.72116503265246      h
   -0.37516966387198     -0.44105942823853     -3.28001643639234      o
    0.92576547147169      0.47837613729806     -1.10381616746567      c
    1.68627296454026      2.37385768591423     -1.44313963393489      h
    2.49701929258252     -0.77168187399801     -0.59834367993658      h
   -0.92576546103358      0.47837615003720      1.10381616881487      c
   -1.68627296133235      2.37385770050768      1.44313960734441      h
   -2.49701928140602     -0.77168187256973      0.59834370542071      h
    0.37516967700789     -0.44105937172948      3.28001645484009      o
   -0.72610369862866     -0.30167611302623      4.72116502595734      h
  0.12437623320545D-06  0.96486537104244D-07  -.15419682413150D-06
  0.62618588216448D-03  -.21263780480375D-02  0.52541732602049D-03
  -.98694935956725D-03  0.21262200196355D-02  -.82860385311974D-03
  0.38504478451271D-06  0.47715190593315D-06  0.40726802151806D-06
  0.16442572443607D-06  0.44417191413347D-06  0.17430602091615D-06
  0.98695052568912D-03  0.21262193870283D-02  0.82860348188556D-03
  -.38506319247595D-06  0.47707408515482D-06  -.40732111491427D-06
  -.16518969187027D-06  0.44424174948514D-06  -.17412153620258D-06
  -.62618638523879D-03  -.21263766711749D-02  -.52541657286460D-03
  -.12425752599289D-06  0.95485804093703D-07  0.15368314317293D-06
$end
