$hessapprox internal
  0.139621229334D-01 -0.234519307091D-03  0.625486348584D+00  0.375467514060D-03
  0.218797886334D-02  0.359816142392D+00  0.887084714426D-03 -0.107593436807D-01
 -0.174183293067D-01  0.425537529771D+00 -0.405678016269D-03  0.737505858131D-02
  0.642392171212D-02 -0.733003533186D-02  0.430620532948D+00 -0.466308484572D-03
 -0.312714495471D-02  0.146727558465D-01  0.227328790372D-01 -0.855718608014D-02
  0.326600399000D+00 -0.805064149469D-06  0.130700509283D-02 -0.798988997251D-03
 -0.348461378423D-02  0.183965634581D-02  0.951212729589D-03  0.346100581720D+00
  0.516479291015D-03 -0.172572709406D-03 -0.139675394367D-01 -0.154154647615D-01
  0.433994672078D-02  0.177992617421D-01 -0.141809498802D-02  0.304956058695D+00
 -0.347241583811D-03  0.480338554922D-03  0.916189088142D-02  0.938599368501D-02
 -0.240307551637D-02 -0.116939462942D-01  0.989943558917D-03  0.101534218127D-01
  0.337521692043D+00  0.887156162502D-03 -0.107620137956D-01 -0.174185994265D-01
  0.162141416746D-02 -0.733317410364D-02  0.227333588650D-01 -0.348507525461D-02
 -0.154147153608D-01  0.938536151396D-02  0.425547476363D+00 -0.404530363494D-03
  0.736183574955D-02  0.640094927577D-02 -0.732981531944D-02  0.681205441826D-02
 -0.852725365383D-02  0.183521804599D-02  0.431923383798D-02 -0.239039612640D-02
 -0.733294790329D-02  0.430603531032D+00 -0.465431337658D-03 -0.314207206022D-02
  0.146582261296D-01  0.227459916301D-01 -0.857049337173D-02 -0.185104408834D-01
  0.947337235277D-03  0.177887530259D-01 -0.116879660707D-01  0.227464778855D-01
 -0.854054605682D-02  0.326638955763D+00 -0.305336817702D-05  0.138610134493D-02
 -0.787394921629D-03 -0.362786793948D-02  0.193146567435D-02  0.932423276219D-03
  0.147243214569D-03 -0.143623880420D-02  0.100604503534D-02 -0.362836026940D-02
  0.192684950768D-02  0.928360191433D-03  0.346129554887D+00  0.517172097211D-03
 -0.172432194692D-03 -0.139865091735D-01 -0.154371419389D-01  0.434629397527D-02
  0.178234163934D-01 -0.141995992824D-02 -0.157216393485D-01  0.101673279545D-01
 -0.154363916640D-01  0.432555203547D-02  0.178128924728D-01 -0.143812409723D-02
  0.304913087216D+00 -0.345997250582D-03  0.442645144604D-03  0.915165352297D-02
  0.944894587535D-02 -0.244529284554D-02 -0.116789902336D-01  0.982789774997D-03
  0.101567485595D-01 -0.655021655186D-02  0.944832864098D-02 -0.243253582460D-02
 -0.116729243037D-01  0.998448177303D-03  0.101706571287D-01  0.337513444560D+00
 -0.999259704928D-05 -0.160878622418D-03  0.373382346381D-03  0.739182122305D-03
 -0.316006928672D-03 -0.467397238770D-03  0.109732109537D-04  0.485046862531D-03
 -0.322838713356D-03  0.739225469421D-03 -0.315044367218D-03 -0.466704829332D-03
  0.956496241453D-05  0.485700844327D-03 -0.322004713586D-03  0.139596364517D-01
 -0.235632794075D-03  0.670321319430D-02  0.221155927264D-02 -0.107540345910D-01
  0.738039773187D-02 -0.315772715295D-02  0.131110506353D-02 -0.150205871701D-03
  0.466453564588D-03 -0.107567099852D-01  0.736718397385D-02 -0.317266257807D-02
  0.139035185272D-02 -0.150034176960D-03  0.428696086179D-03 -0.161830989992D-03
  0.625507881663D+00  0.376205146972D-03  0.217861339230D-02 -0.116213406856D-01
 -0.174158606720D-01  0.641723482625D-02  0.146913450416D-01 -0.801928527227D-03
 -0.139798954330D-01  0.916937321723D-02 -0.174161265093D-01  0.639426400568D-02
  0.146768274755D-01 -0.790458057761D-03 -0.139988825865D-01  0.915919049623D-02
  0.373993235378D-03  0.220219689103D-02  0.359787704433D+00 -0.780284347220D-03
 -0.958795348413D-03  0.218677955147D-01  0.265637567306D-01 -0.827986214130D-02
 -0.278043054895D-01  0.202016253830D-02  0.250657116057D-01 -0.162781796837D-01
  0.265630541323D-01 -0.824439743872D-02 -0.277847970770D-01  0.203450893763D-02
  0.250999210202D-01 -0.162765342085D-01 -0.743743372052D-03 -0.996445465534D-03
  0.218892239497D-01  0.448376892712D+00 -0.782104645950D-04 -0.109447854298D-02
  0.281896057288D-02  0.534325341820D-02 -0.224062455135D-02 -0.353486206800D-02
  0.102396645943D-03  0.361457233656D-02 -0.240004620532D-02  0.534353467558D-02
 -0.223365418079D-02 -0.352993319709D-02  0.931388877246D-04  0.361945168445D-02
 -0.239441958639D-02 -0.835092721609D-04 -0.110141144361D-02  0.282336899643D-02
 -0.556162796956D-02  0.378713588711D+00 -0.780682595568D-03 -0.954768230134D-03
  0.218761197923D-01  0.265651876387D-01 -0.827770629736D-02 -0.278151129201D-01
  0.202164640030D-02  0.250735189109D-01 -0.162830116360D-01  0.265644830908D-01
 -0.824223894569D-02 -0.277956080022D-01  0.203604850756D-02  0.251077392240D-01
 -0.162813900288D-01 -0.744082430346D-03 -0.992423272206D-03  0.218975489377D-01
 -0.398036424807D-01 -0.556409317438D-02  0.448350509420D+00 -0.784239694628D-04
 -0.106158842315D-02  0.280412106963D-02  0.526150610216D-02 -0.219604560434D-02
 -0.351763342556D-02  0.106273071643D-03  0.358483235091D-02 -0.237898347947D-02
  0.526177548922D-02 -0.218917895051D-02 -0.351279795525D-02  0.973744063399D-04
  0.358967289587D-02 -0.237353777338D-02 -0.834152015385D-04 -0.106842672318D-02
  0.280846029072D-02 -0.552027194155D-02 -0.638779239158D-03 -0.552270280083D-02
  0.378716135292D+00  0.762910107912D-03 -0.623274972929D-02 -0.168772749904D-01
 -0.671998839595D-02 -0.203600608380D-02  0.218135591342D-01 -0.269401962717D-02
 -0.165920667128D-01  0.103969555114D-01 -0.671677571606D-02 -0.204615054180D-02
  0.218158402261D-01 -0.278486196903D-02 -0.166150976404D-01  0.104345717732D-01
  0.662823004197D-03 -0.621862621788D-02 -0.168819911020D-01  0.276052264142D-01
  0.484501313336D-02  0.276099150712D-01  0.478356198028D-02  0.368837263490D+00
  0.000000000000D+00  0.000000000000D+00  0.000000000000D+00  0.000000000000D+00
  0.000000000000D+00  0.000000000000D+00  0.000000000000D+00  0.000000000000D+00
  0.000000000000D+00  0.000000000000D+00  0.000000000000D+00  0.000000000000D+00
  0.000000000000D+00  0.000000000000D+00  0.000000000000D+00  0.000000000000D+00
  0.000000000000D+00  0.000000000000D+00  0.000000000000D+00  0.000000000000D+00
  0.000000000000D+00  0.000000000000D+00  0.000000000000D+00  0.000000000000D+00
$end
