$coord
   -0.00010715667977     -1.10060541411103     -4.23417360705013  h
   -0.07284400207766     -1.19703001651985     -2.41904587609428  o
    0.11445406753371      1.29757002783039     -1.45599858535524  c
   -1.36625003018839      2.52024646166453     -2.23594505021569  h
    1.94265151136663      2.11858227091338     -1.99068025531770  h
   -0.11445398780639      1.29757006820793      1.45599856234796  c
    1.36625013522106      2.52024649035075      2.23594497812257  h
   -1.94265141025703      2.11858234259252      1.99068024921998  h
    0.07284405332755     -1.19702996771280      2.41904589874142  o
    0.00011023878676     -1.10060508944099      4.23417374205735  h
$user-defined bonds
$intdef
# definitions of internal coordinates
   1 f  1.0000000000000 tors    2    3    6    9 val=  12.00000
$redundant
     number_of_atoms            10
     degrees_of_freedom         24
     internal_coordinates       25
     frozen_coordinates          1
# definitions of redundant internals
   1 k  1.0000000000000 tors   1    2    3    6 val= 177.37099
   2 k  1.0000000000000 stre   2    1           val=   1.81914
   3 k  1.0000000000000 bend   3    1    2      val= 107.83955
   4 k  1.0000000000000 stre   3    4           val=   2.07262
   5 k  1.0000000000000 stre   3    5           val=   2.07419
   6 k  0.0706087411963 bend   5    4    3      val=   0.73964
       -0.5196156994409 bend   2    4    3
       -0.4973412773537 bend   2    5    3
        0.4855996336389 bend   6    4    3
        0.4917911957438 bend   6    5    3
   7 k  0.0092657531323 bend   5    4    3      val=   0.26480
       -0.5393855305718 bend   2    4    3
        0.5559908964758 bend   2    5    3
       -0.4544145855911 bend   6    4    3
        0.4397259404069 bend   6    5    3
   8 k  0.8961426784578 bend   5    4    3      val=   0.21708
       -0.1735448520721 bend   2    4    3
       -0.1922100691570 bend   2    5    3
       -0.2561724676183 bend   6    4    3
       -0.2534589519327 bend   6    5    3
   9 k -0.0068609637641 bend   5    4    3      val=   0.89670
        0.4470243187276 bend   2    4    3
       -0.4470110785555 bend   2    5    3
       -0.5405937496458 bend   6    4    3
        0.5550330432820 bend   6    5    3
  10 k  1.0000000000000 stre   6    7           val=   2.07262
  11 k  1.0000000000000 stre   6    8           val=   2.07419
  12 k  0.0706087949057 bend   8    7    6      val=   0.73964
       -0.5196157080645 bend   9    7    6
       -0.4973412696461 bend   9    8    6
        0.4855996137268 bend   3    7    6
        0.4917912063771 bend   3    8    6
  13 k  0.0092657379188 bend   8    7    6      val=   0.26480
       -0.5393855456178 bend   9    7    6
        0.5559909298400 bend   9    8    6
       -0.4544145691331 bend   3    7    6
        0.4397258970935 bend   3    8    6
  14 k  0.8961426818747 bend   8    7    6      val=   0.21708
       -0.1735448156103 bend   9    7    6
       -0.1922100394139 bend   9    8    6
       -0.2561725002772 bend   3    7    6
       -0.2534589543641 bend   3    8    6
  15 k -0.0068609792978 bend   8    7    6      val=   0.89671
        0.4470242993307 bend   9    7    6
       -0.4470110381352 bend   9    8    6
       -0.5405937719089 bend   3    7    6
        0.5550330695820 bend   3    8    6
  16 k  1.0000000000000 tors  10    9    6    3 val= 177.37089
  17 k  1.0000000000000 stre   9   10           val=   1.81914
  18 k  1.0000000000000 bend   6   10    9      val= 107.83955
  19 k  1.0000000000000 tors   2    3    6    9 val=  12.00000
  20 k  1.0000000000000 stre   3    2           val=   2.68059
  21 k  1.0000000000000 bend   6    2    3      val= 110.65170
  22 k  1.0000000000000 stre   6    9           val=   2.68059
  23 k  1.0000000000000 bend   3    9    6      val= 110.65170
  24 k  1.0000000000000 stre   3    6           val=   2.92098
  25 f  1.0000000000000 tors   2    3    6    9 val=  12.00000
        24 non zero eigenvalues  of BmBt
           1           4.646733912    1    0
         1
           2           3.807863871    2    0
         2
           3           3.705292932    3    0
         3
           4           3.065692405    4    0
         4
           5           2.644236690    5    0
         5
           6           2.480507329    6    0
         6
           7           2.098940676    7    0
         7
           8           1.753769365    8    0
         8
           9           1.230047963    9    0
         9
          10           1.211934155   10    0
        10
          11           1.042406565   11    0
        11
          12           0.835885569   12    0
        12
          13           0.754957691   13    0
        13
          14           0.725216835   14    0
        14
          15           0.693676690   15    0
        15
          16           0.387680862   16    0
        16
          17           0.348846901   17    0
        17
          18           0.291925130   18    0
        18
          19           0.247612266   20    0
        20
          20           0.247073007   21    0
        21
          21           0.202810955   22    0
        22
          22           0.066310587   23    0
        23
          23           0.053881250   24    0
        24
          24           0.000000000    0    1
         0.000000000         0.000000000         0.000000000         0.000000000
         0.000000000         0.000000000         0.000000000         0.000000000
         0.000000000         0.000000000         0.000000000         0.000000000
         0.000000000         0.000000000         0.000000000         0.000000000
         0.000000000         0.000000000         0.000000000         0.000000000
         0.000000000         0.000000000         0.000000000         0.000000000
         1.000000000
$end
