$energy      SCF               SCFKIN            SCFPOT
     1 -230.2105582182      229.3439126910     -459.5544709092
     2 -230.2129882490      229.2523502301     -459.4653384791
     3 -230.2133581812      229.2756483062     -459.4890064874
     4 -230.2133867563      229.2846049923     -459.4979917487
     5 -230.2133926332      229.2805081698     -459.4939008030
     6 -230.2133928539      229.2803359902     -459.4937288441
     7 -230.2133928785      229.2802049435     -459.4935978220
     8 -230.2133929141      229.2804814667     -459.4938743808
     9 -230.2133929190      229.2804772924     -459.4938702114
    10 -230.2133929192      229.2804799628     -459.4938728820
    11 -230.2133929193      229.2804867059     -459.4938796252
    12 -230.2133929193      229.2804644402     -459.4938573595
    13 -230.2133929192      229.2804676923     -459.4938606115
    14 -230.2133929192      229.2804708290     -459.4938637482
$end
