$grad          cartesian gradients
  cycle =      1    SCF energy =     -230.2105582182   |dE/dxyz| =  0.023789
    0.06124005151549     -1.27189869728080     -4.05268017418264      h
   -0.08368114276070     -1.21941181744916     -2.24133037475965      o
    0.11846934765672      1.33863938208438     -1.42688794196639      c
   -1.38382432846627      2.51335432977715     -2.23637844353720      h
    1.94288626701259      2.16262538938833     -1.96043376550383      h
   -0.11846896826018      1.33864125189937      1.42688532044826      c
    1.38380528571961      2.51337671579925      2.23638742492897      h
   -1.94289875504342      2.16260671897567      1.96041081787268      h
    0.08371323749930     -1.21940487468688      2.24133560554496      o
   -0.06172247804768     -1.27194070566749      4.05264235120304      h
  -.86473914570663D-04  -.19269548127570D-02  0.12950253037565D-02
  0.14537758917588D-02  -.47707569475212D-02  0.96634377149598D-02
  -.27951466938475D-02  0.52137890275230D-02  0.10290181507472D-01
  -.10659240554803D-02  -.26756905303999D-03  0.19590578717662D-02
  -.27057715115697D-03  0.17506175210613D-02  0.31994743487303D-02
  0.27944960067885D-02  0.52138427133782D-02  -.10290044552042D-01
  0.10661643594484D-02  -.26752447738335D-03  -.19585699149691D-02
  0.27093173601272D-03  0.17507663188715D-02  -.32000451910330D-02
  -.14528080629766D-02  -.47711100838930D-02  -.96634067065057D-02
  0.85563117872797D-04  -.19268167824360D-02  -.12951087600969D-02
  cycle =      2    SCF energy =     -230.2129882490   |dE/dxyz| =  0.012690
    0.05087544956547     -1.08886990436444     -4.30627947704637      h
   -0.06363788716771     -1.21744262213520     -2.49454955661095      o
    0.11540885389230      1.25541403364390     -1.46078307649218      c
   -1.36098522606752      2.47766649000825     -2.24810955615513      h
    1.93509868522866      2.09654414041549     -1.98701965900167      h
   -0.11544792560537      1.25541297223540      1.46077737217591      c
    1.36095579954803      2.47764730631611      2.24811711111908      h
   -1.93513114811387      2.09656220305512      1.98700166497149      h
    0.06356875376697     -1.21744709851949      2.49454003327274      o
   -0.05118683822149     -1.08889982781532      4.30625596381529      h
  -.30159545842746D-04  -.10177268391954D-02  -.87394692733270D-03
  0.31912735782888D-02  0.49219108426701D-03  -.43864613518946D-02
  -.63874876532373D-02  0.95492332280010D-03  0.16120333224862D-02
  0.61695986377874D-03  -.66777968913402D-03  -.17045813303799D-02
  -.83983622269947D-03  0.24038265250713D-03  -.49806046810745D-03
  0.63872507759333D-02  0.95488999880328D-03  -.16120344331528D-02
  -.61688479447934D-03  -.66778900439770D-03  0.17050303674549D-02
  0.84000871821017D-03  0.24038836292710D-03  0.49755194878389D-03
  -.31909464911681D-02  0.49233666465718D-03  0.43867394951916D-02
  0.29823047882854D-04  -.10178282164124D-02  0.87372943690361D-03
  cycle =      3    SCF energy =     -230.2133581812   |dE/dxyz| =  0.010249
    0.04597820981729     -1.11886220951531     -4.25007179690623      h
   -0.06481231781269     -1.21844286509284     -2.43727352415865      o
    0.11807214304566      1.27117972530380     -1.45543352096750      c
   -1.36144368576738      2.48916631813928     -2.24443074638873      h
    1.94409592275379      2.10027064976671     -1.98263578482912      h
   -0.11811962685639      1.27117837725624      1.45542754290417      c
    1.36141439197111      2.48913720528531      2.24443556606035      h
   -1.94413128276687      2.10029929665976      1.98262210895174      h
    0.06472066505367     -1.21844943285921      2.43726158267579      o
   -0.04625590261272     -1.11888937210392      4.25004939270637      h
  -.98038208588412D-05  -.45351323304529D-03  -.48275631284857D-04
  0.33459457066405D-02  -.44550830639907D-04  -.13193040854889D-02
  -.61025879803971D-02  0.73649861418102D-03  0.98183159722328D-03
  0.10439340735304D-03  -.39844901518555D-03  -.60257965713039D-03
  -.27071497111830D-03  0.16208565612485D-03  0.25126808089612D-04
  0.61024181359060D-02  0.73641927434996D-03  -.98181431026053D-03
  -.10435120337895D-03  -.39850216390384D-03  0.60287431772253D-03
  0.27078883831410D-03  0.16212430364807D-03  -.25464544544123D-04
  -.33456200411363D-02  -.44395072666585D-04  0.13194210920384D-02
  0.95331433296139D-05  -.45357132221581D-03  0.48184161365985D-04
  cycle =      4    SCF energy =     -230.2133867563   |dE/dxyz| =  0.010284
    0.03762311493868     -1.13048713175451     -4.22397790749807      h
   -0.06300469100505     -1.21936608131228     -2.40996278673177      o
    0.12093197068700      1.27779230038982     -1.45445200806639      c
   -1.35692281991298      2.49803969076990     -2.24389878189061      h
    1.95209281020830      2.09733226548984     -1.98150765969667      h
   -0.12099597499422      1.27779028578503      1.45444545860290      c
    1.35689244774189      2.49799239373596      2.24390004238148      h
   -1.95213455736465      2.09738020777409      1.98150031656301      h
    0.06286893846191     -1.21937691064691      2.40994629393424      o
   -0.03783272193540     -1.13050932739112      4.22395785245009      h
  0.21491215078293D-04  0.22016126520142D-04  0.11830399624636D-03
  0.36896340002765D-02  -.33844504273880D-03  0.78058228029008D-03
  -.61874050877744D-02  0.37135115320546D-03  -.30568161062416D-03
  -.78854101882512D-04  -.50066196754622D-04  0.57440115126130D-06
  0.64993182027067D-04  -.28629317890695D-05  0.74848862378072D-04
  0.61873823278204D-02  0.37118558867410D-03  0.30572448873972D-03
  0.78871688899284D-04  -.50092674500690D-04  -.46503803502886D-06
  -.65009245307207D-04  -.28375490189403D-05  -.74973815996292D-04
  -.36894879540377D-02  -.33827809664947D-03  -.78060442925999D-03
  -.21614921363617D-04  0.22004193884117D-04  -.11830987361096D-03
  cycle =      5    SCF energy =     -230.2133926332   |dE/dxyz| =  0.010405
    0.03449007377068     -1.12468958376043     -4.23298007563449      h
   -0.06091840421199     -1.21985433911181     -2.41882064378832      o
    0.12168058644136      1.27488538802465     -1.45544360892999      c
   -1.35479471859851      2.49744614695323     -2.24375302564022      h
    1.95275044040892      2.09552344657210     -1.98091091861022      h
   -0.12175013757008      1.27488307180446      1.45543678363868      c
    1.35476377752934      2.49739302519962      2.24375307307455      h
   -1.95279425016933      2.09557749434316      1.98090554624916      h
    0.06076851228392     -1.21986660956265      2.41880289414751      o
   -0.03467736305883     -1.12471034762250      4.23296079554154      h
  0.17496049369178D-04  0.16067595026866D-04  -.20542035616748D-05
  0.37528755264337D-02  -.38455658915693D-03  0.36039675583856D-03
  -.62730121400313D-02  0.37995766875418D-03  -.52698104178073D-03
  -.63707301196163D-06  -.42702495281137D-05  -.43401578651660D-04
  0.16045911035729D-04  -.51572203356511D-05  -.13255087595730D-04
  0.62730118925764D-02  0.37975526544746D-03  0.52700738979144D-03
  0.64485983827592D-06  -.42837541840505D-05  0.43455607751383D-04
  -.16055987982557D-04  -.51441787705169D-05  0.13188709721775D-04
  -.37528060297220D-02  -.38440677253853D-03  -.36040815716479D-03
  -.17561680452299D-04  0.16062361162680D-04  0.20508188367141D-05
  cycle =      6    SCF energy =     -230.2133928539   |dE/dxyz| =  0.010375
    0.03023703197984     -1.12389124108922     -4.23383571472055      h
   -0.05870172933224     -1.22018111318226     -2.41939893325941      o
    0.12298514584165      1.27447343378079     -1.45534852794688      c
   -1.35296546886539      2.49753593868541     -2.24370884792093      h
    1.95437216202372      2.09537387332547     -1.97912088163450      h
   -0.12306041422743      1.27447090205766      1.45534147013453      c
    1.35293397853954      2.49747678363406      2.24370773477808      h
   -1.95441806691325      2.09543444758521      1.97911754711869      h
    0.05853701859430     -1.22019475604250      2.41937992995583      o
   -0.03040114081526     -1.12391057591480      4.23381704354333      h
  0.86243256164335D-05  0.20851539826810D-04  -.45690242438379D-05
  0.37740056814613D-02  -.44335290258756D-03  0.34779561801416D-03
  -.62259862827002D-02  0.40062847424365D-03  -.58260247970923D-03
  0.41564496118446D-05  0.21349488903993D-04  0.23693375844170D-04
  0.81248580199539D-06  0.25698813513359D-05  0.29083684649185D-05
  0.62259994521273D-02  0.40040060569294D-03  0.58261415809520D-03
  -.41529296069142D-05  0.21352637515297D-04  -.23689482592280D-04
  -.81312060278628D-06  0.25699065463522D-05  -.29152427309201D-05
  -.37740164141849D-02  -.44321783446861D-03  -.34780450085867D-03
  -.86282168536040D-05  0.20854824696824D-04  0.45683258021699D-05
  cycle =      7    SCF energy =     -230.2133928785   |dE/dxyz| =  0.010339
    0.02812019061672     -1.12330546013647     -4.23477228237831      h
   -0.05761509599486     -1.22014548647466     -2.42022053111178      o
    0.12358257176928      1.27422615221685     -1.45532324703265      c
   -1.35214834196730      2.49714375494577     -2.24427566947464      h
    1.95504340827572      2.09539190406874     -1.97834384563826      h
   -0.12365919117141      1.27422357807860      1.45531611007147      c
    1.35211669716578      2.49708318197633      2.24427425143952      h
   -1.95508979315879      2.09545402471548      1.97834099999325      h
    0.05744695887966     -1.22015941731270      2.42020128058767      o
   -0.02827888758931     -1.12332453923813      4.23475375359193      h
  0.21073025803990D-05  0.18545075100197D-05  -.81362360770366D-05
  0.37707509388770D-02  -.40606652675272D-03  0.28762902113568D-03
  -.62065754814387D-02  0.39847816819869D-03  -.54807061745076D-03
  0.38982043378699D-05  0.63227637378569D-05  0.58458124783504D-05
  -.10048352259244D-04  0.14620795105986D-05  -.10595812213427D-06
  0.62065906351222D-02  0.39824267963465D-03  0.54806925627908D-03
  -.38993818043060D-05  0.63258179539849D-05  -.58544622952585D-05
  0.10051231316266D-04  0.14600127929852D-05  0.11435582299101D-06
  -.37707760416350D-02  -.40593373516691D-03  -.28762849858621D-03
  -.20975829386955D-05  0.18558634782400D-05  0.81364324854443D-05
  cycle =      9    SCF energy =     -230.2133929190   |dE/dxyz| =  0.010337
    0.00000500147853     -1.10061008653466     -4.23419852971437      h
   -0.07286342032583     -1.19701637325189     -2.41907627813271      o
    0.11443978780597      1.29755532719421     -1.45600774188438      c
   -1.36631046062369      2.52023166369041     -2.23588300416970      h
    1.94261818493524      2.11859113817408     -1.99068866566881      h
   -0.11443981755593      1.29755532278940      1.45600774107595      c
    1.36631064874991      2.52023147076882      2.23588283191406      h
   -1.94261804983409      2.11859134741481      1.99068891661779      h
    0.07286312764686     -1.19701641626040      2.41907626349436      o
   -0.00000032453814     -1.10060971828847      4.23419869300734      h
  -.36161998516763D-07  -.57832875828615D-06  0.39781470460130D-06
  0.37723464423020D-02  -.39160859884191D-03  0.29609701160115D-03
  -.62089390729701D-02  0.39416101342249D-03  -.49385956540063D-03
  -.27364359315595D-05  0.71147301801709D-06  0.20096055025598D-05
  -.14154924602101D-05  -.65181441204763D-06  0.15026579525698D-05
  0.62089368710042D-02  0.39417557565944D-03  0.49385349215588D-03
  0.27358335125334D-05  0.71021583077812D-06  -.20147600388677D-05
  0.14184020438348D-05  -.65751647923096D-06  -.14949662163847D-05
  -.37723549385745D-02  -.39160989860606D-03  -.29609658117461D-03
  0.44554899935406D-07  -.58095540189723D-06  -.39471114104718D-06
  cycle =     10    SCF energy =     -230.2133929192   |dE/dxyz| =  0.010342
   -0.00003355663306     -1.10062201728471     -4.23417775294919      h
   -0.07285868021380     -1.19702359132498     -2.41905279451363      o
    0.11444456414413      1.29756529920766     -1.45600449963347      c
   -1.36628188707701      2.52024468491795     -2.23591177157047      h
    1.94263489748430      2.11858731690507     -1.99068424468666      h
   -0.11444435154444      1.29756528103521      1.45600450616148      c
    1.36628209304173      2.52024473554275      2.23591164845142      h
   -1.94263467412466      2.11858725139959      1.99068440428504      h
    0.07285899841936     -1.19702359289620      2.41905282873952      o
    0.00003727424226     -1.10062169180603      4.23417790225549      h
  -.71816423800802D-07  -.40116981642047D-06  -.78225927468729D-07
  0.37726901230934D-02  -.39455253238258D-03  0.29704733337248D-03
  -.62127286202751D-02  0.39610645412975D-03  -.49209131664889D-03
  -.13646955884723D-05  0.80830352276706D-06  0.11982040554884D-05
  -.29744430967463D-06  0.71849722053840D-07  0.10168667521770D-05
  0.62127302768223D-02  0.39612558640515D-03  0.49208364747365D-03
  0.13623392340454D-05  0.80549112352983D-06  -.12018174288716D-05
  0.29761572160843D-06  0.65822750090141D-07  -.10109513810840D-05
  -.37726892926387D-02  -.39455326060034D-03  -.29704468058343D-03
  0.71511601148844D-07  -.40571962458970D-06  0.80944416146606D-07
  cycle =     12    SCF energy =     -230.2133929193   |dE/dxyz| =  0.010345
   -0.00007550996097     -1.10061290663096     -4.23417374526692      h
   -0.07285957983395     -1.19702815654469     -2.41904785723865      o
    0.11444468889649      1.29757030199937     -1.45600162053162      c
   -1.36626231048886      2.52025077480338     -2.23593481631045      h
    1.94264036751973      2.11858335007997     -1.99068971197484      h
   -0.11444470338680      1.29757026691517      1.45600160365485      c
    1.36626239477012      2.52025066944565      2.23593473938349      h
   -1.94264029790172      2.11858352325800      1.99068973108540      h
    0.07285936057281     -1.19702817233247      2.41904786582968      o
    0.00007900903961     -1.10061247721860      4.23417386782527      h
  0.54415311427739D-07  0.11814820683492D-06  0.19627860193681D-06
  0.37727016016443D-02  -.39684172453057D-03  0.29635322772217D-03
  -.62157614680001D-02  0.39770835144923D-03  -.49004512166571D-03
  0.12139868903135D-06  0.49574897045646D-06  0.36185594137929D-06
  0.10979461578599D-06  0.55902741986801D-06  0.12291854744752D-06
  0.62157645308946D-02  0.39768289254055D-03  0.49005132976116D-03
  -.11954713355872D-06  0.50111376899762D-06  -.36250455674979D-06
  -.11185048720733D-06  0.56416859651452D-06  -.12310002230165D-06
  -.37727104505627D-02  -.39684174234094D-03  -.29635084801338D-03
  -.48421781053260D-07  0.12465604393709D-06  -.20404492711924D-06
  cycle =     13    SCF energy =     -230.2133929192   |dE/dxyz| =  0.010345
   -0.00009658806647     -1.10060866582653     -4.23417331463348      h
   -0.07284947452198     -1.19702914650699     -2.41904612255438      o
    0.11445072653105      1.29757001234933     -1.45599971930733      c
   -1.36625436401731      2.52024835405731     -2.23594112629903      h
    1.94264766526763      2.11858280648913     -1.99068244509503      h
   -0.11445054837621      1.29757001487609      1.45599969884248      c
    1.36625447697592      2.52024848291411      2.23594102347735      h
   -1.94264751549233      2.11858274818462      1.99068245239732      h
    0.07284981304598     -1.19702909753494      2.41904616965308      o
    0.00009922788018     -1.10060833522730      4.23417343997525      h
  -.53129240427712D-07  0.25444800784417D-06  0.27540841787852D-07
  0.37727978881165D-02  -.39691920220548D-03  0.29664626872095D-03
  -.62153858388802D-02  0.39770743602569D-03  -.48934294510451D-03
  -.33724022500746D-07  0.50221652109166D-06  0.16938557268070D-06
  -.19117196954117D-07  0.49358102689995D-06  0.16206026949864D-06
  0.62153868182758D-02  0.39769102713708D-03  0.48934740034092D-03
  0.32658126571793D-07  0.50611329304709D-06  -.17162386226373D-06
  0.17469471787415D-07  0.49646786422867D-06  -.16151082443704D-06
  -.37727941628857D-02  -.39691935284123D-03  -.29664736253257D-03
  0.51134799875188D-07  0.25782408208846D-06  -.29209283427204D-07
$end
