$hessapprox internal
  0.139312027487D-01  0.177748630786D-03  0.618927512275D+00 -0.362047368270D-02
  0.185257392280D-02  0.366346550278D+00 -0.257572004513D-03  0.477057718892D-03
  0.141755287744D-02  0.422862975616D+00  0.247103539167D-03 -0.408601140372D-03
 -0.108654774187D-02 -0.668433713106D-03  0.421332426083D+00  0.652353937468D-02
 -0.364248499250D-02  0.111229241653D-01 -0.317101894738D-02  0.247902035417D-02
  0.327157902104D+00  0.167921765687D-02 -0.886495408677D-03  0.314792865411D-02
 -0.712688922352D-03  0.550609531573D-03 -0.484620747705D-02  0.343943541920D+00
 -0.111140569514D-02  0.702492184960D-03 -0.143851782588D-02  0.706234769054D-03
 -0.562618315984D-03  0.187903308435D-02  0.603383183818D-03  0.319139096011D+00
  0.147536359951D-02 -0.117757207483D-02  0.544348036372D-03 -0.143396605878D-02
  0.116638958005D-02  0.317704744368D-03 -0.136240406072D-03 -0.403585370270D-03
  0.343211133642D+00 -0.265375656962D-03  0.476578242789D-03  0.137729833762D-02
  0.794372724805D-03 -0.663118036485D-03 -0.309571548524D-02 -0.693770367716D-03
  0.692659721861D-03 -0.141371523178D-02  0.422850911397D+00  0.212103682606D-03
 -0.389766558922D-03 -0.115016854452D-02 -0.652855046680D-03  0.545167791580D-03
  0.257592798756D-02  0.578530791024D-03 -0.574357600678D-03  0.116770476309D-02
 -0.647936941687D-03  0.421307674063D+00  0.661788941836D-02 -0.369787300389D-02
  0.112687141618D-01 -0.322236547574D-02  0.251950871029D-02 -0.167563130786D-01
 -0.490895534092D-02  0.189987065717D-02  0.333845036571D-03 -0.314594826202D-02
  0.261766030614D-02  0.326738830824D+00  0.162601336113D-02 -0.846513994295D-03
  0.311445840373D-02 -0.666010277588D-03  0.512800319755D-03 -0.482915736948D-02
 -0.137446808093D-02  0.612119895882D-03 -0.182655966034D-03 -0.647799395311D-03
  0.540529506597D-03 -0.489204324687D-02  0.343968167561D+00 -0.106689061874D-02
  0.676032288395D-03 -0.137155720846D-02  0.681345724001D-03 -0.542955031716D-03
  0.178452648433D-02  0.574666468764D-03 -0.119194852774D-03 -0.394573714875D-03
  0.668299133451D-03 -0.554126470603D-03  0.180422967325D-02  0.583291541991D-03
  0.319156715475D+00  0.143333093159D-02 -0.114978363810D-02  0.496745177562D-03
 -0.140478360261D-02  0.114302183090D-02  0.374760253337D-03 -0.116732212420D-03
 -0.405577445155D-03  0.156045074681D-02 -0.138505728557D-02  0.114396411969D-02
  0.391470411618D-03 -0.162643910622D-03 -0.396327807524D-03  0.343170232452D+00
 -0.105925419994D-02  0.268014766603D-03 -0.360814630091D-02 -0.140410580627D-03
  0.151229987648D-03  0.639879434358D-02  0.166432214918D-02 -0.106255968577D-02
  0.132799460174D-02 -0.149694031614D-03  0.116660970200D-03  0.649042857462D-02
  0.161559563736D-02 -0.101943622215D-02  0.128822036809D-02  0.137406576185D-01
  0.186364407995D-03  0.184216687745D-03  0.192395324860D-02  0.493483997673D-03
 -0.422747036206D-03 -0.378110574323D-02 -0.920497635540D-03  0.728801617865D-03
 -0.122055097008D-02  0.493011368537D-03 -0.403192000798D-03 -0.383858759333D-02
 -0.879047968295D-03  0.701343070767D-03 -0.119172740720D-02  0.279892553173D-03
  0.618938404759D+00 -0.352910143950D-02  0.180488338268D-02 -0.694010222885D-02
  0.137988088995D-02 -0.105752338744D-02  0.108529488216D-01  0.307102138726D-02
 -0.140440490487D-02  0.534602147524D-03  0.134065079896D-02 -0.111959305085D-02
  0.109952267279D-01  0.303826285592D-02 -0.133905383307D-02  0.488112384690D-03
 -0.351740039566D-02  0.187443049962D-02  0.366690964413D+00  0.481272263886D-02
 -0.308636609560D-02  0.598204043281D-02 -0.314809294655D-02  0.251226235513D-02
 -0.762765862415D-02 -0.249248198084D-02  0.451507824876D-03  0.193687357926D-02
 -0.308890509769D-02  0.256051372546D-02 -0.770996137798D-02 -0.253661830326D-02
  0.416065636024D-03  0.194131505124D-02  0.458626321745D-02 -0.320175201915D-02
  0.584075531450D-02  0.502462958562D+00  0.493923273172D-03 -0.511376786321D-03
 -0.470482802246D-03 -0.717418216897D-03  0.591059236410D-03  0.145080313921D-02
  0.272196905356D-03 -0.409466356071D-03  0.102895381402D-02 -0.709572339211D-03
  0.584677856101D-03  0.147714799443D-02  0.240011624396D-03 -0.396388070278D-03
  0.101105004645D-02  0.405131085000D-03 -0.529615768202D-03 -0.456754880008D-03
  0.186099369449D-02  0.376966112555D+00  0.486860999986D-02 -0.311439557453D-02
  0.609502559584D-02 -0.316882467924D-02  0.252806277939D-02 -0.780587297159D-02
 -0.254261510413D-02  0.475043075677D-03  0.192604910166D-02 -0.310902060966D-02
  0.257732929077D-02 -0.789052769788D-02 -0.258615409095D-02  0.438518490325D-03
  0.193127894992D-02  0.464215150245D-02 -0.323086468284D-02  0.595096698701D-02
 -0.159420051696D-02  0.186713162604D-02  0.502264753609D+00  0.393383032325D-03
 -0.452782457102D-03 -0.628220528936D-03 -0.663569313260D-03  0.548646641167D-03
  0.167764659163D-02  0.340221673641D-03 -0.432672528633D-03  0.101357859683D-02
 -0.656906366840D-03  0.540914782356D-03  0.170676215730D-02  0.308122697489D-03
 -0.418348706461D-03  0.995027236118D-03  0.307340812692D-03 -0.468804281307D-03
 -0.610688071473D-03  0.195312245316D-02  0.549314222282D-03  0.196180230061D-02
  0.376908629990D+00 -0.371224886387D-02  0.112485834268D-02 -0.116110764299D-01
 -0.116083645045D-03  0.212264435297D-03  0.202953754478D-01  0.532931673444D-02
 -0.328922370290D-02  0.386250039105D-02 -0.150307444459D-03  0.101920657289D-03
  0.205833419099D-01  0.518492008535D-02 -0.315403216460D-02  0.374061400071D-02
 -0.396052210766D-02  0.117258470398D-02 -0.113199647350D-01  0.141521092292D-01
  0.105219582524D-02  0.143325108009D-01  0.744456881018D-03  0.339116236172D+00
  0.000000000000D+00  0.000000000000D+00  0.000000000000D+00  0.000000000000D+00
  0.000000000000D+00  0.000000000000D+00  0.000000000000D+00  0.000000000000D+00
  0.000000000000D+00  0.000000000000D+00  0.000000000000D+00  0.000000000000D+00
  0.000000000000D+00  0.000000000000D+00  0.000000000000D+00  0.000000000000D+00
  0.000000000000D+00  0.000000000000D+00  0.000000000000D+00  0.000000000000D+00
  0.000000000000D+00  0.000000000000D+00  0.000000000000D+00  0.000000000000D+00
$end
