$coord
    0.75697618647291     -0.66578927247893     -4.56916769501682  h
   -0.38409643281424     -0.60831623725781     -3.14909372896067  o
    0.87341163319430      0.67307530549345     -1.14068045809641  c
    1.35112103156645      2.60386007791871     -1.70799043128897  h
    2.61271599922831     -0.30332298840734     -0.59758464815720  h
   -0.87341010186010      0.67307735261750      1.14068034051346  c
   -1.35111457995480      2.60386328776957      1.70799054942394  h
   -2.61271694720378     -0.30331644533762      0.59758444409180  h
    0.38409480296149     -0.60831751785558      3.14909345633520  o
   -0.75697883372620     -0.66578997735933      4.56916663499779  h
$intdef
# definitions of internal coordinates
   1 f  1.0000000000000 tors    2    3    6    9 val= 120.00000
$user-defined bonds
$redundant
     number_of_atoms            10
     degrees_of_freedom         24
     internal_coordinates       25
     frozen_coordinates          1
# definitions of redundant internals
   1 k  1.0000000000000 tors   1    2    3    6 val= 182.34660
   2 k  1.0000000000000 stre   2    1           val=   1.82262
   3 k  1.0000000000000 bend   3    1    2      val= 107.67610
   4 k  1.0000000000000 stre   3    5           val=   2.06724
   5 k  1.0000000000000 stre   3    4           val=   2.06833
   6 k  0.0655505224519 bend   4    5    3      val=   0.68919
       -0.5189572853998 bend   2    5    3
       -0.4973594070148 bend   2    4    3
        0.4664487895260 bend   6    5    3
        0.5113175255557 bend   6    4    3
   7 k  0.0247083993836 bend   4    5    3      val=   0.71122
        0.5209424229455 bend   2    5    3
       -0.5525369713714 bend   2    4    3
        0.4743591584528 bend   6    5    3
       -0.4446288014008 bend   6    4    3
   8 k -0.8885009830407 bend   4    5    3      val=   1.72866
        0.1959229352041 bend   2    5    3
        0.1890691889694 bend   2    4    3
        0.2786311719436 bend   6    5    3
        0.2424824084350 bend   6    4    3
   9 k -0.0129092005221 bend   4    5    3      val=   1.81501
        0.4729332153210 bend   2    5    3
       -0.4473279133291 bend   2    4    3
       -0.5369779696401 bend   6    5    3
        0.5363953061558 bend   6    4    3
  10 k  1.0000000000000 stre   6    8           val=   2.06724
  11 k  1.0000000000000 stre   6    7           val=   2.06833
  12 k  0.0655504933145 bend   7    8    6      val=   0.68919
       -0.5189572313308 bend   9    8    6
       -0.4973594583483 bend   9    7    6
        0.4664488309661 bend   3    8    6
        0.5113174964320 bend   3    7    6
  13 k  0.0247084098644 bend   7    8    6      val=   0.71122
        0.5209424641688 bend   9    8    6
       -0.5525369218883 bend   9    7    6
        0.4743591222340 bend   3    8    6
       -0.4446288526528 bend   3    7    6
  14 k -0.8885009925248 bend   7    8    6      val=   1.72866
        0.1959229702320 bend   9    8    6
        0.1890691717238 bend   9    7    6
        0.2786311362183 bend   3    8    6
        0.2424823998796 bend   3    7    6
  15 k -0.0129091732733 bend   7    8    6      val=   1.81501
        0.4729332122392 bend   9    8    6
       -0.4473279282353 bend   9    7    6
       -0.5369779872248 bend   3    8    6
        0.5363952794939 bend   3    7    6
  16 k  1.0000000000000 tors  10    9    6    3 val= 182.34668
  17 k  1.0000000000000 stre   9   10           val=   1.82262
  18 k  1.0000000000000 bend   6   10    9      val= 107.67610
  19 k  1.0000000000000 tors   2    3    6    9 val= 120.00000
  20 k  1.0000000000000 stre   3    2           val=   2.69388
  21 k  1.0000000000000 bend   6    2    3      val= 107.94832
  22 k  1.0000000000000 stre   6    9           val=   2.69388
  23 k  1.0000000000000 bend   3    9    6      val= 107.94832
  24 k  1.0000000000000 stre   3    6           val=   2.87332
  25 f  1.0000000000000 tors   2    3    6    9 val= 120.00000
        24 non zero eigenvalues  of BmBt
           1           3.919613432    1    0
         1
           2           3.905615872    2    0
         2
           3           3.772499496    3    0
         3
           4           2.999673926    4    0
         4
           5           2.962394987    5    0
         5
           6           2.455060654    6    0
         6
           7           2.118386968    7    0
         7
           8           1.714027869    8    0
         8
           9           1.247502341    9    0
         9
          10           1.202479601   10    0
        10
          11           1.040967512   11    0
        11
          12           0.842342611   12    0
        12
          13           0.771249546   13    0
        13
          14           0.739598753   14    0
        14
          15           0.541915576   15    0
        15
          16           0.480578903   16    0
        16
          17           0.351595902   17    0
        17
          18           0.341162206   18    0
        18
          19           0.280408051   20    0
        20
          20           0.255484283   21    0
        21
          21           0.103437749   22    0
        22
          22           0.079677216   23    0
        23
          23           0.067087883   24    0
        24
          24           0.000000000    0    1
         0.000000000         0.000000000         0.000000000         0.000000000
         0.000000000         0.000000000         0.000000000         0.000000000
         0.000000000         0.000000000         0.000000000         0.000000000
         0.000000000         0.000000000         0.000000000         0.000000000
         0.000000000         0.000000000         0.000000000         0.000000000
         0.000000000         0.000000000         0.000000000         0.000000000
         1.000000000
$end
