$energy      SCF               SCFKIN            SCFPOT            MP2
     1 -229.0237169944      228.796308     -457.820025     -.8130756422150
     2 -229.0242019786      228.782118     -457.806320     -.8130008003559
     3 -229.0242026391      228.787930     -457.812133     -.8131068935571
     4 -229.0240773419      228.786798     -457.810875     -.8132462241085
     5 -229.0240495593      228.785418     -457.809467     -.8132744431700
     6 -229.0240438415      228.785168     -457.809212     -.8132802134480
     7 -229.0240438416      228.785168     -457.809212     -.8132802337326
     8 -229.0240442888      228.785210     -457.809254     -.8132798143966
     9 -229.0240443772      228.785239     -457.809284     -.8132797238239
    10 -229.0240443772      228.785240     -457.809284     -.8132797252340
    11 -229.0240441088      228.785215     -457.809259     -.8132799515292
    12 -229.0240440005      228.785213     -457.809257     -.8132800830452
$end
