$grad          cartesian gradients
  cycle =      1 MP2 energy =     -229.8367926366 |dE/dxyz| =  0.009809
    0.70325012745859     -0.63862471090951     -4.58553851103189      h
   -0.38077727380535     -0.61301369575242     -3.12645088971081      o
    0.88309018584514      0.67272095380621     -1.12717049255108      c
    1.32894632319808      2.62844899443221     -1.64532170677756      h
    2.64943876248208     -0.27874840017273     -0.61060453520348      h
   -0.88268938380411      0.67324752538076      1.12716308489922      c
   -1.32742125232706      2.62922095185890      1.64529590069250      h
   -2.64959146479828     -0.27721548132858      0.61057766498442      h
    0.38044300475739     -0.61314725323163      3.12648182959659      o
   -0.70409270765572     -0.63915982011550      4.58518835273701      h
  -.25684065245650D-02  -.62375755588467D-03  0.11790084221524D-02
  0.13914711207406D-02  -.44300968163480D-03  -.12008812532560D-03
  0.50159137678341D-03  -.56524800262858D-03  0.38171442357491D-02
  -.35352697141122D-03  0.17609609880993D-02  0.33643503192677D-02
  0.25958463990676D-02  -.13101021864848D-03  -.10775964605900D-02
  -.50019112486321D-03  -.55712950399611D-03  -.38152069472357D-02
  0.35699584009197D-03  0.17555262067175D-02  -.33640768437232D-02
  -.26010829927245D-02  -.13079435435359D-03  0.10750490418823D-02
  -.13887451943546D-02  -.43892313459182D-03  0.11965825663118D-03
  0.25660480715568D-02  -.62661481225140D-03  -.11782419001536D-02
  cycle =      2 MP2 energy =     -229.8372027790 |dE/dxyz| =  0.004300
    0.72676446763093     -0.63039029320129     -4.59702154472190      h
   -0.38042108036454     -0.60539573311823     -3.15040035690220      o
    0.87392032837452      0.67388377627527     -1.14175523192888      c
    1.33417407591691      2.61811426149593     -1.68302976483538      h
    2.62984710909725     -0.28536976420598     -0.62305362273519      h
   -0.87357009099795      0.67433558756836      1.14172756361561      c
   -1.33268174750938      2.61879799827976      1.68313188867902      h
   -2.63005776460874     -0.28384448376051      0.62293491939905      h
    0.38000117383744     -0.60580198046649      3.15030589909543      o
   -0.72738015002567     -0.63060030489911      4.59678094796937      h
  -.94767104396376D-03  -.49737507306236D-03  -.48792759712057D-03
  0.15479811937382D-02  0.20653529976666D-03  -.35751071213674D-04
  0.14186305185726D-03  -.83244004470062D-03  0.62521521956949D-03
  0.49626972332240D-04  0.72162809671106D-03  0.13660096737733D-02
  0.58161287444936D-03  0.39994158037193D-03  -.11997434988245D-02
  -.14240735937499D-03  -.82967043795135D-03  -.62497772900294D-03
  -.49063722149745D-04  0.72075722655596D-03  -.13650089143797D-02
  -.58174043639747D-03  0.40034423996826D-03  0.11983570344403D-02
  -.15468975145110D-02  0.20899832309063D-03  0.36173577525389D-04
  0.94669598451391D-03  -.49871923273559D-03  0.48765330327782D-03
  cycle =      3 MP2 energy =     -229.8373095327 |dE/dxyz| =  0.002341
    0.73559106451379     -0.63819792622634     -4.58338776439283      h
   -0.39032770757051     -0.59742946835834     -3.15028930796679      o
    0.86915235996625      0.68087159251162     -1.14529505622258      c
    1.34065951197722      2.61521178284307     -1.70669695452428      h
    2.61463816737699     -0.28957116963841     -0.61559216643972      h
   -0.86883046691169      0.68127744767307      1.14525483445172      c
   -1.33917788717395      2.61584185154447      1.70686682632594      h
   -2.61489379331714     -0.28805321825041      0.61542945957793      h
    0.38986342558157     -0.59800290351171      3.15011781918796      o
   -0.73607835309176     -0.63821892461930      4.58321300763757      h
  -.74602714450034D-04  -.13290736445348D-03  -.41307592130657D-03
  0.80244451589362D-03  0.56675221382729D-03  0.55665352825152D-03
  -.15894405019212D-03  -.78203150193934D-03  -.44257936356018D-03
  0.21987520670175D-04  0.56222747796042D-04  0.23632817750530D-03
  -.17760860679061D-03  0.29130813902012D-03  -.51371069480083D-03
  0.15807370096477D-03  -.78215377066471D-03  0.44225383542362D-03
  -.22604948250349D-04  0.56993345854295D-04  -.23569173751503D-03
  0.17896310969379D-03  0.29155791511193D-03  0.51321149407324D-03
  -.80240953982802D-03  0.56712186157171D-03  -.55618204385599D-03
  0.74701012550360D-04  -.13286363179260D-03  0.41279272473771D-03
  cycle =      4 MP2 energy =     -229.8373235660 |dE/dxyz| =  0.000806
    0.73643767995868     -0.64868711927017     -4.57377257229515      h
   -0.39714997814541     -0.59394632508359     -3.14758077833640      o
    0.86830197398307      0.68615396030485     -1.14487472500884      c
    1.34419986948260      2.61717615275117     -1.71326647156027      h
    2.61000638281416     -0.28980351089797     -0.60875976269723      h
   -0.86798563430515      0.68655287793628      1.14483232863241      c
   -1.34271317280986      2.61779977893844      1.71344059158890      h
   -2.61028013416246     -0.28828771540190      0.60860329461940      h
    0.39668631985541     -0.59454213790509      3.14739443810502      o
   -0.73690698532026     -0.64868689740430      4.57360435458707      h
  0.47870220662993D-05  -.55962107659013D-06  -.30321879479267D-04
  0.11175644405537D-03  0.28786746942711D-03  0.16555117615624D-03
  -.13865315386630D-03  -.34633584524757D-03  -.24123078488192D-03
  0.16547386613830D-04  0.98717803838078D-05  0.45378089033044D-05
  -.24447691752805D-04  0.49122163937820D-04  0.24637514186243D-04
  0.13846147772378D-03  -.34643314164118D-03  0.24141991467941D-03
  -.16689512447154D-04  0.10018534887024D-04  -.44778544301405D-05
  0.24707920966982D-04  0.49090710539490D-04  -.24830499386730D-04
  -.11179571584297D-03  0.28771118198145D-03  -.16562330802650D-03
  -.46741777470771D-05  -.35325097075267D-06  0.30337912556799D-04
  cycle =      5 MP2 energy =     -229.8373240025 |dE/dxyz| =  0.000373
    0.73648172450191     -0.65094253112436     -4.57273893116956      h
   -0.39795726926625     -0.59360653137216     -3.14738565049054      o
    0.86852845735741      0.68710910710388     -1.14462314027741      c
    1.34463259984094      2.61788186458874     -1.71351889555328      h
    2.60996710651886     -0.28955320583915     -0.60845910412835      h
   -0.86820923049911      0.68751324439080      1.14458188328805      c
   -1.34314336848563      2.61851359055905      1.71368241191253      h
   -2.61023919406458     -0.28803725765826      0.60831358601775      h
    0.39750096030128     -0.59418239994183      3.14720748881177      o
   -0.73696546485405     -0.65096681673897      4.57256104922396      h
  -.11788537081614D-04  -.22237461347885D-05  0.43022956823791D-05
  -.24762228002295D-04  0.16260974045190D-03  -.14927746523341D-05
  0.31522639494241D-05  -.18466847387222D-03  -.68139702229408D-04
  0.17164774882339D-04  0.13195869839056D-04  0.14678324636863D-04
  0.23215549804334D-04  0.11110792333291D-04  0.46492190408753D-04
  -.32564007477198D-05  -.18464766764126D-03  0.68290081313482D-04
  -.17123218222226D-04  0.13173419174173D-04  -.14729344713027D-04
  -.23259314544166D-04  0.11081861721829D-04  -.46550847902838D-04
  0.24864181040307D-04  0.16255436023593D-03  0.14449080989465D-05
  0.11792928568788D-04  -.21861739061269D-05  -.42951314553896D-05
  cycle =      6 MP2 energy =     -229.8373240549 |dE/dxyz| =  0.000313
    0.73680177287289     -0.65146747687248     -4.57248651158192      h
   -0.39804220261177     -0.59351723604278     -3.14744364119286      o
    0.86862535533481      0.68739330053461     -1.14451036051734      c
    1.34456611938969      2.61803684950024     -1.71375451471246      h
    2.60994449434312     -0.28955859487116     -0.60891062504537      h
   -0.86830444901667      0.68779951945708      1.14446932469395      c
   -1.34307656870686      2.61867157223730      1.71391437310346      h
   -2.61021458823289     -0.28804260272865      0.60876850695983      h
    0.39758811036562     -0.59408559760482      3.14726906320074      o
   -0.73729172238717     -0.65150066964161      4.57230508272688      h
  -.52454756138687D-06  -.29855702627923D-05  -.33512434205463D-05
  -.60077222211241D-04  0.12798263740255D-03  -.38677918966279D-04
  0.95827538994175D-04  -.12642850452194D-03  0.45449451922419D-04
  0.52226658286969D-05  -.31417922201626D-05  0.41273237889605D-05
  0.72687158469975D-06  0.45841790283774D-05  0.60051959965834D-05
  -.95926954323922D-04  -.12644515051008D-03  -.45469080116267D-04
  -.52072895004862D-05  -.31303737855204D-05  -.41435890580921D-05
  -.72288595465153D-06  0.45998531617020D-05  -.59787991470439D-05
  0.60172455844665D-04  0.12797914135421D-03  0.38675768539775D-04
  0.50936735984664D-06  -.30144369939644D-05  0.33628903288729D-05
  cycle =      7 MP2 energy =     -229.8373240753 |dE/dxyz| =  0.000313
    0.75693456497249     -0.66597659570712     -4.56914589465635      h
   -0.38411677848724     -0.60829502490714     -3.14905754193616      o
    0.87343679521967      0.67310252788001     -1.14070011536214      c
    1.35126701619298      2.60386014174607     -1.70797108021040      h
    2.61270383254347     -0.30329526423994     -0.59747644975706      h
   -0.87343644931791      0.67310315967375      1.14070015137901      c
   -1.35126481767523      2.60386132961726      1.70797085623719      h
   -2.61270443475831     -0.30329315784963      0.59747712848134      h
    0.38411649855693     -0.60829506183250      3.14905753964911      o
   -0.75693583979846     -0.66597880966764      4.56914504702402      h
  -.54577582142556D-06  -.27189797778826D-05  -.34637315216024D-05
  -.59912345086843D-04  0.12778930117952D-03  -.38839163646109D-04
  0.95630692593218D-04  -.12647815981826D-03  0.45833191121725D-04
  0.51994876968386D-05  -.31682233330166D-05  0.41583987131499D-05
  0.74597053778547D-06  0.45971074968953D-05  0.60441171629844D-05
  -.95659634922640D-04  -.12657023427964D-03  -.45855988112797D-04
  -.51797703417567D-05  -.31647037501692D-05  -.41681806874916D-05
  -.74935507266005D-06  0.46123920294239D-05  -.60231715787173D-05
  0.59935931155941D-04  0.12785856351050D-03  0.38844508932989D-04
  0.53479928485700D-06  -.27570651733311D-05  0.34700222553141D-05
  cycle =      8 MP2 energy =     -229.8373241032 |dE/dxyz| =  0.000313
    0.75695061051782     -0.66579593292993     -4.56919414093441      h
   -0.38407432840473     -0.60833630493901     -3.14908057423176      o
    0.87342724345559      0.67305024134495     -1.14068452733624      c
    1.35120395633045      2.60382417957370     -1.70796982955143      h
    2.61270926642385     -0.30334579588255     -0.59750587268465      h
   -0.87342725717103      0.67305022860911      1.14068438221635      c
   -1.35120203416094      2.60382426276218      1.70797107617759      h
   -2.61271026821433     -0.30334371354921      0.59750527339710      h
    0.38407315180267     -0.60833920733271      3.14907931765088      o
   -0.75694995313095     -0.66579471294342      4.56919453614514      h
  -.13724686533934D-05  -.26815721271278D-06  -.16442296781882D-05
  -.55434752287198D-04  0.12776979210560D-03  -.40397154049465D-04
  0.88932758402827D-04  -.12892941952769D-03  0.56941375279451D-04
  0.26868902294197D-05  -.83971768827240D-06  0.14553295342168D-05
  0.22194851601043D-06  0.22779947566054D-05  0.35230549175758D-05
  -.88932217793047D-04  -.12894306094857D-03  -.56944354108301D-04
  -.26915353761314D-05  -.83082443280702D-06  -.14579907445800D-05
  -.21082297330111D-06  0.22810345008395D-05  -.35109871422412D-05
  0.55410270739742D-04  0.12771686100566D-03  0.40370620848940D-04
  0.13899290545183D-05  -.23450512209866D-06  0.16643357660939D-05
  cycle =      9 MP2 energy =     -229.8373241010 |dE/dxyz| =  0.000319
    0.75702429354388     -0.66588218541545     -4.56912705883251      h
   -0.38408520963200     -0.60831775832115     -3.14908883151438      o
    0.87340854837486      0.67306821407698     -1.14067775808293      c
    1.35111916181519      2.60385614269036     -1.70798752957973      h
    2.61271349278786     -0.30332872605416     -0.59757448158637      h
   -0.87340783214635      0.67306905361165      1.14067792035992      c
   -1.35111706940923      2.60385745804549      1.70798724183556      h
   -2.61271350817120     -0.30332675213721      0.59757490201386      h
    0.38408489509784     -0.60831747833655      3.14908927934629      o
   -0.75702638481245     -0.66588472344685      4.56912595688886      h
  0.75756045436748D-07  -.17873126861301D-05  0.13903618780731D-05
  -.55598718662786D-04  0.13036095783825D-03  -.43554206187402D-04
  0.85753630618690D-04  -.12939897267028D-03  0.69204586000238D-04
  -.44973344159871D-07  0.10452295668983D-05  -.36358205757203D-06
  0.45171261486843D-06  -.22608127481227D-06  0.24298695544545D-06
  -.85740842800774D-04  -.12940190585731D-03  -.69215521742438D-04
  0.41333102274166D-07  0.10469234239530D-05  0.34472117271811D-06
  -.45783979318870D-06  -.23872839749473D-06  -.23035573659680D-06
  0.55636039985707D-04  0.13047027010105D-03  0.43611407095412D-04
  -.11609787176070D-06  -.18703831303202D-05  -.14303961948237D-05
  cycle =     10 MP2 energy =     -229.8373241024 |dE/dxyz| =  0.000318
    0.75699266088525     -0.66585962677558     -4.56913235202434      h
   -0.38410715831845     -0.60829426753692     -3.14908638073368      o
    0.87340133510996      0.67309053676991     -1.14068378817063      c
    1.35110977162717      2.60387807408129     -1.70799672452217      h
    2.61270911861037     -0.30330793090064     -0.59759235030430      h
   -0.87339956775471      0.67309279899581      1.14068374130975      c
   -1.35110328421538      2.60388159472903      1.70799637984896      h
   -2.61270977386088     -0.30330147921229      0.59759248462241      h
    0.38410567571322     -0.60829490104184      3.14908651841365      o
   -0.75699601993218     -0.66586121400614      4.56913093540247      h
  -.59263091900519D-06  -.96711825253726D-06  0.69957182446956D-06
  -.55162267694975D-04  0.12972866107930D-03  -.42407389572396D-04
  0.86277903545984D-04  -.12935237092293D-03  0.68544333962417D-04
  0.13445157165393D-06  0.93485479091271D-06  -.37882240322418D-06
  0.37315956946671D-06  -.35997933411913D-06  0.43434027763301D-06
  -.86245009151664D-04  -.12930314280446D-03  -.68544629369671D-04
  -.11585427772687D-06  0.94088356794586D-06  0.37243977857315D-06
  -.38887070452631D-06  -.34677447047216D-06  -.42653186071995D-06
  0.55139259783843D-04  0.12970313235217D-03  0.42420423837619D-04
  0.57985835821839D-06  -.97814873983859D-06  -.71373997423407D-06
  cycle =     11 MP2 energy =     -229.8373240603 |dE/dxyz| =  0.000317
    0.75696259171022     -0.66573206022675     -4.56919312229356      h
   -0.38408435318794     -0.60832911155321     -3.14909626784780      o
    0.87341341813399      0.67306016943210     -1.14067849327461      c
    1.35112612085263      2.60384551585626     -1.70798663585409      h
    2.61271616041491     -0.30333765086477     -0.59757510211700      h
   -0.87341192856400      0.67306222455570      1.14067837843413      c
   -1.35111967081687      2.60384874484294      1.70798676686602      h
   -2.61271716978528     -0.30333109080152      0.59757495006822      h
    0.38408275022811     -0.60833039519248      3.14909593983193      o
   -0.75696516112141     -0.66573276094564      4.56919205002888      h
  -.74891170420699D-06  0.42939355116012D-06  -.28442734212319D-06
  -.56086923425624D-04  0.12677406260320D-03  -.43691806701496D-04
  0.89327537188044D-04  -.12753575771329D-03  0.68870235307661D-04
  0.26057730950768D-06  0.25472218290190D-06  -.16869978125555D-06
  0.72918386440080D-07  0.75880526084759D-07  0.52142541728806D-06
  -.89337260186451D-04  -.12754653595870D-03  -.68864968757909D-04
  -.25468558106923D-06  0.26036055134071D-06  0.17083989889422D-06
  -.73360578944914D-07  0.82583756055854D-07  -.51880928042536D-06
  0.56094078138003D-04  0.12677440819564D-03  0.43679454615031D-04
  0.74603025845832D-06  0.43088008522263D-06  0.28675446150928D-06
  cycle =     12 MP2 energy =     -229.8373240835 |dE/dxyz| =  0.000318
    0.75697618647291     -0.66578927247893     -4.56916769501682      h
   -0.38409643281424     -0.60831623725781     -3.14909372896067      o
    0.87341163319430      0.67307530549345     -1.14068045809641      c
    1.35112103156645      2.60386007791871     -1.70799043128897      h
    2.61271599922831     -0.30332298840734     -0.59758464815720      h
   -0.87341010186010      0.67307735261750      1.14068034051346      c
   -1.35111457995480      2.60386328776957      1.70799054942394      h
   -2.61271694720378     -0.30331644533762      0.59758444409180      h
    0.38409480296149     -0.60831751785558      3.14909345633520      o
   -0.75697883372620     -0.66578997735933      4.56916663499779      h
  0.52107971715287D-07  -.10433240384966D-05  0.16156774584886D-06
  -.57619802167785D-04  0.12783536280203D-03  -.44186964530013D-04
  0.90466329241590D-04  -.12695105350513D-03  0.69024685304675D-04
  0.20788050880682D-06  0.85934068305704D-07  0.51542879742073D-07
  0.14872797127197D-06  0.72818020280252D-07  0.30076555290748D-06
  -.90472982509304D-04  -.12696389116451D-03  -.69025050798421D-04
  -.20380003018516D-06  0.89422415250340D-07  -.50470633006228D-07
  -.14852371554852D-06  0.77948332899425D-07  -.29936260792507D-06
  0.57626734248473D-04  0.12784405704469D-03  0.44184883860154D-04
  -.56671409787157D-07  -.10472765883951D-05  -.16159554094841D-06
$end
