$hessapprox internal
  0.205228755184D-01  0.556116021053D-03  0.613341351926D+00 -0.300327465135D-02
  0.178200904268D-02  0.369526823540D+00 -0.267330767817D-03  0.823788193353D-03
 -0.122399336477D-02  0.425945765205D+00 -0.780497244169D-03  0.145847416923D-02
 -0.206513973614D-02 -0.975501694716D-03  0.423872262912D+00  0.175420295384D-02
 -0.630063784771D-03  0.422218420487D-03  0.443607780566D-03  0.717307093380D-03
  0.346041540898D+00  0.126230330206D-02 -0.393010466382D-03  0.207618687176D-03
  0.279338318354D-03  0.444306525689D-03  0.398343889871D-04  0.346887438441D+00
 -0.606092190523D-03 -0.245535367667D-03  0.592240443936D-03  0.152678264010D-03
  0.303495603397D-03 -0.284190434888D-03 -0.195426734582D-03  0.321311709318D+00
 -0.292232612245D-02  0.117430570377D-02 -0.902046453841D-03 -0.821355337705D-03
 -0.134335830200D-02  0.692080705576D-04 -0.174634187535D-04  0.492170052375D-03
  0.344796820689D+00 -0.248805736500D-03  0.834736090711D-03 -0.124758148413D-02
 -0.555215046410D-03 -0.988876004992D-03  0.454395734313D-03  0.286661788337D-03
  0.152322275835D-03 -0.840234418690D-03  0.425931859750D+00 -0.800184412293D-03
  0.145474544053D-02 -0.205266945042D-02 -0.973347256789D-03 -0.171656380241D-02
  0.710668266054D-03  0.439624105480D-03  0.305062032030D-03 -0.133210290964D-02
 -0.986764038145D-03  0.423881925433D+00  0.175326753936D-02 -0.621469160023D-03
  0.408833708003D-03  0.437916632176D-03  0.707095194408D-03  0.918063941605D-05
  0.430519338595D-04 -0.282797783531D-03  0.599702071554D-04  0.448638727418D-03
  0.700472874609D-03  0.346051559596D+00  0.118539260220D-02 -0.422110203662D-03
  0.279492810676D-03  0.297353515296D-03  0.480369817992D-03  0.502780853660D-05
  0.283499798318D-04 -0.191491268251D-03  0.426984972184D-04  0.304616835768D-03
  0.475889402346D-03  0.840815517185D-05  0.346839989125D+00 -0.602520236726D-03
 -0.241196615419D-03  0.584142390281D-03  0.149868576632D-03  0.298265278958D-03
 -0.280750450053D-03 -0.193140964254D-03  0.288425448657D-04  0.486047835539D-03
  0.149493640763D-03  0.299827016431D-03 -0.279385568090D-03 -0.189178186100D-03
  0.321312229307D+00 -0.292623751225D-02  0.114036964182D-02 -0.846674628617D-03
 -0.799002799324D-03 -0.130289510536D-02  0.476263356532D-04 -0.314118575487D-04
  0.487492686140D-03 -0.214983614174D-03 -0.817648725435D-03 -0.129168040128D-02
  0.386163120561D-04  0.282104204324D-04  0.481473781995D-03  0.344874380488D+00
  0.641083247480D-02  0.572893137655D-03 -0.303887789337D-02 -0.277992737123D-03
 -0.800962220527D-03  0.177037118184D-02  0.127325765574D-02 -0.606460386534D-03
 -0.295066526555D-02 -0.259495237974D-03 -0.820709186672D-03  0.176933411560D-02
  0.119627705382D-02 -0.602918836697D-03 -0.295421460539D-02  0.205763191914D-01
  0.538856872844D-03 -0.124048501145D-02  0.179792432495D-02  0.827742344111D-03
  0.146640738275D-02 -0.637792718096D-03 -0.398341791280D-03 -0.244632081006D-03
  0.118765697190D-02  0.838675767854D-03  0.146272419541D-02 -0.629162466782D-03
 -0.427319055213D-03 -0.240287620878D-03  0.115360332441D-02  0.555616792816D-03
  0.613328595063D+00 -0.300336852036D-02  0.177403887398D-02 -0.183080259281D-02
 -0.121873076897D-02 -0.205565193834D-02  0.417332538397D-03  0.204477680060D-03
  0.591052828082D-03 -0.893133031398D-03 -0.124226121384D-02 -0.204319386477D-02
  0.404001701170D-03  0.276213874243D-03  0.582979725351D-03 -0.837969709399D-03
 -0.303888246719D-02  0.178992403653D-02  0.369552237181D+00  0.220716022152D-02
 -0.576994982131D-02  0.846204729049D-02  0.384544651860D-02  0.682635746011D-02
 -0.303292487459D-02 -0.190178193204D-02 -0.110554460481D-02  0.563217130485D-02
  0.389524377021D-02  0.681018939497D-02 -0.299291491731D-02 -0.203250522818D-02
 -0.108558623369D-02  0.547464152871D-02  0.228356929544D-02 -0.579866151909D-02
  0.842500125491D-02  0.464157498310D+00 -0.550194501780D-02  0.196398334906D-02
 -0.130486690649D-02 -0.138330855923D-02 -0.223530147275D-02 -0.204195929984D-04
 -0.129711207725D-03  0.889515965482D-03 -0.203506643112D-03 -0.141705570216D-02
 -0.221449832769D-02 -0.361416403910D-04 -0.207551789280D-04  0.878764895860D-03
 -0.136135737562D-03 -0.555251852318D-02  0.198817822141D-02 -0.128961821045D-02
  0.945599258914D-02  0.380857774285D+00  0.223511343899D-02 -0.576826071429D-02
  0.845008574074D-02  0.384476862900D-02  0.682382774688D-02 -0.302569925957D-02
 -0.189654735338D-02 -0.110831051928D-02  0.562020666766D-02  0.389465242245D-02
  0.680757230877D-02 -0.298568835224D-02 -0.202762043640D-02 -0.108833416573D-02
  0.546264022694D-02  0.231164802942D-02 -0.579705082804D-02  0.841303466364D-02
 -0.269477764064D-01  0.943332283266D-02  0.464170015759D+00 -0.536425903145D-02
  0.197669368822D-02 -0.137078049639D-02 -0.138954735896D-02 -0.225298734027D-02
  0.178508060928D-04 -0.102206021696D-03  0.876552018443D-03 -0.267330948333D-03
 -0.142290018632D-02 -0.223260766455D-02  0.210373722752D-05  0.510378388735D-05
  0.865875735168D-03 -0.200025630321D-03 -0.541426375157D-02  0.200051906488D-02
 -0.135552937648D-02  0.950692563767D-02 -0.327944936056D-04  0.948485916678D-02
  0.380620691934D+00 -0.118839328677D-02 -0.290561401069D-02  0.502399382503D-02
  0.190046500151D-02  0.348032617565D-02 -0.203697291838D-02 -0.133387121315D-02
 -0.308274741512D-03  0.366580085370D-02  0.191741003607D-02  0.347959118532D-02
 -0.201784311282D-02 -0.136849430360D-02 -0.300140102954D-03  0.359312940051D-02
 -0.116180784731D-02 -0.291309068599D-02  0.500661583163D-02 -0.134371891096D-01
  0.636224287540D-02 -0.134440222142D-01  0.633817824463D-02  0.380951113381D+00
  0.000000000000D+00  0.000000000000D+00  0.000000000000D+00  0.000000000000D+00
  0.000000000000D+00  0.000000000000D+00  0.000000000000D+00  0.000000000000D+00
  0.000000000000D+00  0.000000000000D+00  0.000000000000D+00  0.000000000000D+00
  0.000000000000D+00  0.000000000000D+00  0.000000000000D+00  0.000000000000D+00
  0.000000000000D+00  0.000000000000D+00  0.000000000000D+00  0.000000000000D+00
  0.000000000000D+00  0.000000000000D+00  0.000000000000D+00  0.000000000000D+00
$end
