$coord
   -0.00157119812344     -1.10832572222154     -4.23029525120792  h
   -0.01822660874545     -1.20262013673282     -2.41362391532020  o
    0.02874959065860      1.30358374539998     -1.46352999662173  c
   -1.59656678456715      2.38263243397156     -2.16396106637756  h
    1.74190397362235      2.28112129607558     -2.10219306529147  h
   -0.02874947970989      1.30358374139799      1.46352999755963  c
    1.59656681067407      2.38263255759796      2.16396104929235  h
   -1.74190393874694      2.28112115171492      2.10219309012026  h
    0.01822693199588     -1.20262013815427      2.41362391761224  o
    0.00157426010327     -1.10832567433448      4.23029527600559  h
$user-defined bonds
$intdef
# definitions of internal coordinates
   1 f  1.0000000000000 tors    2    3    6    9 val=   3.00000
$redundant
     number_of_atoms            10
     degrees_of_freedom         24
     internal_coordinates       25
     frozen_coordinates          1
# definitions of redundant internals
   1 k  1.0000000000000 tors   1    2    3    6 val= 179.28923
   2 k  1.0000000000000 stre   2    1           val=   1.81919
   3 k  1.0000000000000 bend   3    1    2      val= 107.77704
   4 k  1.0000000000000 stre   3    4           val=   2.07282
   5 k  1.0000000000000 stre   3    5           val=   2.07325
   6 k  0.0685992276168 bend   5    4    3      val=   0.69672
       -0.5115293347624 bend   2    4    3
       -0.5056458801109 bend   2    5    3
        0.4880741596535 bend   6    4    3
        0.4896302117448 bend   6    5    3
   7 k  0.0025419942590 bend   5    4    3      val=   0.07306
       -0.5458222185405 bend   2    4    3
        0.5501727361817 bend   2    5    3
       -0.4487877460152 bend   6    4    3
        0.4449395053281 bend   6    5    3
   8 k  0.8966047228842 bend   5    4    3      val=   0.27195
       -0.1809407844707 bend   2    4    3
       -0.1859600728089 bend   2    5    3
       -0.2540787452045 bend   6    4    3
       -0.2534230573034 bend   6    5    3
   9 k -0.0018172899742 bend   5    4    3      val=   0.23766
        0.4468442467456 bend   2    4    3
       -0.4468753611749 bend   2    5    3
       -0.5460781544185 bend   6    4    3
        0.5499345210562 bend   6    5    3
  10 k  1.0000000000000 stre   6    7           val=   2.07282
  11 k  1.0000000000000 stre   6    8           val=   2.07325
  12 k  0.0685992221597 bend   8    7    6      val=   0.69672
       -0.5115293839255 bend   9    7    6
       -0.5056458304368 bend   9    8    6
        0.4880741944488 bend   3    7    6
        0.4896301777616 bend   3    8    6
  13 k  0.0025421744849 bend   8    7    6      val=   0.07306
       -0.5458222173015 bend   9    7    6
        0.5501727316088 bend   9    8    6
       -0.4487877872235 bend   3    7    6
        0.4449394699081 bend   3    8    6
  14 k  0.8966047225116 bend   8    7    6      val=   0.27195
       -0.1809406820173 bend   9    7    6
       -0.1859601821513 bend   9    8    6
       -0.2540786690490 bend   3    7    6
       -0.2534231278900 bend   3    8    6
  15 k -0.0018172949800 bend   8    7    6      val=   0.23767
        0.4468442125965 bend   9    7    6
       -0.4468754005766 bend   9    8    6
       -0.5460781062832 bend   3    7    6
        0.5499345645671 bend   3    8    6
  16 k  1.0000000000000 tors  10    9    6    3 val= 179.28914
  17 k  1.0000000000000 stre   9   10           val=   1.81919
  18 k  1.0000000000000 bend   6   10    9      val= 107.77704
  19 k  1.0000000000000 tors   2    3    6    9 val=   3.00000
  20 k  1.0000000000000 stre   3    2           val=   2.68066
  21 k  1.0000000000000 bend   6    2    3      val= 110.73295
  22 k  1.0000000000000 stre   6    9           val=   2.68066
  23 k  1.0000000000000 bend   3    9    6      val= 110.73295
  24 k  1.0000000000000 stre   3    6           val=   2.92762
  25 f  1.0000000000000 tors   2    3    6    9 val=   3.00000
        24 non zero eigenvalues  of BmBt
           1           4.657175139    1    0
         1
           2           3.812648564    2    0
         2
           3           3.694087950    3    0
         3
           4           3.062120375    4    0
         4
           5           2.639845807    5    0
         5
           6           2.483686781    6    0
         6
           7           2.097996105    7    0
         7
           8           1.757428585    8    0
         8
           9           1.228984404    9    0
         9
          10           1.209614360   10    0
        10
          11           1.041948712   11    0
        11
          12           0.834178999   12    0
        12
          13           0.751995104   13    0
        13
          14           0.725154615   14    0
        14
          15           0.699170363   15    0
        15
          16           0.385942783   16    0
        16
          17           0.348940936   17    0
        17
          18           0.291910165   18    0
        18
          19           0.247221105   20    0
        20
          20           0.232827178   21    0
        21
          21           0.218836107   22    0
        22
          22           0.066236554   23    0
        23
          23           0.053505298   24    0
        24
          24           0.000000000    0    1
         0.000000000         0.000000000         0.000000000         0.000000000
         0.000000000         0.000000000         0.000000000         0.000000000
         0.000000000         0.000000000         0.000000000         0.000000000
         0.000000000         0.000000000         0.000000000         0.000000000
         0.000000000         0.000000000         0.000000000         0.000000000
         0.000000000         0.000000000         0.000000000         0.000000000
         1.000000000
$end
