$energy      SCF               SCFKIN            SCFPOT
     1 -230.2093174016      229.3497275819     -459.5590449834
     2 -230.2120312589      229.2524421868     -459.4644734457
     3 -230.2123940894      229.2750511502     -459.4874452396
     4 -230.2124232815      229.2827205291     -459.4951438106
     5 -230.2124262139      229.2795830637     -459.4920092776
     6 -230.2124263072      229.2792624309     -459.4916887381
     7 -230.2124263079      229.2791935746     -459.4916198824
     8 -230.2124262934      229.2791858531     -459.4916121465
     9 -230.2124263199      229.2793869365     -459.4918132564
    10 -230.2124263212      229.2793695802     -459.4917959014
    11 -230.2124263212      229.2793644771     -459.4917907983
    12 -230.2124263216      229.2793447672     -459.4917710888
    13 -230.2124263218      229.2793673634     -459.4917936852
$end
