$grad          cartesian gradients
  cycle =      1    SCF energy =     -230.2093174016   |dE/dxyz| =  0.025176
    0.01519593680774     -1.27845847404161     -4.04440511412577      h
   -0.02115026600880     -1.22570662867446     -2.22763839343141      o
    0.02967498138277      1.34555196785387     -1.43148938121879      c
   -1.60729316650531      2.39392671604469     -2.14798226020215      h
    1.74735451768254      2.30618552397406     -2.07869983586447      h
   -0.02967440825004      1.34555254063756      1.43148795874959      c
    1.60727697605046      2.39394805301626      2.14799477813605      h
   -1.74736939913322      2.30616667528318      2.07867958905943      h
    0.02118244152639     -1.22570426735026      2.22764051590387      o
   -0.01568241300319     -1.27846604212917      4.04439610361496      h
  -.22997501271500D-04  -.20398004559274D-02  0.13840335462818D-02
  0.40085546651526D-03  -.46217424517002D-02  0.10370964262071D-01
  -.75623749552372D-03  0.51446172312569D-02  0.11686179962356D-01
  -.67687803991872D-03  0.49323176806379D-03  0.26892909596299D-02
  0.31307056357994D-03  0.10264870136218D-02  0.30108646375875D-02
  0.75560713408350D-03  0.51444444115498D-02  -.11686011392913D-01
  0.67718915716790D-03  0.49322598925683D-03  -.26888071544934D-02
  -.31276434821862D-03  0.10265801473792D-02  -.30115035897141D-02
  -.39989947314127D-03  -.46219242992921D-02  -.10370795099969D-01
  0.22053356048804D-04  -.20397017185325D-02  -.13842161673196D-02
  cycle =      2    SCF energy =     -230.2120312589   |dE/dxyz| =  0.008903
    0.01564017683077     -1.09344416168411     -4.30556884483312      h
   -0.01741218454535     -1.22339982920926     -2.49055062214823      o
    0.02804408289316      1.26000613262905     -1.46672645145421      c
   -1.59159982925456      2.34693276952701     -2.16588709785267      h
    1.73314439751888      2.25140424769398     -2.10218445251108      h
   -0.02806349769275      1.26000676755327      1.46672447100962      c
    1.59157301833737      2.34693967012179      2.16589606486052      h
   -1.73317080995457      2.25139919413069      2.10216868213182      h
    0.01739951597443     -1.22339819950640      2.49055032911778      o
   -0.01603966955804     -1.09345052664192      4.30556188230088      h
  -.20747621384657D-05  -.10879673120149D-02  -.90695803254467D-03
  0.82608357522025D-03  0.79291274426944D-03  -.47157944312734D-02
  -.16951699650527D-02  0.62147845225982D-03  0.27687785987764D-02
  0.66714613449074D-03  -.29338187036778D-03  -.11651592899676D-02
  -.72840157805585D-03  -.36240062003994D-04  -.85420751504814D-03
  0.16951002831262D-02  0.62143629752240D-03  -.27686843594669D-02
  -.66707364252068D-03  -.29342509644603D-03  0.11655323398174D-02
  0.72847383607414D-03  -.36187273894239D-04  0.85375268423864D-03
  -.82561313161195D-03  0.79291140499069D-03  0.47158565292437D-02
  0.15289351485333D-05  -.10879619077942D-02  0.90688299814387D-03
  cycle =      3    SCF energy =     -230.2123940894   |dE/dxyz| =  0.004484
    0.01315983808715     -1.12352815012510     -4.24906897021423      h
   -0.01718161696250     -1.22429799736718     -2.43317805947110      o
    0.02903475136593      1.27608573276742     -1.46249792345956      c
   -1.59499664650124      2.35559749005009     -2.16455249301585      h
    1.73991478567378      2.25764198606573     -2.09989746115488      h
   -0.02907108711154      1.27608623144212      1.46249563488705      c
    1.59496707634811      2.35558406069756      2.16455853690056      h
   -1.73994520003132      2.25765743965060      2.09988531690961      h
    0.01712239305971     -1.22429752356852      2.43317638218564      o
   -0.01348909337874     -1.12353320499862      4.24906299705408      h
  0.15824035084660D-05  -.49176387600924D-03  -.53066839874632D-04
  0.88530898027828D-03  0.33061633330533D-03  -.16674881568784D-02
  -.16340356560488D-02  0.35746600937500D-03  0.17610706670270D-02
  0.14992846161065D-03  -.17441337816668D-03  -.33687082907962D-03
  -.19823101374067D-03  -.23669657919864D-04  -.17163889474899D-03
  0.16338667291557D-02  0.35741901465247D-03  -.17610132425923D-02
  -.14986524143067D-03  -.17446265025134D-03  0.33714921619024D-03
  0.19828861490063D-03  -.23619586988386D-04  0.17131090739812D-03
  -.88486772778847D-03  0.33063606190447D-03  0.16675115084718D-02
  -.19763000569954D-05  -.49176057977316D-03  0.53035301781374D-04
  cycle =      4    SCF energy =     -230.2124232815   |dE/dxyz| =  0.002802
    0.01000319812098     -1.13577356955656     -4.22372038929348      h
   -0.01626597586143     -1.22503726301049     -2.40710636285213      o
    0.03003185998777      1.28290361385903     -1.46239612498370      c
   -1.59511925360482      2.36015695521647     -2.16627034519239      h
    1.74408139938535      2.25924909963948     -2.10063712501126      h
   -0.03009033703412      1.28290397860543      1.46239351573796      c
    1.59508534015546      2.36011796763681      2.16627248405089      h
   -1.74411777367169      2.25929053039077      2.10062984807196      h
    0.01614604183037     -1.22503820842153      2.40710300414302      o
   -0.01023929875854     -1.13577703974530      4.22371545595045      h
  0.74011185980798D-05  -.45953526752511D-04  0.10751786619483D-03
  0.97400795338022D-03  0.70778676863089D-04  0.25718016504970D-03
  -.16569620111955D-02  0.35478062388070D-04  0.36970682711477D-03
  -.54931995144334D-04  -.43762715277960D-04  -.84240539516147D-05
  0.42818475288269D-04  -.17289705173890D-04  0.30549633859232D-04
  0.16568786156360D-02  0.35432714280704D-04  -.36967718278352D-03
  0.54961367823586D-04  -.43782068536764D-04  0.85728508037463D-05
  -.42799628115137D-04  -.17271831106137D-04  -.30715254557555D-04
  -.97378187283215D-03  0.70817187469036D-04  -.25718662039493D-03
  -.75928276665829D-05  -.45952364034227D-04  -.10752487764302D-03
  cycle =      5    SCF energy =     -230.2124262139   |dE/dxyz| =  0.002763
    0.00876619895573     -1.13178850358421     -4.22978583262451      h
   -0.01559384248390     -1.22542915349126     -2.41319041239319      o
    0.03035963466618      1.28088173730104     -1.46335159843184      c
   -1.59409005465274      2.35960586948240     -2.16645199726735      h
    1.74422860574566      2.25822885513077     -2.10045105861043      h
   -0.03042536641229      1.28088203086498      1.46334887101599      c
    1.59405466718732      2.35955889799899      2.16645234594375      h
   -1.74426693590940      2.25827840383611      2.10044584764225      h
    0.01545501497173     -1.22543055207578      2.41318660363318      o
   -0.00897272151895     -1.13179152084892      4.22978119171347      h
  0.64559459695795D-05  -.18158802261269D-04  0.66500800212098D-05
  0.99446485078333D-03  0.14055320575388D-04  0.13601790139579D-04
  -.16782813431873D-02  0.22076043133670D-04  0.83968113297461D-04
  -.44296734117814D-05  -.13964812410024D-04  -.43805121392746D-04
  0.31872345605187D-05  -.49635725710170D-05  -.24199205128565D-04
  0.16782475500549D-02  0.22024840348447D-04  -.83954439314438D-04
  0.44408545863335D-05  -.13978173831542D-04  0.43890149749405D-04
  -.31823179345982D-05  -.49507158053044D-05  0.24105147813459D-04
  -.99433277443042D-03  0.14092056426457D-04  -.13604078229449D-04
  -.65713076238604D-05  -.18159866985582D-04  -.66531119818778D-05
  cycle =      6    SCF energy =     -230.2124263072   |dE/dxyz| =  0.002764
    0.00698601471612     -1.13129941709149     -4.23018192995104      h
   -0.01472707774561     -1.22568428278130     -2.41355658295290      o
    0.03088645385245      1.28059899208072     -1.46351940573071      c
   -1.59332434470714      2.35975397559893     -2.16637123216312      h
    1.74500815034705      2.25812943746360     -2.09956706879949      h
   -0.03096059192625      1.28059923223637      1.46351658040098      c
    1.59328729342893      2.35969767015319      2.16636967513289      h
   -1.74504871513068      2.25818854141699      2.09956411828730      h
    0.01456616085867     -1.22568616306870      2.41355228115003      o
   -0.00715814314421     -1.13130192139418      4.23017752524736      h
  0.35990358226166D-05  0.12175854190807D-04  -.23578216811388D-05
  0.10073631895611D-02  -.55283739574522D-04  0.38530968732344D-04
  -.16719857614743D-02  0.29098055729730D-04  -.67003576571704D-04
  0.25772671293671D-05  0.75272710288557D-05  0.34552692929514D-05
  -.22516117929107D-05  0.55173249487494D-05  0.35327050393699D-05
  0.16719785729346D-02  0.29041942007156D-04  0.67007410022539D-04
  -.25739669012994D-05  0.75240990075248D-05  -.34326205478636D-05
  0.22525137115007D-05  0.55203995058458D-05  -.35556588402788D-05
  -.10073390643822D-02  -.55247202152371D-04  -.38534344581474D-04
  -.36212498646393D-05  0.12176155559345D-04  0.23569268214168D-05
  cycle =      8    SCF energy =     -230.2124262934   |dE/dxyz| =  0.002759
   -0.00095167498239     -1.10795157128802     -4.23072492980480      h
   -0.01834008090149     -1.20258788457012     -2.41406868047982      o
    0.02867445122987      1.30349695089504     -1.46357365847686      c
   -1.59664539460450      2.38265712573508     -2.16381027147035      h
    1.74176220604157      2.28114150153908     -2.10220119931810      h
   -0.02867444335789      1.30349695230652      1.46357365483699      c
    1.59664535659169      2.38265716301580      2.16381032240006      h
   -1.74176223675128      2.28114146992398      2.10220113784600      h
    0.01834015084083     -1.20258787929078      2.41406868430165      o
    0.00095053976144     -1.10795159497798      4.23072492305718      h
  -.51587025932444D-06  0.29550201122528D-05  -.52349704450748D-05
  0.10093318009203D-02  -.36574747677267D-04  0.11479725914512D-05
  -.16681266601606D-02  0.29299097626163D-04  -.46492620851136D-04
  0.35411596612983D-05  0.19061796669510D-05  0.27010153386731D-05
  -.56507125008387D-05  0.14430962401184D-05  0.45139047901561D-06
  0.16680229181431D-02  0.29287243288653D-04  0.46488676189524D-04
  -.35371177786262D-05  0.19432923316164D-05  -.26926196199145D-05
  0.56544581860517D-05  0.14121429867240D-05  -.45810891842815D-06
  -.10092368879111D-02  -.36577341458317D-04  -.11443254797934D-05
  0.51691191573897D-06  0.29575020469642D-05  0.52335918883360D-05
  cycle =      9    SCF energy =     -230.2124263199   |dE/dxyz| =  0.002756
   -0.00107634989215     -1.10825290098467     -4.23025492063501      h
   -0.01829335536903     -1.20256308656143     -2.41358882444281      o
    0.02871005896524      1.30365347140950     -1.46352337921393      c
   -1.59662975953335      2.38271672434394     -2.16388445725203      h
    1.74185149287431      2.28120188315050     -2.10218145853922      h
   -0.02871084548315      1.30365348785665      1.46352338409242      c
    1.59662947443529      2.38271570872381      2.16388465313571      h
   -1.74185183430218      2.28120293425783      2.10218128903049      h
    0.01829064170719     -1.20256312176501      2.41358877418089      o
    0.00107935046568     -1.10825286714251      4.23025492253544      h
  0.14334259038437D-05  0.25623111632625D-05  0.30947833414903D-06
  0.10087211425335D-02  -.32396285018254D-04  0.24781118941533D-04
  -.16665265635099D-02  0.27152449687838D-04  -.37115352116352D-04
  -.96153876746843D-06  0.11923349688476D-05  0.32986751038665D-05
  -.87367831533984D-06  0.52921667701853D-06  0.42744013038720D-05
  0.16665846427874D-02  0.27158764394012D-04  0.37119646212075D-04
  0.93918073799325D-06  0.11883920086042D-05  -.32990686665268D-05
  0.85296589299454D-06  0.52901110090621D-06  -.42749903923895D-05
  -.10087466382903D-02  -.32392963189802D-04  -.24785362119227D-04
  -.14229513901878D-05  0.25620702484124D-05  -.30856692434492D-06
  cycle =     11    SCF energy =     -230.2124263212   |dE/dxyz| =  0.002757
   -0.00140233499670     -1.10832076313220     -4.23028185669923      h
   -0.01830717599226     -1.20262538197851     -2.41361284657525      o
    0.02870104270443      1.30358143878455     -1.46353181009766      c
   -1.59663982435411      2.38263495940055     -2.16390470505415      h
    1.74183804721854      2.28112135977511     -2.10222824329968      h
   -0.02870104021221      1.30358143946787      1.46353181245004      c
    1.59663979073843      2.38263489139043      2.16390477531189      h
   -1.74183808064754      2.28112141186413      2.10222817911614      h
    0.01830693499229     -1.20262538969466      2.41361284244356      o
    0.00140619771042     -1.10832071116239      4.23028188817553      h
  0.71120413676492D-06  0.13424504438245D-05  -.56921254558143D-07
  0.10094196558650D-02  -.28587714307628D-04  0.22385303947566D-04
  -.16671420290229D-02  0.26039763102170D-04  -.36665762440204D-04
  -.84846416796508D-06  0.27047146199339D-06  0.10174717980016D-05
  -.36752874081088D-06  -.23602376678006D-07  0.15537025236064D-05
  0.16671650286902D-02  0.26042261070781D-04  0.36666335759103D-04
  0.83615834616301D-06  0.27032124374178D-06  -.10181921955357D-05
  0.35619612448737D-06  -.25615595042462D-07  -.15538341749614D-05
  -.10094254995121D-02  -.28586362380585D-04  -.22385479778155D-04
  -.70471767850814D-06  0.13416551192120D-05  0.57372568835465D-07
  cycle =     12    SCF energy =     -230.2124263216   |dE/dxyz| =  0.002758
   -0.00151906144802     -1.10831476507155     -4.23030244854551      h
   -0.01825326465956     -1.20262257174893     -2.41363226125617      o
    0.02873338696136      1.30357878135128     -1.46353280604203      c
   -1.59658916546217      2.38263160888850     -2.16394603934343      h
    1.74188251706699      2.28111856260391     -2.10220153157415      h
   -0.02873333002119      1.30357877855949      1.46353280725637      c
    1.59658916516609      2.38263164272375      2.16394606013202      h
   -1.74188251322228      2.28111850980934      2.10220151653798      h
    0.01825332605413     -1.20262257682939      2.41363226154810      o
    0.00152249672594     -1.10831471557152      4.23030247705801      h
  0.90728571513759D-07  0.62295413593132D-06  -.68971422309400D-07
  0.10104095158658D-02  -.27582736301652D-04  0.20309515988849D-04
  -.16671805952611D-02  0.26170742832250D-04  -.35382624958787D-04
  -.33567049588811D-06  -.68703778314000D-07  -.68345131779214D-08
  -.32647551136236D-06  -.10163012160085D-06  0.88847305235134D-06
  0.16671904574034D-02  0.26171444038982D-04  0.35382687930859D-04
  0.33115769296672D-06  -.68791698872121D-07  0.68000628850345D-08
  0.32209916305849D-06  -.10229315291699D-06  -.88893768081348D-06
  -.10104133016978D-02  -.27582096675364D-04  -.20309115327316D-04
  -.87910543028766D-07  0.62241865849576D-06  0.69009306500475D-07
$end
