$hessapprox internal
  0.132623061573D-01 -0.355086588291D-03  0.618651562059D+00  0.467847948694D-02
  0.606800136744D-03  0.363960726500D+00 -0.848518130860D-03 -0.101097300616D-03
  0.163424122049D-02  0.421610481730D+00  0.137043524061D-02  0.137897680861D-03
 -0.239564852416D-02  0.401078976330D-03  0.420991462742D+00  0.320070221089D-02
  0.581929312007D-03 -0.809102582717D-02  0.144297620772D-02 -0.226120433377D-02
  0.337413747028D+00  0.133034756339D-02  0.512786125713D-04 -0.153236988116D-02
  0.228462242817D-03 -0.228806182003D-03 -0.196947894153D-02  0.345326228823D+00
 -0.112360270363D-02 -0.240492472909D-03  0.318809879041D-02 -0.577089706830D-03
  0.928868228727D-03  0.220201232669D-02  0.891334861077D-03  0.318451492797D+00
  0.333353167967D-02  0.196485000018D-03 -0.449279994244D-02  0.704928916513D-03
 -0.826991737124D-03 -0.512076413071D-02  0.210762873901D-03  0.224200259101D-02
  0.340928120143D+00 -0.837614512261D-03 -0.992184224521D-04  0.160767254174D-02
 -0.274235480179D-03  0.393762159682D-03  0.142285008400D-02  0.222324756251D-03
 -0.569601250186D-03  0.688755109526D-03  0.421619876072D+00  0.136097059654D-02
  0.136334198183D-03 -0.237323386852D-02  0.397118481138D-03 -0.546981952041D-03
 -0.224391849922D-02 -0.223851085629D-03  0.922376501616D-03 -0.813780057769D-03
  0.389859339737D-03  0.421003585320D+00  0.320069289085D-02  0.581845319072D-03
 -0.809021182090D-02  0.144281168037D-02 -0.226089072293D-02 -0.599070106795D-02
 -0.196901871556D-02  0.220199558840D-02 -0.511973917697D-02  0.142268657721D-02
 -0.224360590145D-02  0.337414232063D+00  0.135804167183D-02  0.550980266748D-04
 -0.159070087405D-02  0.238579235334D-03 -0.243835795048D-03 -0.201799486851D-02
  0.223635146564D-03  0.910235251923D-03  0.181376040637D-03  0.232281817423D-03
 -0.238745354732D-03 -0.201753025317D-02  0.345305217856D+00 -0.112484642146D-02
 -0.240620676231D-03  0.319030228033D-02 -0.577459654103D-03  0.929381571776D-03
  0.220407279701D-02  0.891559389359D-03 -0.778400195481D-03  0.224279062539D-02
 -0.569964521469D-03  0.922884273293D-03  0.220405577987D-02  0.910473577867D-03
  0.318449806353D+00  0.333894356658D-02  0.197175556497D-03 -0.450366265067D-02
  0.706797200838D-03 -0.829720526531D-03 -0.513009247292D-02  0.209053059723D-03
  0.224568903605D-02 -0.311410905265D-03  0.690592793076D-03 -0.816483051727D-03
 -0.512906655613D-02  0.179599338122D-03  0.224647958166D-02  0.340917992953D+00
 -0.161108548166D-02 -0.353734253309D-03  0.465678231980D-02 -0.844806943389D-03
  0.136507607239D-02  0.318168756071D-02  0.132721027318D-02 -0.111602225090D-02
  0.332397016070D-02 -0.833965511588D-03  0.135566372189D-02  0.318168035398D-02
  0.135477025762D-02 -0.111726102867D-02  0.332935723340D-02  0.132845392297D-01
 -0.355025202473D-03 -0.343373058194D-04  0.607300390841D-03 -0.101202566473D-03
  0.138108897094D-03  0.582000812573D-03  0.516177000490D-04 -0.240458803312D-03
  0.197224307734D-03 -0.993232766680D-04  0.136544947640D-03  0.581916953014D-03
  0.554397061521D-04 -0.240587193358D-03  0.197915461338D-03 -0.353671525747D-03
  0.618651447380D+00  0.467497573070D-02  0.606405635247D-03 -0.947846835275D-02
  0.163313408492D-02 -0.239407800373D-02 -0.808513010025D-02 -0.153155327425D-02
  0.318571871446D-02 -0.449017084209D-02  0.160658460313D-02 -0.237167943347D-02
 -0.808431681667D-02 -0.158984367634D-02  0.318792075287D-02 -0.450102609672D-02
  0.465329331400D-02  0.606905417412D-03  0.363973777359D+00  0.167024560247D-03
  0.950852476514D-04 -0.104381258809D-02  0.201377029767D-03 -0.359438195503D-03
 -0.489406456821D-03 -0.460178387915D-03  0.123029633731D-03 -0.106150000937D-02
  0.199570315919D-03 -0.357779071843D-03 -0.489515899660D-03 -0.466050753950D-03
  0.123351719082D-03 -0.106272276477D-02  0.164413978682D-03  0.949839307287D-04
 -0.104295012384D-02  0.503952254142D+00 -0.245489272955D-02  0.382406663359D-03
 -0.175402455977D-02  0.507722686265D-03 -0.135741911622D-02  0.233127614258D-02
 -0.306612405657D-02 -0.158492677454D-02 -0.624349042667D-02  0.513472412531D-03
 -0.136098235658D-02  0.232952701593D-02 -0.307169096878D-02 -0.158375957546D-02
 -0.624576006203D-02 -0.246103203389D-02  0.381006643721D-03 -0.175144203620D-02
  0.149179820770D-02  0.391299322211D+00  0.166861888119D-03  0.951343047996D-04
 -0.104415661238D-02  0.201456877172D-03 -0.359616624595D-03 -0.489316759364D-03
 -0.460512540503D-03  0.122927585313D-03 -0.106220481009D-02  0.199650267108D-03
 -0.357957459604D-03 -0.489426362848D-03 -0.466386499663D-03  0.123249826638D-03
 -0.106342798560D-02  0.164250306669D-03  0.950328566084D-04 -0.104329377367D-02
  0.617763003345D-04  0.149334446191D-02  0.503952514640D+00 -0.245493876022D-02
  0.382573090491D-03 -0.175558705173D-02  0.508042454512D-03 -0.135803869968D-02
  0.233088484672D-02 -0.306706103992D-02 -0.158493651024D-02 -0.624556204279D-02
  0.513790427113D-03 -0.136160014382D-02  0.232913538685D-02 -0.307263627705D-02
 -0.158376876128D-02 -0.624783353177D-02 -0.246108216201D-02  0.381172786101D-03
 -0.175300311448D-02  0.149204072178D-02  0.157608077718D-01  0.149358731535D-02
  0.391306656920D+00 -0.406646425680D-02  0.963915770788D-04  0.225271992336D-02
 -0.205207515430D-03 -0.244965739453D-03  0.532865771873D-02 -0.211308018898D-02
 -0.269277532796D-02 -0.375093966193D-02 -0.189405870861D-03 -0.257150728894D-03
  0.532677343654D-02 -0.209457984932D-02 -0.269262241436D-02 -0.374859190964D-02
 -0.406320435838D-02  0.949442112400D-04  0.225239383447D-02  0.174763309522D-02
  0.147313064937D-01  0.174914780762D-02  0.147351989877D-01  0.360298293185D+00
  0.000000000000D+00  0.000000000000D+00  0.000000000000D+00  0.000000000000D+00
  0.000000000000D+00  0.000000000000D+00  0.000000000000D+00  0.000000000000D+00
  0.000000000000D+00  0.000000000000D+00  0.000000000000D+00  0.000000000000D+00
  0.000000000000D+00  0.000000000000D+00  0.000000000000D+00  0.000000000000D+00
  0.000000000000D+00  0.000000000000D+00  0.000000000000D+00  0.000000000000D+00
  0.000000000000D+00  0.000000000000D+00  0.000000000000D+00  0.000000000000D+00
$end
