$coord
   -0.00365248213663     -1.10667642026854     -4.23109471540234  h
   -0.03645022922096     -1.20150889328742     -2.41468267403103  o
    0.05744254361269      1.30237644534483     -1.46199461917536  c
   -1.52115631802740      2.43065759017522     -2.19072944803304  h
    1.81132781257648      2.22807393103413     -2.06740577480943  h
   -0.05744253577813      1.30237644722462      1.46199462283425  c
    1.52115639763170      2.43065749191735      2.19072943566254  h
   -1.81132774697117      2.22807402651027      2.06740580959512  h
    0.03645009752712     -1.20150890391214      2.41468266701989  o
    0.00365499894772     -1.10667633438841      4.23109475162518  h
$user-defined bonds
$intdef
# definitions of internal coordinates
   1 f  1.0000000000000 tors    2    3    6    9 val=   6.00000
$redundant
     number_of_atoms            10
     degrees_of_freedom         24
     internal_coordinates       25
     frozen_coordinates          1
# definitions of redundant internals
   1 k  1.0000000000000 tors   1    2    3    6 val= 178.56263
   2 k  1.0000000000000 stre   2    1           val=   1.81918
   3 k  1.0000000000000 bend   3    1    2      val= 107.79008
   4 k  1.0000000000000 stre   3    4           val=   2.07269
   5 k  1.0000000000000 stre   3    5           val=   2.07354
   6 k  0.0689934008400 bend   5    4    3      val=   0.70495
       -0.5143927569142 bend   2    4    3
       -0.5027331981116 bend   2    5    3
        0.4872615526727 bend   6    4    3
        0.4903830269067 bend   6    5    3
   7 k  0.0050031979117 bend   5    4    3      val=   0.14292
       -0.5436100232581 bend   2    4    3
        0.5522394156138 bend   2    5    3
       -0.4507403989804 bend   6    4    3
        0.4430889653258 bend   6    5    3
   8 k  0.8965120059882 bend   5    4    3      val=   0.26132
       -0.1783807307761 bend   2    4    3
       -0.1883025871711 bend   2    5    3
       -0.2546165749409 bend   6    4    3
       -0.2532964141807 bend   6    5    3
   9 k -0.0036022416709 bend   5    4    3      val=   0.47034
        0.4468779336821 bend   2    4    3
       -0.4469216321431 bend   2    5    3
       -0.5441477233277 bend   6    4    3
        0.5517711900442 bend   6    5    3
  10 k  1.0000000000000 stre   6    7           val=   2.07269
  11 k  1.0000000000000 stre   6    8           val=   2.07354
  12 k  0.0689933859660 bend   8    7    6      val=   0.70495
       -0.5143927633810 bend   9    7    6
       -0.5027331905378 bend   9    8    6
        0.4872615380938 bend   3    7    6
        0.4903830444667 bend   3    8    6
  13 k  0.0050031821398 bend   8    7    6      val=   0.14292
       -0.5436100099962 bend   9    7    6
        0.5522394176520 bend   9    8    6
       -0.4507404191215 bend   3    7    6
        0.4430889587453 bend   3    8    6
  14 k  0.8965120067793 bend   8    7    6      val=   0.26132
       -0.1783807367374 bend   9    7    6
       -0.1883025961116 bend   9    8    6
       -0.2546165813473 bend   3    7    6
       -0.2532963940965 bend   3    8    6
  15 k -0.0036022550992 bend   8    7    6      val=   0.47034
        0.4468779508681 bend   9    7    6
       -0.4469216285274 bend   9    8    6
       -0.5441477175432 bend   3    7    6
        0.5517711846709 bend   3    8    6
  16 k  1.0000000000000 tors  10    9    6    3 val= 178.56254
  17 k  1.0000000000000 stre   9   10           val=   1.81918
  18 k  1.0000000000000 bend   6   10    9      val= 107.79008
  19 k  1.0000000000000 tors   2    3    6    9 val=   6.00000
  20 k  1.0000000000000 stre   3    2           val=   2.68065
  21 k  1.0000000000000 bend   6    2    3      val= 110.71658
  22 k  1.0000000000000 stre   6    9           val=   2.68065
  23 k  1.0000000000000 bend   3    9    6      val= 110.71658
  24 k  1.0000000000000 stre   3    6           val=   2.92625
  25 f  1.0000000000000 tors   2    3    6    9 val=   6.00000
        24 non zero eigenvalues  of BmBt
           1           4.655100931    1    0
         1
           2           3.811661899    2    0
         2
           3           3.696410731    3    0
         3
           4           3.062868664    4    0
         4
           5           2.640759036    5    0
         5
           6           2.482987879    6    0
         6
           7           2.098206141    7    0
         7
           8           1.756685945    8    0
         8
           9           1.229205187    9    0
         9
          10           1.210094167   10    0
        10
          11           1.042025631   11    0
        11
          12           0.834542573   12    0
        12
          13           0.752656715   13    0
        13
          14           0.725163442   14    0
        14
          15           0.697990920   15    0
        15
          16           0.386303490   16    0
        16
          17           0.348927390   17    0
        17
          18           0.291914921   18    0
        18
          19           0.247190493   20    0
        20
          20           0.237652117   21    0
        21
          21           0.213768772   22    0
        22
          22           0.066251200   23    0
        23
          23           0.053580852   24    0
        24
          24           0.000000000    0    1
         0.000000000         0.000000000         0.000000000         0.000000000
         0.000000000         0.000000000         0.000000000         0.000000000
         0.000000000         0.000000000         0.000000000         0.000000000
         0.000000000         0.000000000         0.000000000         0.000000000
         0.000000000         0.000000000         0.000000000         0.000000000
         0.000000000         0.000000000         0.000000000         0.000000000
         1.000000000
$end
