$energy      SCF               SCFKIN            SCFPOT
     1 -230.2095725685      229.3485291965     -459.5581017649
     2 -230.2122183736      229.2521505012     -459.4643688748
     3 -230.2125908664      229.2751017564     -459.4876926228
     4 -230.2126201796      229.2832894120     -459.4959095915
     5 -230.2126242493      229.2794678549     -459.4920921042
     6 -230.2126243913      229.2793353496     -459.4919597409
     7 -230.2126244053      229.2793617374     -459.4919861427
     8 -230.2126244321      229.2796106024     -459.4922350345
     9 -230.2126244311      229.2796315370     -459.4922559681
    10 -230.2126244313      229.2796008134     -459.4922252447
    11 -230.2126244314      229.2796063247     -459.4922307561
    12 -230.2126244314      229.2796022480     -459.4922266794
    13 -230.2126244314      229.2796055551     -459.4922299865
    14 -230.2126244314      229.2796008592     -459.4922252905
$end
