$grad          cartesian gradients
  cycle =      1    SCF energy =     -230.2095725685   |dE/dxyz| =  0.024891
    0.03041250074914     -1.27714668863719     -4.04606684181394      h
   -0.04220164272159     -1.22444705695546     -2.23038651314221      o
    0.05933815353708      1.34416846237036     -1.43056703475093      c
   -1.53444297517597      2.43541413527325     -2.17967381087329      h
    1.81460447555006      2.25986997019506     -2.04101938069402      h
   -0.05933762050168      1.34416948541782      1.43056519906833      c
    1.53442586317472      2.43543581916581      2.17968517979199      h
   -1.81461853966493      2.25985125050161      2.04099815342672      h
    0.04223380521915     -1.22444315691770      2.23038968849548      o
   -0.03089818826152     -1.27716572258054      4.04604817244045      h
  -.45357800425563D-04  -.20169409808812D-02  0.13655391822910D-02
  0.78692205976159D-03  -.46546319223968D-02  0.10224369581961D-01
  -.15008227513058D-02  0.51602912787010D-02  0.11397930961573D-01
  -.83237366444261D-03  0.22955400876449D-03  0.24705713844018D-02
  0.11751589090052D-03  0.12833003502786D-02  0.31176983234479D-02
  0.15001865915687D-02  0.51601985277819D-02  -.11397773192195D-01
  0.83266207465585D-03  0.22956547392496D-03  -.24700812488696D-02
  -.11719372148413D-03  0.12834181927833D-02  -.31183180079377D-02
  -.78596052784458D-03  -.46548803089847D-02  -.10224252436601D-01
  0.44421789682522D-04  -.20168291048463D-02  -.13656841158685D-02
  cycle =      2    SCF energy =     -230.2122183736   |dE/dxyz| =  0.009884
    0.03035790026970     -1.09213140182777     -4.30637980397909      h
   -0.03428690097584     -1.22211231621042     -2.49222401684892      o
    0.05635411898276      1.25884692987911     -1.46570250296817      c
   -1.51757341860323      2.39215614893460     -2.19490062619918      h
    1.80139824398154      2.20110057517362     -2.06694210848493      h
   -0.05637668009609      1.25884734580741      1.46569953147452      c
    1.51754577205060      2.39215873056882      2.19490868969729      h
   -1.80142521953574      2.20109893462217      2.06692543568371      h
    0.03426517442140     -1.22211113075240      2.49222222977873      o
   -0.03074315859063     -1.09214731836211      4.30636598379463      h
  -.57206918468822D-05  -.10720693331156D-02  -.90509486628304D-03
  0.16442966033942D-02  0.75212352157105D-03  -.46861929321800D-02
  -.33647654307804D-02  0.67593263122066D-03  0.25094058133674D-02
  0.65042599269670D-03  -.42907539922934D-03  -.13538957224276D-02
  -.76629852022400D-03  0.71513374067881D-04  -.73368474006958D-03
  0.33646707156624D-02  0.67592907441579D-03  -.25093417603044D-02
  -.65036241715121D-03  -.42911239592593D-03  0.13542818493201D-02
  0.76639763868429D-03  0.71553771933048D-04  0.73322345749726D-03
  -.16438535296621D-02  0.75216256374898D-03  0.46863230857382D-02
  0.52096707078824D-05  -.10721032368742D-02  0.90497522166815D-03
  cycle =      3    SCF energy =     -230.2125908664   |dE/dxyz| =  0.006234
    0.02581106320679     -1.12259942569761     -4.24934639658341      h
   -0.03399068503564     -1.22308796932539     -2.43417723312724      o
    0.05824660698992      1.27507383226466     -1.46112000804313      c
   -1.51946914927706      2.40204273608580     -2.19330766366736      h
    1.80956401139625      2.20643063322056     -2.06370675645696      h
   -0.05828469722471      1.27507389215616      1.46111660617262      c
    1.51943966071165      2.40202664738287      2.19331304374485      h
   -1.80959525481815      2.20644787645264      2.06369395534541      h
    0.03392638002371     -1.22308894723571      2.43417301477510      o
   -0.02613210406831     -1.12261277747095      4.24933424978870      h
  0.18705200141087D-05  -.48393640898228D-03  -.52487863371933D-04
  0.17505185967423D-02  0.25378809474646D-03  -.16074869365241D-02
  -.32279390460642D-02  0.43611105495205D-03  0.15965026766051D-02
  0.13093468013372D-03  -.25216350229196D-03  -.42730210287517D-03
  -.22346878928493D-03  0.45670433316453D-04  -.98714475151482D-04
  0.32277693471496D-02  0.43606706121454D-03  -.15964604605349D-02
  -.13087777458748D-03  -.25221455089753D-03  0.42758115659940D-03
  0.22353260993431D-03  0.45716097526203D-04  0.98386844173164D-04
  -.17500943254299D-02  0.25384972653354D-03  0.16075512041892D-02
  -.22460065946265D-05  -.48395789311035D-03  0.52429402692083D-04
  cycle =      4    SCF energy =     -230.2126201796   |dE/dxyz| =  0.005413
    0.01968446059066     -1.13509244147996     -4.22309500648230      h
   -0.03225023465625     -1.22389891205794     -2.40701392880052      o
    0.06020751018026      1.28207333216087     -1.46079271799879      c
   -1.51759334685806      2.40818715288184     -2.19497335367802      h
    1.81563640042102      2.20659035699950     -2.06366240351871      h
   -0.06026753739085      1.28207297684599      1.46078882046455      c
    1.51756041505750      2.40814590789123      2.19497511031121      h
   -1.81567442493649      2.20663338587426      2.06365499246233      h
    0.03212594406652     -1.22390279747086      2.40700647162333      o
   -0.01991335456987     -1.13510246381190      4.22308482756548      h
  0.14259891005690D-04  -.23331885934389D-04  0.11353078307719D-03
  0.19297571206170D-02  -.21022439597988D-04  0.40962484651850D-03
  -.32686504510037D-02  0.10104693163248D-03  0.19960740622201D-03
  -.67746122920285D-04  -.49501143051018D-04  -.97594697941210D-05
  0.48127326798829D-04  -.70225218909758D-05  0.55429946049855D-04
  0.32685774746194D-02  0.10096775722450D-03  -.19957501434114D-03
  0.67776149805787D-04  -.49519547470494D-04  0.99026077049284D-05
  -.48115563431980D-04  -.70061553113510D-05  -.55586674381324D-04
  -.19295531622826D-02  -.20937285795894D-04  -.40963378564036D-03
  -.14432968508852D-04  -.23337497185190D-04  -.11354175868333D-03
  cycle =      5    SCF energy =     -230.2126242493   |dE/dxyz| =  0.005461
    0.01724133985227     -1.12999848452577     -4.23094089583415      h
   -0.03085086713996     -1.22434968401323     -2.41483919813957      o
    0.06083929186010      1.27949944422070     -1.46186000931653      c
   -1.51586129843342      2.40759406426357     -2.19518165464225      h
    1.81617027905822      2.20511414846442     -2.06321701514721      h
   -0.06090661185060      1.27949889973644      1.46185590863939      c
    1.51582713618631      2.40754489315305      2.19518162560255      h
   -1.81621052382833      2.20516530670699      2.06321188393238      h
    0.03070775833453     -1.22435451916693      2.41483087498021      o
   -0.01744067213469     -1.13000757100621      4.23093129187375      h
  0.11975843500676D-04  -.59683549348648D-05  -.51053121753724D-05
  0.19709157497877D-02  -.75725222934285D-04  0.68280391313206D-04
  -.33162204939597D-02  0.93659682171413D-04  -.83308689814987D-04
  0.36179408744777D-06  -.10695386175505D-04  -.51599117107070D-04
  0.18329914400586D-05  -.12848487659297D-05  -.22331348038446D-04
  0.33161990390217D-02  0.93559504042819D-04  0.83323125980956D-04
  -.35279187698841D-06  -.10708574508612D-04  0.51671355189971D-04
  -.18335179167040D-05  -.12730797411728D-05  0.22249181627512D-04
  -.19708063137074D-02  -.75649606491493D-04  -.68281684354293D-04
  -.12072719866169D-04  -.59733859250568D-05  0.51009506396308D-05
  cycle =      6    SCF energy =     -230.2126243913   |dE/dxyz| =  0.005464
    0.01364158385790     -1.12956834215026     -4.23115753916852      h
   -0.02908623676541     -1.22464420974115     -2.41493754069916      o
    0.06191389765733      1.27926076905665     -1.46190988583371      c
   -1.51432256829885      2.40784526315457     -2.19530411175168      h
    1.81769773060734      2.20496582021964     -2.06171538335534      h
   -0.06198980313633      1.27926009511387      1.46190562551473      c
    1.51428700853861      2.40778669641654      2.19530226984702      h
   -1.81774056320719      2.20502680708439      2.06171276300349      h
    0.02892063271909     -1.22465004372178      2.41492823582289      o
   -0.01380585006807     -1.12957635759944      4.23114837856885      h
  0.57798945002083D-05  0.20301220238784D-04  -.74773171900205D-05
  0.19938682543673D-02  -.14937429924874D-03  0.10226411817153D-03
  -.32961701738548D-02  0.10674383549539D-03  -.21140948692573D-03
  0.55239348002698D-05  0.16180891620651D-04  0.14549142167846D-04
  -.32508107832048D-05  0.61201073449989D-05  0.51116320469132D-05
  0.32961742590822D-02  0.10662821314420D-03  0.21141760326072D-03
  -.55219103890404D-05  0.16181326105266D-04  -.14541938231789D-04
  0.32484660449753D-05  0.61217702691085D-05  -.51186109947713D-05
  -.19938705018220D-02  -.14930393547961D-03  -.10227220463745D-03
  -.57818845282372D-05  0.20303977042750D-04  0.74757728835072D-05
  cycle =      7    SCF energy =     -230.2126244053   |dE/dxyz| =  0.005444
    0.01223123242383     -1.12931215817736     -4.23166164414870      h
   -0.02839236824851     -1.22456301518684     -2.41541568003674      o
    0.06231448808059      1.27914523221934     -1.46186007381710      c
   -1.51378229486870      2.40762826670981     -2.19567391147308      h
    1.81819103200610      2.20496099695063     -2.06119882522835      h
   -0.06239165880438      1.27914452000462      1.46185575954260      c
    1.51374652423843      2.40756833673453      2.19567167301212      h
   -1.81823421279057      2.20502338684394      2.06119665139581      h
    0.02822357024556     -1.22456898950941      2.41540629102726      o
   -0.01239048037793     -1.12932007875622      4.23165257167476      h
  0.19839972237768D-05  0.38794021226462D-05  -.72279887508447D-05
  0.19924449848760D-02  -.11641415044100D-03  0.60220653556469D-04
  -.32851434653969D-02  0.10681320350691D-03  -.16398003939331D-03
  0.42168163070306D-05  0.41782726823917D-05  0.53107332990406D-05
  -.73378109846655D-05  0.14978378168146D-05  0.25668194180073D-05
  0.32851497298510D-02  0.10668954367388D-03  0.16397675748092D-03
  -.42185849353610D-05  0.41784816914004D-05  -.53185626318104D-05
  0.73374511068228D-05  0.14980455746911D-05  -.25582393364043D-05
  -.19924597497477D-02  -.11634449049432D-03  -.60219870951874D-04
  -.19738543955037D-05  0.38794261189630D-05  0.72284493377386D-05
  cycle =      9    SCF energy =     -230.2126244311   |dE/dxyz| =  0.005441
   -0.00350470291589     -1.10667709951071     -4.23110988999471      h
   -0.03647134883966     -1.20149813728434     -2.41470065482530      o
    0.05742885305823      1.30236546159143     -1.46199949770674      c
   -1.52120593334747      2.43063992410641     -2.19067673983462      h
    1.81130982814784      2.22806984772571     -2.06739623693342      h
   -0.05742889150280      1.30236546044895      1.46199948259902      c
    1.52120615022040      2.43063967706396      2.19067648445959      h
   -1.81130963499050      2.22807012424566      2.06739649295252      h
    0.03647096584064     -1.20149815305240      2.41470065931980      o
    0.00351083030053     -1.10667684335590      4.23110999803615      h
  -.22735852342334D-06  -.56028054206397D-06  -.28031160980508D-07
  0.19935662647040D-02  -.99733493906363D-04  0.78884067360453D-04
  -.32837591389914D-02  0.10225765324487D-03  -.13338725440140D-03
  -.26469474383466D-05  -.61157323466718D-06  0.21842220792031D-05
  -.49191773424647D-07  -.13255426603590D-05  0.19078559736779D-05
  0.32837627258617D-02  0.10224224429658D-03  0.13338779723259D-03
  0.26432971719881D-05  -.60662299491039D-06  -.21934547484208D-05
  0.46692290320019D-07  -.13255916140383D-05  -.18992122910214D-05
  -.19935746023464D-02  -.99734594734190D-04  -.78881383391916D-04
  0.23826804623147D-06  -.55746358842304D-06  0.25395302243151D-07
  cycle =     10    SCF energy =     -230.2126244313   |dE/dxyz| =  0.005444
   -0.00353761893817     -1.10668784857660     -4.23110007726257      h
   -0.03646247055754     -1.20150555013649     -2.41468991407275      o
    0.05743484831683      1.30237122991094     -1.46199974709685      c
   -1.52118109498980      2.43065077173448     -2.19070460257786      h
    1.81131949522608      2.22807137916335     -2.06740097238421      h
   -0.05743461195794      1.30237125805387      1.46199973861869      c
    1.52118136046121      2.43065083423093      2.19070442897047      h
   -1.81131922661636      2.22807135311946      2.06740113161391      h
    0.03646279290263     -1.20150551964494      2.41468993448678      o
    0.00354264212439     -1.10668764587622      4.23110017777669      h
  -.83526953435257D-07  -.49943721770029D-06  0.21300994932771D-06
  0.19938314929041D-02  -.10249249490482D-03  0.78383300401239D-04
  -.32857953344180D-02  0.10379094321534D-03  -.13271254436854D-03
  -.12309561595441D-05  -.21205425681007D-06  0.11705433782798D-05
  0.14464094548645D-07  -.56495232944294D-06  0.10985662034034D-05
  0.32857959975048D-02  0.10379649437362D-03  0.13271139890552D-03
  0.12297343185718D-05  -.21116330434678D-06  -.11753226174641D-05
  -.12964484411130D-07  -.56859953935276D-06  -.10935733021419D-05
  -.19938373050018D-02  -.10249245303428D-03  -.78384440516896D-04
  0.88404792980175D-07  -.50079090254801D-06  -.21093100709701D-06
  cycle =     12    SCF energy =     -230.2126244314   |dE/dxyz| =  0.005446
   -0.00362914633782     -1.10668314219556     -4.23109460144308      h
   -0.03646255179211     -1.20150865647272     -2.41468245573117      o
    0.05743519328784      1.30237772166184     -1.46199689651768      c
   -1.52116494295850      2.43066141124301     -2.19072438946755      h
    1.81131908420851      2.22807532208822     -2.06741314760487      h
   -0.05743520584385      1.30237772415524      1.46199689593152      c
    1.52116502479818      2.43066129680368      2.19072434564009      h
   -1.81131902198507      2.22807543136368      2.06741321090017      h
    0.03646239035090     -1.20150866704725      2.41468245244417      o
    0.00363171443334     -1.10668306125022      4.23109464113419      h
  -.19406112043575D-06  -.22838522718697D-06  -.22787288997166D-06
  0.19940255268411D-02  -.10460866367614D-03  0.78523886699048D-04
  -.32876038421202D-02  0.10454321269941D-03  -.13012045034170D-03
  -.20326120844815D-07  0.11878606062380D-06  0.19235505624265D-06
  -.25375040405405D-07  0.19814548251605D-06  -.44809072027806D-07
  0.32876075454543D-02  0.10454382130323D-03  0.13011956374971D-03
  0.21745573637714D-07  0.11716943405059D-06  -.19279287432021D-06
  0.25949831782030D-07  0.19941123809294D-06  0.45898564703752D-07
  -.19940345628891D-02  -.10460850450228D-03  -.78522776661052D-04
  0.19740486244986D-06  -.22909304430324D-06  0.22699807311491D-06
  cycle =     13    SCF energy =     -230.2126244314   |dE/dxyz| =  0.005446
   -0.00364432593622     -1.10667831158895     -4.23109515725656      h
   -0.03645473622083     -1.20150865326845     -2.41468320089437      o
    0.05743976434928      1.30237649463582     -1.46199548402003      c
   -1.52115947885889      2.43065877790154     -2.19072761484739      h
    1.81132443620482      2.22807435520133     -2.06740767052444      h
   -0.05743962596578      1.30237649675277      1.46199548386083      c
    1.52115958996087      2.43065883933746      2.19072756530678      h
   -1.81132432037377      2.22807427897123      2.06740772745311      h
    0.03645501554691     -1.20150864740906      2.41468321187783      o
    0.00364621945503     -1.10667825018376      4.23109519433003      h
  -.23705221143013D-06  -.88360056189290D-07  -.64362904380659D-08
  0.19941208594689D-02  -.10440860950633D-03  0.78377592728591D-04
  -.32872287666811D-02  0.10438898276261D-03  -.12961568606307D-03
  -.10320709490738D-06  0.50327553308378D-07  0.10022365466687D-06
  -.14827216477993D-06  0.80738124698708D-07  0.27936364972326D-07
  0.32872262783399D-02  0.10438958687511D-03  0.12961447112521D-03
  0.10326666090536D-06  0.50488456949624D-07  -.10134999098971D-06
  0.14851526977977D-06  0.79897352055506D-07  -.26676676675268D-07
  -.19941157959249D-02  -.10440838161679D-03  -.78376268032719D-04
  0.23417740217968D-06  -.89091711653824D-07  0.61979626712214D-08
$end
