$hessapprox internal
  0.134619249127D-01  0.284508997023D-04  0.620377622606D+00 -0.295687050275D-02
 -0.544066197303D-03  0.367522550463D+00  0.100846352378D-03 -0.457195204755D-03
  0.373094486239D-03  0.422117608159D+00  0.411912160580D-03  0.183137727660D-02
  0.194605389078D-03 -0.528108593334D-03  0.423205100612D+00  0.414610120506D-02
  0.248686952774D-02  0.768994646761D-02 -0.990713667411D-03  0.161678747327D-02
  0.335323838536D+00  0.231726958568D-02  0.116609131803D-02  0.437837805604D-02
 -0.493008446559D-03  0.658289352137D-03 -0.489392953881D-02  0.342243791994D+00
  0.428584564620D-03 -0.314469637094D-03  0.100031909167D-02  0.525969793810D-04
 -0.459336218340D-03 -0.171686491809D-02 -0.918764977746D-03  0.319163468520D+00
  0.333265855083D-02  0.356171164196D-02  0.561958233877D-02 -0.122017665177D-02
  0.301251796945D-02 -0.415268914519D-02 -0.280484132723D-02 -0.166486326278D-02
  0.341357009427D+00  0.102153319556D-03 -0.459045382179D-03  0.376465245810D-03
  0.116706325088D-03 -0.530486186956D-03 -0.997313799567D-03 -0.496454018706D-03
  0.525358861077D-04 -0.122718032108D-02  0.422118418850D+00  0.419631463096D-03
  0.184863865869D-02  0.204383142700D-03 -0.533378866135D-03  0.191404514236D-02
  0.162096669935D-02  0.658302504200D-03 -0.464834977654D-03  0.303209369600D-02
 -0.535782476085D-03  0.423238947610D+00  0.413637381032D-02  0.247978877006D-02
  0.767235252777D-02 -0.988051322975D-03  0.161162830309D-02 -0.812592362918D-02
 -0.488334785611D-02 -0.171260975066D-02 -0.414564037915D-02 -0.994634615816D-03
  0.161578479267D-02  0.335358197368D+00  0.223283147766D-02  0.103895701558D-02
  0.424925607149D-02 -0.452087639252D-03  0.541524274714D-03 -0.484520273675D-02
 -0.285251200069D-02 -0.869858737408D-03 -0.288562593826D-02 -0.455315666297D-03
  0.540658614510D-03 -0.483463972241D-02  0.342337497833D+00  0.424648591867D-03
 -0.317481418829D-03  0.993252824055D-03  0.537140272878D-04 -0.461584571873D-03
 -0.171013119411D-02 -0.914589320220D-03 -0.715521541830D-04 -0.166232830981D-02
  0.536599071170D-04 -0.467094053406D-03 -0.170588953033D-02 -0.865679372554D-03
  0.319166960704D+00  0.328518975302D-02  0.351572727253D-02  0.553783368148D-02
 -0.120408446328D-02  0.297481224210D-02 -0.408627196888D-02 -0.276146132883D-02
 -0.164201495690D-02  0.502140173574D-04 -0.121099353480D-02  0.299415839972D-02
 -0.407934417923D-02 -0.284145964199D-02 -0.163952485162D-02  0.341376109019D+00
 -0.154459203897D-02 -0.199462156040D-03 -0.312609533032D-02  0.171911369539D-03
  0.194544633720D-03  0.414678229541D-02  0.234836909737D-02  0.507094614518D-03
  0.311872924599D-02  0.173580064227D-03  0.200531650977D-03  0.413722433175D-02
  0.227441449603D-02  0.503247333382D-03  0.307365606948D-02  0.132405923813D-01
  0.320747359414D-04  0.167578848212D-02 -0.535857674090D-03 -0.456938786875D-03
  0.182825447432D-02  0.247341592809D-02  0.115882440763D-02 -0.315215972755D-03
  0.354913567200D-02 -0.458790235478D-03  0.184547656733D-02  0.246636813961D-02
  0.103205033103D-02 -0.318214248832D-03  0.350332507683D-02 -0.195269780317D-03
  0.620373688154D+00 -0.297559368202D-02 -0.559529486242D-03 -0.595930368763D-02
  0.378716426242D-03  0.182664468294D-03  0.772023834268D-02  0.439742044936D-02
  0.100884372672D-02  0.562918413006D-02  0.382121591538D-03  0.192379424434D-03
  0.770258509302D-02  0.426840332873D-02  0.100175484515D-02  0.554725391463D-02
 -0.314424064213D-02 -0.551255436205D-03  0.367456042303D+00  0.180402831873D-02
  0.420730356491D-02  0.222282855996D-02 -0.127867073895D-02  0.412905796246D-02
  0.124198163924D-02  0.128234140692D-03 -0.131665860725D-02  0.494947840760D-02
 -0.128493914837D-02  0.416330644344D-02  0.123591700098D-02 -0.904460411892D-04
 -0.131948346376D-02  0.489098229788D-02  0.137540875450D-02  0.419792623135D-02
  0.220651761452D-02  0.512344131524D+00 -0.273862426814D-03 -0.266564846436D-02
  0.391029002438D-03  0.743842253291D-03 -0.284856382075D-02 -0.329209417754D-02
 -0.148372979845D-02  0.569323318693D-03 -0.513339224001D-02  0.746996792035D-03
 -0.287479634053D-02 -0.328238706984D-02 -0.129495081751D-02  0.573484580515D-03
 -0.506782963227D-02  0.693898179296D-04 -0.266193967944D-02  0.412632544926D-03
 -0.640637959327D-02  0.379915852758D+00  0.178943267980D-02  0.419086780606D-02
  0.219851795612D-02 -0.127309988598D-02  0.411494700671D-02  0.125888715605D-02
  0.139913543602D-03 -0.130921465752D-02  0.494749149239D-02 -0.127933671265D-02
  0.414910106922D-02  0.125279527525D-02 -0.783485932921D-04 -0.131204907486D-02
  0.488897637137D-02  0.136186490311D-02  0.418154649356D-02  0.218217285692D-02
  0.841825196907D-02 -0.638256543531D-02  0.512296557148D+00 -0.292205725787D-03
 -0.269305302365D-02  0.362901672000D-03  0.752673821410D-03 -0.287369520411D-02
 -0.328118105757D-02 -0.147392672847D-02  0.579908676784D-03 -0.515047911972D-02
  0.755875386932D-03 -0.290011641560D-02 -0.327147893321D-02 -0.128410435905D-02
  0.584070349846D-03 -0.508475168254D-02  0.532945756397D-04 -0.268926622474D-02
  0.384525975255D-03 -0.645334441077D-02  0.423918355533D-02 -0.642944157023D-02
  0.379997414336D+00 -0.539960468046D-02 -0.477618951495D-03 -0.110071891053D-01
  0.541394839812D-03  0.920865044144D-03  0.148327105574D-01  0.836814274787D-02
  0.173267050620D-02  0.113773796247D-01  0.546989547178D-03  0.944073949394D-03
  0.147983455065D-01  0.809275069873D-02  0.171881664343D-02  0.112136694818D-01
 -0.577943505838D-02 -0.463210845720D-03 -0.110726945827D-01  0.536355499373D-02
 -0.107030147788D-03  0.531401888009D-02 -0.166930878463D-03  0.328743956847D+00
  0.000000000000D+00  0.000000000000D+00  0.000000000000D+00  0.000000000000D+00
  0.000000000000D+00  0.000000000000D+00  0.000000000000D+00  0.000000000000D+00
  0.000000000000D+00  0.000000000000D+00  0.000000000000D+00  0.000000000000D+00
  0.000000000000D+00  0.000000000000D+00  0.000000000000D+00  0.000000000000D+00
  0.000000000000D+00  0.000000000000D+00  0.000000000000D+00  0.000000000000D+00
  0.000000000000D+00  0.000000000000D+00  0.000000000000D+00  0.000000000000D+00
$end
