$coord
    0.80698302899847     -1.29367229292171     -4.11272903538904  h
   -0.37942786951830     -0.91390049676481     -2.78467979468877  o
    0.67520232303926      1.02465711808326     -1.25210219984609  c
    0.43320436499243      2.87390903793784     -2.15534677077523  h
    2.69135114309654      0.71634866247755     -0.90808588592320  h
   -0.67520168536645      1.02465733182576      1.25210221986908  c
   -0.43320055775766      2.87390815107599      2.15534826415355  h
   -2.69135109508397      0.71635234163146      0.90808584398753  h
    0.37942563351806     -0.91390376463328      2.78467730825026  o
   -0.80697426432455     -1.29365651470961      4.11274189894878  h
$intdef
# definitions of internal coordinates
   1 f  1.0000000000000 tors    2    3    6    9 val=  81.00000
$user-defined bonds
$redundant
     number_of_atoms            10
     degrees_of_freedom         24
     internal_coordinates       25
     frozen_coordinates          1
# definitions of redundant internals
   1 k  1.0000000000000 tors   1    2    3    6 val= 198.92713
   2 k  1.0000000000000 stre   2    1           val=   1.82085
   3 k  1.0000000000000 bend   3    1    2      val= 108.10485
   4 k  1.0000000000000 stre   3    5           val=   2.06839
   5 k  1.0000000000000 stre   3    4           val=   2.07223
   6 k  0.0824522348345 bend   4    5    3      val=   1.05000
       -0.5193744417423 bend   2    5    3
       -0.4972948808857 bend   2    4    3
        0.4820346875469 bend   6    5    3
        0.4937531566300 bend   6    4    3
   7 k  0.0055846041509 bend   4    5    3      val=   0.03866
       -0.5314151532303 bend   2    5    3
        0.5482310779944 bend   2    4    3
       -0.4659352205832 bend   6    5    3
        0.4471172133288 bend   6    4    3
   8 k -0.8884709638225 bend   4    5    3      val=   1.40854
        0.1766629145231 bend   2    5    3
        0.1919910754644 bend   2    4    3
        0.2684892809698 bend   6    5    3
        0.2654477237099 bend   6    4    3
   9 k -0.0060240094196 bend   4    5    3      val=   0.86385
        0.4575605385576 bend   2    5    3
       -0.4554790016019 bend   2    4    3
       -0.5345063432346 bend   6    5    3
        0.5453841884461 bend   6    4    3
  10 k  1.0000000000000 stre   6    8           val=   2.06839
  11 k  1.0000000000000 stre   6    7           val=   2.07223
  12 k  0.0824522893451 bend   7    8    6      val=   1.05000
       -0.5193743362372 bend   9    8    6
       -0.4972950080190 bend   9    7    6
        0.4820347188869 bend   3    8    6
        0.4937530998657 bend   3    7    6
  13 k  0.0055844997237 bend   7    8    6      val=   0.03867
       -0.5314152292871 bend   9    8    6
        0.5482310008790 bend   9    7    6
       -0.4659351267555 bend   3    8    6
        0.4471173165681 bend   3    7    6
  14 k -0.8884709173175 bend   7    8    6      val=   1.40856
        0.1766630332824 bend   9    8    6
        0.1919909793324 bend   9    7    6
        0.2684893538608 bend   3    8    6
        0.2654477961312 bend   3    7    6
  15 k -0.0060239405842 bend   7    8    6      val=   0.86384
        0.4575605412929 bend   9    8    6
       -0.4554790093491 bend   9    7    6
       -0.5345064077301 bend   3    8    6
        0.5453841172325 bend   3    7    6
  16 k  1.0000000000000 tors  10    9    6    3 val= 198.92625
  17 k  1.0000000000000 stre   9   10           val=   1.82085
  18 k  1.0000000000000 bend   6   10    9      val= 108.10484
  19 k  1.0000000000000 tors   2    3    6    9 val=  81.00000
  20 k  1.0000000000000 stre   3    2           val=   2.68683
  21 k  1.0000000000000 bend   6    2    3      val= 108.40625
  22 k  1.0000000000000 stre   6    9           val=   2.68683
  23 k  1.0000000000000 bend   3    9    6      val= 108.40623
  24 k  1.0000000000000 stre   3    6           val=   2.84511
  25 f  1.0000000000000 tors   2    3    6    9 val=  81.00000
        24 non zero eigenvalues  of BmBt
           1           4.356014337    1    0
         1
           2           3.809739847    2    0
         2
           3           3.737047636    3    0
         3
           4           3.036912505    4    0
         4
           5           2.880226762    5    0
         5
           6           2.427948261    6    0
         6
           7           2.078590646    7    0
         7
           8           1.733471337    8    0
         8
           9           1.248245665    9    0
         9
          10           1.233724224   10    0
        10
          11           1.034880391   11    0
        11
          12           0.829180359   12    0
        12
          13           0.773042365   13    0
        13
          14           0.730890355   14    0
        14
          15           0.593591404   15    0
        15
          16           0.463550430   16    0
        16
          17           0.352699200   17    0
        17
          18           0.348894556   18    0
        18
          19           0.280072058   20    0
        20
          20           0.253108472   21    0
        21
          21           0.113765339   22    0
        22
          22           0.071450404   23    0
        23
          23           0.066332643   24    0
        24
          24           0.000000000    0    1
         0.000000000         0.000000000         0.000000000         0.000000000
         0.000000000         0.000000000         0.000000000         0.000000000
         0.000000000         0.000000000         0.000000000         0.000000000
         0.000000000         0.000000000         0.000000000         0.000000000
         0.000000000         0.000000000         0.000000000         0.000000000
         0.000000000         0.000000000         0.000000000         0.000000000
         1.000000000
$end
