$energy      SCF               SCFKIN            SCFPOT            MP2
     1 -229.0272022949      228.763491     -457.790694     -.8130216464041
     2 -229.0277696876      228.783339     -457.811109     -.8129852931414
     3 -229.0279082921      228.798276     -457.826184     -.8130697951825
     4 -229.0278859580      228.790970     -457.818856     -.8131207369160
     5 -229.0278835119      228.789591     -457.817475     -.8131287232226
     6 -229.0279028760      228.791041     -457.818944     -.8131101599452
     7 -229.0279081894      228.791061     -457.818969     -.8131048842192
     8 -229.0279081894      228.791059     -457.818967     -.8131048797288
     9 -229.0279081062      228.791024     -457.818932     -.8131049080664
    10 -229.0279079061      228.791015     -457.818923     -.8131051997378
    11 -229.0279079063      228.791011     -457.818919     -.8131051583807
    12 -229.0279080395      228.791025     -457.818933     -.8131050391701
    13 -229.0279081505      228.791036     -457.818944     -.8131049215530
$end
