$grad          cartesian gradients
  cycle =      1 MP2 energy =     -229.8402239413 |dE/dxyz| =  0.010402
    0.49171040041062     -0.97169981039406     -4.36109720712598      h
   -0.36691859468573     -0.93240918789150     -2.75924811522140      o
    0.70073493425919      1.02350635362424     -1.24858369602517      c
    0.49090153594585      2.87753543814134     -2.14896508311218      h
    2.71678451452624      0.69771671550154     -0.89997673350527      h
   -0.70076937039231      1.02349017715972      1.24857135083475      c
   -0.49103602748660      2.87752344824954      2.14893386000585      h
   -2.71681300053938      0.69759901779904      0.89993627042903      h
    0.36700106038267     -0.93231956231322      2.75928805831117      o
   -0.49244604494981     -0.97240995488733      4.36068198840400      h
  -.24712254385728D-02  -.50128529233551D-03  0.10629095777785D-02
  0.60562346310533D-03  -.15034514343508D-02  -.17662510230849D-02
  0.55187635258540D-02  0.13257536283247D-02  -.10455109084038D-02
  0.15795699070202D-02  0.62573909516095D-03  0.10196408016316D-02
  0.14403505173872D-02  0.53999434460245D-04  -.12563634205363D-02
  -.55138776294958D-02  0.13289302777890D-02  0.10476815752716D-02
  -.15791890246388D-02  0.62001762141506D-03  -.10216196660453D-02
  -.14462068332097D-02  0.54287187138707D-04  0.12545600190826D-02
  -.60330487766347D-03  -.15029267959372D-02  0.17663767324549D-02
  0.24694963901173D-02  -.50106381231374D-03  -.10614236881765D-02
  cycle =      2 MP2 energy =     -229.8407549807 |dE/dxyz| =  0.004750
    0.56769437049909     -1.03780697003270     -4.30982356893580      h
   -0.39795421550321     -0.90936196623146     -2.77099508865659      o
    0.67344067116571      1.03416033673032     -1.25633236865345      c
    0.43359513698013      2.88641291402983     -2.15310243046072      h
    2.69284177182506      0.72122975812047     -0.93280498079460      h
   -0.67353463095661      1.03413296424614      1.25631717873125      c
   -0.43373404213036      2.88636785369109      2.15313399812106      h
   -2.69292602064854      0.72116587966197      0.93275907359129      h
    0.39791720772154     -0.90937981217368      2.77094759862316      o
   -0.56819084148207     -1.03838832305267      4.30944128142920      h
  -.92830222388218D-03  -.18199619632431D-03  -.35244248649979D-03
  0.73474541133045D-04  0.28278473429211D-03  -.22453430133673D-03
  0.29364769191353D-02  -.27653942828909D-03  0.50817336541154D-03
  0.70577763490715D-03  0.91619230540463D-04  0.34836155721285D-03
  0.14970718308671D-03  0.82392724375602D-04  -.71826966894778D-03
  -.29369260888301D-02  -.27411857188309D-03  -.50591930131172D-03
  -.70560146669693D-03  0.90884812476322D-04  -.34753270354293D-03
  -.15057058212609D-03  0.82873756917456D-04  0.71702451894462D-03
  -.70707396084835D-04  0.28428856192786D-03  0.22286413898698D-03
  0.92667147891667D-03  -.18218973832063D-03  0.35227488014966D-03
  cycle =      3 MP2 energy =     -229.8409780873 |dE/dxyz| =  0.004404
    0.64970643609593     -1.14936952428961     -4.20940554555680      h
   -0.44092928605433     -0.87765006583697     -2.77520208038897      o
    0.64502954400151      1.05776803946438     -1.26558608260646      c
    0.37441337402562      2.90896021858909     -2.15738317203091      h
    2.66994509310886      0.75497336068047     -0.97053558864458      h
   -0.64516856948058      1.05769210065377      1.26554373891390      c
   -0.37454609818805      2.90882322522211      2.15746986343478      h
   -2.67007935931901      0.75493590832937      0.97045541483341      h
    0.44075909323861     -0.87783300550675      2.77505106361140      o
   -0.64998081995781     -1.14976762231654      4.20913308142903      h
  0.29756951495274D-03  0.18147280517944D-03  -.40324407208603D-03
  -.97619202117372D-03  0.14687551979238D-02  0.35599174746981D-03
  0.11122137055222D-02  -.16392605628570D-02  0.14801913193592D-02
  -.21363581910269D-03  -.35418765664819D-04  0.18540002687972D-04
  -.10596737966484D-03  0.24467847424964D-04  0.25739257765264D-04
  -.11134762778728D-02  -.16392562483030D-02  -.14822569637365D-02
  0.21346861240584D-03  -.34845739666167D-04  -.17951085737655D-04
  0.10748567629282D-03  0.24724233645357D-04  -.25915619784732D-04
  0.97579247447399D-03  0.14684996985421D-02  -.35421789723511D-03
  -.29725848564732D-03  0.18086138804763D-03  0.40312331071135D-03
  cycle =      4 MP2 energy =     -229.8410066949 |dE/dxyz| =  0.003520
    0.67140847682093     -1.20161621284465     -4.16564648555542      h
   -0.45662869635859     -0.86520437002087     -2.77589982305197      o
    0.63851302927389      1.07167559662878     -1.27077753317485      c
    0.36551027140646      2.92282967968892     -2.16217741384271      h
    2.66464346982079      0.76700533550621     -0.98505232977280      h
   -0.63866883817689      1.07158773900817      1.27073091390664      c
   -0.36563518711293      2.92266416661188      2.16228312274746      h
   -2.66480299576444      0.76697622082129      0.98497473286845      h
    0.45643298503519     -0.86543184773138      2.77570099360669      o
   -0.67162310747367     -1.20195367267904      4.16540451526333      h
  0.16485508453457D-03  0.15571872500297D-03  -.53423406759734D-04
  -.11003614563210D-02  0.88608759974296D-03  -.39206456033369D-03
  0.14322355186600D-02  -.11538740978101D-02  0.75038093551161D-03
  -.16292325734157D-03  0.98914686424756D-04  0.34536955092479D-04
  0.46060689249394D-04  0.12852634687893D-04  0.82787799765817D-04
  -.14323036292496D-02  -.11534487539917D-02  -.75060545530059D-03
  0.16288018986894D-03  0.98905029771501D-04  -.34126402926438D-04
  -.45749518059690D-04  0.12787522466307D-04  -.82926354973430D-04
  0.10998534636233D-02  0.88637057882845D-03  0.39225258370745D-03
  -.16454708488300D-03  0.15568592918358D-03  0.53187906015495D-04
  cycle =      5 MP2 energy =     -229.8410122351 |dE/dxyz| =  0.003329
    0.67915902309386     -1.23026784567458     -4.14044060105049      h
   -0.46454372546304     -0.85820242698195     -2.77331165609127      o
    0.63618363818394      1.08010547260082     -1.27267719728441      c
    0.36448202395902      2.93040731197497     -2.16555888482347      h
    2.66225633233859      0.77265296644565     -0.99107603368905      h
   -0.63634479106721      1.08001178389172      1.27262871594601      c
   -0.36460347004492      2.93023148225360      2.16566761647275      h
   -2.66242477210923      0.77262568802058      0.99100063364960      h
    0.46434122396164     -0.85844691911175      2.77309717513712      o
   -0.67935607538191     -1.23058487842974      4.14021092472804      h
  0.53690773898829D-04  0.91528883569003D-04  0.61679121444946D-04
  -.10534827556592D-02  0.69796221265594D-03  -.53393119399647D-03
  0.16306747631694D-02  -.84982463622740D-03  0.49564664115587D-03
  -.64468250630334D-04  0.71464557720002D-04  0.83212933193577D-04
  0.41813545011316D-04  -.11228528239371D-04  0.32740459120155D-04
  -.16303702919855D-02  -.84955651601604D-03  -.49547437921649D-03
  0.64479301350451D-04  0.71315342388356D-04  -.83178195467326D-04
  -.42061706987173D-04  -.11310863704039D-04  -.32818356042054D-04
  0.10533670923243D-02  0.69808707034191D-03  0.53381128381336D-03
  -.53642471149473D-04  0.91562328451866D-04  -.61688314386465D-04
  cycle =      6 MP2 energy =     -229.8410130359 |dE/dxyz| =  0.003234
    0.67928662174356     -1.23603552001908     -4.13565455548286      h
   -0.46580334375823     -0.85643434543830     -2.77172652454208      o
    0.63594873315587      1.08208228336271     -1.27254393421456      c
    0.36573376452296      2.93151632994649     -2.16727633235826      h
    2.66171754953058      0.77356732480492     -0.99140941408500      h
   -0.63610978820355      1.08198812374803      1.27249542128969      c
   -0.36585535048935      2.93134125575240      2.16738318379160      h
   -2.66188526700772      0.77353991005255      0.99133513222436      h
    0.46560154779860     -0.85667901005300      2.77151353203399      o
   -0.67948505982198     -1.23635371716740      4.13542418433795      h
  0.26642783658826D-04  0.15220661336857D-04  0.72015312557738D-06
  -.94181148308881D-03  0.83763475911791D-03  -.42918682918991D-03
  0.15213480578318D-02  -.83707957000279D-03  0.66127189795906D-03
  -.14013364040291D-04  -.15007958196200D-05  0.34979661731604D-04
  -.21866555977468D-04  -.14234265994811D-04  -.65313115136523D-05
  -.15213842384441D-02  -.83705193710815D-03  -.66135163911563D-03
  0.14014564209894D-04  -.14825011867003D-05  -.35038910869867D-04
  0.21864548405581D-04  -.14223728177692D-04  0.65269111362010D-05
  0.94186596185342D-03  0.83750251632608D-03  0.42925558274209D-03
  -.26660274992540D-04  0.15214712758560D-04  -.64551648248923D-06
  cycle =      7 MP2 energy =     -229.8410130736 |dE/dxyz| =  0.003200
    0.67889324046962     -1.23597523434090     -4.13602366824438      h
   -0.46567069111398     -0.85641435419474     -2.77167734550141      o
    0.63598966103405      1.08208376696225     -1.27245289093098      c
    0.36609611023610      2.93136813023709     -2.16766639218816      h
    2.66179790120457      0.77363234528297     -0.99114737153228      h
   -0.63615011666474      1.08199067128311      1.27240499182239      c
   -0.36621792930814      2.93119490943537      2.16777253915199      h
   -2.66196481699193      0.77360475270338      0.99107416190416      h
    0.46547044332762     -0.85665591757331      2.77146658300889      o
   -0.67909439472243     -1.23629643480591      4.13579008550461      h
  0.18692060073100D-05  -.28994438805441D-06  -.35497836132770D-05
  -.90253816102415D-03  0.86158709278727D-03  -.44789394303812D-03
  0.14534146723695D-02  -.85230588091045D-03  0.72299966365086D-03
  -.32771295760819D-05  -.26903405774270D-05  0.24715542044085D-05
  -.75483856765146D-05  -.63126834285443D-05  -.32931627291719D-05
  -.14534589134136D-02  -.85225192052762D-03  -.72302907470090D-03
  0.32777766294095D-05  -.26615948534037D-05  -.24893183658836D-05
  0.75632680003324D-05  -.63095693355331D-05  0.32990252105472D-05
  0.90257864763554D-03  0.86151346548125D-03  0.44792914349312D-03
  -.18809805437670D-05  -.27877340791349D-06  0.35558959896598D-05
  cycle =      8 MP2 energy =     -229.8410130691 |dE/dxyz| =  0.003201
    0.80689602071908     -1.29352571137853     -4.11286370153210      h
   -0.37941992404340     -0.91391911584387     -2.78467423634628      o
    0.67521381608026      1.02465222320787     -1.25209689734962      c
    0.43318881533068      2.87389664312905     -2.15532520306796      h
    2.69132947592547      0.71623226158043     -0.90810725488993      h
   -0.67521300155529      1.02465280406116      1.25209731961772      c
   -0.43318539206249      2.87389698897560      2.15532559961439      h
   -2.69132912462247      0.71623542487815      0.90810806218523      h
    0.37941875687919     -0.91392057052577      2.78467333218517      o
   -0.80689097504214     -1.29351537263408      4.11287181752102      h
  0.24815696573199D-05  -.10097069120807D-05  -.28516434475989D-05
  -.88872262880368D-03  0.86222185883056D-03  -.47612427490495D-03
  0.14303526201638D-02  -.85220146460285D-03  0.76778859992954D-03
  -.34220161349713D-05  -.26910447625816D-05  0.23641593269730D-05
  -.75764349083407D-05  -.63143156770196D-05  -.35920408643086D-05
  -.14303812994401D-02  -.85223361644093D-03  -.76774720925910D-03
  0.34232008022175D-05  -.26632738641119D-05  -.23816534981957D-05
  0.75904460246079D-05  -.63105765907567D-05  0.35985651600512D-05
  0.88874366886760D-03  0.86219222205308D-03  0.47608147794609D-03
  -.24891262699889D-05  -.99020295807328D-06  0.28640186617857D-05
  cycle =      9 MP2 energy =     -229.8410130143 |dE/dxyz| =  0.003198
    0.80688599354606     -1.29351934647936     -4.11287884728651      h
   -0.37941941065226     -0.91393491832959     -2.78468229747565      o
    0.67521070898306      1.02463423803452     -1.25209871194581      c
    0.43318628160296      2.87388180040256     -2.15533719682773      h
    2.69134936396510      0.71627423926809     -0.90809051272026      h
   -0.67520958805270      1.02463510704777      1.25209927378580      c
   -0.43318292077427      2.87388267089635      2.15533725394149      h
   -2.69134867810830      0.71627725272984      0.90809147216020      h
    0.37941870519902     -0.91393532282616      2.78468241159045      o
   -0.80688198809976     -1.29351014529400      4.11288599271565      h
  -.13296456158329D-06  0.36145629955797D-06  -.56103226064863D-06
  -.88831570321624D-03  0.86071912143204D-03  -.48022242265144D-03
  0.14248686373710D-02  -.85679561079655D-03  0.76747192593918D-03
  -.23835018823012D-05  -.97848299240866D-06  0.68448931145326D-06
  -.19858906177284D-05  -.33031093643887D-05  -.11403290259004D-05
  -.14248751811539D-02  -.85682017873934D-03  -.76745357617880D-03
  0.23810341664293D-05  -.96348038791660D-06  -.70292927012439D-06
  0.19854144479581D-05  -.33065043660019D-05  0.11462497074843D-05
  0.88834900435319D-03  0.86073898952854D-03  0.48023203982872D-03
  0.10915087678143D-06  0.34767864454111D-06  0.54558396200832D-06
  cycle =     10 MP2 energy =     -229.8410131058 |dE/dxyz| =  0.003199
    0.80691475095551     -1.29364159437836     -4.11276568453110      h
   -0.37945815312912     -0.91391732595685     -2.78467406156396      o
    0.67519209162126      1.02464711563150     -1.25210764408962      c
    0.43317224510117      2.87389873858814     -2.15535409297563      h
    2.69135478974297      0.71635000531560     -0.90810300805214      h
   -0.67519154008165      1.02464721653438      1.25210754198358      c
   -0.43316880250643      2.87389777238475      2.15535540344697      h
   -2.69135479010300      0.71635330700813      0.90810290767228      h
    0.37945604221000     -0.91392030641196      2.78467184946258      o
   -0.80690816620180     -1.29362935326530      4.11277562658466      h
  -.38581862504827D-06  0.15127362029688D-06  0.15108906552541D-05
  -.89062461601053D-03  0.86194128374384D-03  -.48164448809640D-03
  0.14198183327050D-02  -.86291415115447D-03  0.76600988674280D-03
  -.49057655311657D-06  0.69479323361321D-06  -.37539451236412D-06
  0.24673992351509D-05  0.13946069130077D-06  0.90790712795052D-06
  -.14198134401009D-02  -.86291414698625D-03  -.76603377663620D-03
  0.48964611813751D-06  0.67900716960168D-06  0.38447425065868D-06
  -.24645442078253D-05  0.14304295514744D-06  -.90677890365876D-06
  0.89057166801076D-03  0.86189236839740D-03  0.48163106006971D-03
  0.43194946286462D-06  0.18694810388631D-06  -.14837816015856D-05
  cycle =     11 MP2 energy =     -229.8410130647 |dE/dxyz| =  0.003198
    0.80696827013348     -1.29364108336420     -4.11275454926432      h
   -0.37942182608193     -0.91391656473728     -2.78467835561974      o
    0.67520851974792      1.02464826196410     -1.25209873183375      c
    0.43320028202455      2.87389967304154     -2.15534872493903      h
    2.69136678071001      0.71635130885698     -0.90806795036065      h
   -0.67520750059394      1.02464886990687      1.25209898858181      c
   -0.43319651893121      2.87389963764659      2.15534956612006      h
   -2.69136628893252      0.71635480314219      0.90806834689701      h
    0.37942033700646     -0.91391826790159      2.78467737051924      o
   -0.80696103348900     -1.29362706455276      4.11276588848624      h
  -.48553060816303D-06  0.61257738948051D-06  0.13242979051142D-05
  -.89022470818634D-03  0.86146869315140D-03  -.48171972655453D-03
  0.14199624244577D-02  -.86280656397708D-03  0.76622503755153D-03
  -.38458422772780D-06  0.63822903229038D-06  -.34741991927767D-06
  0.23664289998671D-05  0.93498525755020D-07  0.10355722162847D-05
  -.14199629496048D-02  -.86281215928885D-03  -.76626336375085D-03
  0.38119864353287D-06  0.62531587330383D-06  0.34941732729443D-06
  -.23629913936674D-05  0.93609687917828D-07  -.10325619565210D-05
  0.89018889134351D-03  0.86144974662616D-03  0.48173923619288D-03
  0.52182031806680D-06  0.63693162721812D-06  -.13104890181914D-05
  cycle =     12 MP2 energy =     -229.8410130787 |dE/dxyz| =  0.003198
    0.80696894764687     -1.29363682266957     -4.11276066499312      h
   -0.37941937669419     -0.91391381723413     -2.78467908022685      o
    0.67520751239730      1.02464777714593     -1.25209930340064      c
    0.43320631250772      2.87389880180908     -2.15534768592357      h
    2.69135977944313      0.71634486713317     -0.90807258716705      h
   -0.67520609845899      1.02464903185264      1.25210005470814      c
   -0.43320263855083      2.87390012735628      2.15534775557649      h
   -2.69135881494234      0.71634820662891      0.90807368000831      h
    0.37941889720428     -0.91391361039022      2.78467969949892      o
   -0.80696349895912     -1.29362498762965      4.11276998050623      h
  0.12947503247318D-06  0.38108210898002D-06  -.70537342189425D-07
  -.88993125251768D-03  0.86254762898097D-03  -.47968715237623D-03
  0.14202690655214D-02  -.86297063982199D-03  0.76568418980250D-03
  -.92643858008723D-07  0.22849131475766D-07  -.92315870947601D-07
  0.39404598339843D-06  0.49659105993971D-08  0.26458034854682D-06
  -.14202734165805D-02  -.86296460882318D-03  -.76567953751683D-03
  0.86399085164057D-07  0.30390376437595D-07  0.85991679998898D-07
  -.39898787829173D-06  -.42091118923615D-08  -.26311568138149D-06
  0.88997535035595D-03  0.86260795320303D-03  0.47971873577346D-03
  -.15803476127729D-06  0.34446733465643D-06  0.39160139575500D-07
  cycle =     13 MP2 energy =     -229.8410130721 |dE/dxyz| =  0.003199
    0.80698302899847     -1.29367229292171     -4.11272903538904      h
   -0.37942786951830     -0.91390049676481     -2.78467979468877      o
    0.67520232303926      1.02465711808326     -1.25210219984609      c
    0.43320436499243      2.87390903793784     -2.15534677077523      h
    2.69135114309654      0.71634866247755     -0.90808588592320      h
   -0.67520168536645      1.02465733182576      1.25210221986908      c
   -0.43320055775766      2.87390815107599      2.15534826415355      h
   -2.69135109508397      0.71635234163146      0.90808584398753      h
    0.37942563351806     -0.91390376463328      2.78467730825026      o
   -0.80697426432455     -1.29365651470961      4.11274189894878      h
  0.87030239415142D-06  -.49026701498533D-06  -.30892787972192D-06
  -.88996457195112D-03  0.86400300683120D-03  -.47881475620049D-03
  0.14204912887932D-02  -.86311724591814D-03  0.76538041521634D-03
  0.11374065368719D-06  -.30966804320798D-06  0.19124270900228D-06
  -.98700070205737D-06  -.76526054243464D-07  -.33580588920668D-06
  -.14204914200802D-02  -.86309661934880D-03  -.76537250014552D-03
  -.11178985483140D-06  -.31855841475803D-06  -.16991823548196D-06
  0.99546764298353D-06  -.67877753640033D-07  0.33052707187897D-06
  0.88987914067307D-03  0.86387636076690D-03  0.47870604154809D-03
  -.79515765705196D-06  -.40272547563447D-06  0.39368132442874D-06
$end
