$hessapprox internal
  0.189130065719D-01 -0.126232958909D-01  0.624888126362D+00 -0.229148765702D-02
 -0.925335866138D-02  0.364742325653D+00  0.159836946445D-01 -0.105718730476D-02
  0.169601088062D-01  0.411993083831D+00  0.578481212219D-02 -0.191450679992D-02
  0.527600147939D-02 -0.245363472112D-02  0.422288980588D+00 -0.507270313837D-02
  0.506676518972D-03 -0.528625123901D-02  0.402345757394D-02  0.689087593895D-03
  0.346416687152D+00 -0.849505461132D-02  0.109941522310D-02 -0.871145868280D-02
  0.633724504550D-02  0.102261898193D-02 -0.186922968795D-02  0.345495079261D+00
 -0.120890929811D-02 -0.202546780286D-02 -0.246775734620D-02  0.438624333703D-02
  0.128793962528D-02 -0.135858394826D-02 -0.222610776898D-02  0.320512184111D+00
  0.336273269209D-02  0.369053631049D-02  0.577048404780D-02 -0.909713692999D-02
 -0.256495630498D-02  0.280585276016D-02  0.457969895307D-02  0.168789339631D-02
  0.343077934226D+00  0.159268248431D-01 -0.968885474148D-03  0.169473468129D-01
 -0.136256874257D-01 -0.248916845117D-02  0.405147500789D-02  0.638483730896D-02
  0.438716716263D-02 -0.910491660296D-02  0.411819899132D+00  0.563827274429D-02
 -0.171309568132D-02  0.522841540743D-02 -0.263567374274D-02 -0.163835164263D-03
  0.748201810182D-03  0.112358095102D-02  0.128521274002D-02 -0.257259814441D-02
 -0.266989743888D-02  0.422136380172D+00 -0.486188148783D-02  0.243191263228D-03
 -0.520300020866D-02  0.424338593026D-02  0.787379679527D-03 -0.126309437413D-02
 -0.199267807329D-02 -0.134952264263D-02  0.280436742331D-02  0.426958910224D-02
  0.842137779729D-03  0.346278857315D+00 -0.834848833523D-02  0.544931675264D-03
 -0.886256291479D-02  0.708309500168D-02  0.128536120122D-02 -0.210513416755D-02
 -0.331603993473D-02 -0.229240878113D-02  0.475499438961D-02  0.712843063671D-02
  0.138038570554D-02 -0.221991707248D-02  0.344711595077D+00 -0.118103547639D-02
 -0.207133759861D-02 -0.246296002877D-02  0.443294034980D-02  0.130671202440D-02
 -0.137361319868D-02 -0.225158324110D-02 -0.744378370981D-03  0.169293647008D-02
  0.443359472702D-02  0.130332275482D-02 -0.136363105154D-02 -0.231679036888D-02
  0.320510397928D+00  0.353900700317D-02  0.341242368295D-02  0.580755850205D-02
 -0.882093742306D-02 -0.245250589958D-02  0.271680070680D-02  0.442852157303D-02
  0.168416737633D-02 -0.374590726694D-02 -0.883038900738D-02 -0.246424289593D-02
  0.272099271398D-02  0.461079096169D-02  0.169005102561D-02  0.343135567971D+00
  0.298644224485D-02 -0.952105275039D-02 -0.207868334541D-02  0.123594973714D-01
  0.442317604009D-02 -0.391691818773D-02 -0.655132328405D-02 -0.100347318008D-02
  0.272789030156D-02  0.123182800109D-01  0.431611709731D-02 -0.376203863942D-02
 -0.645576021329D-02 -0.983355635830D-03  0.285550423317D-02  0.165357454681D-01
 -0.128447125314D-01  0.849310554762D-02 -0.932735901342D-02 -0.132628666158D-02
 -0.203023627825D-02  0.594128704363D-03  0.124887131992D-02 -0.203031731568D-02
  0.368076092813D-02 -0.123601540672D-02 -0.182406311502D-02  0.324107005876D-03
  0.685398920367D-03 -0.207718339700D-02  0.339649104624D-02 -0.968293728701D-02
  0.625496439830D+00 -0.193764237205D-02 -0.982551188531D-02 -0.765823637645D-02
  0.175367085926D-01  0.550899791952D-02 -0.547196179192D-02 -0.902644304838D-02
 -0.247795115450D-02  0.582968692625D-02  0.175205532653D-01  0.545308264843D-02
 -0.537714488836D-02 -0.916361328260D-02 -0.247144954000D-02  0.587734941257D-02
 -0.182296957973D-02 -0.991203821209D-02  0.364897016590D+00  0.116376454148D-01
  0.186823126339D-03  0.128869460287D-01 -0.113851334109D-01 -0.228731318882D-02
  0.340844555594D-02  0.540773527763D-02  0.338063473992D-02 -0.707783490093D-02
 -0.114457934176D-01 -0.241236061412D-02  0.355690012357D-02  0.595527784058D-02
  0.341346576596D-02 -0.688453357741D-02  0.903008763329D-02  0.234351535836D-05
  0.132915831943D-01  0.488444100964D+00 -0.594437916679D-02  0.293798680029D-02
 -0.487521078715D-02  0.971209531230D-03 -0.419904001453D-03 -0.222040421232D-03
 -0.245496123913D-03 -0.113367236979D-02  0.217474797879D-02  0.101032541576D-02
 -0.332265547104D-03 -0.334890169611D-03 -0.510926403071D-03 -0.115414865749D-02
  0.205128258714D-02 -0.451352208048D-02  0.306852773484D-02 -0.513004033690D-02
  0.118881910190D-02  0.386251482918D+00  0.119188629588D-01 -0.297985006741D-03
  0.129229466871D-01 -0.108788287900D-01 -0.208638486337D-02  0.324578482771D-02
  0.513243694370D-02  0.336664960556D-02 -0.701649374903D-02 -0.109422663018D-01
 -0.221828764736D-02  0.340379858091D-02  0.569091217094D-02  0.340087188542D-02
 -0.681453230685D-02  0.923233390324D-02 -0.492779798185D-03  0.133451280731D-01
 -0.907655886089D-02  0.971141323722D-03  0.489173603501D+00 -0.583475497453D-02
  0.315649464728D-02 -0.463182610401D-02  0.517829719351D-03 -0.554935161843D-03
 -0.813989073210D-04 -0.147283462548D-04 -0.105944714085D-02  0.200514528716D-02
  0.556955218414D-03 -0.466776491143D-03 -0.195495511045D-03 -0.273982795048D-03
 -0.107987901426D-02  0.188173376340D-02 -0.442139052134D-02  0.328789235658D-02
 -0.488628421357D-02  0.840572291276D-03  0.104062555750D-02  0.623760459680D-03
  0.386484784276D+00 -0.176033340227D-02  0.291378251271D-02 -0.293434979990D-03
 -0.297613517159D-02 -0.119441370359D-02  0.957633369221D-03  0.162292155434D-02
  0.638906744672D-04 -0.326532026521D-03 -0.295907312119D-02 -0.115244901969D-02
  0.899272158492D-03  0.155391832994D-02  0.553296703353D-04 -0.379755514319D-03
 -0.126994373308D-02  0.297690432662D-02 -0.401336380741D-03 -0.209366810188D-02
  0.130168142212D-02 -0.218172640916D-02  0.129855523296D-02  0.409202126062D+00
  0.000000000000D+00  0.000000000000D+00  0.000000000000D+00  0.000000000000D+00
  0.000000000000D+00  0.000000000000D+00  0.000000000000D+00  0.000000000000D+00
  0.000000000000D+00  0.000000000000D+00  0.000000000000D+00  0.000000000000D+00
  0.000000000000D+00  0.000000000000D+00  0.000000000000D+00  0.000000000000D+00
  0.000000000000D+00  0.000000000000D+00  0.000000000000D+00  0.000000000000D+00
  0.000000000000D+00  0.000000000000D+00  0.000000000000D+00  0.000000000000D+00
$end
