$coord
    0.75006657247674     -0.17688164292966     -4.70934658880022  h
   -0.37336081762525     -0.38286947734305     -3.28996454085434  o
    0.94196498240974      0.41107568754258     -1.08036151890250  c
    1.78670844262006      2.28023173363828     -1.33855803958658  h
    2.44420663378302     -0.92457552313459     -0.59197889374835  h
   -0.94196500177894      0.41107564155296      1.08036140077799  c
   -1.78670863539052      2.28023163708400      1.33855791423444  h
   -2.44420658642296     -0.92457567754646      0.59197879064396  h
    0.37336087174147     -0.38286930843689      3.28996449574223  o
   -0.75006658661899     -0.17688159261799      4.70934650994973  h
$intdef
# definitions of internal coordinates
   1 f  1.0000000000000 tors    2    3    6    9 val= 144.00000
$user-defined bonds
$redundant
     number_of_atoms            10
     degrees_of_freedom         24
     internal_coordinates       25
     frozen_coordinates          1
# definitions of redundant internals
   1 k  1.0000000000000 tors   1    2    3    6 val= 172.63277
   2 k  1.0000000000000 stre   2    1           val=   1.82186
   3 k  1.0000000000000 bend   3    1    2      val= 107.75353
   4 k  1.0000000000000 stre   3    4           val=   2.06737
   5 k  1.0000000000000 stre   3    5           val=   2.06863
   6 k  0.0739368365481 bend   5    4    3      val=   0.82343
       -0.5079987092022 bend   2    4    3
       -0.5092703029249 bend   2    5    3
        0.5120262327925 bend   6    4    3
        0.4636200504091 bend   6    5    3
   7 k  0.0404399307483 bend   5    4    3      val=   1.07015
       -0.5486556508104 bend   2    4    3
        0.5277272789322 bend   2    5    3
       -0.4481038903956 bend   6    4    3
        0.4669565411450 bend   6    5    3
   8 k -0.8859590075727 bend   5    4    3      val=   2.35283
        0.1762531485224 bend   2    4    3
        0.2033637621730 bend   2    5    3
        0.2440922903502 bend   6    4    3
        0.2882249096854 bend   6    5    3
   9 k -0.0102932088746 bend   5    4    3      val=   1.40576
       -0.4415289384390 bend   2    4    3
        0.4750865409116 bend   2    5    3
        0.5302803145753 bend   6    4    3
       -0.5459320589510 bend   6    5    3
  10 k  1.0000000000000 stre   6    7           val=   2.06737
  11 k  1.0000000000000 stre   6    8           val=   2.06863
  12 k  0.0739367953747 bend   8    7    6      val=   0.82343
       -0.5079988663632 bend   9    7    6
       -0.5092701336039 bend   9    8    6
        0.5120262786230 bend   3    7    6
        0.4636200201478 bend   3    8    6
  13 k  0.0404401740710 bend   8    7    6      val=   1.07016
       -0.5486555497704 bend   9    7    6
        0.5277273765136 bend   9    8    6
       -0.4481039430212 bend   3    7    6
        0.4669564780085 bend   3    8    6
  14 k -0.8859590214082 bend   8    7    6      val=   2.35283
        0.1762530165186 bend   9    7    6
        0.2033639013966 bend   9    8    6
        0.2440921816892 bend   3    7    6
        0.2882249416695 bend   3    8    6
  15 k -0.0102931916958 bend   8    7    6      val=   1.40576
       -0.4415288594162 bend   9    7    6
        0.4750866131781 bend   9    8    6
        0.5302801953053 bend   3    7    6
       -0.5459321761477 bend   3    8    6
  16 k  1.0000000000000 tors  10    9    6    3 val= 172.63277
  17 k  1.0000000000000 stre   9   10           val=   1.82186
  18 k  1.0000000000000 bend   6   10    9      val= 107.75353
  19 k  1.0000000000000 tors   2    3    6    9 val= 144.00000
  20 k  1.0000000000000 stre   3    2           val=   2.69124
  21 k  1.0000000000000 bend   6    2    3      val= 107.31653
  22 k  1.0000000000000 stre   6    9           val=   2.69124
  23 k  1.0000000000000 bend   3    9    6      val= 107.31653
  24 k  1.0000000000000 stre   3    6           val=   2.86669
  25 f  1.0000000000000 tors   2    3    6    9 val= 144.00000
        24 non zero eigenvalues  of BmBt
           1           3.972616325    1    0
         1
           2           3.799993669    2    0
         2
           3           3.731983871    3    0
         3
           4           3.024934593    4    0
         4
           5           3.001334772    5    0
         5
           6           2.442183270    6    0
         6
           7           2.139957448    7    0
         7
           8           1.695983556    8    0
         8
           9           1.245420071    9    0
         9
          10           1.180503170   10    0
        10
          11           1.042150495   11    0
        11
          12           0.859464861   12    0
        12
          13           0.770197661   13    0
        13
          14           0.752577678   14    0
        14
          15           0.570312236   15    0
        15
          16           0.420945753   16    0
        16
          17           0.354008843   17    0
        17
          18           0.339636258   18    0
        18
          19           0.282790979   20    0
        20
          20           0.253511132   21    0
        21
          21           0.126424732   22    0
        22
          22           0.068910023   23    0
        23
          23           0.067190293   24    0
        24
          24           0.000000000    0    1
         0.000000000         0.000000000         0.000000000         0.000000000
         0.000000000         0.000000000         0.000000000         0.000000000
         0.000000000         0.000000000         0.000000000         0.000000000
         0.000000000         0.000000000         0.000000000         0.000000000
         0.000000000         0.000000000         0.000000000         0.000000000
         0.000000000         0.000000000         0.000000000         0.000000000
         1.000000000
$end
