$energy      SCF               SCFKIN            SCFPOT            MP2
     1 -229.0260502885      228.781602     -457.807652     -.8125328332160
     2 -229.0264506339      228.787033     -457.813484     -.8126249840269
     3 -229.0263647832      228.791316     -457.817681     -.8128387002606
     4 -229.0263137954      228.787005     -457.813319     -.8128965250052
     5 -229.0262991932      228.787040     -457.813339     -.8129122225960
     6 -229.0263001705      228.787386     -457.813686     -.8129113280391
     7 -229.0262996680      228.787328     -457.813628     -.8129118676441
     8 -229.0262996678      228.787327     -457.813626     -.8129118547079
     9 -229.0262994515      228.787313     -457.813612     -.8129120522219
    10 -229.0262988707      228.787293     -457.813592     -.8129126124490
    11 -229.0262988706      228.787295     -457.813594     -.8129126390512
    12 -229.0262988784      228.787299     -457.813598     -.8129126427720
    13 -229.0262988737      228.787302     -457.813601     -.8129126514192
$end
