$grad          cartesian gradients
  cycle =      1 MP2 energy =     -229.8385831217 |dE/dxyz| =  0.009528
    0.78309295130130     -0.39411619569943     -4.68747302335101      h
   -0.37523303771845     -0.37893989925620     -3.28648815524577      o
    0.94271044512368      0.41585840249723     -1.07766102611256      c
    1.72109220934981      2.32247883924114     -1.30362757846489      h
    2.50174177573329     -0.86978801683838     -0.62087200777778      h
   -0.94265572612388      0.41597626938192      1.07765612704577      c
   -1.72083424327453      2.32266564096459      1.30360729227769      h
   -2.50182710900257     -0.86951954188495      0.62085364933058      h
    0.37520189641387     -0.37888890151930      3.28650900736726      o
   -0.78342332285550     -0.39507529388888      4.68723906264349      h
  -.23883840467871D-02  -.12204636174435D-02  0.55754666352081D-03
  0.25721646864145D-02  -.13458939386504D-02  -.16828131914259D-02
  -.21005095860218D-02  0.60604302995171D-03  0.22792928405708D-02
  -.10777868259750D-02  0.17142146145557D-02  0.21570311517212D-02
  0.26652785663939D-02  0.24436452905308D-03  -.86760125237845D-03
  0.21006057542516D-02  0.61405246549828D-03  -.22777071432507D-02
  0.10810594503885D-02  0.17096298288810D-02  -.21556892311023D-02
  -.26696489835127D-02  0.24244230801962D-03  0.86526844962925D-03
  -.25696719640873D-02  -.13425221333634D-02  0.16812685585581D-02
  0.23868929489548D-02  -.12218671345976D-02  -.55659684592069D-03
  cycle =      2 MP2 energy =     -229.8390756179 |dE/dxyz| =  0.005527
    0.77067316846231     -0.26604299085990     -4.70681923657864      h
   -0.36487148135990     -0.39883667018047     -3.28942657433192      o
    0.94498536548830      0.39433990610677     -1.07913971988309      c
    1.75853879605107      2.28226127076670     -1.31755603479815      h
    2.47383032612751     -0.91615919616379     -0.60896236832211      h
   -0.94493961711279      0.39439096038530      1.07911756706844      c
   -1.75830457906537      2.28237880941754      1.31762937965420      h
   -2.47391416085305     -0.91592513200710      0.60884032052338      h
    0.36480311384979     -0.39902039384491      3.28938760938573      o
   -0.77093509264087     -0.26673526062241      4.70667240499493      h
  -.80155594481601D-03  -.57069512061990D-03  -.27063184825815D-03
  0.19565633038665D-02  -.19692211777094D-02  0.58004617778362D-03
  -.10428290916917D-02  0.12028650195011D-02  -.35046148803936D-03
  -.40184992127412D-03  0.76833512350793D-03  0.97454004189479D-03
  0.74099099198754D-03  0.56732878973920D-03  -.98022621290028D-03
  0.10432648153915D-02  0.12060684560899D-02  0.34933191592335D-03
  0.40233973484827D-03  0.76713788997518D-03  -.97335304542157D-03
  -.74140862706873D-03  0.56723514457291D-03  0.97902498767605D-03
  -.19568625637874D-02  -.19670516041241D-02  -.57862006152565D-03
  0.80134730238157D-03  -.57200248779507D-03  0.27034953167293D-03
  cycle =      3 MP2 energy =     -229.8392034835 |dE/dxyz| =  0.006335
    0.75577195637028     -0.18119561392734     -4.71082640975455      h
   -0.36092765069260     -0.41056088968510     -3.28939460704111      o
    0.94612289225058      0.38258241624675     -1.07740406330156      c
    1.78797746487690      2.25465910083241     -1.32618239946617      h
    2.45002315104899     -0.94987197490510     -0.58932504887007      h
   -0.94611926424137      0.38257813106123      1.07737624293004      c
   -1.78777451163062      2.25472199711238      1.32634749612119      h
   -2.45015809304456     -0.94965985223495      0.58913766110281      h
    0.36082825838170     -0.41094586394479      3.28928807633698      o
   -0.75587836437230     -0.18165614755776      4.71072639965521      h
  0.25967703495056D-04  0.46168835578675D-04  -.20064109013829D-03
  0.10082992607634D-02  -.28198639007018D-02  0.14221228587852D-02
  -.91892146558470D-03  0.24446058690526D-02  -.13931264070826D-02
  -.25668279240110D-04  0.10302730244138D-03  0.26970461488318D-03
  -.11133046411871D-03  0.22527275656214D-03  -.34712600659631D-03
  0.91937342345183D-03  0.24450292148119D-02  0.13943683870331D-02
  0.24939208584485D-04  0.10381566188755D-03  -.26939257978309D-03
  0.11217320333046D-03  0.22537166718983D-03  0.34645288167751D-03
  -.10086492453922D-02  -.28195814307375D-02  -.14226815200749D-02
  -.26183345195552D-04  0.46154072288751D-04  0.20031886231742D-03
  cycle =      4 MP2 energy =     -229.8392103204 |dE/dxyz| =  0.006405
    0.75796026624121     -0.18734269228292     -4.71040795237851      h
   -0.36344871934122     -0.40788597251752     -3.29166847115594      o
    0.94484056972226      0.38560850108343     -1.07817616334622      c
    1.79044874456775      2.25512848029521     -1.33097744750892      h
    2.44621781230077     -0.94988512369304     -0.58664632967059      h
   -0.94484625856147      0.38559460784898      1.07814536536851      c
   -1.79024630641381      2.25518085182460      1.33115166177684      h
   -2.44637092520527     -0.94967633041092      0.58645918051170      h
    0.36334868125127     -0.40829413836374      3.29155113733304      o
   -0.75803802561449     -0.18777688078635      4.71031236678286      h
  -.50750765471008D-04  0.14026319179461D-04  -.44936683436081D-04
  0.83143596865298D-03  -.28972580656319D-02  0.62109724056203D-03
  -.11936466356866D-02  0.28617587898918D-02  -.11838558133298D-02
  0.21016683693142D-04  0.79092867437680D-05  0.13044515366101D-03
  0.76763610845632D-05  0.13508861501421D-04  -.40487002698375D-04
  0.11939930540237D-02  0.28618124546695D-02  0.11847172023891D-02
  -.21050886055418D-04  0.79009229012605D-05  -.13054000442325D-03
  -.76256409142772D-05  0.13423543070878D-04  0.40158694729397D-04
  -.83170211745376D-03  -.28971685074493D-02  -.62149019905888D-03
  0.50653978532544D-04  0.14086469186603D-04  0.44891413789827D-04
  cycle =      5 MP2 energy =     -229.8392114158 |dE/dxyz| =  0.006266
    0.75983082508600     -0.19584459038858     -4.70835009639421      h
   -0.36540505154980     -0.40566621972661     -3.29109144931618      o
    0.94447715526234      0.38804653088991     -1.07817141417776      c
    1.79037542393691      2.25703722429471     -1.33346911097497      h
    2.44545654842004     -0.94794854628275     -0.58595495800483      h
   -0.94448546214190      0.38803137026205      1.07813917762221      c
   -1.79017291645749      2.25708843620565      1.33364425268271      h
   -2.44561520727200     -0.94773988255193      0.58577229541189      h
    0.36530700130556     -0.40607560613118      3.29097077283806      o
   -0.75990247764266     -0.19627741357354      4.70825387802586      h
  -.43312758232883D-04  -.16495310274922D-05  0.25391560481314D-04
  0.72348284741963D-03  -.28429597706197D-02  0.53720417830938D-03
  -.11640672558895D-02  0.28921498244476D-02  -.10034103223406D-02
  0.10661229476572D-04  -.11569082555951D-04  0.42185686370710D-04
  0.44020086661156D-04  -.35822007903974D-04  0.35543761147894D-04
  0.11643534604304D-02  0.28919018902351D-02  0.10038913163140D-02
  -.10519529924036D-04  -.11721672111165D-04  -.42316922652885D-04
  -.44137279151091D-04  -.35871887749117D-04  -.35611076263375D-04
  -.72379049032367D-03  -.28428289034710D-02  -.53750591796575D-03
  0.43309689603532D-04  -.16287775750912D-05  -.25372264016887D-04
  cycle =      6 MP2 energy =     -229.8392114985 |dE/dxyz| =  0.006118
    0.76077472061081     -0.19923803499921     -4.70762267225446      h
   -0.36590611342741     -0.40492838601662     -3.29078524739474      o
    0.94442730062293      0.38880813205332     -1.07821651068964      c
    1.78993510723691      2.25790691994951     -1.33433044929626      h
    2.44550872017207     -0.94692566521721     -0.58638017064377      h
   -0.94443554075650      0.38879414862625      1.07818401250983      c
   -1.78973316768529      2.25795958059722      1.33450531297949      h
   -2.44566701247680     -0.94671640040001      0.58619969323610      h
    0.36580920512000     -0.40533504614299      3.29066422338413      o
   -0.76084738046972     -0.19967394545254      4.70752515588210      h
  -.28110935645920D-05  -.21299805352815D-05  -.16555448167921D-06
  0.69278304344245D-03  -.28048566039507D-02  0.61649629413818D-03
  -.10864032022502D-02  0.28106332576885D-02  -.95326643471177D-03
  0.36385561332786D-05  -.26031267017501D-05  0.33971406853128D-05
  0.83035953277744D-05  -.96771371005389D-06  0.60844289963002D-05
  0.10866961913418D-02  0.28103014798575D-02  0.95361218320100D-03
  -.36136360066497D-05  -.25906418459343D-05  -.34258902780193D-05
  -.83004820727872D-05  -.95373988306946D-06  -.60661628513703D-05
  -.69311704918373D-03  -.28047016326300D-02  -.61683264123236D-03
  0.28240770566512D-05  -.21312313052413D-05  0.16663885293866D-06
  cycle =      7 MP2 energy =     -229.8392115356 |dE/dxyz| =  0.006113
    0.76079153035634     -0.19901616489615     -4.70767870000827      h
   -0.36586355517831     -0.40498344900820     -3.29085488556664      o
    0.94442864748959      0.38875480836774     -1.07822633864883      c
    1.78992357032277      2.25785932265675     -1.33436323233189      h
    2.44547666142703     -0.94699171751184     -0.58642204499366      h
   -0.94443668042807      0.38874101744351      1.07819381496112      c
   -1.78972169770998      2.25791206641837      1.33453810074931      h
   -2.44563465201150     -0.94678239115005      0.58624145298369      h
    0.36576662848105     -0.40538988309711      3.29073404623552      o
   -0.76086461380192     -0.19945230622530      4.70758113433243      h
  -.89749289644558D-06  -.87350431637878D-07  -.19736562135719D-05
  0.69125629357991D-03  -.28088245691387D-02  0.60857897441569D-03
  -.10791642736141D-02  0.28078679269188D-02  -.94852391661876D-03
  0.30300526883131D-05  -.66797371323091D-06  0.72897221670143D-06
  0.14395439698056D-05  0.17668752629874D-05  0.25804273171559D-05
  0.10794760178463D-02  0.28075938831507D-02  0.94885034178793D-03
  -.30246166502490D-05  -.65553250694350D-06  -.74116651094247D-06
  -.14362220430719D-05  0.17730087966683D-05  -.25692563652702D-05
  -.69158224159338D-03  -.28086775077498D-02  -.60890832672555D-03
  0.90293886279014D-06  -.88693441729903D-07  0.19776038282515D-05
  cycle =      8 MP2 energy =     -229.8392115225 |dE/dxyz| =  0.006113
    0.75002888094209     -0.17691086416219     -4.70936244834100      h
   -0.37336196907034     -0.38286278522680     -3.28994681880444      o
    0.94195706797211      0.41107186544627     -1.08037338361736      c
    1.78675707055768      2.28020964233330     -1.33855236189231      h
    2.44420433878738     -0.92456305780815     -0.59193927965470      h
   -0.94195724733892      0.41107167929087      1.08037346843657      c
   -1.78675729384119      2.28020947731528      1.33855235419125      h
   -2.44420445133223     -0.92456334023573      0.59193955893478      h
    0.37336207352346     -0.38286283290513      3.28994671849819      o
   -0.75002806572010     -0.17690989163940      4.70936275819160      h
  -.13719256575229D-05  -.20876988002239D-06  -.19270129612003D-05
  0.69283286115063D-03  -.28084765558902D-02  0.60738309665798D-03
  -.10812492502263D-02  0.28075806973042D-02  -.94631667388839D-03
  0.29922158657492D-05  -.59112814865259D-06  0.68760385130151D-06
  0.15312815571100D-05  0.17110739078952D-05  0.25693768253010D-05
  0.10812165413689D-02  0.28074811742917D-02  0.94631411437035D-03
  -.29827277623351D-05  -.60082423392060D-06  -.70004977570370D-06
  -.15316452866010D-05  0.17023284053508D-05  -.25640383675141D-05
  -.69282216647171D-03  -.28084117698044D-02  -.60738732151044D-03
  0.13848157043306D-05  -.18615936361877D-06  0.19409046765340D-05
  cycle =      9 MP2 energy =     -229.8392115037 |dE/dxyz| =  0.006111
    0.75005871506205     -0.17697990031888     -4.70934865197208      h
   -0.37337447359707     -0.38284935081125     -3.28995613744957      o
    0.94195433355901      0.41108913721607     -1.08037341652220      c
    1.78672983915542      2.28023535460299     -1.33855983240765      h
    2.44420337798788     -0.92455047668357     -0.59196424724563      h
   -0.94195428400780      0.41108908651483      1.08037352957241      c
   -1.78673011544291      2.28023524762117      1.33855972392604      h
   -2.44420311403371     -0.92455075585591      0.59196447481005      h
    0.37337443502282     -0.38284948847893      3.28995621185739      o
   -0.75005830922575     -0.17697896139820      4.70934891137384      h
  -.80021778536832D-06  -.11085438381131D-05  -.78222988220134D-06
  0.69121121958027D-03  -.28088203043599D-02  0.60323422628183D-03
  -.10788512796767D-02  0.28092191976474D-02  -.94198779451821D-03
  0.17727243466492D-05  -.35853779856154D-06  0.66338531656829D-06
  0.10300093644666D-05  0.10683159850089D-05  0.15717353699096D-05
  0.10788684222836D-02  0.28092163335729D-02  0.94200056840921D-03
  -.17887086147805D-05  -.34508988422388D-06  -.67605780385005D-06
  -.10170111797159D-05  0.10657145521620D-05  -.15580725751807D-05
  -.69122996760385D-03  -.28088346670612D-02  -.60324710380044D-03
  0.80480948572159D-06  -.11023522996367D-05  0.78134170866662D-06
  cycle =     10 MP2 energy =     -229.8392114831 |dE/dxyz| =  0.006110
    0.75006463884906     -0.17689881840590     -4.70934762256399      h
   -0.37336579755921     -0.38287640128640     -3.28997021985749      o
    0.94196217052844      0.41106979283383     -1.08036223448747      c
    1.78669642048150      2.28023070216522     -1.33855710605556      h
    2.44420702891317     -0.92458067412480     -0.59198272465537      h
   -0.94196188919480      0.41106996305948      1.08036236067065      c
   -1.78669665465890      2.28023073183913      1.33855677762021      h
   -2.44420644947395     -0.92458089477831      0.59198300668109      h
    0.37336580489469     -0.38287607439495      3.28997056456165      o
   -0.75006486830006     -0.17689843449899      4.70934776402888      h
  -.67949195114991D-06  0.30516276169901D-06  0.75334255678072D-06
  0.68854254553852D-03  -.28118863777578D-02  0.59810847973285D-03
  -.10728898149424D-02  0.28115474658192D-02  -.93432459686876D-03
  -.44206438087890D-06  0.31744621553642D-06  0.11872717642358D-06
  0.43225997892193D-07  -.29683863234098D-06  -.30527295913352D-07
  0.10729146176058D-02  0.28116032367589D-02  0.93432459347437D-03
  0.41905954639709D-06  0.32042616648909D-06  -.12639788249391D-06
  -.32221727508386D-07  -.30573229992115D-06  0.39771669235744D-07
  -.68855243323540D-03  -.28119060102121D-02  -.59810495542312D-03
  0.67657778002328D-06  0.30128785355465D-06  -.75843739688608D-06
  cycle =     11 MP2 energy =     -229.8392115097 |dE/dxyz| =  0.006110
    0.75006973300536     -0.17689145845358     -4.70934692431412      h
   -0.37336226197803     -0.38286908239888     -3.28997076117303      o
    0.94196330419648      0.41107698073622     -1.08036129893711      c
    1.78669787774992      2.28023788352357     -1.33855515915655      h
    2.44420759862695     -0.92457354168656     -0.59198020608352      h
   -0.94196312129059      0.41107709225047      1.08036123352208      c
   -1.78669812851448      2.28023786758429      1.33855481205662      h
   -2.44420717609632     -0.92457371009173      0.59198017293736      h
    0.37336213612306     -0.38286907624197      3.28997084082303      o
   -0.75007008662799     -0.17689147741265      4.70934681978157      h
  -.61220807534568D-06  -.28562380099961D-07  0.75337602689629D-06
  0.68853175031869D-03  -.28115274040790D-02  0.59824417858501D-03
  -.10730238624421D-02  0.28115532715463D-02  -.93451697676666D-03
  -.38575103755711D-06  0.32264663385462D-06  0.11786462894570D-06
  0.49160526760517D-07  -.32516827896956D-06  0.24942304444053D-07
  0.10730352284849D-02  0.28116043454935D-02  0.93453721969466D-03
  0.37952011422426D-06  0.31296293823146D-06  -.13144299260137D-06
  -.38434092797246D-07  -.33284662137589D-06  -.16246794187769D-07
  -.68854653184491D-03  -.28115489682023D-02  -.59825546595427D-03
  0.61112771554406D-06  -.30210455609359D-07  -.75744908656361D-06
  cycle =     12 MP2 energy =     -229.8392115212 |dE/dxyz| =  0.006110
    0.75007170293880     -0.17690277157732     -4.70934397548755      h
   -0.37336419824024     -0.38286520066897     -3.28996669793524      o
    0.94196358080537      0.41108046595953     -1.08036189003613      c
    1.78670213028418      2.28023896660179     -1.33855786976344      h
    2.44420671021166     -0.92457068873741     -0.59198148310237      h
   -0.94196349641481      0.41108050457884      1.08036179310201      c
   -1.78670238003338      2.28023892128530      1.33855764880533      h
   -2.44420647025960     -0.92457084556746      0.59198139773696      h
    0.37336415932880     -0.38286514684306      3.28996671292648      o
   -0.75007186342641     -0.17690272722205      4.70934389321030      h
  0.11604914362806D-07  -.19656008806712D-06  0.14470690334889D-06
  0.68821529966190D-03  -.28111189864468D-02  0.59999388775722D-03
  -.10727937530928D-02  0.28113993295855D-02  -.93532404852514D-03
  -.23687254935290D-06  0.65039662988653D-07  -.84192441907049D-09
  -.67597812236642D-07  -.15657002006009D-06  -.13720225139346D-06
  0.10728090661165D-02  0.28114220737285D-02  0.93531530015584D-03
  0.21861031296311D-06  0.75919203812447D-07  0.14150524085821D-08
  0.69747240427631D-07  -.16086963405826D-06  0.13939792392614D-06
  -.68821518648843D-03  -.28111329321798D-02  -.59998720577781D-03
  -.10917917681041D-07  -.19637687981300D-06  -.14540812509622D-06
  cycle =     13 MP2 energy =     -229.8392115251 |dE/dxyz| =  0.006110
    0.75006657247674     -0.17688164292966     -4.70934658880022      h
   -0.37336081762525     -0.38286947734305     -3.28996454085434      o
    0.94196498240974      0.41107568754258     -1.08036151890250      c
    1.78670844262006      2.28023173363828     -1.33855803958658      h
    2.44420663378302     -0.92457552313459     -0.59197889374835      h
   -0.94196500177894      0.41107564155296      1.08036140077799      c
   -1.78670863539052      2.28023163708400      1.33855791423444      h
   -2.44420658642296     -0.92457567754646      0.59197879064396      h
    0.37336087174147     -0.38286930843689      3.28996449574223      o
   -0.75006658661899     -0.17688159261799      4.70934650994973      h
  0.34396436321416D-06  0.38201462171372D-06  -.44946632282716D-06
  0.68825500895642D-03  -.28114704505007D-02  0.60139045045648D-03
  -.10727153333803D-02  0.28111309393659D-02  -.93604336340947D-03
  -.12306535790430D-07  -.11523718246309D-06  -.14628850963927D-06
  -.17562343712640D-06  0.72824443808628D-07  -.19878814444541D-06
  0.10727169519118D-02  0.28111197713958D-02  0.93603162689032D-03
  0.82147768587504D-08  -.10859824906007D-06  0.15146240872621D-06
  0.16867002683441D-06  0.72938220796459D-07  0.19465875833458D-06
  -.68824566463910D-03  -.28114651005136D-02  -.60138142609745D-03
  -.34388247627248D-06  0.38096505433627D-06  0.45113192381763D-06
$end
