$hessapprox internal
  0.242273876807D-01  0.119614876805D-01  0.600744373043D+00 -0.148738208324D-02
 -0.445481857907D-02  0.371771144204D+00 -0.253291580699D-02  0.131923770355D-03
  0.669679954526D-03  0.426690341662D+00 -0.320237542112D-02  0.388358923071D-02
  0.118670676492D-02 -0.282184838610D-04  0.424325962983D+00  0.545368582211D-02
  0.175472288057D-02 -0.125538994249D-02 -0.864913820839D-03 -0.480515629274D-03
  0.348703227506D+00 -0.392892783423D-02  0.110500155260D-01  0.203095257644D-02
 -0.720322293869D-03 -0.292311247459D-02  0.447081155014D-03  0.340313983696D+00
  0.197404795554D-02 -0.185019941980D-01 -0.220515209622D-02  0.177471137208D-02
  0.490679169288D-02 -0.236043425468D-02  0.105233574954D-01  0.306894666229D+00
  0.114993475944D-03 -0.128698809089D-01 -0.120724439877D-02  0.138984835430D-02
  0.341651676440D-02 -0.208232955245D-02  0.699767016395D-02 -0.929731329478D-02
  0.339733977567D+00 -0.204841250188D-02  0.656886346428D-03  0.591915968417D-03
  0.181296991142D-03 -0.168892706843D-03 -0.608728549692D-03 -0.880433380630D-03
  0.182944583586D-02  0.136962416693D-02  0.426479605704D+00 -0.311786370443D-02
  0.384928802070D-02  0.116162730392D-02 -0.349128038509D-04 -0.101357006731D-02
 -0.456588667630D-03 -0.288288997905D-02  0.482615530226D-02  0.335679560158D-02
 -0.171739205055D-03  0.424343806663D+00  0.556923879304D-02  0.187956664818D-02
 -0.127396929266D-02 -0.892803493005D-03 -0.513970903452D-03  0.225955591934D-02
  0.409089199560D-03 -0.234763717201D-02 -0.208731309233D-02 -0.631016101633D-03
 -0.489127918314D-03  0.348826642909D+00 -0.381358918852D-02  0.927899141573D-02
  0.183898716014D-02 -0.541354414639D-03 -0.245323305227D-02  0.195367789265D-03
 -0.600095840585D-02  0.917794224209D-02  0.614640852385D-02 -0.699637463993D-03
 -0.242094159026D-02  0.157788309729D-03  0.342167034576D+00  0.214019616800D-02
 -0.182897007561D-01 -0.222886703903D-02  0.173103325775D-02  0.484998344752D-02
 -0.226725966508D-02  0.104509789033D-01 -0.145239174370D-01 -0.928984173031D-02
  0.179388784402D-02  0.477081715123D-02 -0.225252579806D-02  0.910830564689D-02
  0.306981216647D+00  0.420191024640D-03 -0.131149998689D-01 -0.130890612568D-02
  0.137890063845D-02  0.348077334875D-02 -0.201591882133D-02  0.720857319312D-02
 -0.967538699674D-02 -0.607585147632D-02  0.137233137784D-02  0.342078920812D-02
 -0.201765322727D-02  0.632072330754D-02 -0.966255474193D-02  0.339190877408D+00
  0.990790296384D-02  0.119448365416D-01 -0.147958785331D-02 -0.252666735494D-02
 -0.319785827661D-02  0.543837655725D-02 -0.392910635161D-02  0.198592396331D-02
  0.126417712841D-03 -0.204386002683D-02 -0.311352782926D-02  0.555352536782D-02
 -0.381244582629D-02  0.215146121233D-02  0.431070994095D-03  0.241557164723D-01
  0.119794078751D-01 -0.148082182877D-01 -0.446488293030D-02  0.136164418259D-03
  0.389924632181D-02  0.175123968134D-02  0.110866353831D-01 -0.185562653709D-01
 -0.129057067387D-01  0.661839891744D-03  0.386472079851D-02  0.187625247994D-02
  0.931052902962D-02 -0.183436380681D-01 -0.131519716191D-01  0.119627655191D-01
  0.600625877468D+00 -0.140871028100D-02 -0.452510789110D-02 -0.482373449281D-04
  0.667632959491D-03  0.120515648833D-02 -0.123944268998D-02  0.208916421227D-02
 -0.230769943804D-02 -0.127996342349D-02  0.593374744963D-03  0.117997608940D-02
 -0.125718795137D-02  0.188730169262D-02 -0.233002950649D-02 -0.138267594711D-02
 -0.140104988294D-02 -0.453548730884D-02  0.371717122738D+00 -0.160497231408D-01
  0.242263921130D-01  0.638325585183D-02 -0.660999681996D-03 -0.638874109815D-02
 -0.162278646046D-02 -0.172287213618D-01  0.280042265412D-01  0.192491517518D-01
 -0.135657749488D-02 -0.632201556598D-02 -0.178814439930D-02 -0.145616199459D-01
  0.277174819271D-01  0.196712653598D-01 -0.160314186104D-01  0.243180549879D-01
  0.650267940164D-02  0.454491873787D+00 -0.137158738394D-01 -0.187723461711D-02
  0.338926165217D-02  0.189858509262D-02  0.535241858311D-03 -0.511097927011D-02
 -0.249739446616D-02  0.775331635619D-02  0.636910565092D-02  0.125932079180D-02
  0.486898876520D-03 -0.526326242127D-02 -0.169813539906D-02  0.751790279664D-02
  0.625536797029D-02 -0.136796794179D-01 -0.186145010534D-02  0.336350808944D-02
  0.292613603158D-03  0.393542769731D+00 -0.156508872243D-01  0.243942619641D-01
  0.629506505895D-02 -0.728566206982D-03 -0.643438055480D-02 -0.145548392802D-02
 -0.172174364325D-01  0.278599374373D-01  0.191145221916D-01 -0.140533030767D-02
 -0.636572068840D-02 -0.161635867700D-02 -0.145661513222D-01  0.275799899432D-01
  0.195423234250D-01 -0.156337382733D-01  0.244857796468D-01  0.641587868303D-02
 -0.393123954217D-01 -0.101003700109D-03  0.454149017637D+00 -0.138745911234D-01
 -0.152492055088D-02  0.346269992513D-02  0.187974928777D-02  0.442132442417D-03
 -0.510843386422D-02 -0.272881074166D-02  0.811102681437D-02  0.660979262849D-02
  0.123383018338D-02  0.394975365301D-03 -0.526229748477D-02 -0.189578734571D-02
  0.787272950817D-02  0.650259811288D-02 -0.138383182927D-01 -0.150791729189D-02
  0.343876546488D-02 -0.262825875862D-03  0.115277694308D-01 -0.656994288489D-03
  0.393427816293D+00  0.418828734251D-02 -0.113744494765D-01 -0.212796961026D-02
  0.723688089479D-03  0.300854956962D-02 -0.409797612889D-03  0.723150572616D-02
 -0.109278526159D-01 -0.727879406812D-02  0.895172680871D-03  0.296756171234D-02
 -0.369100935220D-03  0.620435790180D-02 -0.108508689143D-01 -0.749510930613D-02
  0.418810903080D-02 -0.114123648290D-01 -0.218773153760D-02  0.177609393944D-01
  0.245901491535D-02  0.177532447877D-01  0.269815672879D-02  0.384388744164D+00
  0.000000000000D+00  0.000000000000D+00  0.000000000000D+00  0.000000000000D+00
  0.000000000000D+00  0.000000000000D+00  0.000000000000D+00  0.000000000000D+00
  0.000000000000D+00  0.000000000000D+00  0.000000000000D+00  0.000000000000D+00
  0.000000000000D+00  0.000000000000D+00  0.000000000000D+00  0.000000000000D+00
  0.000000000000D+00  0.000000000000D+00  0.000000000000D+00  0.000000000000D+00
  0.000000000000D+00  0.000000000000D+00  0.000000000000D+00  0.000000000000D+00
$end
