$coord
    0.76385607156284     -0.04063756350577     -4.75395295668284  h
   -0.37005166243568     -0.26003542561549     -3.34954974172948  o
    0.95921328406876      0.27426977762134     -1.06778152657186  c
    1.93954924883543      2.09501384824557     -1.17207737106125  h
    2.36261188533168     -1.19484936171349     -0.66229659601744  h
   -0.95921311641499      0.27426977614560      1.06778162287164  c
   -1.93954916043417      2.09501386411254      1.17207728148716  h
   -2.36261179181553     -1.19484932943788      0.66229653124244  h
    0.37005162957019     -0.26003537065610      3.34954983207012  o
   -0.76385634648649     -0.04063747966177      4.75395280411043  h
$user-defined bonds
$intdef
# definitions of internal coordinates
   1 f  1.0000000000000 tors    2    3    6    9 val= 156.00000
$redundant
     number_of_atoms            10
     degrees_of_freedom         24
     internal_coordinates       25
     frozen_coordinates          1
# definitions of redundant internals
   1 k  1.0000000000000 tors   1    2    3    6 val= 172.17413
   2 k  1.0000000000000 stre   2    1           val=   1.81830
   3 k  1.0000000000000 bend   3    1    2      val= 108.81574
   4 k  1.0000000000000 stre   3    4           val=   2.07052
   5 k  1.0000000000000 stre   3    5           val=   2.07178
   6 k  0.0762645590028 bend   5    4    3      val=   0.85870
       -0.5093695872654 bend   2    4    3
       -0.5080184668390 bend   2    5    3
        0.5054275769246 bend   6    4    3
        0.4703047335972 bend   6    5    3
   7 k  0.0307388190083 bend   5    4    3      val=   0.83236
       -0.5459501195016 bend   2    4    3
        0.5323950439171 bend   2    5    3
       -0.4506462564561 bend   6    4    3
        0.4631058850595 bend   6    5    3
   8 k -0.8866872573696 bend   5    4    3      val=   2.32102
        0.1778215089775 bend   2    4    3
        0.1991660779011 bend   2    5    3
        0.2500239973353 bend   6    4    3
        0.2828181265997 bend   6    5    3
   9 k -0.0074088519281 bend   5    4    3      val=   0.98386
       -0.4447177346291 bend   2    4    3
        0.4698526601820 bend   2    5    3
        0.5327760712476 bend   6    4    3
       -0.5454900375308 bend   6    5    3
  10 k  1.0000000000000 stre   6    7           val=   2.07052
  11 k  1.0000000000000 stre   6    8           val=   2.07178
  12 k  0.0762646207936 bend   8    7    6      val=   0.85869
       -0.5093695946443 bend   9    7    6
       -0.5080184641502 bend   9    8    6
        0.5054275666161 bend   3    7    6
        0.4703047295680 bend   3    8    6
  13 k  0.0307388212068 bend   8    7    6      val=   0.83236
       -0.5459501359474 bend   9    7    6
        0.5323950719268 bend   9    8    6
       -0.4506462358174 bend   3    7    6
        0.4631058534088 bend   3    8    6
  14 k -0.8866872552872 bend   8    7    6      val=   2.32102
        0.1778214733156 bend   9    7    6
        0.1991660482687 bend   9    8    6
        0.2500240249410 bend   3    7    6
        0.2828181520137 bend   3    8    6
  15 k -0.0074088515056 bend   8    7    6      val=   0.98386
       -0.4447177085980 bend   9    7    6
        0.4698526336346 bend   9    8    6
        0.5327760916520 bend   3    7    6
       -0.5454900616962 bend   3    8    6
  16 k  1.0000000000000 tors  10    9    6    3 val= 172.17413
  17 k  1.0000000000000 stre   9   10           val=   1.81830
  18 k  1.0000000000000 bend   6   10    9      val= 108.81574
  19 k  1.0000000000000 tors   2    3    6    9 val= 156.00000
  20 k  1.0000000000000 stre   3    2           val=   2.69423
  21 k  1.0000000000000 bend   6    2    3      val= 107.47665
  22 k  1.0000000000000 stre   6    9           val=   2.69423
  23 k  1.0000000000000 bend   3    9    6      val= 107.47665
  24 k  1.0000000000000 stre   3    6           val=   2.87071
  25 f  1.0000000000000 tors   2    3    6    9 val= 156.00000
        24 non zero eigenvalues  of BmBt
           1           3.950682743    1    0
         1
           2           3.781156497    2    0
         2
           3           3.715183430    3    0
         3
           4           3.058362912    4    0
         4
           5           2.997332974    5    0
         5
           6           2.445386818    6    0
         6
           7           2.139353064    7    0
         7
           8           1.684250526    8    0
         8
           9           1.249692623    9    0
         9
          10           1.179932912   10    0
        10
          11           1.056689250   11    0
        11
          12           0.876852912   12    0
        12
          13           0.767206846   13    0
        13
          14           0.752425514   14    0
        14
          15           0.575867280   15    0
        15
          16           0.402314002   16    0
        16
          17           0.354696505   17    0
        17
          18           0.341277916   18    0
        18
          19           0.283058453   20    0
        20
          20           0.254095417   21    0
        21
          21           0.133950920   22    0
        22
          22           0.066791300   23    0
        23
          23           0.065882960   24    0
        24
          24           0.000000000    0    1
         0.000000000         0.000000000         0.000000000         0.000000000
         0.000000000         0.000000000         0.000000000         0.000000000
         0.000000000         0.000000000         0.000000000         0.000000000
         0.000000000         0.000000000         0.000000000         0.000000000
         0.000000000         0.000000000         0.000000000         0.000000000
         0.000000000         0.000000000         0.000000000         0.000000000
         1.000000000
$end
