$energy      SCF               SCFKIN            SCFPOT
     1 -230.2254180727      229.3048953623     -459.5303134350
     2 -230.2257211966      229.2896134427     -459.5153346392
     3 -230.2257999924      229.2910919419     -459.5168919343
     4 -230.2258027081      229.2913178994     -459.5171206075
     5 -230.2258032118      229.2915493208     -459.5173525327
     6 -230.2258032707      229.2915429240     -459.5173461947
     7 -230.2258032732      229.2914939650     -459.5172972382
     8 -230.2258033004      229.2914911465     -459.5172944469
     9 -230.2258033006      229.2914967666     -459.5173000672
    10 -230.2258033007      229.2914953887     -459.5172986894
    11 -230.2258033006      229.2914953907     -459.5172986913
    12 -230.2258033007      229.2914922897     -459.5172955904
    13 -230.2258033006      229.2914921366     -459.5172954372
$end
