$grad          cartesian gradients
  cycle =      1    SCF energy =     -230.2254180727   |dE/dxyz| =  0.005091
    0.80786162567034     -0.26599415420776     -4.72147122898735      h
   -0.37263241072379     -0.25493450382349     -3.33906150836210      o
    0.96032610656132      0.27983793853054     -1.06199162148842      c
    1.88822253942813      2.13039517782293     -1.14300196318266      h
    2.40603943317980     -1.15275049626174     -0.67504880325011      h
   -0.96031481265037      0.27987636106350      1.06199050133531      c
   -1.88817096823115      2.13045659627836      1.14299013582193      h
   -2.40605699035147     -1.15268031625581      0.67504900024763      h
    0.37262729537979     -0.25490678066495      3.33906740649063      o
   -0.80794902464119     -0.26642588723407      4.72140258693127      h
  -.79202140370170D-04  -.58829602841052D-03  0.43072183935819D-03
  -.23935021801472D-03  -.12408283579190D-02  0.11472313107311D-02
  -.59219726467040D-03  0.69867706563084D-03  0.12385896425142D-02
  -.13836986590723D-02  0.59030557996115D-03  0.14917161006023D-02
  0.14046513550656D-02  0.54162199730098D-03  -.61783260033587D-03
  0.59157136462638D-03  0.69989748131799D-03  -.12384217190767D-02
  0.13833206155727D-02  0.59072024148049D-03  -.14911557513860D-02
  -.14040872651578D-02  0.54204909418600D-03  0.61745622966189D-03
  0.23980522207206D-03  -.12396749993587D-02  -.11472604681021D-02
  0.79188431438805D-04  -.58916421008679D-03  -.43104515302944D-03
  cycle =      2    SCF energy =     -230.2257211966   |dE/dxyz| =  0.004097
    0.80187627358352     -0.15566642014803     -4.74521640999666      h
   -0.36081479331019     -0.27337861205336     -3.35193231622381      o
    0.96156335507025      0.26062136549200     -1.06657590262907      c
    1.91927786516700      2.09601308212014     -1.15443728274214      h
    2.38441636499047     -1.19100654463474     -0.67213880303191      h
   -0.96154991949088      0.26063377414510      1.06656907792145      c
   -1.91922369922414      2.09604624770096      1.15445634845703      h
   -2.38443430076990     -1.19095388147363      0.67210053694265      h
    0.36080265826212     -0.27342901466943      3.35192585813520      o
   -0.80196101065684     -0.15600606123149      4.74517339872338      h
  -.74356993991386D-05  -.29093289969053D-03  -.98287895009426D-04
  0.44779664237129D-03  -.20013528808232D-02  0.17873581622468D-03
  -.57993935177058D-03  0.12942146298102D-02  -.46076562338269D-03
  -.36155576143066D-03  0.50145608822901D-03  0.75968497448874D-03
  0.43067500403656D-03  0.49877194862091D-03  -.66693498676186D-03
  0.57995289722735D-03  0.12953146050371D-02  0.46012636133488D-03
  0.36139968314625D-03  0.50141319954343D-03  -.75925719100196D-03
  -.43039933049594D-03  0.49894860068343D-03  0.66670781432414D-03
  -.44801224740300D-03  -.20006453987603D-02  -.17816195547292D-03
  0.75155673429095D-05  -.29151499315187D-03  0.98153325101868D-04
  cycle =      3    SCF energy =     -230.2257999924   |dE/dxyz| =  0.004890
    0.78726755649926     -0.06966271802290     -4.75027157334342      h
   -0.35381363024909     -0.28765650034277     -3.35129170633719      o
    0.96458529420134      0.24642679080743     -1.06406582015930      c
    1.94374927222635      2.06913755238820     -1.15885998867015      h
    2.36765264480812     -1.22163823561216     -0.65699706795937      h
   -0.96458192838381      0.24641503735568      1.06405723879437      c
   -1.94370104243167      2.06914695577019      1.15891422416216      h
   -2.36768473492562     -1.22160005869647      0.65692825355750      h
    0.35379489091365     -0.28778363164192      3.35126793817437      o
   -0.78731552903712     -0.06991125675775      4.75024300733715      h
  0.66470734697995D-04  0.62077773749971D-05  -.26222166628342D-04
  0.41371217532424D-03  -.24248108513805D-02  0.56481255361458D-03
  -.32799061231228D-03  0.21101675617661D-02  -.90625963707591D-03
  0.78996750579560D-04  0.19637642962598D-03  0.20957368523382D-03
  -.75417134774664D-04  0.11426329722627D-03  -.29965926139020D-03
  0.32824852805151D-03  0.21107351528311D-02  0.90643256535280D-03
  -.79058744210898D-04  0.19636467703690D-03  -.20946120576740D-03
  0.75445197101614D-04  0.11415306290411D-03  0.29943699238991D-03
  -.41383881132990D-03  -.24245545477054D-02  -.56482935555657D-03
  -.66564712081581D-04  0.60427369233734D-05  0.26179605822215D-04
  cycle =      4    SCF energy =     -230.2258027081   |dE/dxyz| =  0.004889
    0.78529841135788     -0.06198919706818     -4.75080156810269      h
   -0.35340624088464     -0.28892768220506     -3.35144789132952      o
    0.96451876773469      0.24524745002432     -1.06336259063825      c
    1.94523116895019      2.06634895451168     -1.16043785063216      h
    2.36599608887545     -1.22406651923035     -0.65268206522163      h
   -0.96452073160718      0.24522909049204      1.06335353044227      c
   -1.94518631851676      2.06635208077479      1.16050269566526      h
   -2.36603507141017     -1.22403151395266      0.65260702077786      h
    0.35338627660676     -0.28907564001298      3.35141809651381      o
   -0.78532955748482     -0.06221308808608      4.75077512808119      h
  0.14881627522853D-04  0.19104416292125D-04  -.83062854187340D-05
  0.37697285362850D-03  -.23701016060123D-02  0.39289750075128D-03
  -.49885444540052D-03  0.22998578017625D-02  -.68940050359069D-03
  0.22516735255638D-04  0.44778487828674D-04  0.10715052831269D-03
  -.31481776919420D-04  0.86372122645363D-05  -.88109229022582D-04
  0.49897288904902D-03  0.23001022875342D-02  0.68973662869577D-03
  -.22541339729830D-04  0.44797368348831D-04  -.10713769955417D-03
  0.31508614055229D-04  0.85750580003960D-05  0.87942447779237D-04
  -.37700403717897D-03  -.23699758064899D-02  -.39305018676788D-03
  -.14967430712807D-04  0.19041759897790D-04  0.82808259228414D-05
  cycle =      5    SCF energy =     -230.2258032118   |dE/dxyz| =  0.004760
    0.78559216726124     -0.06492754897486     -4.75059436484603      h
   -0.35386760141017     -0.28824608337859     -3.35134029392594      o
    0.96431447704411      0.24597917381607     -1.06315073795428      c
    1.94482268540656      2.06685049426025     -1.16207812548599      h
    2.36600104829447     -1.22303919505916     -0.65110798861639      h
   -0.96431986568766      0.24595670519839      1.06314096590018      c
   -1.94478004324336      2.06684955082441      1.16214969450767      h
   -2.36604473054314     -1.22300600068266      0.65102981530560      h
    0.35384692518262     -0.28840680770419      3.35130663831264      o
   -0.78561226868326     -0.06513635305214      4.75056890235867      h
  -.12125791644955D-04  0.56433280402759D-05  0.15193539646310D-05
  0.36670140493604D-03  -.22794256681613D-02  0.31390453652966D-03
  -.57706378030380D-03  0.23003228151400D-02  -.52262616500159D-03
  -.18426830881941D-04  -.12628557685217D-04  0.30462807842729D-04
  0.14939923263362D-04  -.11507108508297D-04  0.31475254627907D-05
  0.57710605809393D-03  0.23003317093482D-02  0.52288679862978D-03
  0.18428817631660D-04  -.12615276913005D-04  -.30487632071557D-04
  -.14919583936119D-04  -.11511502638039D-04  -.32228729930472D-05
  -.36672904684182D-03  -.22793644160198D-02  -.31404806027485D-03
  0.12092519596611D-04  0.56260783453480D-05  -.15321185940115D-05
  cycle =      6    SCF energy =     -230.2258032707   |dE/dxyz| =  0.004688
    0.78615512780094     -0.06769271503968     -4.75035521755509      h
   -0.35419160567414     -0.28754522859902     -3.35125151298849      o
    0.96425766385848      0.24668550133684     -1.06322764089431      c
    1.94495655088751      2.06749587001623     -1.16285555420650      h
    2.36586007920653     -1.22232506277540     -0.65117265470828      h
   -0.96426424283186      0.24666146063673      1.06321737272481      c
   -1.94491477469668      2.06749326656700      1.16292995258643      h
   -2.36590555953761     -1.22229262631451      0.65109338612971      h
    0.35417056757815     -0.28771105737712      3.35121632818321      o
   -0.78617101296991     -0.06789547320356      4.75033004628463      h
  -.35288924286454D-05  0.30305137283559D-06  -.17528996153485D-05
  0.36388934093151D-03  -.22573054836926D-02  0.32924921110859D-03
  -.56133270096659D-03  0.22552947977615D-02  -.50170086674714D-03
  -.24496214704158D-05  0.87596623583922D-06  -.20643833236514D-05
  0.54891700070960D-05  0.32961575753895D-05  -.80448223482427D-06
  0.56139131781119D-03  0.22552482243739D-02  0.50185333304834D-03
  0.24519866096860D-05  0.88150447201783D-06  0.20520499161834D-05
  -.54835345276529D-05  0.32974239101986D-05  0.78975641272704D-06
  -.36394788504665D-03  -.22572708742504D-02  -.32937099976656D-03
  0.35245154763803D-05  0.30118061463642D-06  0.17535022013261D-05
  cycle =      8    SCF energy =     -230.2258033004   |dE/dxyz| =  0.004700
    0.76380467568842     -0.04051959833128     -4.75398162748053      h
   -0.37004341180073     -0.26004808980756     -3.34955233471037      o
    0.95921370707777      0.27425609993511     -1.06778222829790      c
    1.93955773752359      2.09499992239473     -1.17208472077348      h
    2.36262257329753     -1.19484931191843     -0.66230070762855      h
   -0.95921364707009      0.27425610138339      1.06778223397276      c
   -1.93955765765066      2.09499995154853      1.17208461331326      h
   -2.36262250843384     -1.19484928254036      0.66230059719454      h
    0.37004335615610     -0.26004811521708      3.34955234270700      o
   -0.76380465224589     -0.04051930647498      4.75398165082254      h
  -.16461181346170D-05  0.46820901489558D-06  -.10190914610332D-05
  0.36114457677790D-03  -.22637653623577D-02  0.32175177242667D-03
  -.56211020025838D-03  0.22624616052272D-02  -.50200573975389D-03
  0.13608550966628D-05  0.11063255217239D-05  -.73247610648574D-06
  -.82251098492585D-07  0.20410333941393D-05  -.51831138420328D-06
  0.56211209278712D-03  0.22624560736402D-02  0.50201645793027D-03
  -.13602247887795D-05  0.11082766299023D-05  0.72876664057455D-06
  0.85529212507394D-07  0.20417665295070D-05  0.51610530831225D-06
  -.36115125347258D-03  -.22637648752417D-02  -.32176050456848D-03
  0.16469919688302D-05  0.46852571844456D-06  0.10230224878011D-05
  cycle =      9    SCF energy =     -230.2258033006   |dE/dxyz| =  0.004702
    0.76381947049370     -0.04059617595722     -4.75396439056814      h
   -0.37006041843186     -0.26002735016292     -3.34954514878733      o
    0.95921033298392      0.27427752117439     -1.06778303178876      c
    1.93954944971983      2.09502072378676     -1.17208370929957      h
    2.36261608155136     -1.19483571634087     -0.66230383586690      h
   -0.95921027478717      0.27427754208870      1.06778302699155      c
   -1.93954937430618      2.09502076740171      1.17208359558203      h
   -2.36261603488732     -1.19483567571389      0.66230377338639      h
    0.37006039806854     -0.26002731192978      3.34954515202090      o
   -0.76381945786262     -0.04059595337481      4.75396438744911      h
  -.92520311908541D-06  0.56114040875194D-07  -.35346882951542D-06
  0.35958311083346D-03  -.22637057704099D-02  0.32221605449530D-03
  -.56137827441345D-03  0.22645288282780D-02  -.50239577632225D-03
  0.52830375421940D-06  0.44368159608227D-06  -.17671800990816D-06
  0.30078684368290D-06  0.98940675157162D-06  -.22869686054453D-06
  0.56137648412834D-03  0.22645270969916D-02  0.50239775538806D-03
  -.52670388983532D-06  0.44380611809087D-06  0.17498728513037D-06
  -.29824105191590D-06  0.98971423099518D-06  0.22814015276342D-06
  -.35958702429414D-03  -.22637048705507D-02  -.32221905872601D-03
  0.92675889873201D-06  0.55243634684526D-07  0.35678275060846D-06
  cycle =     11    SCF energy =     -230.2258033006   |dE/dxyz| =  0.004703
    0.76384574297921     -0.04059785541607     -4.75395614088438      h
   -0.37004570250423     -0.26004544422440     -3.34954803036840      o
    0.95921512319316      0.27425961614157     -1.06777881119755      c
    1.93955214975879      2.09500306570598     -1.17207219508401      h
    2.36261527114914     -1.19485810207318     -0.66229129832391      h
   -0.95921508801881      0.27425961755887      1.06777881749586      c
   -1.93955211157562      2.09500308050675      1.17207214563626      h
   -2.36261525747653     -1.19485807709392      0.66229123827052      h
    0.37004567387823     -0.26004545795136      3.34954803383293      o
   -0.76384575960130     -0.04059770761969      4.75395612034160      h
  -.48797567324796D-06  0.65806699239789D-06  -.11058251519787D-06
  0.35884802552691D-03  -.22645053603740D-02  0.32212290615533D-03
  -.56083226912025D-03  0.22652790532950D-02  -.50288058698985D-03
  0.14878263104319D-06  0.33516003790208D-06  0.31092166899190D-07
  0.26890868963821D-06  0.54489946685985D-06  0.28290012647294D-07
  0.56081517410560D-03  0.22652844700406D-02  0.50285637059614D-03
  -.14272764604415D-06  0.33121488602489D-06  -.27508202299836D-07
  -.26048744546896D-06  0.54675529249074D-06  -.23959806892266D-07
  -.35884832176335D-03  -.22645073783307D-02  -.32211807319940D-03
  0.49088980265171D-06  0.65652240794008D-06  0.12205368564146D-06
  cycle =     12    SCF energy =     -230.2258033007   |dE/dxyz| =  0.004703
    0.76385696363681     -0.04064798031176     -4.75395313526001      h
   -0.37005232515698     -0.26003282973586     -3.34954925761951      o
    0.95921294194004      0.27427229961916     -1.06778164016631      c
    1.93954930157202      2.09501609257728     -1.17207714931484      h
    2.36261262492272     -1.19484631017473     -0.66229739403880      h
   -0.95921285162286      0.27427230662731      1.06778167983082      c
   -1.93954924044759      2.09501611513830      1.17207707562402      h
   -2.36261257781330     -1.19484627987321      0.66229734727272      h
    0.37005230051594     -0.26003279224646      3.34954929718864      o
   -0.76385709576477     -0.04064788608549      4.75395305620219      h
  -.27909177751642D-06  0.29493278594974D-06  -.13338063854222D-06
  0.35850825706467D-03  -.22642435276135D-02  0.32192932462195D-03
  -.56061992484912D-03  0.22653861410388D-02  -.50313221343042D-03
  0.98479060036415D-07  0.36521405512427D-06  0.67032838325886D-07
  0.20371333683350D-06  0.50933575332210D-06  -.77591115853980D-07
  0.56058837818614D-03  0.22653972436521D-02  0.50308284749987D-03
  -.87463610700289D-07  0.35827982534008D-06  -.58375238730680D-07
  -.18908389644957D-06  0.51181821392186D-06  0.87590925542656D-07
  -.35850712453854D-03  -.22642464859132D-02  -.32191710279452D-03
  0.28386031673475D-06  0.29155008588513D-06  0.15187056033085D-06
$end
