$hessapprox internal
  0.167403861256D-01 -0.497563782970D-03  0.619361446631D+00  0.545809152521D-02
  0.205110974587D-02  0.363770542964D+00 -0.399001771964D-03 -0.138061482584D-03
  0.516689243441D-03  0.423754862910D+00  0.116676279161D-02  0.439717182913D-03
 -0.173778412601D-02  0.110999837668D-03  0.422378456872D+00 -0.352945509925D-03
 -0.173504765558D-03  0.780877936587D-03 -0.512510778883D-04  0.167543298356D-03
  0.345676787961D+00  0.263333244254D-03  0.202798385131D-03 -0.104489282013D-02
  0.702533779006D-04 -0.224012619773D-03  0.886600098561D-04  0.346494945327D+00
  0.362586535781D-02  0.136286941416D-02 -0.537764583012D-02  0.343371297343D-03
 -0.115482777062D-02  0.518890677746D-03 -0.694285867883D-03  0.317185514225D+00
 -0.195393025256D-02 -0.317474433425D-03  0.269985451985D-03 -0.304043757140D-05
  0.594799658702D-04 -0.748964129531D-04  0.158958385492D-03  0.179770729317D-03
  0.345248916019D+00 -0.525704725210D-03 -0.170541191018D-03  0.609154564683D-03
 -0.379741052907D-04  0.130910936491D-03 -0.619472409112D-04  0.866987985566D-04
  0.404831162126D-03  0.119613820743D-04  0.423743680225D+00  0.100246223123D-02
  0.397380567572D-03 -0.161650092185D-02  0.103917006783D-03 -0.347062936509D-03
  0.153565676964D-03 -0.202574226026D-03 -0.107421360885D-02  0.786257132673D-04
  0.123284406735D-03  0.422429940102D+00 -0.119670882992D-03 -0.119588618346D-03
  0.647715622039D-03 -0.438982694264D-04  0.138825620071D-03 -0.537582242655D-04
  0.614180514455D-04  0.430370168991D-03 -0.110783824595D-03 -0.545372944254D-04
  0.124965983209D-03  0.345711471606D+00  0.256806642796D-03  0.199714198452D-03
 -0.103123596037D-02  0.693598780540D-04 -0.221082136748D-03  0.874161758381D-04
 -0.102426418593D-03 -0.685210861216D-03  0.157748004297D-03  0.856218449291D-04
 -0.199883566835D-03  0.604600567178D-04  0.346498075738D+00  0.346209953393D-02
  0.132138200404D-02 -0.526124119028D-02  0.336622044007D-03 -0.112975806836D-02
  0.505307854313D-03 -0.673284394436D-03 -0.349629329607D-02  0.199853961790D-03
  0.397622085001D-03 -0.104977261629D-02  0.416762324484D-03 -0.664442152198D-03
  0.317339736792D+00 -0.196351826270D-02 -0.319509948510D-03  0.274320799578D-03
 -0.326384906649D-05  0.604166128025D-04 -0.754984622902D-04  0.159984908420D-03
  0.182653078247D-03  0.490829717631D-03  0.117564580760D-04  0.795846103192D-04
 -0.111466216353D-03  0.158764372104D-03  0.202764088219D-03  0.345252378158D+00
  0.261615097618D-02 -0.500522033076D-03  0.547224661345D-02 -0.399941462783D-03
  0.116979874650D-02 -0.354187954458D-03  0.264847267344D-03  0.363527109890D-02
 -0.195566172063D-02 -0.526851880311D-03  0.100522740699D-02 -0.120578444882D-03
  0.258298685128D-03  0.347124107104D-02 -0.196526205012D-02  0.167302298180D-01
 -0.366516538775D-03 -0.360543541049D-03  0.194770348814D-02 -0.131950244533D-03
  0.417459132205D-03 -0.161836507634D-03  0.185152825962D-03  0.129413945522D-02
 -0.331257958082D-03 -0.163874158516D-03  0.375869921992D-03 -0.108226623203D-03
  0.182269264567D-03  0.125331030633D-02 -0.333302890011D-03 -0.369250343635D-03
  0.619430381865D+00  0.579852331619D-02  0.214061930145D-02 -0.835483834519D-02
  0.532145280031D-03 -0.179430795090D-02  0.810717479599D-03 -0.109023596389D-02
 -0.555216547373D-02  0.232827884698D-03  0.625943484150D-03 -0.167122745395D-02
  0.676952285020D-03 -0.107606640853D-02 -0.543419325139D-02  0.237131202472D-03
  0.581325376952D-02  0.203544650550D-02  0.363241125725D+00 -0.190129140919D-02
 -0.105607306749D-02  0.497177766917D-02 -0.329082489390D-03  0.106643956658D-02
 -0.439731153868D-03  0.540264990417D-03  0.330365983248D-02 -0.574094634165D-03
 -0.400714701807D-03  0.972917985597D-03 -0.324865963529D-03  0.532492947873D-03
  0.321250066010D-02 -0.578293534007D-03 -0.190895612822D-02 -0.978418183735D-03
  0.517072690772D-02  0.488049324778D+00  0.379214631372D-03 -0.398914730042D-03
  0.285017768214D-02 -0.200426345269D-03  0.610114126133D-03 -0.211584932954D-03
  0.206819170879D-03  0.189359972573D-02 -0.742134974725D-03 -0.256488278988D-03
  0.537270344449D-03 -0.112294947355D-03  0.202989500740D-03  0.182146786111D-02
 -0.746095473255D-03  0.375864779749D-03 -0.340107686745D-03  0.300230374631D-02
 -0.122083195876D-02  0.380895903476D+00 -0.154389763829D-02 -0.966809737502D-03
  0.472578826471D-02 -0.314910491526D-03  0.101345200669D-02 -0.410715526494D-03
  0.495091311168D-03  0.314015149146D-02 -0.619717256233D-03 -0.385686540450D-03
  0.921110867353D-03 -0.295539809298D-03  0.487815974372D-03  0.304994073928D-02
 -0.623986824549D-03 -0.155099598987D-02 -0.890435811697D-03  0.492171819400D-02
 -0.252479092545D-02 -0.106426729306D-02  0.488438189781D+00  0.231261451904D-03
 -0.435852663867D-03  0.295191656223D-02 -0.206286638984D-03  0.632029394759D-03
 -0.223589339041D-03  0.225512276588D-03  0.196122524948D-02 -0.723226952348D-03
 -0.262701259861D-03  0.558699206668D-03 -0.124430937192D-03  0.221477114671D-03
  0.188870300088D-02 -0.727158076616D-03  0.227677257652D-03 -0.376517175755D-03
  0.310528779442D-02 -0.130161656382D-02 -0.228155070297D-03 -0.114436940830D-02
  0.380766018436D+00 -0.699365691408D-03 -0.991017046604D-03  0.562651804495D-02
 -0.384057495904D-03  0.120564965802D-02 -0.457604434166D-03  0.509694909651D-03
  0.373843300509D-02 -0.105798083686D-02 -0.479948176502D-03  0.108080225089D-02
 -0.294555211967D-03  0.501517992813D-03  0.361562410375D-02 -0.106426825765D-02
 -0.707007658703D-03 -0.889009956098D-03  0.588930439238D-02 -0.274364090612D-02
 -0.851245267960D-03 -0.247855812795D-02 -0.960949018286D-03  0.386425288982D+00
  0.000000000000D+00  0.000000000000D+00  0.000000000000D+00  0.000000000000D+00
  0.000000000000D+00  0.000000000000D+00  0.000000000000D+00  0.000000000000D+00
  0.000000000000D+00  0.000000000000D+00  0.000000000000D+00  0.000000000000D+00
  0.000000000000D+00  0.000000000000D+00  0.000000000000D+00  0.000000000000D+00
  0.000000000000D+00  0.000000000000D+00  0.000000000000D+00  0.000000000000D+00
  0.000000000000D+00  0.000000000000D+00  0.000000000000D+00  0.000000000000D+00
$end
