$coord
    0.80951176035435     -1.21603627494818     -4.20227046190940  h
   -0.38510118886927     -0.85059419185183     -2.87678268190563  o
    0.73067556751797      0.95475950833855     -1.22384411035137  c
    0.65308278615038      2.84141769914935     -2.07553524021247  h
    2.70307180861352      0.49909669413448     -0.80338728810973  h
   -0.73067543575410      0.95475961051870      1.22384410587766  c
   -0.65308220838856      2.84141772658336      2.07553535840679  h
   -2.70307179817391      0.49909725960680      0.80338728909879  h
    0.38510094068364     -0.85059450607902      2.87678246840592  o
   -0.80951088884580     -1.21603412619583      4.20227194030453  h
$intdef
# definitions of internal coordinates
   1 f  1.0000000000000 tors    2    3    6    9 val=  90.00000
$user-defined bonds
$redundant
     number_of_atoms            10
     degrees_of_freedom         24
     internal_coordinates       25
     frozen_coordinates          1
# definitions of redundant internals
   1 k  1.0000000000000 tors   1    2    3    6 val= 196.89268
   2 k  1.0000000000000 stre   2    1           val=   1.82142
   3 k  1.0000000000000 bend   3    1    2      val= 108.04523
   4 k  1.0000000000000 stre   3    5           val=   2.06755
   5 k  1.0000000000000 stre   3    4           val=   2.07144
   6 k  0.0772117412122 bend   4    5    3      val=   0.94829
       -0.5236663348781 bend   2    5    3
       -0.4926330102470 bend   2    4    3
        0.4789255821309 bend   6    5    3
        0.4977498575890 bend   6    4    3
   7 k  0.0052621155719 bend   4    5    3      val=   0.02771
       -0.5256692038797 bend   2    5    3
        0.5509238908995 bend   2    4    3
       -0.4713469427295 bend   6    5    3
        0.4449259761442 bend   6    4    3
   8 k -0.8887842125415 bend   4    5    3      val=   1.40111
        0.1773858117078 bend   2    5    3
        0.1964755815744 bend   2    4    3
        0.2681794702482 bend   6    5    3
        0.2609099747502 bend   6    4    3
   9 k -0.0089394684643 bend   4    5    3      val=   1.29533
        0.4604582774825 bend   2    5    3
       -0.4558480697294 bend   2    4    3
       -0.5312303414944 bend   6    5    3
        0.5457976934737 bend   6    4    3
  10 k  1.0000000000000 stre   6    8           val=   2.06755
  11 k  1.0000000000000 stre   6    7           val=   2.07144
  12 k  0.0772117510214 bend   7    8    6      val=   0.94829
       -0.5236663015495 bend   9    8    6
       -0.4926330452782 bend   9    7    6
        0.4789255971106 bend   3    8    6
        0.4977498420470 bend   3    7    6
  13 k  0.0052620819180 bend   7    8    6      val=   0.02771
       -0.5256692263125 bend   9    8    6
        0.5509238734958 bend   9    7    6
       -0.4713469076595 bend   3    8    6
        0.4449260087409 bend   3    7    6
  14 k -0.8887842103550 bend   7    8    6      val=   1.40111
        0.1773858419303 bend   9    8    6
        0.1964755443613 bend   9    7    6
        0.2681794817541 bend   3    8    6
        0.2609099778475 bend   3    7    6
  15 k -0.0089394498531 bend   7    8    6      val=   1.29533
        0.4604582752153 bend   9    8    6
       -0.4558480698144 bend   9    7    6
       -0.5312303607199 bend   3    8    6
        0.5457976769077 bend   3    7    6
  16 k  1.0000000000000 tors  10    9    6    3 val= 196.89258
  17 k  1.0000000000000 stre   9   10           val=   1.82142
  18 k  1.0000000000000 bend   6   10    9      val= 108.04523
  19 k  1.0000000000000 tors   2    3    6    9 val=  90.00000
  20 k  1.0000000000000 stre   3    2           val=   2.69007
  21 k  1.0000000000000 bend   6    2    3      val= 108.35846
  22 k  1.0000000000000 stre   6    9           val=   2.69007
  23 k  1.0000000000000 bend   3    9    6      val= 108.35845
  24 k  1.0000000000000 stre   3    6           val=   2.85074
  25 f  1.0000000000000 tors   2    3    6    9 val=  90.00000
        24 non zero eigenvalues  of BmBt
           1           4.262743934    1    0
         1
           2           3.821333683    2    0
         2
           3           3.746721456    3    0
         3
           4           3.025291205    4    0
         4
           5           2.904272305    5    0
         5
           6           2.435583288    6    0
         6
           7           2.081569090    7    0
         7
           8           1.731134339    8    0
         8
           9           1.250066585    9    0
         9
          10           1.229110087   10    0
        10
          11           1.035708751   11    0
        11
          12           0.829967724   12    0
        12
          13           0.773091563   13    0
        13
          14           0.729804706   14    0
        14
          15           0.570784443   15    0
        15
          16           0.482451804   16    0
        16
          17           0.352699840   17    0
        17
          18           0.348179919   18    0
        18
          19           0.279479275   20    0
        20
          20           0.253932483   21    0
        21
          21           0.104987277   22    0
        22
          22           0.076742539   23    0
        23
          23           0.066645063   24    0
        24
          24           0.000000000    0    1
         0.000000000         0.000000000         0.000000000         0.000000000
         0.000000000         0.000000000         0.000000000         0.000000000
         0.000000000         0.000000000         0.000000000         0.000000000
         0.000000000         0.000000000         0.000000000         0.000000000
         0.000000000         0.000000000         0.000000000         0.000000000
         0.000000000         0.000000000         0.000000000         0.000000000
         1.000000000
$end
