$energy      SCF               SCFKIN            SCFPOT            MP2
     1 -229.0263018930      228.773675     -457.799977     -.8130677973538
     2 -229.0268970886      228.782139     -457.809036     -.8130433827257
     3 -229.0269981865      228.796347     -457.823346     -.8131696323802
     4 -229.0269533757      228.790964     -457.817917     -.8132337073700
     5 -229.0269397911      228.788591     -457.815531     -.8132511441280
     6 -229.0269526063      228.789458     -457.816411     -.8132386291245
     7 -229.0269551299      228.789496     -457.816451     -.8132361478039
     8 -229.0269551302      228.789480     -457.816435     -.8132361474530
     9 -229.0269551028      228.789485     -457.816440     -.8132361388050
    10 -229.0269549031      228.789490     -457.816445     -.8132363128140
    11 -229.0269549032      228.789491     -457.816446     -.8132363163965
    12 -229.0269549191      228.789483     -457.816438     -.8132363135480
    13 -229.0269549538      228.789484     -457.816439     -.8132362788018
$end
