$grad          cartesian gradients
  cycle =      1 MP2 energy =     -229.8393696904 |dE/dxyz| =  0.010212
    0.54821219980376     -0.90345940999958     -4.41581102611270      h
   -0.37527841058080     -0.86706580290198     -2.85038820292206      o
    0.75322584356962      0.95177364372156     -1.21763045401938      c
    0.70721987186734      2.84901902551154     -2.04858409611779      h
    2.72582509353955      0.47568645530489     -0.80012021379695      h
   -0.75327885744193      0.95173775549890      1.21761927215203      c
   -0.70741667237367      2.84897920040627      2.04855347715163      h
   -2.72585279129724      0.47550388690335      0.80008273063831      h
    0.37537317428385     -0.86696326493723      2.85042715725157      o
   -0.54886015292046     -0.90425200579088      4.41539405545406      h
  -.26003231699541D-02  -.24579211528886D-03  0.10875827593391D-02
  0.51790726434220D-03  -.74936422659722D-03  -.11185285227899D-02
  0.54422212601972D-02  0.29159622257202D-03  0.50368592249028D-03
  0.14517405899103D-02  0.10033908367686D-02  0.19401713122087D-02
  0.17953577811172D-02  -.29945091105632D-03  -.13934725361593D-02
  -.54378100596555D-02  0.29560582981203D-03  -.50154055883000D-03
  -.14508782222311D-02  0.99761292245892D-03  -.19416580370404D-02
  -.18011245313208D-02  -.29965412012095D-03  0.13913483968509D-02
  -.51535716906326D-03  -.74808696664519D-03  0.11187715323135D-02
  0.25982662568056D-02  -.24585752021566D-03  -.10863602675339D-02
  cycle =      2 MP2 energy =     -229.8399404713 |dE/dxyz| =  0.006065
    0.61970711371399     -0.97827106858120     -4.36948376957271      h
   -0.40271136743939     -0.84278220585631     -2.86809023112347      o
    0.72761836357957      0.96475840407540     -1.22926680005964      c
    0.65353456711091      2.85802061384313     -2.06661541057191      h
    2.70461769175428      0.50422191557875     -0.83314228289485      h
   -0.72773433584656      0.96470314670539      1.22924968518514      c
   -0.65374009893349      2.85794037230875      2.06666010379949      h
   -2.70470933352169      0.50408955079271      0.83308902317731      h
    0.40268953843325     -0.84281636775158      2.86802842407676      o
   -0.62010284040083     -0.97890487739818      4.36911395766260      h
  -.97511683982265D-03  -.14282705363866D-03  -.44048068818103D-03
  -.10906705135127D-03  0.98990782736852D-03  -.47771166141786D-03
  0.33994749988122D-02  -.11758383148721D-02  0.10103370702512D-02
  0.72874296493786D-03  0.30699652535215D-03  0.73305337541218D-03
  0.25486105205097D-03  0.19932039973969D-04  -.90866369199638D-03
  -.34000739494506D-02  -.11731307263454D-02  -.10082237543834D-02
  -.72857736543519D-03  0.30632147013376D-03  -.73220783466876D-03
  -.25557867977444D-03  0.20342694969311D-04  0.90742770081106D-03
  0.11184563256172D-03  0.99160377263008D-03  0.47630928009568D-03
  0.97348923746310D-03  -.14330829853693D-03  0.44016020398718D-03
  cycle =      3 MP2 energy =     -229.8401678189 |dE/dxyz| =  0.006780
    0.68722384095686     -1.09759501293839     -4.27025003576771      h
   -0.44205607804351     -0.81031084683995     -2.86899913084970      o
    0.70364576657944      0.99162713768506     -1.23802747400617      c
    0.60178732123069      2.88057618628026     -2.08254244416768      h
    2.68616151221800      0.54170403387109     -0.86138062321484      h
   -0.70380283192019      0.99151761501686      1.23798254218068      c
   -0.60198963111953      2.88040104101194      2.08265383252935      h
   -2.68630250189682      0.54158937409216      0.86128100039367      h
    0.44191529922376     -0.81052816093537      2.86882876881078      o
   -0.68741339877866     -1.09802188352680      4.26999626377034      h
  0.27301806026125D-03  0.13071093597006D-03  -.36926650170876D-03
  -.14971949583265D-02  0.24512066020570D-02  -.78639069310604D-04
  0.21184035746864D-02  -.26261676976032D-02  0.17487638872693D-02
  -.15800283939787D-03  -.28546836776222D-04  0.54901789772854D-04
  -.12816086413370D-03  0.72803509527597D-04  -.36950150219289D-04
  -.21193549413181D-02  -.26262295329391D-02  -.17509787758425D-02
  0.15773882606682D-03  -.28077613504873D-04  -.54292070266193D-04
  0.12960408132612D-03  0.73128886523000D-04  0.36753645502041D-04
  0.14965959476383D-02  0.24509419808183D-02  0.80474862429014D-04
  -.27264688664941D-03  0.13022967637522D-03  0.36923238186626D-03
  cycle =      4 MP2 energy =     -229.8401870831 |dE/dxyz| =  0.006457
    0.69968314646004     -1.13821867451397     -4.23844828152422      h
   -0.45303782976871     -0.80078421640060     -2.86869182869268      o
    0.69986724651656      1.00282050941534     -1.24116460463625      c
    0.59687349432833      2.89100788608045     -2.08754682864152      h
    2.68311347229222      0.55118052090001     -0.86905565898290      h
   -0.70003603544553      1.00270331977357      1.24111774553197      c
   -0.59707047422783      2.89081600209762      2.08767101789093      h
   -2.68327364391539      0.55107048396880      0.86895985500241      h
    0.45288503253206     -0.80103125060618      2.86848967646338      o
   -0.69983511032171     -1.13860509699818      4.23821160726760      h
  0.16656865495079D-03  0.11362892198830D-03  -.64488013564734D-04
  -.17362754907424D-02  0.20340097274847D-02  -.72652019202302D-03
  0.24206784738992D-02  -.22629056707730D-02  0.14527864357614D-02
  -.13673620286567D-03  0.68148567544224D-04  0.15097260077868D-04
  0.21888230252287D-04  0.46947397701613D-04  0.84719253760884D-04
  -.24207804352865D-02  -.22625929850815D-02  -.14534369543637D-02
  0.13663016567420D-03  0.68215900804969D-04  -.14730218900638D-04
  -.21438470455770D-04  0.46955339984556D-04  -.84894480412823D-04
  0.17357164768690D-02  0.20340424244969D-02  0.72710703180956D-03
  -.16625140201221D-03  0.11355029744808D-03  0.64359878342746D-04
  cycle =      5 MP2 energy =     -229.8401909352 |dE/dxyz| =  0.006253
    0.70317846368411     -1.15928068988751     -4.22220037528210      h
   -0.45819768882633     -0.79569143024921     -2.86701615812691      o
    0.69902475930111      1.00946894939872     -1.24236893624732      c
    0.59830893618118      2.89676631698875     -2.09045091285722      h
    2.68182242990506      0.55474386522579     -0.87235363363475      h
   -0.69919806749140      1.00934937347019      1.24232223064448      c
   -0.59850291336413      2.89657039547543      2.09057586076613      h
   -2.68199098481233      0.55463568652693      0.87226370159118      h
    0.45804407181233     -0.79594607668053      2.86680431017885      o
   -0.70331970793956     -1.15965690655170      4.22196661264638      h
  0.34266685632112D-04  0.50085596224658D-04  0.45152519086322D-04
  -.17241531497199D-02  0.17767065426941D-02  -.97279602727962D-03
  0.26822018618895D-02  -.18854699646780D-02  0.13075271662786D-02
  -.38769613612155D-04  0.49319853845375D-04  0.44095678750411D-04
  0.33966362332993D-04  0.92406815687118D-05  0.37332107601318D-04
  -.26820027049563D-02  -.18851387676242D-02  -.13074426347652D-02
  0.38773522050006D-04  0.49224094857969D-04  -.44050565022768D-04
  -.34122308679496D-04  0.91735463195741D-05  -.37459635050530D-04
  0.17240968761785D-02  0.17767547547294D-02  0.97276253888001D-03
  -.34257531412507D-04  0.50103576486826D-04  -.45121146476035D-04
  cycle =      6 MP2 energy =     -229.8401912354 |dE/dxyz| =  0.006192
    0.70240268262111     -1.16034112867530     -4.22161338760448      h
   -0.45827526731074     -0.79515573409328     -2.86621824143412      o
    0.69921012716210      1.01013257493354     -1.24212350665805      c
    0.59975163539554      2.89694325214486     -2.09114978903815      h
    2.68164119159209      0.55442790379473     -0.87212800930839      h
   -0.69938268742401      1.01001327647572      1.24207698019609      c
   -0.59994566969694      2.89674908207432      2.09127204721872      h
   -2.68180853686700      0.55431931297496      0.87204006587481      h
    0.45812313179498     -0.79540761932817      2.86600973426516      o
   -0.70254730881709     -1.16072143658453      4.22137680616713      h
  0.14151050994116D-04  0.76505075101707D-05  0.11884786008665D-05
  -.16374784028903D-02  0.18415071367484D-02  -.89959775993176D-03
  0.26244995068221D-02  -.18459594694535D-02  0.14112892385008D-02
  -.73684734954449D-05  0.11708355831530D-05  0.21220564325297D-04
  -.11612591924504D-04  -.43680395412360D-05  -.49825892336208D-05
  -.26244802604278D-02  -.18458785252258D-02  -.14114190861054D-02
  0.73684264079166D-05  0.11670594055602D-05  -.21248326359080D-04
  0.11609696183079D-04  -.43640531002254D-05  0.49538197328114D-05
  0.16374694095642D-02  0.18414280523924D-02  0.89975183617597D-03
  -.14158361102190D-04  0.76464103926366D-05  -.11561760930867D-05
  cycle =      7 MP2 energy =     -229.8401912777 |dE/dxyz| =  0.006175
    0.70224140244855     -1.16044388270591     -4.22166414889439      h
   -0.45825134771127     -0.79509677851114     -2.86617679768767      o
    0.69920623775687      1.01018889763994     -1.24206831359144      c
    0.59993902120783      2.89689186746671     -2.09140460822954      h
    2.68165244323295      0.55446614341412     -0.87198488215821      h
   -0.69937862947877      1.01007006071575      1.24202194706254      c
   -0.60013305317358      2.89669848885737      2.09152640920165      h
   -2.68181959452235      0.55435751871380      0.87189788418995      h
    0.45809984683015     -0.79534724688079      2.86596910030446      o
   -0.70238702814036     -1.16082558499299      4.22142610948137      h
  -.14270169081954D-05  -.10829427130599D-05  -.10591219141709D-05
  -.16133986302806D-02  0.18551514418217D-02  -.90938618607161D-03
  0.25796629834627D-02  -.18505650615506D-02  0.14537973281439D-02
  -.11294036341425D-05  0.63619487900013D-07  -.27857863527103D-06
  -.17621197994089D-05  -.35880055214155D-05  -.79431970695376D-06
  -.25796551723327D-02  -.18504906882009D-02  -.14539462872507D-02
  0.11285720221410D-05  0.76197321341454D-07  0.26965508004295D-06
  0.17695507210647D-05  -.35898920759947D-05  0.79505384328882D-06
  0.16134011263516D-02  0.18551327033354D-02  0.90957237980671D-03
  0.14101106153852D-05  -.11074560357649D-05  0.10300762203208D-05
  cycle =      8 MP2 energy =     -229.8401912777 |dE/dxyz| =  0.006176
    0.80950935585573     -1.21601241368419     -4.20230598762468      h
   -0.38509694003741     -0.85059796307389     -2.87680383142272      o
    0.73067139618376      0.95475318553207     -1.22384858311722      c
    0.65306205517271      2.84141889078766     -2.07551960224631      h
    2.70305524361705      0.49903508548940     -0.80341915476469      h
   -0.73067110104956      0.95475342024328      1.22384873759842      c
   -0.65306086181586      2.84141911668728      2.07551976687562      h
   -2.70305515186032      0.49903622343392      0.80341929598230      h
    0.38509656934688     -0.85059841884330      2.87680356971420      o
   -0.80950827390999     -1.21600941113471      4.20230799502356      h
  0.51456106442416D-06  -.86580611258213D-06  -.43010445471836D-06
  -.15913456421321D-02  0.18547903888617D-02  -.95196263881991D-03
  0.25421939137389D-02  -.18510521235990D-02  0.15177235367936D-02
  -.18766514905955D-05  0.50235183657321D-06  0.41397253314202D-06
  -.21156687295409D-05  -.33750621422080D-05  -.15985142661212D-05
  -.25422038960663D-02  -.18510697608143D-02  -.15176953451570D-02
  0.18773416716189D-05  0.51139741463757D-06  -.41842000131354D-06
  0.21214691501292D-05  -.33734568060662D-05  0.15957820793666D-05
  0.15913461352692D-02  0.18547846273966D-02  0.95194148645295D-03
  -.51156228764171D-06  -.85264107685390D-06  0.43024621776411D-06
  cycle =      9 MP2 energy =     -229.8401912416 |dE/dxyz| =  0.006175
    0.80948023288999     -1.21595379088398     -4.20235075393687      h
   -0.38508675329465     -0.85062044147206     -2.87679253603478      o
    0.73067968817393      0.95473332571041     -1.22384190086606      c
    0.65307595442195      2.84139400118826     -2.07552246924671      h
    2.70306923609756      0.49904352593649     -0.80338972695692      h
   -0.73067922686569      0.95473374218848      1.22384213289982      c
   -0.65307477984701      2.84139456800268      2.07552233958436      h
   -2.70306895492345      0.49904459597569      0.80339004628680      h
    0.38508662994315     -0.85062025268552      2.87679285839974      o
   -0.80947973509278     -1.21595155852293      4.20235221588910      h
  -.86261256138087D-06  0.11036779561380D-05  -.72156656338862D-06
  -.15912610453670D-02  0.18535393894457D-02  -.95121989324998D-03
  0.25416467880035D-02  -.18527507512540D-02  0.15175801815654D-02
  -.12014158891349D-05  -.19787682736805D-06  0.26711277900660D-06
  -.68721621326873D-06  -.16945284858627D-05  -.45822114846938D-06
  -.25416478292404D-02  -.18527634819212D-02  -.15175669670331D-02
  0.12001174908849D-05  -.19115134719527D-06  -.27570617455730D-06
  0.68647453366211D-06  -.16963601453535D-05  0.45757314159900D-06
  0.15912756696341D-02  0.18535584209740D-02  0.95122662701375D-03
  0.85106929770262D-06  0.10925772753190D-05  0.71085957209505D-06
  cycle =     10 MP2 energy =     -229.8401912159 |dE/dxyz| =  0.006179
    0.80948503374135     -1.21603096495659     -4.20227681308358      h
   -0.38511100622562     -0.85061184768370     -2.87676983561927      o
    0.73067603768693      0.95474590601692     -1.22384201077268      c
    0.65307158804897      2.84140037569029     -2.07553506045027      h
    2.70307791108226      0.49909326616514     -0.80338474119937      h
   -0.73067559250289      0.95474625317866      1.22384213332240      c
   -0.65307041098112      2.84140075087764      2.07553503968604      h
   -2.70307767256194      0.49909434455421      0.80338492942289      h
    0.38511076137588     -0.85061189074609      2.87677001904736      o
   -0.80948435816082     -1.21602847765896      4.20227854566496      h
  -.21614660505875D-06  -.35430112177437D-07  0.12131382289837D-05
  -.15943881445386D-02  0.18557802225327D-02  -.95138212069479D-03
  0.25413667392633D-02  -.18554817321479D-02  0.15167096296187D-02
  -.34181584526727D-06  -.70572904853350D-06  0.36869368669201D-06
  0.12552676622590D-05  0.44829118889256D-06  0.65355141692924D-06
  -.25413588505550D-02  -.18554813492138D-02  -.15167167077588D-02
  0.34062802101165D-06  -.70852809397337D-06  -.37154000120942D-06
  -.12602786783056D-05  0.44763569012618D-06  -.65353715617000D-06
  0.15943844867490D-02  0.18557701589854D-02  0.95138275438345D-03
  0.21811499584246D-06  -.33624724338210D-07  -.12038590679886D-05
  cycle =     11 MP2 energy =     -229.8401912196 |dE/dxyz| =  0.006179
    0.80950136436424     -1.21602154676025     -4.20227383044441      h
   -0.38509984313456     -0.85060258799616     -2.87677146647140      o
    0.73068064222514      0.95475518915515     -1.22383923999268      c
    0.65307933290855      2.84140968895039     -2.07553250907842      h
    2.70308092494268      0.49910269857015     -0.80337434672121      h
   -0.73068047308029      0.95475530680421      1.22383924113720      c
   -0.65307875210282      2.84140977438137      2.07553252953945      h
   -2.70308088512356      0.49910324891296      0.80337437426198      h
    0.38509962867034     -0.85060281366990      2.87677137287167      o
   -0.80950059638150     -1.21601955909155      4.20227525450290      h
  -.39124164175064D-06  0.63633663027751D-06  0.90404518982012D-06
  -.15940029030652D-02  0.18552151074500D-02  -.95139758134444D-03
  0.25413400395475D-02  -.18555150410942D-02  0.15169142407907D-02
  -.27981662395482D-06  -.70714838784625D-06  0.47591351703957D-06
  0.12104952125114D-05  0.37845970507489D-06  0.66423971123442D-06
  -.25413351711840D-02  -.18555185204199D-02  -.15169199168663D-02
  0.27681892345033D-06  -.70962602283231D-06  -.47856075546804D-06
  -.12151692265761D-05  0.37569395572312D-06  -.66393870851167D-06
  0.15940046080232D-02  0.18552112724404D-02  0.95139757266782D-03
  0.39234015103418D-06  0.63338094102861D-06  -.89601140063067D-06
  cycle =     12 MP2 energy =     -229.8401912326 |dE/dxyz| =  0.006178
    0.80951242699817     -1.21603619919865     -4.20227015674949      h
   -0.38510138699838     -0.85059529941725     -2.87678276588774      o
    0.73067576990662      0.95475895171930     -1.22384422141844      c
    0.65308068439175      2.84141676950263     -2.07553543187536      h
    2.70307312615130      0.49909911821247     -0.80338713029598      h
   -0.73067557669748      0.95475914442877      1.22384427498659      c
   -0.65308011398448      2.84141698495767      2.07553540122707      h
   -2.70307303976392      0.49909966194121      0.80338724282999      h
    0.38510125967091     -0.85059531861825      2.87678279870696      o
   -0.80951180638627     -1.21603441427153      4.20227136808148      h
  0.22365021346005D-06  0.96740088606495D-07  0.48851954925766D-07
  -.15937027607187D-02  0.18555033577439D-02  -.95140118529713D-03
  0.25407235233716D-02  -.18556919780979D-02  0.15165401039612D-02
  0.19125399042252D-08  -.59930372664496D-07  0.49497002940768D-07
  0.19249762672757D-06  0.15247556595099D-06  0.15586634827258D-06
  -.25407228294232D-02  -.18556911650669D-02  -.15165403171202D-02
  -.35972635981096D-08  -.58691080884188D-07  -.51839418535593D-07
  -.19271956741562D-06  0.15065568059747D-06  -.15461095514979D-06
  0.15937047116639D-02  0.18555061531487D-02  0.95140353551137D-03
  -.22438881286391D-06  0.92297587350743D-07  -.49902705523408D-07
  cycle =     13 MP2 energy =     -229.8401912326 |dE/dxyz| =  0.006178
    0.80951176035435     -1.21603627494818     -4.20227046190940      h
   -0.38510118886927     -0.85059419185183     -2.87678268190563      o
    0.73067556751797      0.95475950833855     -1.22384411035137      c
    0.65308278615038      2.84141769914935     -2.07553524021247      h
    2.70307180861352      0.49909669413448     -0.80338728810973      h
   -0.73067543575410      0.95475961051870      1.22384410587766      c
   -0.65308220838856      2.84141772658336      2.07553535840679      h
   -2.70307179817391      0.49909725960680      0.80338728909879      h
    0.38510094068364     -0.85059450607902      2.87678246840592      o
   -0.80951088884580     -1.21603412619583      4.20227194030453      h
  0.20265804145936D-07  0.26412091047590D-06  -.17607699032141D-06
  -.15932910922798D-02  0.18553464685205D-02  -.95105020429198D-03
  0.25405804670529D-02  -.18556763048698D-02  0.15166363183816D-02
  0.25331488795466D-07  -.12747047861694D-08  -.43943759742149D-09
  0.77917547969264D-08  0.68726474178327D-07  0.95442215408692D-07
  -.25405782888464D-02  -.18556742396192D-02  -.15166363787971D-02
  -.25912100659609D-07  -.34623917066767D-08  0.23578927699219D-08
  -.83761952929251D-08  0.68521287477363D-07  -.95574992753367D-07
  0.15932825644098D-02  0.18553336970397D-02  0.95104275032387D-03
  -.12751312006287D-07  0.27366350963121D-06  0.18180401140100D-06
$end
