$hessapprox internal
  0.144534626068D-01  0.535226874792D-03  0.618562331195D+00 -0.911055857135D-03
 -0.309069639256D-02  0.367405920117D+00  0.227666965166D-03  0.323211255991D-03
  0.471104986383D-02  0.423156163345D+00 -0.282509956957D-05  0.369344911205D-03
 -0.302164595146D-02  0.162119228147D-02  0.422287423503D+00 -0.460993930210D-03
 -0.132511322387D-02 -0.421647393434D-02  0.339616125600D-02 -0.198940751673D-02
  0.343852533173D+00 -0.932703455479D-03 -0.280368503860D-02 -0.755747466630D-02
  0.635122351075D-02 -0.378852820989D-02 -0.619661303710D-02  0.336681613317D+00
  0.297975059419D-03  0.113677193689D-02  0.501170132921D-03 -0.100698310719D-02
  0.745471041418D-03  0.722363302712D-03  0.122071629138D-02  0.321376606334D+00
  0.360852985490D-03  0.119208736824D-02  0.207173670630D-02 -0.200198585177D-02
  0.125868725955D-02  0.183739828926D-02  0.331215627735D-02 -0.261489008693D-03
  0.345521586701D+00  0.226001320088D-03  0.314874647410D-03  0.472398029088D-02
 -0.308427477902D-02  0.162084760903D-02  0.340246158956D-02  0.636409517345D-02
 -0.101134005725D-02 -0.200707478664D-02  0.423150620597D+00 -0.568629177859D-07
  0.381105589441D-03 -0.302651302809D-02  0.161692451032D-02 -0.735478601896D-03
 -0.198895472365D-02 -0.378910976686D-02  0.748600300386D-03  0.126022328892D-02
  0.161653814273D-02  0.422296695567D+00 -0.467089368862D-03 -0.134749769273D-02
 -0.423362743176D-02  0.342044711337D-02 -0.200633388960D-02 -0.339821147369D-02
 -0.623022443432D-02  0.722366962138D-03  0.184562106814D-02  0.342683569062D-02
 -0.200593449163D-02  0.343813868325D+00 -0.933381605007D-03 -0.280534621965D-02
 -0.756596420775D-02  0.635744112057D-02 -0.379201039035D-02 -0.620308641253D-02
 -0.113305047274D-01  0.122234460901D-02  0.331581142673D-02  0.637032175886D-02
 -0.379258776299D-02 -0.623673904949D-02  0.336657642227D+00  0.299663262047D-03
  0.114236173378D-02  0.510761087278D-03 -0.101629496819D-02  0.751335007153D-03
  0.730892697293D-03  0.123608483985D-02  0.820766726037D-04 -0.265781775092D-03
 -0.102067573913D-02  0.754471608214D-03  0.730934257045D-03  0.123773014111D-02
  0.321374188395D+00  0.344655323598D-03  0.113189834516D-02  0.203175604591D-02
 -0.194044268283D-02  0.121506924889D-02  0.178976078429D-02  0.322985270529D-02
 -0.262865007809D-03 -0.907083952815D-03 -0.194529640736D-02  0.121645477066D-02
  0.179791190032D-02  0.323340470398D-02 -0.267067927740D-03  0.345560511903D+00
  0.135826786363D-03  0.657428615428D-03 -0.876732555375D-03  0.131379893099D-03
  0.712811430574D-04 -0.396996155438D-03 -0.827173587533D-03  0.311337916063D-03
  0.340992871703D-03  0.129252455905D-03  0.744078440338D-04 -0.403195131871D-03
 -0.827701322696D-03  0.312935700568D-03  0.324382232208D-03  0.145181671725D-01
  0.537794731023D-03  0.255139476339D-02 -0.306151274595D-02  0.301250490870D-03
  0.381810592403D-03 -0.130254821725D-02 -0.276203628302D-02  0.113133902452D-02
  0.117948048891D-02  0.292879516635D-03  0.393559984163D-03 -0.132479315063D-02
 -0.276365485946D-02  0.113687025901D-02  0.111963920748D-02  0.659499813651D-03
  0.618575489724D+00 -0.906536315642D-03 -0.307680974929D-02 -0.455347927169D-02
  0.468155035216D-02 -0.300386857773D-02 -0.418801732248D-02 -0.750562004756D-02
  0.495845923967D-03  0.205668195014D-02  0.469441810217D-02 -0.300872916099D-02
 -0.420502135469D-02 -0.751405429036D-02  0.505367042407D-03  0.201706555297D-02
 -0.872665590722D-03 -0.304781808703D-02  0.367474142852D+00  0.933845297944D-03
  0.358906205834D-02  0.136071789427D-02 -0.304370755805D-02  0.228527645526D-02
  0.212590668113D-02  0.356286504924D-02  0.312910874952D-03 -0.732084010658D-03
 -0.305738897372D-02  0.229540644038D-02  0.212474030603D-02  0.356772691177D-02
  0.309562819247D-03 -0.739432482400D-03  0.980889713572D-03  0.357289932468D-02
  0.134526552750D-02  0.495897887199D+00  0.709311240373D-03  0.379536632583D-02
 -0.745277497628D-02  0.222157193328D-02 -0.326139272416D-03 -0.396205187021D-02
 -0.791811125610D-02  0.233685540341D-02  0.297756755994D-02  0.221009434381D-02
 -0.305389050946D-03 -0.401055045539D-02 -0.792417009507D-02  0.235077534055D-02
  0.284925472233D-02  0.953856549914D-03  0.381800999731D-02 -0.741464740495D-02
  0.730248473906D-02  0.388869101580D+00  0.935990040208D-03  0.359344253718D-02
  0.139449781705D-02 -0.306707396924D-02  0.229797327296D-02  0.215093406890D-02
  0.360942560006D-02  0.306046745291D-03 -0.746529755732D-03 -0.308078288475D-02
  0.230807936213D-02  0.214993700425D-02  0.361433385444D-02  0.302631531611D-03
 -0.753451767535D-03  0.982388217719D-03  0.357711654199D-02  0.137882983743D-02
  0.111925142580D-02  0.732234498740D-02  0.495856432902D+00  0.714077876157D-03
  0.380944536012D-02 -0.741217295725D-02  0.218805638363D-02 -0.306296909318D-03
 -0.392908314483D-02 -0.785778955850D-02  0.233012730967D-02  0.295981651068D-02
  0.217651326598D-02 -0.285546760541D-03 -0.397739885321D-02 -0.786378490602D-02
  0.234396486560D-02  0.283195291255D-02  0.958035171856D-03  0.383186803942D-02
 -0.737432202094D-02  0.728277540665D-02  0.473225303114D-02  0.730238941807D-02
  0.388950109403D+00  0.117118326778D-02  0.513398593002D-02 -0.331543216708D-02
 -0.113449544407D-02  0.164587952462D-02 -0.633995532189D-03 -0.181881687925D-02
  0.163467674269D-02  0.117296315650D-02 -0.115229651948D-02  0.166631018702D-02
 -0.663634239097D-03 -0.181849017178D-02  0.164022012913D-02  0.109111799634D-02
  0.135375360161D-02  0.513438027740D-02 -0.330530325477D-02  0.523863944524D-02
  0.865240385187D-02  0.523378958386D-02  0.866060914842D-02  0.413546251142D+00
  0.000000000000D+00  0.000000000000D+00  0.000000000000D+00  0.000000000000D+00
  0.000000000000D+00  0.000000000000D+00  0.000000000000D+00  0.000000000000D+00
  0.000000000000D+00  0.000000000000D+00  0.000000000000D+00  0.000000000000D+00
  0.000000000000D+00  0.000000000000D+00  0.000000000000D+00  0.000000000000D+00
  0.000000000000D+00  0.000000000000D+00  0.000000000000D+00  0.000000000000D+00
  0.000000000000D+00  0.000000000000D+00  0.000000000000D+00  0.000000000000D+00
$end
