$coord
    0.78036335824440     -1.09394046675735     -4.35190810361840  h
   -0.38464757079603     -0.78199505429618     -2.99014884759241  o
    0.77587315776041      0.87567745034906     -1.20647399038798  c
    0.85808634245354      2.79692259556978     -1.98233601618779  h
    2.70057247096354      0.27490994247637     -0.74231387790194  h
   -0.77587296909044      0.87567763685220      1.20647403294154  c
   -0.85808573596211      2.79692281112415      1.98233602986834  h
   -2.70057241623753      0.27491052467881      0.74231394529267  h
    0.38464743579065     -0.78199510659193      2.99014887759273  o
   -0.78036310579913     -1.09393932530739      4.35190874172927  h
$user-defined bonds
$intdef
# definitions of internal coordinates
   1 f  1.0000000000000 tors    2    3    6    9 val=  99.00000
$redundant
     number_of_atoms            10
     degrees_of_freedom         24
     internal_coordinates       25
     frozen_coordinates          1
# definitions of redundant internals
   1 k  1.0000000000000 tors   1    2    3    6 val= 193.28099
   2 k  1.0000000000000 stre   2    1           val=   1.81905
   3 k  1.0000000000000 bend   3    1    2      val= 108.95712
   4 k  1.0000000000000 stre   3    5           val=   2.06902
   5 k  1.0000000000000 stre   3    4           val=   2.07362
   6 k  0.0697250608329 bend   4    5    3      val=   0.80984
       -0.5235321232839 bend   2    5    3
       -0.4921415510782 bend   2    4    3
        0.4796121635729 bend   6    5    3
        0.4988200056503 bend   6    4    3
   7 k  0.0058658393530 bend   4    5    3      val=   0.01927
       -0.5252807039841 bend   2    5    3
        0.5504725272999 bend   2    4    3
       -0.4722174521166 bend   6    5    3
        0.4450128633592 bend   6    4    3
   8 k -0.8909058213442 bend   4    5    3      val=   1.00363
        0.1785898358672 bend   2    5    3
        0.1994016450828 bend   2    4    3
        0.2634251851236 bend   6    5    3
        0.2554185658891 bend   6    4    3
   9 k -0.0099443727387 bend   4    5    3      val=   1.38235
        0.4613184958730 bend   2    5    3
       -0.4559231687868 bend   2    4    3
       -0.5304408009747 bend   6    5    3
        0.5457590820508 bend   6    4    3
  10 k  1.0000000000000 stre   6    8           val=   2.06902
  11 k  1.0000000000000 stre   6    7           val=   2.07362
  12 k  0.0697250687467 bend   7    8    6      val=   0.80984
       -0.5235321185413 bend   9    8    6
       -0.4921415577606 bend   9    7    6
        0.4796121625897 bend   3    8    6
        0.4988200038740 bend   3    7    6
  13 k  0.0058658305980 bend   7    8    6      val=   0.01927
       -0.5252807080227 bend   9    8    6
        0.5504725252303 bend   9    7    6
       -0.4722174471903 bend   3    8    6
        0.4450128664951 bend   3    7    6
  14 k -0.8909058172412 bend   7    8    6      val=   1.00363
        0.1785898423370 bend   9    8    6
        0.1994016373991 bend   9    7    6
        0.2634251939143 bend   3    8    6
        0.2554185726091 bend   3    7    6
  15 k -0.0099443688715 bend   7    8    6      val=   1.38235
        0.4613184957752 bend   9    8    6
       -0.4559231672836 bend   9    7    6
       -0.5304408061507 bend   3    8    6
        0.5457590784291 bend   3    7    6
  16 k  1.0000000000000 tors  10    9    6    3 val= 193.28095
  17 k  1.0000000000000 stre   9   10           val=   1.81905
  18 k  1.0000000000000 bend   6   10    9      val= 108.95712
  19 k  1.0000000000000 tors   2    3    6    9 val=  99.00000
  20 k  1.0000000000000 stre   3    2           val=   2.69744
  21 k  1.0000000000000 bend   6    2    3      val= 108.87214
  22 k  1.0000000000000 stre   6    9           val=   2.69744
  23 k  1.0000000000000 bend   3    9    6      val= 108.87214
  24 k  1.0000000000000 stre   3    6           val=   2.86884
  25 f  1.0000000000000 tors   2    3    6    9 val=  99.00000
        24 non zero eigenvalues  of BmBt
           1           4.151675968    1    0
         1
           2           3.825229884    2    0
         2
           3           3.766312899    3    0
         3
           4           3.012272270    4    0
         4
           5           2.914277079    5    0
         5
           6           2.451706039    6    0
         6
           7           2.086616640    7    0
         7
           8           1.724436941    8    0
         8
           9           1.256317233    9    0
         9
          10           1.228940908   10    0
        10
          11           1.047379506   11    0
        11
          12           0.840119911   12    0
        12
          13           0.770055152   13    0
        13
          14           0.728501404   14    0
        14
          15           0.544926594   15    0
        15
          16           0.498755846   16    0
        16
          17           0.354008713   17    0
        17
          18           0.348176077   18    0
        18
          19           0.280739314   20    0
        20
          20           0.254146370   21    0
        21
          21           0.095776872   22    0
        22
          22           0.082990003   23    0
        23
          23           0.066241356   24    0
        24
          24           0.000000000    0    1
         0.000000000         0.000000000         0.000000000         0.000000000
         0.000000000         0.000000000         0.000000000         0.000000000
         0.000000000         0.000000000         0.000000000         0.000000000
         0.000000000         0.000000000         0.000000000         0.000000000
         0.000000000         0.000000000         0.000000000         0.000000000
         0.000000000         0.000000000         0.000000000         0.000000000
         1.000000000
$end
