$energy      SCF               SCFKIN            SCFPOT
     1 -230.2235808175      229.3192312715     -459.5428120890
     2 -230.2242221435      229.2828712413     -459.5070933847
     3 -230.2243297626      229.2880239437     -459.5123537063
     4 -230.2243588673      229.2927888638     -459.5171477310
     5 -230.2243604208      229.2910427670     -459.5154031877
     6 -230.2243604760      229.2913338496     -459.5156943256
     7 -230.2243604827      229.2913259048     -459.5156863875
     8 -230.2243603934      229.2913213220     -459.5156817154
     9 -230.2243603936      229.2913275765     -459.5156879701
    10 -230.2243603936      229.2913261199     -459.5156865135
    11 -230.2243603936      229.2913181447     -459.5156785383
    12 -230.2243603935      229.2913227353     -459.5156831288
    13 -230.2243603936      229.2913141231     -459.5156745167
$end
