$grad          cartesian gradients
  cycle =      1    SCF energy =     -230.2235808175   |dE/dxyz| =  0.011308
    0.60132462848820     -0.83062936756465     -4.46933255041536      h
   -0.37976745412079     -0.79632616825005     -2.93929113368978      o
    0.79923141914484      0.87418392980841     -1.18795881699999      c
    0.90968241250695      2.80296311663313     -1.93610839658955      h
    2.71859504217873      0.25077108555539     -0.71942825504429      h
   -0.79926585678597      0.87415570863727      1.18795533481393      c
   -0.90982525053428      2.80293456411097      1.93609552603643      h
   -2.71859067216241      0.25063819905225      0.71941423717953      h
    0.37981656506612     -0.79627563983065      2.93930642106433      o
   -0.60155532819588     -0.83100588147662      4.46915827832126      h
  -.65506327242558D-03  0.10218385330992D-02  0.10148876521207D-02
  -.20063545728037D-02  -.98883799365520D-04  0.36327873146823D-02
  0.52287462939974D-02  -.84421917998736D-03  0.17893110884481D-02
  0.66137510550510D-03  0.32758341251026D-03  0.30949317547380D-02
  0.11946072179229D-02  -.40788252041538D-03  -.11076436878467D-02
  -.52291492715025D-02  -.84354712926262D-03  -.17897151452803D-02
  -.66146453405412D-03  0.32768773001884D-03  -.30945222635218D-02
  -.11942921076102D-02  -.40777715848830D-03  0.11073039005813D-02
  0.20072272061639D-02  -.98000984053458D-04  -.36319493822549D-02
  0.65436549174169D-03  0.10212017236162D-02  -.10153936091498D-02
  cycle =      2    SCF energy =     -230.2242221435   |dE/dxyz| =  0.005198
    0.66766368834706     -0.90095305647761     -4.46371406375531      h
   -0.39068585462455     -0.77389846659055     -2.98869099127240      o
    0.77579519240426      0.88462704642687     -1.21020407627681      c
    0.86679535056622      2.81216981958144     -1.96917386332524      h
    2.70329606208059      0.27902907705926     -0.76240725981398      h
   -0.77585861666168      0.88458021736851      1.21019420313056      c
   -0.86693882058375      2.81210581265635      1.96920179159724      h
   -2.70333147667333      0.27891419695075      0.76237562156823      h
    0.39068581382869     -0.77392874827295      2.98865420848461      o
   -0.66777583309799     -0.90123635202663      4.46357507433959      h
  -.21248315144819D-03  0.14327226031439D-03  -.48223858725271D-03
  -.88487088982323D-03  0.67157878563131D-03  -.35516380463372D-03
  0.28312343910661D-02  -.12108687210169D-02  0.49197033892639D-03
  0.70568319114427D-03  0.30300537754225D-03  0.88266286502739D-03
  0.15179667966229D-03  0.91625090475722D-04  -.85303534053342D-03
  -.28316993864354D-02  -.12100003845585D-02  -.49163874896597D-03
  -.70584291718327D-03  0.30326503721337D-03  -.88215492293853D-03
  -.15142326472074D-03  0.91733403238074D-04  0.85264262165339D-03
  0.88557973279221D-03  0.67208591072505D-03  0.35490495400023D-03
  0.21203065127438D-03  0.14297910068956D-03  0.48204669634589D-03
  cycle =      3    SCF energy =     -230.2243297626   |dE/dxyz| =  0.005277
    0.69814815887335     -0.97004684029890     -4.41870303349770      h
   -0.40825146454019     -0.75547813161987     -2.99016603782406      o
    0.76494545561738      0.90040849410073     -1.21479999661100      c
    0.84132511486333      2.82495988297074     -1.98351903891966      h
    2.69581435585977      0.30114457189765     -0.77323985573676      h
   -0.76502067281684      0.90034695036259      1.21478374871694      c
   -0.84146629996141      2.82487076787348      1.98356538301769      h
   -2.69586783487562      0.30103451102999      0.77319684838211      h
    0.40822589603930     -0.75555591893279      2.99010208659036      o
   -0.69820720347355     -0.97027474070818      4.41859054055856      h
  -.32988144373805D-04  0.77084843796234D-04  -.29065743304227D-03
  -.10155401099812D-02  0.17003622969474D-02  -.73796148169621D-03
  0.20726656099996D-02  -.19662471742758D-02  0.99492355199618D-03
  0.21922178765132D-03  0.11219158989497D-03  0.21177155043494D-03
  0.44219364410539D-04  0.77137109300907D-04  -.31489315883593D-03
  -.20727071970802D-02  -.19659139387256D-02  -.99506278175709D-03
  -.21930396554434D-03  0.11215454720058D-03  -.21156066761313D-03
  -.44072638138030D-04  0.77204549019088D-04  0.31464718678608D-03
  0.10156154318841D-02  0.17005758674757D-02  0.73815060664129D-03
  0.32891431545524D-04  0.76915264265489D-04  0.29064424103938D-03
  cycle =      4    SCF energy =     -230.2243588673   |dE/dxyz| =  0.006197
    0.71685101058235     -1.03552202346829     -4.37048820402685      h
   -0.42460477445117     -0.73925422732113     -2.98537823837415      o
    0.75854549648761      0.91725990002422     -1.21694015084426      c
    0.82687637443686      2.83925501430536     -1.99286239787762      h
    2.69064339472146      0.31925786482289     -0.77901339886180      h
   -0.75862914371715      0.91718870775251      1.21691974272246      c
   -0.82701532473842      2.83914958255169      1.99292099776182      h
   -2.69070969325710      0.31915004893480      0.77896598609747      h
    0.42456601438661     -0.73936357019116      2.98529197320204      o
   -0.71687784886553     -1.03571175073543      4.37039433487736      h
  0.55001328997918D-04  0.65852876883023D-04  0.54194533603586D-05
  -.14361303657225D-02  0.21821672528987D-02  -.79313528888281D-03
  0.20838321253280D-02  -.22948682411862D-02  0.14509940214004D-02
  -.10044484619561D-03  0.34276422365160D-04  -.34474047431903D-04
  0.71302988702906D-04  0.13336870447846D-04  0.88554745989106D-04
  -.20836860924565D-02  -.22948759133511D-02  -.14512059481579D-02
  0.10044528623697D-03  0.34146075481809D-04  0.34505580651676D-04
  -.71300696420045D-04  0.13350328528521D-04  -.88632315391910D-04
  0.14358710502653D-02  0.21822221781617D-02  0.79340872142502D-03
  -.54889403457721D-04  0.65839672327015D-04  -.54346781537682D-05
  cycle =      5    SCF energy =     -230.2243604208   |dE/dxyz| =  0.006088
    0.71771055815927     -1.04550775648932     -4.36448740954429      h
   -0.42683372564467     -0.73688912901361     -2.98471526952088      o
    0.75863519468455      0.92066393085432     -1.21746646899962      c
    0.82915118946989      2.84222317060938     -1.99384345277470      h
    2.68992166403623      0.32050458255279     -0.78049496935985      h
   -0.75871983131550      0.92059379705814      1.21744687254304      c
   -0.82929002219033      2.84211982900371      1.99390127820472      h
   -2.68998927621664      0.32039731656778      0.78045072282847      h
    0.42679638606362     -0.73699698645664      2.98462824429091      o
   -0.71773663146091     -1.04569920801108      4.36439109700867      h
  0.81139507706334D-05  0.13243889856422D-04  0.30473238307695D-05
  -.14734258873958D-02  0.19835066984691D-02  -.91210143544156D-03
  0.23557559055134D-02  -.20313607576057D-02  0.13852578966118D-02
  -.15220841407068D-04  0.22512519744181D-04  0.14989697578710D-04
  0.87415306035899D-05  0.12671882810857D-04  0.21808116269976D-04
  -.23557135962202D-02  -.20313200106777D-02  -.13852413582028D-02
  0.15221168861484D-04  0.22532776604462D-04  -.14961369453648D-04
  -.87450882990687D-05  0.12663923314377D-04  -.21849061451786D-04
  0.14733990613116D-02  0.19835391929263D-02  0.91208478535699D-03
  -.81247365211373D-05  0.13250991126730D-04  -.30346613138121D-05
  cycle =      6    SCF energy =     -230.2243604760   |dE/dxyz| =  0.006076
    0.71824227850707     -1.04869478502501     -4.36214528118669      h
   -0.42754804843535     -0.73596331496799     -2.98434906440141      o
    0.75845741551683      0.92169739938444     -1.21751832677767      c
    0.82936942825289      2.84298137045651     -1.99437698538064      h
    2.68959293829136      0.32097469463565     -0.78093924710512      h
   -0.75854170896295      0.92162696351394      1.21749855378275      c
   -0.82950815947836      2.84287779053938      1.99443413625767      h
   -2.68966023862039      0.32086706351583      0.78089527962779      h
    0.42751064263817     -0.73607110339004      2.98426276748651      o
   -0.71826904212377     -1.04888653198724      4.36204881237328      h
  0.52442172395512D-05  0.14174908902501D-05  0.23248638144308D-05
  -.14592745256117D-02  0.19967554483897D-02  -.89478777696562D-03
  0.23505539421809D-02  -.19977573089663D-02  0.14232300826447D-02
  -.67966225612319D-05  -.50117455157681D-07  0.60751186292443D-05
  -.56501378991962D-05  0.23880235493653D-06  0.56532873018369D-05
  -.23504813638017D-02  -.19977867170524D-02  -.14233092349852D-02
  0.67984219188372D-05  -.54456113619700D-07  -.60916288710825D-05
  0.56399674347752D-05  0.23694350382300D-06  -.56569893817998D-05
  0.14592102621015D-02  0.19967487662042D-02  0.89487094539738D-03
  -.52427074814801D-05  0.14171987957017D-05  -.23088034192795D-05
  cycle =      8    SCF energy =     -230.2243603934   |dE/dxyz| =  0.006058
    0.78035792340522     -1.09389597604180     -4.35194267798703      h
   -0.38464481888622     -0.78199399643330     -2.99016483466352      o
    0.77586984265503      0.87566578885126     -1.20649320031943      c
    0.85804990256103      2.79692728354542     -1.98230874006390      h
    2.70055977826140      0.27488612966353     -0.74233472752993      h
   -0.77586969969305      0.87566588653070      1.20649322456356      c
   -0.85804937537545      2.79692740245662      1.98230873829149      h
   -2.70055975139238      0.27488660180877      0.74233472468502      h
    0.38464464708646     -0.78199418151379      2.99016476213319      o
   -0.78035745406109     -1.09389446068649      4.35194354497315      h
  0.73029395533195D-06  0.39165743277558D-06  -.18464752358044D-06
  -.14314816542315D-02  0.19954190449572D-02  -.91902761881687D-03
  0.23085372281968D-02  -.19942567654718D-02  0.14715791311801D-02
  -.18292089726504D-05  -.12384555197585D-06  0.21101925283796D-05
  -.25315290475697D-05  -.91873226429687D-06  0.64986512664285D-07
  -.23085353247730D-02  -.19942655664168D-02  -.14715701373041D-02
  0.18303639186513D-05  -.12482184590140D-06  -.21159391379970D-05
  0.25315102234324D-05  -.91942452161485D-06  -.65534597761441D-07
  0.14314770358701D-02  0.19954169935847D-02  0.91902388259206D-03
  -.72870351555764D-06  0.39500759588368D-06  0.18571347688344D-06
  cycle =      9    SCF energy =     -230.2243603936   |dE/dxyz| =  0.006058
    0.78034774663446     -1.09391351772595     -4.35192853244290      h
   -0.38465182383544     -0.78199539357153     -2.99015291395486      o
    0.77587038590263      0.87567174420967     -1.20648367122037      c
    0.85806111939758      2.79692770469111     -1.98231859162966      h
    2.70056698681967      0.27489859188116     -0.74232309082025      h
   -0.77587021287022      0.87567192794868      1.20648372519241      c
   -0.85806060295979      2.79692796149670      1.98231850695897      h
   -2.70056691980645      0.27489907286098      0.74232317978814      h
    0.38465174835104     -0.78199533321646      2.99015298897311      o
   -0.78034743307251     -1.09391228039343      4.35192921323801      h
  0.16120190575947D-06  0.24081840450558D-06  -.20007276768093D-07
  -.14323040234618D-02  0.19947783598060D-02  -.92003173736871D-03
  0.23061401341585D-02  -.19942432502736D-02  0.14764852377098D-02
  -.11918191891280D-05  0.36762566086336D-06  0.13101837134760D-05
  -.64547809480635D-06  -.63570215489666D-06  0.43678568492929D-06
  -.23061407512774D-02  -.19942486644553D-02  -.14764779489075D-02
  0.11921890659098D-05  0.36924465556679D-06  -.13135134267235D-05
  0.64556452853966D-06  -.63626422231644D-06  -.43712337732875D-06
  0.14323050229364D-02  0.19947804810794D-02  0.92002933031634D-03
  -.16203607712635D-06  0.24063917917478D-06  0.18808406972275D-07
  cycle =     11    SCF energy =     -230.2243603936   |dE/dxyz| =  0.006060
    0.78036027236633     -1.09392925841977     -4.35191749494682      h
   -0.38464455948579     -0.78199866481954     -2.99014996561207      o
    0.77587402891925      0.87567347726204     -1.20647352603317      c
    0.85808297223354      2.79692108243026     -1.98233164340711      h
    2.70057409989727      0.27490786811611     -0.74230951465329      h
   -0.77587386695981      0.87567362565101      1.20647354805653      c
   -0.85808236631704      2.79692122936321      1.98233172069594      h
   -2.70057408016336      0.27490846110410      0.74230953175085      h
    0.38464437557366     -0.78199885492760      2.99014989621421      o
   -0.78035990873674     -1.09392795766230      4.35191823967094      h
  -.23955792293685D-06  0.16781762681834D-06  0.52570609964285D-07
  -.14325493665895D-02  0.19943251703016D-02  -.92147093905389D-03
  0.23040538643339D-02  -.19943869703743D-02  0.14813323508151D-02
  -.26954867677930D-06  0.38790722857029D-06  0.15657585450210D-06
  0.18270320332352D-06  0.13119250756126D-07  0.25250063640899D-06
  -.23040541740271D-02  -.19943865643238D-02  -.14813327545870D-02
  0.26930747414203D-06  0.38804920898847D-06  -.15568533828664D-06
  -.18213393618240D-06  0.13677111490677D-07  -.25293990041658D-06
  0.14325475834216D-02  0.19943213787562D-02  0.92146938418779D-03
  0.24133039133719D-06  0.16973559842358D-06  -.51036804158443D-07
  cycle =     12    SCF energy =     -230.2243603935   |dE/dxyz| =  0.006060
    0.78036331438162     -1.09394086425895     -4.35190813056476      h
   -0.38464736871036     -0.78199527867549     -2.99014866407490      o
    0.77587324843967      0.87567707989921     -1.20647407633403      c
    0.85808421663950      2.79692320754753     -1.98233441311724      h
    2.70057301347082      0.27491029620106     -0.74231314262616      h
   -0.77587304419811      0.87567729132720      1.20647413488099      c
   -0.85808361018570      2.79692347207910      1.98233438477823      h
   -2.70057293971584      0.27491087362305      0.74231324441837      h
    0.38464726742583     -0.78199524241820      2.99014875460681      o
   -0.78036313022013     -1.09393982722699      4.35190869976871      h
  -.71462037849344D-07  0.70437069600793D-07  -.50999115495567D-07
  -.14326817363419D-02  0.19945431394365D-02  -.92115484706843D-03
  0.23041332282221D-02  -.19943584905521D-02  0.14812905041064D-02
  -.17576409931749D-06  0.20189229485491D-06  0.11482692645759D-06
  0.52432446956470D-07  0.49366112686261D-07  0.45738706664060D-07
  -.23041333787758D-02  -.19943589421882D-02  -.14812892463084D-02
  0.17549748415514D-06  0.20243762307425D-06  -.11548535974498D-06
  -.53004734223327D-07  0.48866964625823D-07  -.45694389398354D-07
  0.14326838700612D-02  0.19945448913902D-02  0.92115448174664D-03
  0.70321710464593D-07  0.69436291590623D-07  0.50735431824404D-07
$end
