$hessapprox internal
  0.156635928476D-01  0.244333464943D-02  0.622254865390D+00  0.390556891768D-03
  0.296841935064D-03  0.370578222239D+00  0.822845200642D-03  0.514771250865D-03
 -0.204765180670D-02  0.419753649484D+00 -0.344147477739D-03 -0.801581938759D-03
 -0.114366226277D-02 -0.286568496024D-02  0.420019365611D+00 -0.342560032909D-02
 -0.318585691473D-02  0.496714374999D-02  0.129249271871D-01  0.763042091252D-02
  0.315026147482D+00 -0.174685696141D-02 -0.173528049039D-02  0.215538011577D-02
  0.563381549802D-02  0.343471314321D-02 -0.131539498238D-01  0.340830633428D+00
 -0.257555755528D-02 -0.254773471590D-02  0.321457067843D-02  0.839947557916D-02
  0.510846849206D-02 -0.196332506169D-01 -0.838425284857D-02  0.308023285045D+00
 -0.308895422808D-02 -0.365287257136D-02  0.181773226026D-02  0.490845929498D-02
  0.366398703039D-02 -0.102660063768D-01 -0.415582776149D-02 -0.623220115895D-02
  0.343077422340D+00  0.840959929080D-03  0.538373328114D-03 -0.205087355927D-02
 -0.528075552959D-02 -0.287818180346D-02  0.129366505405D-01  0.563665057791D-02
  0.840396102413D-02  0.489687657240D-02  0.419733916700D+00 -0.337082619362D-03
 -0.793518659296D-03 -0.114881354315D-02 -0.287943074497D-02 -0.122843766873D-02
  0.766037860872D-02  0.344709576069D-02  0.512700657766D-02  0.367060231838D-02
 -0.289190937057D-02  0.420000178856D+00 -0.344876865439D-02 -0.321523311107D-02
  0.497402867077D-02  0.129446344783D-01  0.764974526820D-02 -0.306539883592D-01
 -0.131655797783D-01 -0.196509034394D-01 -0.102590938744D-01  0.129562147762D-01
  0.767970085307D-02  0.314960268803D+00 -0.179147415900D-02 -0.179528651226D-02
  0.215692475774D-02  0.564207207775D-02  0.345776920016D-02 -0.131411716688D-01
 -0.560300187517D-02 -0.836775328619D-02 -0.410903243706D-02  0.564453414772D-02
  0.347005796341D-02 -0.131523611916D-01  0.340854677723D+00 -0.257867949708D-02
 -0.255236057436D-02  0.321322161489D-02  0.839635946428D-02  0.510832057596D-02
 -0.196228590768D-01 -0.837922772578D-02 -0.125124154510D-01 -0.622476178445D-02
  0.840080667898D-02  0.512684092556D-02 -0.196404609980D-01 -0.836263863784D-02
  0.308038161172D+00 -0.312670761513D-02 -0.370291354356D-02  0.182154278904D-02
  0.492179206690D-02  0.368652208047D-02 -0.102715114594D-01 -0.415332816537D-02
 -0.622903142967D-02 -0.161784851277D-02  0.490991455811D-02  0.369307714168D-02
 -0.102642607858D-01 -0.410571695085D-02 -0.622151448553D-02  0.343142958303D+00
  0.183808411019D-02  0.260414290283D-02  0.386980212074D-03  0.802157079464D-03
 -0.405196685148D-03 -0.346344973333D-02 -0.177931628082D-02 -0.262213683894D-02
 -0.321582837778D-02  0.821275057331D-03 -0.397876284665D-03 -0.348780485446D-02
 -0.182662722775D-02 -0.262549804795D-02 -0.325577386735D-02  0.159097169009D-01
  0.247081325527D-02  0.343321506577D-02  0.290397770481D-03  0.495761911158D-03
 -0.822420563100D-03 -0.315792510696D-02 -0.172647170600D-02 -0.253421899070D-02
 -0.366599213470D-02  0.519547990045D-03 -0.814341583334D-03 -0.318749684677D-02
 -0.178702291730D-02 -0.253890397117D-02 -0.371645839002D-02  0.263308909685D-02
  0.622325810451D+00  0.353616334111D-03  0.247493813341D-03 -0.790350323883D-03
 -0.203793149342D-02 -0.112319791224D-02  0.497030731337D-02  0.216162408634D-02
  0.322332679450D-02  0.185322393908D-02 -0.204145260568D-02 -0.112841817754D-02
  0.497754120489D-02  0.216398443917D-02  0.322205267871D-02  0.185769398742D-02
  0.347849031946D-03  0.240614639852D-03  0.370583716779D+00 -0.483860706149D-02
 -0.627004399013D-02  0.977514845932D-03  0.294874843658D-02  0.347937867334D-02
 -0.389371145858D-02 -0.109590844718D-02 -0.170224938780D-02  0.275954943375D-02
  0.291503951704D-02  0.347540903296D-02 -0.385711205914D-02 -0.997824291141D-03
 -0.169195287997D-02  0.283664565364D-02 -0.510250815350D-02 -0.631750902119D-02
  0.105604211842D-02  0.496446925026D+00 -0.235962090178D-02 -0.330687386674D-02
 -0.373400516045D-03 -0.716990944373D-03  0.669292466323D-03  0.364198823024D-02
  0.192694092812D-02  0.283429605058D-02  0.377561912145D-02 -0.740506347875D-03
  0.660840683447D-03  0.367155331098D-02  0.198604053833D-02  0.283870048912D-02
  0.382516457555D-02 -0.251794200189D-02 -0.334225728325D-02 -0.324679481504D-03
  0.625957404441D-02  0.384097278822D+00 -0.486758916902D-02 -0.630769398033D-02
  0.983049540921D-03  0.296559856337D-02  0.349983208778D-02 -0.391494563681D-02
 -0.110154503193D-02 -0.171106440530D-02  0.277699425651D-02  0.293168506832D-02
  0.349583621446D-02 -0.387812259980D-02 -0.100286912862D-02 -0.170070645629D-02
  0.285455676755D-02 -0.513308213128D-02 -0.635544792730D-02  0.106205110249D-02
  0.878141529671D-02  0.629712658289D-02  0.496553319938D+00 -0.234513009559D-02
 -0.328596776366D-02 -0.369067134571D-03 -0.707415733793D-03  0.667648220941D-03
  0.360632405990D-02  0.190919989064D-02  0.280809544969D-02  0.374660064689D-02
 -0.730769741081D-03  0.659263980245D-03  0.363567945603D-02  0.196790951871D-02
  0.281247432023D-02  0.379581315818D-02 -0.250240781809D-02 -0.332110451731D-02
 -0.320670326391D-03  0.621632563057D-02  0.318950502092D-02  0.625361949944D-02
  0.384057225017D+00  0.266626425611D-02  0.340913213276D-02 -0.695270895063D-03
 -0.202191052764D-02 -0.210657715211D-02  0.316642239573D-02  0.105737009583D-02
  0.161313578110D-02 -0.107294258573D-02 -0.200463938530D-02 -0.210559020915D-02
  0.314841336886D-02  0.100539772434D-02  0.160734835666D-02 -0.111322431842D-02
  0.280622601723D-02  0.343303283316D-02 -0.736621660044D-03 -0.444064432121D-02
 -0.342034508723D-02 -0.446771563562D-02 -0.339632865160D-02  0.392450429687D+00
  0.000000000000D+00  0.000000000000D+00  0.000000000000D+00  0.000000000000D+00
  0.000000000000D+00  0.000000000000D+00  0.000000000000D+00  0.000000000000D+00
  0.000000000000D+00  0.000000000000D+00  0.000000000000D+00  0.000000000000D+00
  0.000000000000D+00  0.000000000000D+00  0.000000000000D+00  0.000000000000D+00
  0.000000000000D+00  0.000000000000D+00  0.000000000000D+00  0.000000000000D+00
  0.000000000000D+00  0.000000000000D+00  0.000000000000D+00  0.000000000000D+00
$end
