$energy      SCF               SCFKIN            SCFPOT
     1 -230.2271344332      229.2915769202     -459.5187113535
     2 -230.2271344345      229.2915894556     -459.5187238901
     3 -230.2271344348      229.2915864973     -459.5187209321
     4 -230.2271344349      229.2915850784     -459.5187195132
     5 -230.2271344350      229.2915737560     -459.5187081909
     6 -230.2271344350      229.2915973847     -459.5187318197
     7 -230.2271344350      229.2915991917     -459.5187336266
     8 -230.2271344350      229.2916034903     -459.5187379253
     9 -230.2271344350      229.2915954817     -459.5187299167
$end
