$grad          cartesian gradients
  cycle =      1    SCF energy =     -230.2271344332   |dE/dxyz| =  0.000011
    0.82727277429769     -0.00009717329333     -4.74957811021295      h
   -0.37028086847347     -0.00000972838619     -3.38187551608812      o
    0.97407874486285     -0.00001173565994     -1.04938662128388      c
    2.17478648277088      1.67831298217712     -0.86596514890999      h
    2.17499887800359     -1.67819704709767     -0.86606702717645      h
   -0.97407776904990      0.00002244271171      1.04938630470777      c
   -2.17475743072998      1.67836888474816      0.86595629319865      h
   -2.17502485600824     -1.67814155906170      0.86607163172870      h
    0.37028010867349      0.00002043546303      3.38187612705950      o
   -0.82727541607096     -0.00054362689348      4.74957643586607      h
  0.10521243436107D-05  -.51197233881844D-06  -.47848858241148D-06
  -.65046167422595D-06  0.87574502249288D-06  -.21706020364317D-05
  -.13140727584831D-05  -.32389591052757D-05  0.14513681719283D-05
  -.31936673613604D-05  0.76512559184409D-06  0.28676209240349D-05
  0.42964355475620D-05  0.11017415640960D-05  -.20925158331938D-05
  0.12258190995205D-05  -.23164944903683D-05  -.12671510311363D-05
  0.26544488825932D-05  0.12344186636941D-05  -.25225977362517D-05
  -.37058261696159D-05  0.15170166272326D-05  0.16048608660378D-05
  0.60578578667324D-06  0.18114909065842D-05  0.23629936343896D-05
  -.97052630289634D-06  -.12352244426698D-05  0.24449039119535D-06
  cycle =      2    SCF energy =     -230.2271344345   |dE/dxyz| =  0.000005
    0.82726840148463      0.00003073867496     -4.74956866068802      h
   -0.37028100637070      0.00000008608096     -3.38186394075445      o
    0.97408224865952     -0.00002145534852     -1.04938335760796      c
    2.17485394460679      1.67826092590905     -0.86596476366908      h
    2.17493189579223     -1.67825304638514     -0.86606114460118      h
   -0.97408158872829     -0.00000625283398      1.04938263076904      c
   -2.17482253637948      1.67830067924291      0.86598154397265      h
   -2.17496122899433     -1.67821353844156      0.86604082376069      h
    0.37028056268307     -0.00002779425314      3.38186381847318      o
   -0.82727004447749     -0.00034646793782      4.74956741923443      h
  0.77722861672269D-06  0.25257663898389D-06  0.26050201872884D-06
  -.16249352525685D-06  -.78662540348645D-06  -.34123917011428D-06
  0.71436269698265D-07  -.16685675406427D-05  0.94477036238948D-06
  -.88167547817965D-06  0.69444737299397D-06  0.21376411490048D-05
  0.14577512670294D-05  0.92166507966704D-06  -.17452352727907D-05
  -.93283978829970D-07  -.74575412717222D-06  -.79312873805080D-06
  0.69731123932901D-06  0.82117250529045D-06  -.17910035823237D-05
  -.12583732054264D-05  0.10115798081048D-05  0.13047630932114D-05
  0.18659694184884D-06  -.80668815482180D-06  0.35434608266446D-06
  -.79446702533595D-06  0.30737129106115D-06  -.33144442214775D-06
  cycle =      4    SCF energy =     -230.2271344349   |dE/dxyz| =  0.000003
    0.82726506809738     -0.00003028981493     -4.74956928017730      h
   -0.37028129671341     -0.00000453862348     -3.38186222357012      o
    0.97408219038893     -0.00000630868686     -1.04938396949541      c
    2.17489655886639      1.67824919297158     -0.86599941886541      h
    2.17488571095710     -1.67826697933442     -0.86602703399491      h
   -0.97408198711427      0.00001761531799      1.04938379828128      c
   -2.17486901673459      1.67829133825449      0.86598986473731      h
   -2.17491237900210     -1.67822492194774      0.86603578721805      h
    0.37028111669809      0.00001584525905      3.38186239706768      o
   -0.82726550707735     -0.00033254097581      4.74956936739220      h
  0.62110062212892D-06  -.17498179121201D-06  0.32188090928708D-06
  0.28936468109839D-06  -.10414485022180D-05  0.70373453891909D-09
  0.35956545482670D-06  0.63660946271065D-07  0.47741301865576D-06
  0.17803783023904D-06  0.40851114911532D-06  0.11515355405325D-05
  0.68668517397583D-07  0.53849154265181D-06  -.85797574720193D-06
  -.27187416937980D-06  0.21190543346644D-06  -.29783106371603D-06
  -.51252114855469D-07  0.33489497019591D-06  -.12658310897132D-05
  -.25266276444196D-06  0.42806631397567D-06  0.89059332845549D-06
  -.26738469633729D-06  -.18983463658677D-06  -.70835488593378D-07
  -.67355325693319D-06  -.57700878238865D-06  -.34965119115405D-06
  cycle =      5    SCF energy =     -230.2271344350   |dE/dxyz| =  0.000002
    0.82726560507778      0.00000727123490     -4.74957159135193      h
   -0.37028064042066      0.00000284101795     -3.38186411878396      o
    0.97408159760504     -0.00001463316775     -1.04938472490495      c
    2.17489921549759      1.67823685136270     -0.86599669582571      h
    2.17488172582192     -1.67827950104831     -0.86602906173591      h
   -0.97408184080155     -0.00000288680212      1.04938430525790      c
   -2.17487310579541      1.67826886191819      0.86600875950273      h
   -2.17490767377076     -1.67824760400852      0.86601662184806      h
    0.37028068428872     -0.00002036099135      3.38186389182724      o
   -0.82726510913650     -0.00024242709581      4.74957190275990      h
  0.58606348908986D-06  0.46540792698141D-07  0.18514488436729D-06
  0.34151928499027D-06  -.67267744291786D-06  -.29139315386293D-06
  0.28843362975273D-06  -.63942235844178D-07  0.48049587289735D-06
  0.57019269455870D-07  0.15157462474145D-06  0.82626921893932D-06
  0.13457603962274D-06  0.30098542795887D-06  -.44245057248207D-06
  -.13262658126091D-06  0.33581783342576D-06  -.19110595006577D-06
  -.16556744310875D-06  0.20573606214664D-06  -.73415152682849D-06
  -.14780640935648D-06  0.29687516290051D-06  0.22889130440576D-06
  -.33971924332232D-06  -.74886886710962D-06  0.21326860187337D-06
  -.62189154627785D-06  0.14927948463480D-06  -.27494921998967D-06
  cycle =      7    SCF energy =     -230.2271344350   |dE/dxyz| =  0.000002
    0.82726515372248     -0.00001099759909     -4.74957185747322      h
   -0.37028077814680     -0.00000327117789     -3.38186391698900      o
    0.97408123316724     -0.00000439784733     -1.04938479115089      c
    2.17489681463812      1.67824946683457     -0.86601093841995      h
    2.17488320558775     -1.67826735496240     -0.86601348837330      h
   -0.97408190164077      0.00001196875824      1.04938459951078      c
   -2.17488031341556      1.67827739037412      0.86600534359336      h
   -2.17489996217462     -1.67823959039173      0.86602048057176      h
    0.37028118243087      0.00001084208331      3.38186388310519      o
   -0.82726334986640     -0.00021930274991      4.74957328155318      h
  0.77349730178947D-06  -.51047003750225D-07  -.50477602315839D-07
  0.29801736191124D-06  -.44132447765813D-06  0.13725200834722D-06
  -.27852957013133D-06  0.20032106730789D-06  0.43512011878872D-07
  0.97108312782998D-07  0.18985459937938D-06  0.58884007967034D-06
  0.28346196798564D-06  -.74938369719653D-07  0.19507518123855D-07
  0.39636339699217D-07  0.32863823436340D-06  -.37085922563400D-06
  -.32348216529075D-07  0.12648270343849D-06  -.59091584466226D-06
  -.16408588542325D-06  -.19428510502793D-07  0.62130820526405D-07
  -.24185800197678D-06  0.99624061256327D-07  -.58454499024405D-07
  -.77492061586477D-06  -.35667398418225D-06  0.21950857362290D-06
  cycle =      8    SCF energy =     -230.2271344350   |dE/dxyz| =  0.000001
    0.82726437289135      0.00000491141439     -4.74957152783945      h
   -0.37028076040159      0.00000380127789     -3.38186339169419      o
    0.97408184156429     -0.00000806977617     -1.04938447843045      c
    2.17489869707328      1.67824386063144     -0.86600582680850      h
    2.17488206560529     -1.67827242020566     -0.86601835553524      h
   -0.97408203319758     -0.00000056378744      1.04938471122807      c
   -2.17488222370802      1.67826438912040      0.86601526154330      h
   -2.17489844840069     -1.67825215920046      0.86601052490043      h
    0.37028113490582     -0.00001243484592      3.38186350729528      o
   -0.82726336202984     -0.00016656130659      4.74957217126865      h
  0.64991877984012D-06  0.25488541514822D-08  0.89064845644883D-07
  0.38876077470391D-06  -.29890103761372D-06  0.46303304580729D-07
  -.27223488373285D-07  -.10187274453461D-07  0.32912864274155D-07
  0.11530807916901D-06  0.10756888116596D-06  0.50227166260248D-06
  0.17861413726067D-06  0.13243574524119D-07  0.87728812116723D-07
  -.11702222381630D-06  0.30448440140524D-06  -.25700871391882D-06
  -.11615743306700D-06  0.10324002160855D-06  -.35076872604669D-06
  -.54698734833254D-07  0.45808918652640D-07  -.15147209477450D-06
  -.39576710676351D-06  -.34142521428868D-06  0.19864875292849D-07
  -.62174429351424D-06  0.74602234198683D-07  -.18879234831009D-07
$end
