$hessapprox internal
  0.142723127531D-01  0.612421582483D-04  0.619615686625D+00  0.414222510749D-04
  0.399098479278D-03  0.372059847070D+00  0.639876098519D-04 -0.289558558968D-03
  0.245325927724D-03  0.422676080840D+00 -0.537214290224D-04 -0.843421986362D-03
  0.293799550414D-03 -0.491743667626D-03  0.422058116002D+00  0.279050348516D-04
  0.283732220770D-03 -0.816038817422D-04  0.173191309030D-03  0.213443875545D-03
  0.346090137402D+00  0.184365748454D-03  0.110203929720D-02 -0.183800507294D-03
  0.732697164023D-03  0.603952412846D-03 -0.140506301001D-03  0.346992704475D+00
 -0.183497751332D-04  0.120903669316D-05 -0.327141503990D-04 -0.138482319063D-04
  0.556204574924D-04 -0.226407429086D-04 -0.118304027287D-03  0.320815700043D+00
 -0.246924574428D-03 -0.376317379676D-02  0.129820075459D-02 -0.219976883728D-02
 -0.319584443054D-02  0.943578043564D-03  0.264862723739D-02  0.251056686901D-03
  0.331060240997D+00  0.933813747029D-04  0.311766863078D-03  0.202485721558D-04
  0.239838209941D-03  0.487367552605D-04  0.102180223130D-04  0.245334667720D-03
 -0.499434965966D-04  0.197882758110D-03  0.422961230263D+00 -0.598504100221D-04
 -0.573657986842D-03  0.158975883705D-03 -0.352873087809D-03 -0.421382508673D-03
  0.116919556928D-03  0.262211803149D-03  0.471469880457D-04 -0.186185771445D-02
 -0.299459376465D-04  0.422551552961D+00 -0.437869190988D-04 -0.250759114512D-03
  0.386042848141D-04 -0.168168800436D-03 -0.131984577896D-03  0.297453740233D-04
  0.229097642123D-05  0.276528344086D-04 -0.578110992391D-03 -0.607933976228D-04
 -0.550261195694D-04  0.346152238270D+00 -0.224477488236D-03  0.359577609288D-03
 -0.558791367239D-03  0.142691980534D-04  0.104024613551D-02 -0.390843530833D-03
 -0.183409963543D-02  0.751528810248D-04  0.467143758902D-02 -0.690334427938D-03
  0.804490423454D-03  0.424970118003D-03  0.347639647375D+00  0.291655201822D-04
  0.458936798371D-03 -0.159983248658D-03  0.267523398174D-03  0.392556911277D-03
 -0.116222964836D-03 -0.329055031873D-03 -0.302386406784D-04  0.173986254236D-02
 -0.266988386956D-04  0.229457063809D-03  0.719164244602D-04 -0.565760355411D-03
  0.320594761087D+00  0.145562924348D-03 -0.238123355277D-02  0.135038893244D-02
 -0.115358948871D-02 -0.291631374322D-02  0.962888927079D-03  0.359948598454D-02
  0.382434537551D-04 -0.129986200768D-01  0.942088943716D-03 -0.194045382560D-02
 -0.815636376503D-03  0.170061431677D-02  0.158699565306D-02  0.336439645490D+00
  0.473615014453D-03 -0.668009048702D-03  0.113727395709D-02  0.181847105856D-04
 -0.210016705813D-02  0.794684902620D-03  0.376797679159D-02 -0.162232084939D-03
 -0.943535097633D-02  0.143564052104D-02 -0.163748627932D-02 -0.873834931805D-03
 -0.132302415336D-02  0.114218348530D-02 -0.326394306288D-02  0.171978965460D-01
  0.854370543123D-04 -0.101609112839D-02  0.617097341781D-03 -0.473824691246D-03
 -0.131350881552D-02  0.439143146954D-03  0.168457974953D-02  0.699726601775D-05
 -0.585859674359D-02  0.465125696177D-03 -0.886919946317D-03 -0.382801321127D-03
  0.628651212281D-03  0.714746657264D-03 -0.379092749262D-02 -0.118358981990D-02
  0.618625696690D+00 -0.291490064467D-05 -0.518314883274D-03  0.233299509573D-03
 -0.278423567980D-03 -0.532288930722D-03  0.167651785870D-03  0.562979539329D-03
  0.221518394794D-04 -0.236656968160D-02  0.111415943361D-03 -0.334980458764D-03
 -0.125969615119D-03  0.514077687275D-03  0.289714836613D-03 -0.184782531621D-02
 -0.102071933351D-02 -0.815555099703D-03  0.371808670286D+00  0.678929289985D-04
  0.467421019678D-03 -0.960158186998D-04  0.302629397910D-03  0.286686600370D-03
 -0.720842706826D-04 -0.917554880256D-04 -0.460595775548D-04  0.126122347163D-02
  0.761672405473D-04  0.137241942005D-03  0.163294364622D-04 -0.735058906365D-03
 -0.156160869325D-03  0.154574084379D-02  0.150575263532D-02  0.717360788678D-03
  0.250743878516D-03  0.492678293384D+00  0.457247898724D-04 -0.484440640956D-03
  0.302959662775D-03 -0.221963023624D-03 -0.641025470580D-03  0.215419365560D-03
  0.834964430588D-03  0.134140201783D-05 -0.285995677432D-02  0.235266184496D-03
 -0.435462413601D-03 -0.189946534255D-03  0.278961608004D-03  0.348806959737D-03
 -0.181662255423D-02 -0.519541348206D-03 -0.775701953672D-03 -0.394624652028D-03
  0.354379645920D-03  0.381871481321D+00  0.373573079842D-04 -0.550752104428D-03
  0.318796729720D-03 -0.263897557323D-03 -0.685441945529D-03  0.227178110014D-03
  0.856038916855D-03  0.737045876641D-05 -0.305579303313D-02  0.227882422193D-03
 -0.458125782500D-03 -0.194147417362D-03  0.377983417235D-03  0.372997047015D-03
 -0.203824871939D-02 -0.721820160095D-03 -0.877822436446D-03 -0.431664337444D-03
  0.366654077799D-03 -0.420248646008D-03  0.492269390584D+00  0.793846074359D-04
 -0.194140764633D-03  0.228420147511D-03 -0.407279097845D-04 -0.437775207939D-03
  0.160339908332D-03  0.723765719380D-03 -0.238651678254D-04 -0.196287308539D-02
  0.259548269138D-03 -0.328740578409D-03 -0.167126968531D-03 -0.142178608987D-03
  0.238121431794D-03 -0.840889283096D-03  0.339352203582D-03 -0.327811762021D-03
 -0.229022248088D-03  0.293282962995D-03 -0.149656378578D-03 -0.189583010498D-03
  0.382262525185D+00  0.635849450760D-05  0.546218622262D-03 -0.240099408149D-03
  0.296008390554D-03  0.551208665884D-03 -0.172693690983D-03 -0.572341102603D-03
 -0.246579116101D-04  0.245001286600D-02 -0.108518432095D-03  0.344712728637D-03
  0.127852737167D-03 -0.555423830575D-03 -0.300018673828D-03  0.194122831699D-02
  0.110514355028D-02  0.858548696441D-03  0.377725127742D-03 -0.256100745421D-03
  0.415794107624D-03  0.453763834753D-03  0.245720384684D-03  0.393839592188D+00
  0.000000000000D+00  0.000000000000D+00  0.000000000000D+00  0.000000000000D+00
  0.000000000000D+00  0.000000000000D+00  0.000000000000D+00  0.000000000000D+00
  0.000000000000D+00  0.000000000000D+00  0.000000000000D+00  0.000000000000D+00
  0.000000000000D+00  0.000000000000D+00  0.000000000000D+00  0.000000000000D+00
  0.000000000000D+00  0.000000000000D+00  0.000000000000D+00  0.000000000000D+00
  0.000000000000D+00  0.000000000000D+00  0.000000000000D+00  0.000000000000D+00
$end
