$coord
    0.76186562650566     -0.73060201337694     -4.53926932526634  h
   -0.38512214980088     -0.63469074863343     -3.12605935360081  o
    0.86208909469035      0.70388373783374     -1.14863471329471  c
    1.28643114199233      2.63672572390364     -1.75117111700932  h
    2.62981653794274     -0.22132964319440     -0.60816960313729  h
   -0.86201006862305      0.70398332112587      1.14863684534895  c
   -1.28614853936993      2.63687668090793      1.75115435395915  h
   -2.62983403274586     -0.22104912562289      0.60818131548124  h
    0.38506569920068     -0.63469507265042      3.12607602036257  o
   -0.76198260387177     -0.73059568634753      4.53923792767700  h
$intdef
# definitions of internal coordinates
   1 f  1.0000000000000 tors    2    3    6    9 val= 117.00000
$user-defined bonds
$redundant
     number_of_atoms            10
     degrees_of_freedom         24
     internal_coordinates       25
     frozen_coordinates          1
# definitions of redundant internals
   1 k  1.0000000000000 tors   1    2    3    6 val= 183.89069
   2 k  1.0000000000000 stre   2    1           val=   1.82262
   3 k  1.0000000000000 bend   3    1    2      val= 107.69427
   4 k  1.0000000000000 stre   3    5           val=   2.06712
   5 k  1.0000000000000 stre   3    4           val=   2.06857
   6 k  0.0657121718635 bend   4    5    3      val=   0.69527
       -0.5203255490200 bend   2    5    3
       -0.4959173058641 bend   2    4    3
        0.4676168972049 bend   6    5    3
        0.5102388623958 bend   6    4    3
   7 k  0.0207865904514 bend   4    5    3      val=   0.61652
        0.5205662293982 bend   2    5    3
       -0.5527783664374 bend   2    4    3
        0.4749402108374 bend   6    5    3
       -0.4443496283289 bend   6    4    3
   8 k -0.8887057479575 bend   4    5    3      val=   1.66921
        0.1937694359883 bend   2    5    3
        0.1909949814050 bend   2    4    3
        0.2769626536170 bend   6    5    3
        0.2438608308106 bend   6    4    3
   9 k -0.0129031292963 bend   4    5    3      val=   1.82331
        0.4718273701137 bend   2    5    3
       -0.4485695724594 bend   2    4    3
       -0.5356059887214 bend   6    5    3
        0.5377025251710 bend   6    4    3
  10 k  1.0000000000000 stre   6    8           val=   2.06712
  11 k  1.0000000000000 stre   6    7           val=   2.06857
  12 k  0.0657121578511 bend   7    8    6      val=   0.69525
       -0.5203253850282 bend   9    8    6
       -0.4959174579950 bend   9    7    6
        0.4676172285121 bend   3    8    6
        0.5102385799410 bend   3    7    6
  13 k  0.0207862710604 bend   7    8    6      val=   0.61663
        0.5205664761809 bend   9    8    6
       -0.5527781547696 bend   9    7    6
        0.4749400102373 bend   3    8    6
       -0.4443498318862 bend   3    7    6
  14 k -0.8887058239523 bend   7    8    6      val=   1.66918
        0.1937693390258 bend   9    8    6
        0.1909949990285 bend   9    7    6
        0.2769623473141 bend   3    8    6
        0.2438609649844 bend   3    7    6
  15 k -0.0129029874798 bend   7    8    6      val=   1.82334
        0.4718271944940 bend   9    8    6
       -0.4485697187766 bend   9    7    6
       -0.5356059967307 bend   3    8    6
        0.5377025526374 bend   3    7    6
  16 k  1.0000000000000 tors  10    9    6    3 val= 183.89530
  17 k  1.0000000000000 stre   9   10           val=   1.82262
  18 k  1.0000000000000 bend   6   10    9      val= 107.69428
  19 k  1.0000000000000 tors   2    3    6    9 val= 117.00000
  20 k  1.0000000000000 stre   3    2           val=   2.69398
  21 k  1.0000000000000 bend   6    2    3      val= 108.01067
  22 k  1.0000000000000 stre   6    9           val=   2.69398
  23 k  1.0000000000000 bend   3    9    6      val= 108.01067
  24 k  1.0000000000000 stre   3    6           val=   2.87228
  25 f  1.0000000000000 tors   2    3    6    9 val= 117.00000
        24 non zero eigenvalues  of BmBt
           1           3.947353922    1    0
         1
           2           3.894823616    2    0
         2
           3           3.773397063    3    0
         3
           4           3.000681197    4    0
         4
           5           2.956099975    5    0
         5
           6           2.455311225    6    0
         6
           7           2.114137739    7    0
         7
           8           1.716039131    8    0
         8
           9           1.247987483    9    0
         9
          10           1.205563296   10    0
        10
          11           1.040840890   11    0
        11
          12           0.840602666   12    0
        12
          13           0.771511827   13    0
        13
          14           0.737766661   14    0
        14
          15           0.536988457   15    0
        15
          16           0.489552046   16    0
        16
          17           0.351492790   17    0
        17
          18           0.341663840   18    0
        18
          19           0.280152767   20    0
        20
          20           0.255509705   21    0
        21
          21           0.100377875   22    0
        22
          22           0.081674570   23    0
        23
          23           0.067070097   24    0
        24
          24           0.000000000    0    1
         0.000000000         0.000000000         0.000000000         0.000000000
         0.000000000         0.000000000         0.000000000         0.000000000
         0.000000000         0.000000000         0.000000000         0.000000000
         0.000000000         0.000000000         0.000000000         0.000000000
         0.000000000         0.000000000         0.000000000         0.000000000
         0.000000000         0.000000000         0.000000000         0.000000000
         1.000000000
$end
