$energy      SCF               SCFKIN            SCFPOT            MP2
     1 -229.0237358683      228.796018     -457.819754     -.8131085174052
     2 -229.0242332852      228.781772     -457.806005     -.8130284171664
     3 -229.0242385330      228.788040     -457.812279     -.8131289211889
     4 -229.0241169869      228.787045     -457.811162     -.8132643221244
     5 -229.0240868515      228.785581     -457.809667     -.8132949540627
     6 -229.0240802544      228.785275     -457.809355     -.8133016659560
     7 -229.0240802543      228.785273     -457.809353     -.8133016607659
     8 -229.0240806638      228.785318     -457.809399     -.8133012783858
     9 -229.0240807346      228.785368     -457.809449     -.8133012371408
    10 -229.0240807348      228.785367     -457.809448     -.8133012214806
    11 -229.0240803581      228.785322     -457.809402     -.8133015826899
    12 -229.0240802202      228.785317     -457.809398     -.8133017140943
$end
