$grad          cartesian gradients
  cycle =      1 MP2 energy =     -229.8368443857 |dE/dxyz| =  0.009804
    0.68993020377477     -0.66789534608344     -4.57019047857364      h
   -0.38163999491796     -0.64033067897598     -3.10196518391083      o
    0.87356781723406      0.70239352222302     -1.13495178300242      c
    1.27559623120127      2.65799487766118     -1.68824830379661      h
    2.66306909352607     -0.20527067816235     -0.61924595835322      h
   -0.87216057092837      0.70414150488159      1.13494402597523      c
   -1.27031517583783      2.66052506078883      1.68822188526233      h
   -2.66346326662902     -0.19998499202819      0.61921801439272      h
    0.38039041996110     -0.64100095961755      3.10199719409653      o
   -0.69175171395058     -0.66745070267965      4.56982918093186      h
  -.25902357928700D-02  -.52386081242295D-03  0.12043180756423D-02
  0.12426885238410D-02  -.32906809352884D-03  -.73564499317946D-04
  0.10644996220246D-02  -.66762968211709D-03  0.37638475207260D-02
  -.15703250461452D-03  0.17253074233734D-02  0.33876841550096D-02
  0.25420007415744D-02  -.20829663790822D-03  -.11235862207697D-02
  -.10637951198058D-02  -.65790268487298D-03  -.37619882472331D-02
  0.16277599124570D-03  0.17196430112207D-02  -.33875856377306D-02
  -.25476628286154D-02  -.20441363529389D-03  0.11210365168918D-02
  -.12403599645054D-02  -.32346123919780D-03  0.73338330690120D-04
  0.25871213322775D-02  -.53031771865780D-03  -.12034999953676D-02
  cycle =      2 MP2 energy =     -229.8372617024 |dE/dxyz| =  0.004434
    0.72005442431507     -0.67777014319003     -4.57497300191984      h
   -0.38463740331632     -0.62885054026250     -3.12701155725014      o
    0.86224420489191      0.70678506370692     -1.15053163653683      c
    1.27352332958545      2.65195260145538     -1.72717749220691      h
    2.64423547830091     -0.20516644816701     -0.63543569279887      h
   -0.86088428613629      0.70844412868496      1.15050419491151      c
   -1.26827981867347      2.65438885217005      1.72727871522126      h
   -2.64468986644944     -0.19990788128166      0.63532244308679      h
    0.38331413721106     -0.62979450806438      3.12691291790132      o
   -0.72165715629537     -0.67695951704427      4.57471970261367      h
  -.95280475586157D-03  -.46892539672866D-03  -.49674638176045D-03
  0.13518042339307D-02  0.52483551966276D-03  -.15103459401988D-03
  0.52888032899823D-03  -.11009809907114D-02  0.77814534086496D-03
  0.14447441016352D-03  0.69939999338287D-03  0.13671803465083D-02
  0.54587867793909D-03  0.34269152441735D-03  -.12030221941557D-02
  -.53128594572049D-03  -.10972617238454D-02  -.77764233915412D-03
  -.14296039460926D-03  0.69888146868369D-03  -.13661983306532D-02
  -.54551467061836D-03  0.34388182244816D-03  0.12016556352061D-02
  -.13495584414374D-02  0.52906867925273D-03  0.15126673490418D-03
  0.95108655779308D-03  -.47159090033794D-03  0.49639578208893D-03
  cycle =      3 MP2 energy =     -229.8373674542 |dE/dxyz| =  0.002764
    0.73290851400613     -0.69866817607192     -4.55531867521615      h
   -0.39676640842065     -0.61836746871381     -3.12685655430345      o
    0.85625961436690      0.71609991303292     -1.15456909009923      c
    1.27473057468875      2.65226556536798     -1.75148876329870      h
    2.63025732805542     -0.20432183947019     -0.63043887456938      h
   -0.85491269723616      0.71770324276063      1.15452758744712      c
   -1.26949335994619      2.65464359293442      1.75165704644303      h
   -2.63075185273070     -0.19908844518636      0.63028125397580      h
    0.39541113890116     -0.61949709380189      3.12667871380541      o
   -0.73441980825115     -0.69764768284431      4.55513594883751      h
  -.76205502515414D-04  -.14607637553243D-03  -.41149003947227D-03
  0.56362365543094D-03  0.10708400883885D-02  0.35753110584746D-03
  0.16601283836559D-03  -.12542034841077D-02  -.12559544267976D-03
  0.30876345774589D-04  0.58181248075773D-04  0.24491179458641D-03
  -.16793039256235D-03  0.27021870477251D-03  -.49964713822265D-03
  -.16898774074914D-03  -.12538510926081D-02  0.12511543980198D-03
  -.31339515793816D-04  0.58916680030663D-04  -.24421608516989D-03
  0.16961805248039D-03  0.27023093568146D-03  0.49913159440129D-03
  -.56178384895755D-03  0.10719036528331D-02  -.35700733959043D-03
  0.76116108822522D-04  -.14616041012683D-03  0.41126611184383D-03
  cycle =      4 MP2 energy =     -229.8373813090 |dE/dxyz| =  0.001745
    0.73437027469976     -0.71133540943105     -4.54423449546129      h
   -0.40388905389337     -0.61454807127640     -3.12401025590458      o
    0.85529041396923      0.72177156827287     -1.15430506904213      c
    1.27734299290479      2.65477105481175     -1.75837496507169      h
    2.62602787060045     -0.20363712955802     -0.62421461687564      h
   -0.85394009344360      0.72336689138273      1.15426166241340      c
   -1.27209669451384      2.65714621881086      1.75854660781647      h
   -2.62653762387472     -0.19841160559308      0.62406372402551      h
    0.40253970333788     -0.61570984007828      3.12381785899073      o
   -0.73588474635307     -0.71029206933390      4.54405814213118      h
  0.90623400437195D-05  -.10322428690146D-04  -.32534112174964D-04
  -.12543595331493D-03  0.81756630117624D-03  -.18530155466934D-04
  0.22285799854416D-03  -.88238534469509D-03  0.64067740187856D-04
  0.60745375991544D-05  0.15325550047240D-04  0.31661422601470D-05
  -.22880187443342D-04  0.59678349067172D-04  0.21691327574846D-04
  -.22463657892580D-03  -.88190481189709D-03  -.64017449153186D-04
  -.61951606891153D-05  0.15466499225347D-04  -.30687464305235D-05
  0.23235815163059D-04  0.59623915120488D-04  -.21872758095898D-04
  0.12686568800113D-03  0.81705061876658D-03  0.18576031839856D-04
  -.89484991270261D-05  -.10098680009230D-04  0.32521978539979D-04
  cycle =      5 MP2 energy =     -229.8373818056 |dE/dxyz| =  0.001561
    0.73389606776700     -0.71222052706525     -4.54365546147588      h
   -0.40453980415854     -0.61451756299103     -3.12370766881555      o
    0.85567917118002      0.72251173768676     -1.15397710284553      c
    1.27831497281098      2.65516100950441     -1.75857490963778      h
    2.62593564820222     -0.20391735458725     -0.62355054525169      h
   -0.85432518466890      0.72411290853010      1.15393511308781      c
   -1.27306592287956      2.65754624388297      1.75873598633017      h
   -2.62644455128163     -0.19869192541375      0.62341038216561      h
    0.40319764853485     -0.61566063495445      3.12352379866243      o
   -0.73542500207293     -0.71120228658502      4.54346900080238      h
  -.11935480207281D-04  -.47636054255618D-05  0.76068174186261D-05
  -.26579212878719D-03  0.66183051343760D-03  -.18229382994317D-03
  0.38002250923119D-03  -.69269405092198D-03  0.21827694582355D-03
  0.13304464529629D-04  0.18354474065951D-04  0.12825666625416D-04
  0.24552010878143D-04  0.17135555455461D-04  0.48385685107566D-04
  -.38140449974655D-03  -.69187185060526D-03  -.21816628680837D-03
  -.13252858781065D-04  0.18382995288224D-04  -.12869606120569D-04
  -.24557714779938D-04  0.17143518444174D-04  -.48466562025395D-04
  0.26714070207134D-03  0.66124396646572D-03  0.18226364986962D-03
  0.11922995486913D-04  -.47615465710305D-05  -.75624791526785D-05
  cycle =      6 MP2 energy =     -229.8373819204 |dE/dxyz| =  0.001556
    0.73389037592972     -0.71170277909018     -4.54385250278477      h
   -0.40446824673126     -0.61464281543234     -3.12375557493659      o
    0.85587007228123      0.72261076414477     -1.15381928991669      c
    1.27859013215896      2.65506290472309     -1.75872331658470      h
    2.62587423967194     -0.20431249244409     -0.62381290592404      h
   -0.85451454126478      0.72421380197878      1.15377739866357      c
   -1.27334096699418      2.65745089850320      1.75888143082873      h
   -2.62638230891600     -0.19908732035140      0.62367577768590      h
    0.40312764671053     -0.61577958064363      3.12357486852771      o
   -0.73542335941266     -0.71069177338070      4.54366270746285      h
  -.14838275999018D-05  -.19253765213278D-05  -.34913537247938D-05
  -.29943064445614D-03  0.61093280888169D-03  -.21450185610394D-03
  0.47455498764437D-03  -.61200502574055D-03  0.31965623551156D-03
  0.59606691236169D-05  -.23505584931804D-05  0.42397724286936D-05
  0.14022347825104D-05  0.51747591709450D-05  0.83406924194507D-05
  -.47579433253331D-03  -.61105568099196D-03  -.31970143260107D-03
  -.59457095489268D-05  -.23534729232111D-05  -.42476941546354D-05
  -.13959979812128D-05  0.51847520341486D-05  -.83130095584472D-05
  0.30064362588433D-03  0.61032674694594D-03  0.21453957002571D-03
  0.14889948567465D-05  -.19289830465175D-05  0.34790757035275D-05
  cycle =      7 MP2 energy =     -229.8373819151 |dE/dxyz| =  0.001557
    0.76179584002739     -0.73063498397192     -4.53928644300048      h
   -0.38512516606400     -0.63465063445763     -3.12602231862375      o
    0.86206992050204      0.70397632470809     -1.14866775716006      c
    1.28644669934337      2.63682286776577     -1.75114679969862      h
    2.62981001061168     -0.22113244350279     -0.60804128346749      h
   -0.86207323126367      0.70397232150294      1.14866786597714      c
   -1.28645830459546      2.63681698160313      1.75114688259543      h
   -2.62980935502256     -0.22114423018657      0.60804189578273      h
    0.38512807119614     -0.63464904269821      3.12602215016021      o
   -0.76179155159114     -0.73063694618486      4.53928712510846      h
  -.11056053650371D-05  -.24417786369524D-05  -.33610165481868D-05
  -.29908301074322D-03  0.61100146449533D-03  -.21653136021627D-03
  0.47332248215426D-03  -.61151607321497D-03  0.32251701392449D-03
  0.59362168507437D-05  -.22665865535565D-05  0.41929626604098D-05
  0.12590052573813D-05  0.52493009592425D-05  0.83188638068110D-05
  -.47334362885998D-03  -.61164277567594D-03  -.32251679879791D-03
  -.59115938044751D-05  -.22959146206425D-05  -.41932048264748D-05
  -.12681087699917D-05  0.52596305657460D-05  -.83143297052723D-05
  0.29909253786542D-03  0.61119287311406D-03  0.21658988294959D-03
  0.11017053576090D-05  -.25401711357675D-05  0.32979867992111D-05
  cycle =      8 MP2 energy =     -229.8373819422 |dE/dxyz| =  0.001559
    0.76183847055542     -0.73052873517363     -4.53930632826838      h
   -0.38509501966102     -0.63467105159860     -3.12604789340344      o
    0.86205560690395      0.70394470428534     -1.14865236936664      c
    1.28637194111012      2.63680509197252     -1.75114672425007      h
    2.62981282809656     -0.22116711538609     -0.60809501424154      h
   -0.86206032610635      0.70393876672960      1.14865175542608      c
   -1.28638412015525      2.63679606767516      1.75115072961600      h
   -2.62981396471795     -0.22117874779354      0.60809252711219      h
    0.38509554303593     -0.63467759888040      3.12604357485540      o
   -0.76182802591762     -0.73052116725239      4.53931106019398      h
  -.14932185714578D-05  0.17113933403756D-06  -.15376271584877D-05
  -.29498800987326D-03  0.61042834668346D-03  -.21932389586432D-03
  0.46703035587825D-03  -.61293232632265D-03  0.33731122387182D-03
  0.29790700495358D-05  -.47049974849500D-06  0.17639709171124D-05
  0.60840471816093D-06  0.28341363083051D-05  0.45104982345778D-05
  -.46701612515587D-03  -.61289896981886D-03  -.33727450589449D-03
  -.29955677953719D-05  -.47357150201321D-06  -.17355378596484D-05
  -.58107365186189D-06  0.28411315802224D-05  -.45211936123835D-05
  0.29485179517330D-03  0.61010583357479D-03  0.21916143975087D-03
  0.16043692099288D-05  0.39474846424969D-06  0.16456281137778D-05
  cycle =      9 MP2 energy =     -229.8373819717 |dE/dxyz| =  0.001571
    0.76196180323589     -0.73073777067504     -4.53916201388866      h
   -0.38512488402683     -0.63462833023494     -3.12604872679288      o
    0.86202652322068      0.70399773807674     -1.14864032912668      c
    1.28624322231935      2.63687025795050     -1.75118281474548      h
    2.62981521384976     -0.22112446280237     -0.60821485514938      h
   -0.86202602844179      0.70399838319288      1.14864212611156      c
   -1.28625408433931      2.63687178864302      1.75117389164663      h
   -2.62980940588049     -0.22113705969348      0.60822182109182      h
    0.38513269785554     -0.63460970797540      3.12605817951787      o
   -0.76197212464901     -0.73076062190394      4.53915403900877      h
  0.10766710745180D-05  -.34393166946645D-05  0.27210379864862D-05
  -.29606065379362D-03  0.61500348542598D-03  -.22346664746564D-03
  0.46403807676221D-03  -.61177859093808D-03  0.35805469408756D-03
  -.11163536539627D-05  0.15172467922042D-05  -.92890600589257D-06
  0.38806679603098D-06  -.13491929697906D-05  -.14337586571322D-05
  -.46400224660070D-03  -.61187043771493D-03  -.35815786101867D-03
  0.11164323163726D-05  0.15486722007019D-05  0.78105008349816D-06
  -.45318699148922D-06  -.14263862280206D-05  0.15203404420960D-05
  0.29647535389365D-03  0.61593952611272D-03  0.22392455757814D-03
  -.14621591137853D-05  -.41450366696782D-05  -.30145082101640D-05
  cycle =     10 MP2 energy =     -229.8373819563 |dE/dxyz| =  0.001569
    0.76192823227086     -0.73079432414989     -4.53916460690604      h
   -0.38515593543699     -0.63462360554731     -3.12605344359256      o
    0.86206638988216      0.70392856272360     -1.14863974925174      c
    1.28639249342269      2.63677858305644     -1.75117737430636      h
    2.62980220328330     -0.22129370049912     -0.60821261091106      h
   -0.86199081109895      0.70402094918668      1.14863921492516      c
   -1.28611190152733      2.63691684877273      1.75117412296210      h
   -2.62982487219802     -0.22101442881283      0.60821341504324      h
    0.38508898562617     -0.63466103818467      3.12605502245712      o
   -0.76202407830362     -0.73075067260007      4.53914836010058      h
  -.12291993112257D-06  -.19040785890212D-05  0.15048829862252D-05
  -.29581647985477D-03  0.61515576746807D-03  -.22189255976279D-03
  0.46554781648567D-03  -.61331179860025D-03  0.35722495821666D-03
  -.22640792018969D-06  0.12132723421487D-05  -.78710505091451D-06
  0.24172090551389D-07  -.21671927561417D-05  -.10237869765284D-05
  -.46405946641581D-03  -.61046047617097D-03  -.35710129581579D-03
  0.14515952837524D-05  0.15186167692249D-05  0.89445298656621D-06
  -.58543027048330D-06  -.89002110126302D-06  0.99770825434664D-06
  0.29383164709706D-03  0.61187790842165D-03  0.22174813583398D-03
  -.44526796028066D-07  -.10320287442411D-05  -.15653901423995D-05
  cycle =     11 MP2 energy =     -229.8373819408 |dE/dxyz| =  0.001566
    0.76182913937607     -0.73048973434808     -4.53932170934574      h
   -0.38509491274863     -0.63473906683716     -3.12604996043827      o
    0.86209547279297      0.70385617200975     -1.14862844040547      c
    1.28643682283021      2.63669412652364     -1.75118162014179      h
    2.62982232169369     -0.22134980126811     -0.60814792697384      h
   -0.86200807422578      0.70397161777248      1.14863637948630      c
   -1.28614994196530      2.63687133018754      1.75113505655421      h
   -2.62982942985937     -0.22106947669413      0.60818643710336      h
    0.38505912687070     -0.63468053116621      3.12609565574447      o
   -0.76198981884429     -0.73055746223415      4.53925847893721      h
  -.12229959724941D-05  0.10352367337818D-05  -.47802676039765D-06
  -.29546857534157D-03  0.60794298918321D-03  -.22378190320538D-03
  0.46868286634849D-03  -.60877309999885D-03  0.35509477603124D-03
  0.20318345028691D-06  0.29390474098889D-06  -.49886337993854D-06
  -.18650858102376D-06  -.57464455904821D-06  -.59742451763434D-07
  -.46960858251044D-03  -.61011878486505D-03  -.35495650305029D-03
  0.44573720336949D-06  0.54812020433559D-06  0.55679677002374D-06
  -.46307288226188D-07  -.13609352267352D-06  0.22403370425472D-06
  0.29687633438780D-03  0.60982623064465D-03  0.22362526881636D-03
  0.32484857381831D-06  -.43890392431578D-07  0.27416501202637D-06
  cycle =     12 MP2 energy =     -229.8373819343 |dE/dxyz| =  0.001568
    0.76186562650566     -0.73060201337694     -4.53926932526634      h
   -0.38512214980088     -0.63469074863343     -3.12605935360081      o
    0.86208909469035      0.70388373783374     -1.14863471329471      c
    1.28643114199233      2.63672572390364     -1.75117111700932      h
    2.62981653794274     -0.22132964319440     -0.60816960313729      h
   -0.86201006862305      0.70398332112587      1.14863684534895      c
   -1.28614853936993      2.63687668090793      1.75115435395915      h
   -2.62983403274586     -0.22104912562289      0.60818131548124      h
    0.38506569920068     -0.63469507265042      3.12607602036257      o
   -0.76198260387177     -0.73059568634753      4.53923792767700      h
  0.27126586665815D-06  -.17021081465396D-05  0.56867948305950D-06
  -.29820783127121D-03  0.61078910865664D-03  -.22459690592491D-03
  0.47046218785063D-03  -.60862891991409D-03  0.35434415358515D-03
  0.12756880440890D-06  0.96706147090231D-07  0.43090942147828D-07
  0.79985412071437D-07  -.42031023972378D-06  -.16031038341247D-06
  -.47092469703225D-03  -.60919919657332D-03  -.35422356372994D-03
  0.23015741645871D-06  0.21888253298741D-06  0.29654253053124D-06
  -.72715076626650D-07  0.23483210487285D-07  0.66780540097788D-07
  0.29792092417846D-03  0.60939671516991D-03  0.22361515458602D-03
  0.11315410475277D-06  -.57439191702979D-06  0.46379554863307D-07
$end
