$hessapprox internal
  0.224417100802D-01  0.877648182435D-03  0.614133377059D+00 -0.278811412839D-02
  0.265208531286D-03  0.371716173261D+00 -0.770681044843D-04  0.167141974214D-03
 -0.155482657771D-03  0.426539493107D+00 -0.663271299448D-03  0.632276032236D-03
 -0.504046369998D-03 -0.221393333580D-03  0.424530163741D+00 -0.147283192663D-02
  0.915594970912D-03 -0.613959741144D-03 -0.333380891518D-03 -0.127298522543D-02
  0.344220504223D+00  0.424948907265D-02  0.516236679555D-03 -0.149576239508D-02
 -0.612313084011D-04 -0.426656568298D-03 -0.886640497511D-03  0.349039448961D+00
  0.464083447952D-03 -0.726242866561D-03  0.646340155795D-03  0.246867318736D-03
  0.969372936615D-03  0.145268081021D-02  0.333846954782D-03  0.320191850328D+00
 -0.126485595093D-02 -0.445891259629D-03  0.747554316148D-03  0.112903725672D-03
  0.506360650775D-03  0.842501416418D-03 -0.608112339290D-03 -0.518125817925D-03
  0.345120151178D+00  0.209669621215D-03  0.303683010419D-03 -0.361636011192D-03
 -0.931565642862D-04 -0.382215119929D-03 -0.594578380990D-03  0.722129546330D-04
  0.415135734686D-03  0.130574586848D-03  0.426454331698D+00 -0.115452973102D-02
  0.529919062524D-03 -0.286975983657D-03 -0.200487912474D-03 -0.754076564192D-03
 -0.108598802024D-02 -0.671654619805D-03  0.869623583330D-03  0.552028046902D-03
 -0.368355102814D-03  0.424763930018D+00 -0.878678622498D-03  0.102101420179D-02
 -0.857483660771D-03 -0.352711324176D-03 -0.137579053743D-02 -0.204951395298D-02
 -0.588040536780D-03  0.154699011995D-02  0.776662289499D-03 -0.601778852851D-03
 -0.121994812228D-02  0.343880064218D+00 -0.367985190938D-02 -0.895760864015D-05
  0.842026520870D-03 -0.889057832521D-04 -0.199232392635D-03 -0.995633052179D-04
 -0.192948977134D-02  0.338649065816D-03  0.779446682232D-03 -0.290494140176D-03
  0.537826681837D-04 -0.392673190547D-03  0.348237550358D+00  0.825955354056D-03
 -0.696504671599D-03  0.533680871736D-03  0.246260973157D-03  0.951503747959D-03
  0.140533715920D-02  0.519999665671D-03 -0.107694829650D-02 -0.578119688327D-03
  0.428686181134D-03  0.829564676971D-03  0.152619549520D-02  0.184324116771D-03
  0.320223566524D+00 -0.458828054926D-03 -0.637597029228D-03  0.763485119903D-03
  0.195122206879D-03  0.801412195170D-03  0.124775237442D-02 -0.161381626907D-03
 -0.869819175605D-03 -0.270178166548D-03  0.294982088663D-03  0.773596673589D-03
  0.126138367301D-02  0.616771749836D-03 -0.899049017204D-03  0.344491652202D+00
  0.153644965082D-02  0.591832614103D-03 -0.960006012795D-03 -0.153410036495D-03
 -0.680253339737D-03 -0.112279331846D-02  0.732441692520D-03  0.701310916528D-03
  0.139936507190D-04 -0.184733425414D-03 -0.731044699031D-03 -0.104677449102D-02
 -0.982048905836D-03  0.774974559113D-03  0.382852442265D-03  0.140769053762D-01
 -0.525736752114D-03 -0.494390917470D-03  0.630467159120D-03  0.147056835415D-03
  0.611673617385D-03  0.962085920302D-03 -0.214304448396D-03 -0.658221135418D-03
 -0.173255968270D-03  0.215095810889D-03  0.601830236355D-03  0.959084990090D-03
  0.540921392523D-03 -0.688007246959D-03 -0.448830640117D-03  0.251175948515D-03
  0.614258883076D+00 -0.178225495010D-02  0.217676671961D-03  0.178122430391D-03
 -0.114988254805D-03 -0.384705176985D-03 -0.487788812883D-03 -0.962131968488D-03
  0.482153699411D-03  0.505650823654D-03 -0.256223584976D-03 -0.241456066068D-03
 -0.647253103643D-03  0.504454353794D-03  0.410893663906D-03  0.540471760282D-03
 -0.651891172088D-03  0.442069260457D-03  0.371437313820D+00 -0.515479225713D-03
 -0.224298947743D-02  0.243722775598D-02  0.713825710484D-03  0.288222413496D-02
  0.442446196481D-02  0.866228889533D-05 -0.316485506294D-02 -0.118470216637D-02
  0.112583028347D-02  0.270858522090D-02  0.456013424009D-02  0.176458211690D-02
 -0.322165025700D-02 -0.235462415240D-02  0.164214329637D-02 -0.174259380707D-02
  0.175271588513D-02  0.482202890370D+00 -0.658789110317D-02  0.657228397916D-03
  0.810893455281D-03 -0.377289568393D-03 -0.123068402862D-02 -0.151124078712D-02
 -0.353806513072D-02  0.157102463028D-02  0.178400824389D-02 -0.870404318271D-03
 -0.714927399109D-03 -0.208906179947D-02  0.196811457230D-02  0.130530768935D-02
  0.183729905840D-02 -0.229262678870D-02  0.151450376326D-02  0.397930446383D-03
  0.588250318877D-02  0.382734328135D+00  0.934763967413D-03 -0.215447895526D-02
  0.201746227155D-02  0.721331793767D-03  0.285042423513D-02  0.429544780177D-02
  0.758506872752D-03 -0.317654539934D-02 -0.144283590353D-02  0.119609421373D-02
  0.258499707819D-02  0.453993617429D-02  0.116763532959D-02 -0.317118705848D-02
 -0.250516121899D-02  0.196170664369D-02 -0.188684176754D-02  0.149014490764D-02
 -0.917259120476D-02  0.489431761275D-02  0.481744894834D+00 -0.432643287534D-02
  0.713671516447D-03  0.240724718536D-03 -0.339155411483D-03 -0.117437148093D-02
 -0.155090653772D-02 -0.235863289353D-02  0.143589926523D-02  0.133439877727D-02
 -0.718387256621D-03 -0.809354722923D-03 -0.195261226642D-02  0.109452046273D-02
  0.126582225964D-02  0.151372766078D-02 -0.172954701139D-02  0.122339791066D-02
  0.496966045284D-04  0.500412832238D-02  0.502623293746D-03  0.438888807745D-02
  0.380614546849D+00  0.288723876414D-03 -0.243214936164D-02  0.245093756827D-02
  0.795173846416D-03  0.317386614649D-02  0.482461415919D-02  0.454118843156D-03
 -0.351272599726D-02 -0.146535371899D-02  0.128876662840D-02  0.292710764521D-02
  0.503941045029D-02  0.160079302053D-02 -0.353879367085D-02 -0.269752247538D-02
  0.200849040027D-02 -0.201583156295D-02  0.178587337562D-02 -0.997964964155D-02
  0.593039133896D-02 -0.102237161524D-01  0.517848140684D-02  0.376450122377D+00
  0.000000000000D+00  0.000000000000D+00  0.000000000000D+00  0.000000000000D+00
  0.000000000000D+00  0.000000000000D+00  0.000000000000D+00  0.000000000000D+00
  0.000000000000D+00  0.000000000000D+00  0.000000000000D+00  0.000000000000D+00
  0.000000000000D+00  0.000000000000D+00  0.000000000000D+00  0.000000000000D+00
  0.000000000000D+00  0.000000000000D+00  0.000000000000D+00  0.000000000000D+00
  0.000000000000D+00  0.000000000000D+00  0.000000000000D+00  0.000000000000D+00
$end
