$coord
    0.79869438765345     -1.31553390975646     -4.13438888315130  h
   -0.37503160885214     -0.91866009110337     -2.80421982898001  o
    0.66315537662175      1.02957425317337     -1.26419709001614  c
    0.39425030272834      2.88172831047658     -2.16157236241796  h
    2.68984446530278      0.74739197558373     -0.94725080437427  h
   -0.66315479081399      1.02957469229956      1.26419735491695  c
   -0.39424852948078      2.88172862784435      2.16157254974382  h
   -2.68984409485670      0.74739359180977      0.94725116984517  h
    0.37503114142423     -0.91866044760107      2.80421976598564  o
   -0.79869156879565     -1.31552801499418      4.13439362277774  h
$user-defined bonds
$intdef
# definitions of internal coordinates
   1 f  1.0000000000000 tors    2    3    6    9 val=  80.00000
$redundant
     number_of_atoms            10
     degrees_of_freedom         24
     internal_coordinates       25
     frozen_coordinates          1
# definitions of redundant internals
   1 k  1.0000000000000 tors   1    2    3    6 val= 199.66568
   2 k  1.0000000000000 stre   2    1           val=   1.81783
   3 k  1.0000000000000 bend   3    1    2      val= 109.12565
   4 k  1.0000000000000 stre   3    5           val=   2.07064
   5 k  1.0000000000000 stre   3    4           val=   2.07559
   6 k  0.0794688187301 bend   4    5    3      val=   1.01292
       -0.5173669517667 bend   2    5    3
       -0.4986617331875 bend   2    4    3
        0.4865573186901 bend   6    5    3
        0.4905248164496 bend   6    4    3
   7 k  0.0110338682898 bend   4    5    3      val=   0.16583
       -0.5350361694603 bend   2    5    3
        0.5461082909650 bend   2    4    3
       -0.4630108901925 bend   6    5    3
        0.4483315750896 bend   6    4    3
   8 k -0.8907378027282 bend   4    5    3      val=   0.87896
        0.1746179744857 bend   2    5    3
        0.1930882581582 bend   2    4    3
        0.2616051813392 bend   6    5    3
        0.2652817058059 bend   6    4    3
   9 k -0.0042548905061 bend   4    5    3      val=   0.58556
        0.4545660542049 bend   2    5    3
       -0.4567144107518 bend   2    4    3
       -0.5349364281184 bend   6    5    3
        0.5464490490018 bend   6    4    3
  10 k  1.0000000000000 stre   6    8           val=   2.07064
  11 k  1.0000000000000 stre   6    7           val=   2.07559
  12 k  0.0794689319175 bend   7    8    6      val=   1.01293
       -0.5173668757025 bend   9    8    6
       -0.4986618281426 bend   9    7    6
        0.4865573449535 bend   3    8    6
        0.4905247557576 bend   3    7    6
  13 k  0.0110338159074 bend   7    8    6      val=   0.16583
       -0.5350362580521 bend   9    8    6
        0.5461082497452 bend   9    7    6
       -0.4630107944888 bend   3    8    6
        0.4483316197003 bend   3    7    6
  14 k -0.8907377654601 bend   7    8    6      val=   0.87897
        0.1746180128927 bend   9    8    6
        0.1930881613575 bend   9    7    6
        0.2616052514462 bend   3    8    6
        0.2652818069827 bend   3    7    6
  15 k -0.0042548331927 bend   7    8    6      val=   0.58556
        0.4545660186107 bend   9    8    6
       -0.4567143963900 bend   9    7    6
       -0.5349364970989 bend   3    8    6
        0.5464490235335 bend   3    7    6
  16 k  1.0000000000000 tors  10    9    6    3 val= 199.66541
  17 k  1.0000000000000 stre   9   10           val=   1.81783
  18 k  1.0000000000000 bend   6   10    9      val= 109.12565
  19 k  1.0000000000000 tors   2    3    6    9 val=  80.00000
  20 k  1.0000000000000 stre   3    2           val=   2.69168
  21 k  1.0000000000000 bend   6    2    3      val= 109.11668
  22 k  1.0000000000000 stre   6    9           val=   2.69168
  23 k  1.0000000000000 bend   3    9    6      val= 109.11667
  24 k  1.0000000000000 stre   3    6           val=   2.85515
  25 f  1.0000000000000 tors   2    3    6    9 val=  80.00000
        24 non zero eigenvalues  of BmBt
           1           4.368322539    1    0
         1
           2           3.797039990    2    0
         2
           3           3.745333504    3    0
         3
           4           3.035001124    4    0
         4
           5           2.869032642    5    0
         5
           6           2.432587431    6    0
         6
           7           2.074900584    7    0
         7
           8           1.733857381    8    0
         8
           9           1.253763846    9    0
         9
          10           1.239951988   10    0
        10
          11           1.042971973   11    0
        11
          12           0.835145274   12    0
        12
          13           0.769620931   13    0
        13
          14           0.728243584   14    0
        14
          15           0.596330651   15    0
        15
          16           0.459305724   16    0
        16
          17           0.354984968   17    0
        17
          18           0.351134525   18    0
        18
          19           0.281268372   20    0
        20
          20           0.252680707   21    0
        21
          21           0.114063331   22    0
        22
          22           0.070284528   23    0
        23
          23           0.065754681   24    0
        24
          24           0.000000000    0    1
         0.000000000         0.000000000         0.000000000         0.000000000
         0.000000000         0.000000000         0.000000000         0.000000000
         0.000000000         0.000000000         0.000000000         0.000000000
         0.000000000         0.000000000         0.000000000         0.000000000
         0.000000000         0.000000000         0.000000000         0.000000000
         0.000000000         0.000000000         0.000000000         0.000000000
         1.000000000
$end
