$energy      SCF               SCFKIN            SCFPOT
     1 -230.2253781002      229.2990652119     -459.5244433122
     2 -230.2259173856      229.2832098161     -459.5091272017
     3 -230.2260856006      229.2904296331     -459.5165152337
     4 -230.2261292512      229.2940620803     -459.5201913315
     5 -230.2261430682      229.2920537231     -459.5181967914
     6 -230.2261442601      229.2927174362     -459.5188616962
     7 -230.2261443115      229.2925504354     -459.5186947469
     8 -230.2261443127      229.2924910242     -459.5186353369
     9 -230.2261443127      229.2924834694     -459.5186277821
    10 -230.2261439556      229.2924819257     -459.5186258814
    11 -230.2261439559      229.2925013160     -459.5186452719
    12 -230.2261439560      229.2924981466     -459.5186421026
    13 -230.2261439559      229.2924951053     -459.5186390612
    14 -230.2261439561      229.2925024687     -459.5186464248
    15 -230.2261439561      229.2924913217     -459.5186352778
$end
