$grad          cartesian gradients
  cycle =      1    SCF energy =     -230.2253781002   |dE/dxyz| =  0.010955
    0.48601560809195     -0.97974389580860     -4.35466878840717      h
   -0.36575461421775     -0.93928153783542     -2.74917963960830      o
    0.69447687040227      1.03111186265806     -1.25209371666356      c
    0.46594544209883      2.87963719486953     -2.15920112451933      h
    2.71467469661613      0.72222537555831     -0.91222453529167      h
   -0.69448990163736      1.03110712655423      1.25208936468102      c
   -0.46601331473010      2.87964481699778      2.15919016110308      h
   -2.71467483626805      0.72216644281289      0.91220544952983      h
    0.36578850176221     -0.93924521405192      2.74919598611315      o
   -0.48633020665969     -0.98004440026817      4.35449123026098      h
  -.66722788466196D-03  0.90596926608338D-03  0.61816175089273D-03
  -.16344314855227D-02  -.13955209733779D-02  0.27485589492596D-02
  0.62019831290615D-02  0.73117705985631D-03  -.14589339808935D-02
  0.12958510610104D-02  -.32162733785459D-03  0.14777303146491D-02
  0.44861909155272D-03  0.80854842697790D-04  -.94213060885373D-03
  -.62023337272448D-02  0.73138734524862D-03  0.14585311921978D-02
  -.12959369605352D-02  -.32153658507454D-03  -.14774807531053D-02
  -.44835212624940D-03  0.80982507856906D-04  0.94185504459702D-03
  0.16352705130306D-02  -.13953086452599D-02  -.27477438202552D-02
  0.66655908314971D-03  0.90568759246626D-03  -.61854441651462D-03
  cycle =      2    SCF energy =     -230.2259173856   |dE/dxyz| =  0.004456
    0.56289971712598     -1.03664992401691     -4.33914838134048      h
   -0.38524654594863     -0.91902830034495     -2.79089802435234      o
    0.66652874131160      1.03645029142450     -1.26632447695917      c
    0.40984555082157      2.88858757043928     -2.16431208818551      h
    2.69319351301555      0.74458943359418     -0.95502036560369      h
   -0.66656812767235      1.03643705889444      1.26631713731411      c
   -0.40991062764032      2.88856950676258      2.16432569866673      h
   -2.69322599375259      0.74455462005915      0.95499821293566      h
    0.38523032903686     -0.91903949925721      2.79087588592716      o
   -0.56310831083924     -1.03689298606836      4.33899078879554      h
  -.25426998138890D-03  0.25531227828957D-03  -.41761259112755D-03
  -.77322708656558D-03  -.60612375749281D-03  0.22476479196425D-03
  0.27093014418923D-02  0.33346145847619D-03  -.48832290841118D-03
  0.80265743917470D-03  -.12547786052490D-03  0.12998889384102D-03
  -.86144371296799D-04  0.14280385831793D-03  -.46042994741838D-03
  -.27098170864001D-02  0.33431394799063D-03  0.48885516733484D-03
  -.80269921275049D-03  -.12522722523665D-03  -.12949373559654D-03
  0.86397482898474D-04  0.14289509326309D-03  0.46003029175519D-03
  0.77410297740391D-03  -.60567981609017D-03  -.22524490767684D-03
  0.25369514527481D-03  0.25513841112327D-03  0.41746227422554D-03
  cycle =      3    SCF energy =     -230.2260856006   |dE/dxyz| =  0.002250
    0.62745982392028     -1.12070479367488     -4.27503734869460      h
   -0.41360430961108     -0.89477015570211     -2.80059162933989      o
    0.64443031425948      1.05220893518549     -1.27327213721023      c
    0.36015413150799      2.90573968850794     -2.16313824129700      h
    2.67687541338426      0.77148937487151     -0.98694775661118      h
   -0.64448713412801      1.05218013892526      1.27325652517016      c
   -0.36021463561940      2.90568912617790      2.16316897193801      h
   -2.67693042046941      0.77146708073857      0.98691775225681      h
    0.41354525051464     -0.89483214030357      2.80053594186053      o
   -0.62759018830032     -1.12088948323941      4.27491230912540      h
  0.40354139325772D-04  0.14825575575714D-03  -.35465757081291D-03
  -.58540445487385D-03  0.50322171178720D-03  -.26889670548400D-03
  0.73105146849849D-03  -.61358032867510D-03  0.87692113179020D-03
  0.38879064326756D-04  -.51156959531472D-04  -.16734779390298D-03
  0.16385905489885D-04  0.14606791306374D-04  0.11853263196834D-04
  -.73117808363209D-03  -.61326805998950D-03  -.87706050621661D-03
  -.38908171235949D-04  -.51231903314567D-04  0.16751705362276D-03
  -.16280407092923D-04  0.14679144738592D-04  -.12077624163126D-04
  0.58555676265751D-03  0.50342509901669D-03  0.26908205711067D-03
  -.40454387677228D-04  0.14804471851849D-03  0.35466722295471D-03
  cycle =      4    SCF energy =     -230.2261292512   |dE/dxyz| =  0.002641
    0.66335938711857     -1.19351406984589     -4.21154649615668      h
   -0.43558628273625     -0.87646400446662     -2.79798202333978      o
    0.63336507173192      1.06941353019759     -1.27789566506587      c
    0.33702882604560      2.92345105535246     -2.16372445599976      h
    2.66828668342603      0.79108535387955     -1.00752154716701      h
   -0.63343149929129      1.06937516441675      1.27787500773252      c
   -0.33708578913841      2.92338102216049      2.16376588298232      h
   -2.66835421604729      0.79106782405671      1.00748890489199      h
    0.43550664739925     -0.87655702518991      2.79790091471808      o
   -0.66345058304969     -1.19366107907444      4.21144386460220      h
  0.10463275374371D-03  0.14505225035250D-03  -.81785652020181D-04
  -.68146760158869D-03  0.75960428396716D-03  -.26783612802918D-03
  0.67031633975122D-03  -.91150567577054D-03  0.97549427736303D-03
  -.24965889013056D-03  0.61477628330067D-04  -.11378108123403D-04
  0.14264214380666D-03  -.52488755732196D-04  0.12085321240813D-03
  -.67027232223526D-03  -.91147787215964D-03  -.97576318609838D-03
  0.24965762272492D-03  0.61305380370844D-04  0.11417429443911D-04
  -.14260315073767D-03  -.52462459641876D-04  -.12091530630720D-03
  0.68123782344280D-03  0.75970255732542D-03  0.26816994803730D-03
  -.10448357880529D-03  0.14496336809074D-03  0.81743183055388D-04
  cycle =      5    SCF energy =     -230.2261430682   |dE/dxyz| =  0.002436
    0.67881101286377     -1.24282384829305     -4.16867177600580      h
   -0.44919411484366     -0.86474746927618     -2.79409980814099      o
    0.62913685441572      1.08309543291460     -1.28164665125093      c
    0.33353339938640      2.93657309664579     -2.16824894323406      h
    2.66385636916824      0.80187649516411     -1.01968380980576      h
   -0.62920728689538      1.08305421107711      1.28162513272122      c
   -0.33358877444894      2.93649752382823      2.16829446519556      h
   -2.66392924472755      0.80186048635642      1.01965268274161      h
    0.44910908118618     -0.86485223808013      2.79400639415945      o
   -0.67888905064636     -1.24295591885023      4.16857670081772      h
  0.26416028415624D-04  0.54610070431919D-04  0.15704044792004D-04
  -.68798961956064D-03  0.52829649009585D-03  -.30676494956036D-03
  0.12468953481845D-02  -.63622571046525D-03  0.35945464322807D-03
  -.91726343266176D-04  0.80804452394299D-04  0.10752914510027D-03
  0.51977025030447D-05  -.25811597933739D-04  -.34272061127985D-05
  -.12468782767821D-02  -.63618694802098D-03  -.35942820051043D-03
  0.91742794268721D-04  0.80822267210902D-04  -.10749840913932D-03
  -.52283803028548D-05  -.25830234850084D-04  0.34250444355419D-05
  0.68798284927061D-03  0.52832521271127D-03  0.30669083813595D-03
  -.26410348063815D-04  0.54618190171691D-04  -.15685993821016D-04
  cycle =      6    SCF energy =     -230.2261442601   |dE/dxyz| =  0.002257
    0.68345212905929     -1.25910212702131     -4.15376407542605      h
   -0.45377317799712     -0.86033493981055     -2.79278920739188      o
    0.62721559783975      1.08770080438460     -1.28246303998351      c
    0.33264365655789      2.94016667932073     -2.17110331005097      h
    2.66194867686024      0.80554483978931     -1.02279310599878      h
   -0.62728610287786      1.08765839252074      1.28244106293574      c
   -0.33269893569539      2.94008941294628      2.17114890101543      h
   -2.66202168141029      0.80552838907835      1.02276162065675      h
    0.45368718291738     -0.86044226068658      2.79269472134419      o
   -0.68352909979548     -1.25923141903488      4.15367082009711      h
  0.14806401562829D-04  -.40965971250716D-06  -.58756116727705D-05
  -.63330310037169D-03  0.60948509429581D-03  -.27098971113869D-03
  0.10687596067045D-02  -.60732729899170D-03  0.43310934280524D-03
  -.21501869365817D-04  0.13184779837193D-04  0.39983008451198D-04
  -.24909563443156D-04  -.13116009063115D-04  -.56293411756520D-06
  -.10687421352514D-02  -.60737559338659D-03  -.43318082163868D-03
  0.21499132681375D-04  0.13177462533096D-04  -.40037194828215D-04
  0.24900882370032D-04  -.13115193276364D-04  0.59545951305108D-06
  0.63328708120362D-03  0.60940809297511D-03  0.27105733295544D-03
  -.14794613333806D-04  -.40363135963025D-06  0.59001546401891D-05
  cycle =      7    SCF energy =     -230.2261443115   |dE/dxyz| =  0.002214
    0.68291942804869     -1.25854434387970     -4.15441582197158      h
   -0.45366518863199     -0.86046648047610     -2.79273461799857      o
    0.62731449783838      1.08766683343547     -1.28238120430051      c
    0.33329315406175      2.93986441778146     -2.17172027570464      h
    2.66207580184626      0.80545355253036     -1.02246779279682      h
   -0.62738463969344      1.08762535946118      1.28235983150689      c
   -0.33334867204267      2.93978870094619      2.17176551136354      h
   -2.66214826956000      0.80543714052882      1.02243681782204      h
    0.45358037516115     -0.86057146197990      2.79264170786453      o
   -0.68299824156971     -1.25867594686108      4.15432023141315      h
  -.28715325760029D-05  -.54402619315657D-05  -.28815341201640D-05
  -.61850078014625D-03  0.60409849266875D-03  -.30428370327451D-03
  0.10150106162871D-02  -.59240505949014D-03  0.47910109854225D-03
  -.12610380308526D-05  -.21417885190492D-05  0.45039718373704D-05
  -.69883806629437D-05  -.23577385573664D-05  0.11274413295952D-05
  -.10150201602441D-02  -.59239088288486D-03  -.47909424740022D-03
  0.12589736728172D-05  -.21292005221906D-05  -.45205519954539D-05
  0.69895294066941D-05  -.23608493295215D-05  -.11138507514079D-05
  0.61851501878623D-03  0.60405698599323D-03  0.30427376529321D-03
  0.28695274389101D-05  -.54228204753192D-05  0.28865734854806D-05
  cycle =      8    SCF energy =     -230.2261443127   |dE/dxyz| =  0.002223
    0.68253281911364     -1.25756578998382     -4.15528221684758      h
   -0.45342798795028     -0.86075012304475     -2.79270987946320      o
    0.62745239971611      1.08742937403823     -1.28229445012193      c
    0.33350866280692      2.93961116639282     -2.17171619771219      h
    2.66222125369080      0.80524892293927     -1.02220669049363      h
   -0.62752216848332      1.08738829656446      1.28227329334644      c
   -0.33356431399910      2.93953621630961      2.17176101706510      h
   -2.66229325857857      0.80523237923160      1.02217580582729      h
    0.45334383020872     -0.86085371995403      2.79261828473407      o
   -0.68261299106650     -1.25769895100668      4.15518542086367      h
  -.35599040392502D-05  -.19054437688315D-05  -.62803577765951D-06
  -.62561398565432D-03  0.59566776253810D-03  -.30946156938042D-03
  0.10174202959605D-02  -.59186770094869D-03  0.49356761220155D-03
  -.60088029631721D-06  -.35523701245455D-06  0.49985738245825D-06
  0.82152652527573D-07  0.20838902478298D-06  0.89759081219298D-06
  -.10174223163604D-02  -.59184916752247D-03  -.49357070511023D-03
  0.59950998672212D-06  -.34610199696061D-06  -.50915836912545D-06
  -.85999029575124D-07  0.20512443650290D-06  -.89093745780888D-06
  0.62562647496760D-03  0.59563635845804D-03  0.30945652947559D-03
  0.35564014283083D-05  -.18952678402872D-05  0.63775076200556D-06
  cycle =     10    SCF energy =     -230.2261439556   |dE/dxyz| =  0.002231
    0.79862929076874     -1.31538970940649     -4.13452641929829      h
   -0.37500870695436     -0.91867657445633     -2.80423469794091      o
    0.66316108241162      1.02955420536761     -1.26419345484771      c
    0.39424669114032      2.88171395401211     -2.16155308081506      h
    2.68984871536668      0.74738043336340     -0.94722407357290      h
   -0.66316050995585      1.02955457705080      1.26419370298318      c
   -0.39424447846456      2.88171405119091      2.16155347634200      h
   -2.68984846374777      0.74738246152626      0.94722449276244      h
    0.37500787779373     -0.91867758527503      2.80423407128544      o
   -0.79862541537032     -1.31538203013477      4.13453259459050      h
  -.20074666578955D-05  0.26561636407421D-06  0.51784226831082D-06
  -.62243542987202D-03  0.58967651529612D-03  -.32928602756057D-03
  0.10080040966590D-02  -.59026246322865D-03  0.52871710884806D-03
  -.88215521381902D-06  0.13691064679770D-06  0.36424453688032D-06
  -.50148951724640D-06  0.10584336245046D-06  0.70545606384129D-06
  -.10080004472868D-02  -.59026710781261D-03  -.52870458456117D-03
  0.88107220672441D-06  0.14372063304610D-06  -.36910224848572D-06
  0.49625992093473D-06  0.10365304947349D-06  -.70194923873118D-06
  0.62243844885048D-03  0.58966536918917D-03  0.32926961551652D-03
  0.20071055960823D-05  0.27452044282709D-06  -.51245425227147D-06
  cycle =     11    SCF energy =     -230.2261439559   |dE/dxyz| =  0.002232
    0.79864627431270     -1.31544700982772     -4.13446144933700      h
   -0.37502662127718     -0.91866182033702     -2.80421877378978      o
    0.66315754090565      1.02957131181126     -1.26419568807635      c
    0.39424437790097      2.88172801818070     -2.16156177007320      h
    2.68984752286070      0.74739164558464     -0.94724308852806      h
   -0.66315683827079      1.02957183153398      1.26419602841507      c
   -0.39424220208568      2.88172841440762      2.16156197525085      h
   -2.68984710133999      0.74739361963828      0.94724360068521      h
    0.37502603991851     -0.91866230530470      2.80421865316075      o
   -0.79864290993665     -1.31543992244858      4.13446712378119      h
  -.75878987024049D-06  -.12510493747065D-07  -.15384076948044D-06
  -.62379519927959D-03  0.59091274694960D-03  -.32672081510200D-03
  0.10085399868837D-02  -.59079488678226D-03  0.52806491204707D-03
  -.76332247388423D-06  -.35902297665530D-07  0.47821839409766D-06
  0.10642012459747D-06  -.14570025075538D-06  -.32895066388880D-07
  -.10085367130478D-02  -.59080032156930D-03  -.52805563564137D-03
  0.76167441815157D-06  -.30576311949681D-07  -.48420879607001D-06
  -.11014172249845D-06  -.14792167042626D-06  0.35632708412959D-07
  0.62380151370801D-03  0.59091005774025D-03  0.32671315157982D-03
  0.75455749385380D-06  -.10373086106937D-07  0.15561628955922D-06
  cycle =     13    SCF energy =     -230.2261439559   |dE/dxyz| =  0.002232
    0.79867476019129     -1.31547547976683     -4.13444470627210      h
   -0.37501514927721     -0.91867444834416     -2.80422138138297      o
    0.66316264324299      1.02955876446355     -1.26419346702546      c
    0.39425865042878      2.88171456055131     -2.16156540935061      h
    2.68985065888012      0.74737729649544     -0.94723540891217      h
   -0.66316217102279      1.02955906611338      1.26419364831895      c
   -0.39425684525494      2.88171460598687      2.16156575640929      h
   -2.68985043334246      0.74737896003592      0.94723568713294      h
    0.37501446106066     -0.91867527215695      2.80422087890093      o
   -0.79867149397515     -1.31546906564627      4.13444989651085      h
  -.71835579377395D-06  0.31413622795087D-06  -.40418924705036D-06
  -.62360997865763D-03  0.59062162216190D-03  -.32656651674354D-03
  0.10085785151022D-02  -.59097036644250D-03  0.52837232218638D-03
  -.51414958153371D-06  0.36344864971288D-07  0.17818889168460D-06
  -.10272926058938D-06  -.76108312844807D-07  -.27388364351553D-06
  -.10085795380895D-02  -.59097397711584D-03  -.52836783967994D-03
  0.51314539532759D-06  0.37775647431299D-07  -.17929756563439D-06
  0.10245721107825D-06  -.76850110146437D-07  0.27556049326424D-06
  0.62360981692175D-03  0.59061374714099D-03  0.32655724713059D-03
  0.72080797603495D-06  0.31820787927600D-06  0.40853410375143D-06
  cycle =     14    SCF energy =     -230.2261439561   |dE/dxyz| =  0.002232
    0.79869139251317     -1.31552770585927     -4.13439347551363      h
   -0.37502997546263     -0.91866197103296     -2.80421735740879      o
    0.66315687956629      1.02957259920700     -1.26419622675791      c
    0.39425058016573      2.88172744249546     -2.16156961434966      h
    2.68984619785127      0.74739018023462     -0.94724832490252      h
   -0.66315629934441      1.02957303119466      1.26419649725765      c
   -0.39424880109183      2.88172775901749      2.16156979475128      h
   -2.68984584225092      0.74739179392755      0.94724871149610      h
    0.37502950319368     -0.91866235763079      2.80421726284723      o
   -0.79868855420906     -1.31552178382149      4.13439822690989      h
  -.45739630893056D-06  0.82674993390028D-08  -.28709568273276D-06
  -.62407920208865D-03  0.59087780296783D-03  -.32642126775648D-03
  0.10085907562119D-02  -.59098247055994D-03  0.52841283339711D-03
  -.49529478596912D-06  0.12080493485655D-06  0.22558264072267D-06
  0.26449074889444D-07  -.10036063497219D-06  -.38092339893708D-06
  -.10085886990834D-02  -.59098462037518D-03  -.52840686545836D-03
  0.49402352603173D-06  0.12322056057651D-06  -.22923055998496D-06
  -.29048831199940D-07  -.10216885496180D-06  0.38225119017267D-06
  0.62408302313872D-03  0.59087611278103D-03  0.32641692660594D-03
  0.45537524114074D-06  0.96691394249165D-08  0.28790098712184D-06
$end
