$hessapprox internal
  0.137949553934D-01  0.207033364438D-02  0.620620983559D+00 -0.115439532232D-02
  0.358224608602D-04  0.372115185653D+00  0.166546583410D-02  0.206169327921D-03
  0.428050996948D-04  0.423831244183D+00  0.173642351244D-03  0.129452099515D-03
 -0.534983149624D-04  0.101663334129D-03  0.419651618162D+00 -0.312562818836D-02
  0.348066359173D-03 -0.474944469937D-03  0.317185303681D-03 -0.121014475491D-03
  0.344830093495D+00 -0.128893365965D-02  0.163151018065D-03 -0.206387782868D-03
  0.146526455112D-03 -0.480410245225D-04 -0.706071152883D-03  0.347016787738D+00
 -0.191988493908D-02  0.415664080852D-03 -0.400111140658D-03  0.356665926895D-03
 -0.551665354010D-04 -0.129812022620D-02 -0.552094895558D-03  0.319469075643D+00
 -0.389878458926D-02 -0.282725280627D-03 -0.207534227469D-03 -0.179088114132D-03
 -0.219010216662D-03 -0.102784215387D-02 -0.460260839807D-03 -0.100595334962D-02
  0.345678788762D+00  0.168647481800D-02  0.211116476375D-03  0.420852828730D-04
  0.148674084731D-03  0.103168534426D-03  0.317837422316D-03  0.146998600661D-03
  0.359157804715D-03 -0.185701552473D-03  0.423838701084D+00  0.178814005788D-03
  0.127762969683D-03 -0.521147935492D-04  0.100246048159D-03  0.209434419949D-04
 -0.116704935255D-03 -0.462198442764D-04 -0.520663541953D-04 -0.215243718313D-03
  0.101738636669D-03  0.419651784786D+00 -0.315049825499D-02  0.345900085170D-03
 -0.476073536706D-03  0.315752063806D-03 -0.122445969219D-03 -0.165034550809D-02
 -0.708794343126D-03 -0.130422677814D-02 -0.102686105381D-02  0.316358237346D-03
 -0.118113217038D-03  0.344818024430D+00 -0.128217383754D-02  0.162516358901D-03
 -0.205424027206D-03  0.145935162440D-03 -0.477680924317D-04 -0.702683568286D-03
 -0.301214472890D-03 -0.549388475833D-03 -0.458257091192D-03  0.146407121216D-03
 -0.459559673745D-04 -0.705395101122D-03  0.347019695225D+00 -0.191432022263D-02
  0.413013284511D-03 -0.398175081451D-03  0.354472873716D-03 -0.551439214773D-04
 -0.129229381432D-02 -0.549646566839D-03 -0.965998272903D-03 -0.100035423107D-02
  0.356942548484D-03 -0.520559715867D-04 -0.129836549425D-02 -0.546952473058D-03
  0.319477154512D+00 -0.396017297885D-02 -0.283701990558D-03 -0.212667634927D-03
 -0.179122074215D-03 -0.222128734545D-03 -0.104898577920D-02 -0.469545983968D-03
 -0.102476528603D-02  0.425735420561D-04 -0.185803644664D-03 -0.218295131240D-03
 -0.104803049866D-02 -0.467499915705D-03 -0.101906991871D-02  0.345667219199D+00
 -0.463031862484D-03  0.210741814339D-02 -0.117413210910D-02  0.169517360616D-02
  0.177256002812D-03 -0.317786653582D-02 -0.131038167628D-02 -0.195100637262D-02
 -0.396737315647D-02  0.171656855994D-02  0.182508766783D-03 -0.320317585904D-02
 -0.130350831302D-02 -0.194535836737D-02 -0.402982488976D-02  0.137989339344D-01
  0.208787443976D-02  0.290001252228D-03  0.367271985705D-04  0.207018307913D-03
  0.130442558060D-03  0.352613656806D-03  0.165190106239D-03  0.420143751702D-03
 -0.283042538081D-03  0.211995769458D-03  0.128736603693D-03  0.350442328050D-03
  0.164546599341D-03  0.417467890266D-03 -0.283995211357D-03  0.212526777964D-02
  0.620623597964D+00 -0.119431307674D-02  0.297150220235D-04 -0.126026374404D-03
  0.383958302098D-04 -0.560456728570D-04 -0.480882552018D-03 -0.209215851099D-03
 -0.407662224917D-03 -0.201078100164D-03  0.375750179915D-04 -0.546307990944D-04
 -0.481963420064D-03 -0.208241537022D-03 -0.405676316549D-03 -0.206177050317D-03
 -0.121476747341D-02  0.305896699960D-04  0.372114512951D+00 -0.308131537270D-02
  0.127801635982D-03 -0.352601919847D-03  0.140057684546D-03 -0.139742285679D-03
 -0.131365901180D-02 -0.569767306196D-03 -0.109551014236D-02 -0.613676117840D-03
  0.138469770971D-03 -0.135977149119D-03 -0.131705493058D-02 -0.567095101151D-03
 -0.109026750065D-02 -0.628306865220D-03 -0.313384294062D-02  0.130485453112D-03
 -0.354291808699D-03  0.492228398750D+00 -0.407156334854D-02 -0.222626724132D-02
  0.820015155334D-03 -0.173512341372D-02 -0.412046438733D-03  0.168270079871D-02
  0.651904434406D-03  0.601371069054D-03  0.363383498558D-02 -0.176203493032D-02
 -0.412447162602D-03  0.170665752422D-02  0.648012369945D-03  0.602724004206D-03
  0.368361154925D-02 -0.415242656260D-02 -0.224273153580D-02  0.864098904488D-03
  0.211987862364D-02  0.391326237114D+00 -0.309834995748D-02  0.126471564840D-03
 -0.353457788895D-03  0.139199221235D-03 -0.140708185033D-03 -0.131801457665D-02
 -0.571722686078D-03 -0.109982427137D-02 -0.613289352114D-03  0.137581430223D-03
 -0.136926804621D-03 -0.132140508314D-02 -0.569042020010D-03 -0.109455738658D-02
 -0.627942219360D-03 -0.315117765616D-02  0.129153203896D-03 -0.355117636645D-03
 -0.989725307452D-03  0.213595853336D-02  0.492223332882D+00 -0.409401083563D-02
 -0.220822296979D-02  0.808258470100D-03 -0.172038335772D-02 -0.411439733913D-03
  0.164870540001D-02  0.637716543224D-03  0.578750553129D-03  0.359760683264D-02
 -0.174712915185D-02 -0.411774618156D-03  0.167243415436D-02  0.633896983346D-03
  0.580181511108D-03  0.364678302683D-02 -0.417517487075D-02 -0.222452473712D-02
  0.851998976319D-03  0.208822036198D-02  0.790808238562D-02  0.210414280016D-02
  0.391283468160D+00 -0.514088945906D-03 -0.626520010467D-03  0.288993513399D-03
 -0.496010023327D-03 -0.848209463657D-04  0.705479858308D-03  0.284907052490D-03
  0.371427707987D-03  0.109983324068D-02 -0.502986501741D-03 -0.856468442312D-04
  0.712606870794D-03  0.283345085965D-03  0.370794580250D-03  0.111608503851D-02
 -0.525950992544D-03 -0.631484752191D-03  0.301239411825D-03  0.761512524461D-03
  0.174074955053D-02  0.766346988010D-03  0.174104914775D-02  0.401084540605D+00
  0.000000000000D+00  0.000000000000D+00  0.000000000000D+00  0.000000000000D+00
  0.000000000000D+00  0.000000000000D+00  0.000000000000D+00  0.000000000000D+00
  0.000000000000D+00  0.000000000000D+00  0.000000000000D+00  0.000000000000D+00
  0.000000000000D+00  0.000000000000D+00  0.000000000000D+00  0.000000000000D+00
  0.000000000000D+00  0.000000000000D+00  0.000000000000D+00  0.000000000000D+00
  0.000000000000D+00  0.000000000000D+00  0.000000000000D+00  0.000000000000D+00
$end
