$coord
    0.77778551729834     -0.00876504170363     -4.75424575625758  h
   -0.36971593101539     -0.21799620552494     -3.35953812129890  o
    0.96390385591041      0.22837780453910     -1.06212755047319  c
    1.98482233024829      2.02909620354660     -1.11541595989628  h
    2.33270707230136     -1.28124429045970     -0.68752429815086  h
   -0.96390372398017      0.22837784325298      1.06212759599979  c
   -1.98482216333833      2.02909630322588      1.11541587800787  h
   -2.33270706090375     -1.28124415609228      0.68752418796817  h
    0.36971587713453     -0.21799622406286      3.35953816154757  o
   -0.77778586503271     -0.00876549694899      4.75424559231042  h
$user-defined bonds
$intdef
# definitions of internal coordinates
   1 f  1.0000000000000 tors    2    3    6    9 val= 160.00000
$redundant
     number_of_atoms            10
     degrees_of_freedom         24
     internal_coordinates       25
     frozen_coordinates          1
# definitions of redundant internals
   1 k  1.0000000000000 tors   1    2    3    6 val= 172.61305
   2 k  1.0000000000000 stre   2    1           val=   1.81817
   3 k  1.0000000000000 bend   3    1    2      val= 108.82686
   4 k  1.0000000000000 stre   3    4           val=   2.07068
   5 k  1.0000000000000 stre   3    5           val=   2.07193
   6 k  0.0784482726699 bend   5    4    3      val=   0.89307
       -0.5096950589506 bend   2    4    3
       -0.5079022227783 bend   2    5    3
        0.5027701098914 bend   6    4    3
        0.4725614923935 bend   6    5    3
   7 k  0.0267096633009 bend   5    4    3      val=   0.72059
       -0.5451377868596 bend   2    4    3
        0.5338946270934 bend   2    5    3
       -0.4514885901087 bend   6    4    3
        0.4617639736777 bend   6    5    3
   8 k -0.8863859630770 bend   5    4    3      val=   2.41362
        0.1783389580826 bend   2    4    3
        0.1971893371726 bend   2    5    3
        0.2535256965181 bend   6    4    3
        0.2817023730829 bend   6    5    3
   9 k -0.0062542797557 bend   5    4    3      val=   0.83190
       -0.4460389279259 bend   2    4    3
        0.4678125209506 bend   2    5    3
        0.5338013592683 bend   6    4    3
       -0.5451767721066 bend   6    5    3
  10 k  1.0000000000000 stre   6    7           val=   2.07068
  11 k  1.0000000000000 stre   6    8           val=   2.07193
  12 k  0.0784483645625 bend   8    7    6      val=   0.89307
       -0.5096950637906 bend   9    7    6
       -0.5079022241927 bend   9    8    6
        0.5027700996552 bend   3    7    6
        0.4725614812886 bend   3    8    6
  13 k  0.0267096673706 bend   8    7    6      val=   0.72060
       -0.5451378164508 bend   9    7    6
        0.5338946630592 bend   9    8    6
       -0.4514885535167 bend   3    7    6
        0.4617639327021 bend   3    8    6
  14 k -0.8863859605750 bend   8    7    6      val=   2.41362
        0.1783389067827 bend   9    7    6
        0.1971892894824 bend   9    8    6
        0.2535257340691 bend   3    7    6
        0.2817024130198 bend   3    8    6
  15 k -0.0062542827282 bend   8    7    6      val=   0.83190
       -0.4460388876610 bend   9    7    6
        0.4678124836811 bend   9    8    6
        0.5338013913548 bend   3    7    6
       -0.5451768055792 bend   3    8    6
  16 k  1.0000000000000 tors  10    9    6    3 val= 172.61307
  17 k  1.0000000000000 stre   9   10           val=   1.81817
  18 k  1.0000000000000 bend   6   10    9      val= 108.82686
  19 k  1.0000000000000 tors   2    3    6    9 val= 160.00000
  20 k  1.0000000000000 stre   3    2           val=   2.69368
  21 k  1.0000000000000 bend   6    2    3      val= 107.38918
  22 k  1.0000000000000 stre   6    9           val=   2.69368
  23 k  1.0000000000000 bend   3    9    6      val= 107.38918
  24 k  1.0000000000000 stre   3    6           val=   2.86861
  25 f  1.0000000000000 tors   2    3    6    9 val= 160.00000
        24 non zero eigenvalues  of BmBt
           1           3.946854805    1    0
         1
           2           3.772811274    2    0
         2
           3           3.715933618    3    0
         3
           4           3.069666141    4    0
         4
           5           2.997331974    5    0
         5
           6           2.445618033    6    0
         6
           7           2.138743437    7    0
         7
           8           1.681199758    8    0
         8
           9           1.249678602    9    0
         9
          10           1.178520614   10    0
        10
          11           1.058718757   11    0
        11
          12           0.878301764   12    0
        12
          13           0.767082020   13    0
        13
          14           0.752976072   14    0
        14
          15           0.578453173   15    0
        15
          16           0.397416546   16    0
        16
          17           0.354461934   17    0
        17
          18           0.341100171   18    0
        18
          19           0.282397502   20    0
        20
          20           0.254865701   21    0
        21
          21           0.135953201   22    0
        22
          22           0.066855792   23    0
        23
          23           0.065331453   24    0
        24
          24           0.000000000    0    1
         0.000000000         0.000000000         0.000000000         0.000000000
         0.000000000         0.000000000         0.000000000         0.000000000
         0.000000000         0.000000000         0.000000000         0.000000000
         0.000000000         0.000000000         0.000000000         0.000000000
         0.000000000         0.000000000         0.000000000         0.000000000
         0.000000000         0.000000000         0.000000000         0.000000000
         1.000000000
$end
