$energy      SCF               SCFKIN            SCFPOT
     1 -230.2258940667      229.3011848623     -459.5270789291
     2 -230.2261277404      229.2901582055     -459.5162859459
     3 -230.2261918806      229.2915449236     -459.5177368042
     4 -230.2261935919      229.2914106945     -459.5176042864
     5 -230.2261939161      229.2915951218     -459.5177890379
     6 -230.2261939494      229.2916139919     -459.5178079413
     7 -230.2261939512      229.2915855247     -459.5177794759
     8 -230.2261939691      229.2915758454     -459.5177698144
     9 -230.2261939691      229.2915745409     -459.5177685100
    10 -230.2261939691      229.2915704790     -459.5177644481
    11 -230.2261939691      229.2915683950     -459.5177623640
    12 -230.2261939690      229.2915610615     -459.5177550305
    13 -230.2261939690      229.2915759232     -459.5177698921
$end
