$grad          cartesian gradients
  cycle =      1    SCF energy =     -230.2258940667   |dE/dxyz| =  0.004257
    0.81381115674639     -0.22217472398888     -4.72998279951748      h
   -0.37193913361648     -0.21292348358726     -3.35206560877875      o
    0.96456337940296      0.23371951192812     -1.05814357723251      c
    1.94021875124690      2.06102722876579     -1.09219524001532      h
    2.37117036041555     -1.24447564613557     -0.69965075481521      h
   -0.96455414711832      0.23375656592312      1.05814259589743      c
   -1.94017260824341      2.06108654650455      1.09218381262053      h
   -2.37118883439243     -1.24440980607674      0.69965176773070      h
    0.37193504996604     -0.21289497644000      3.35207064746346      o
   -0.81388401997406     -0.22261091042032      4.72992492925688      h
  -.54660574911849D-04  -.54817004431846D-03  0.31136346099339D-03
  -.16386766536941D-03  -.11276950173905D-02  0.82230499047299D-03
  -.46436932526027D-03  0.67543223380739D-03  0.88953370235967D-03
  -.12174158457423D-02  0.51229364026711D-03  0.11939265961733D-02
  0.12242765557135D-02  0.48604522038797D-03  -.56623336647134D-03
  0.46380781294029D-03  0.67657215657623D-03  -.88935726775886D-03
  0.12170031518065D-02  0.51272182507791D-03  -.11933957676210D-02
  -.12236968839617D-02  0.48647427173329D-03  0.56585830456039D-03
  0.16424968264003D-03  -.11266022095235D-02  -.82233036076578D-03
  0.54673978401282D-04  -.54900024211696D-03  -.31167098315180D-03
  cycle =      2    SCF energy =     -230.2261277404   |dE/dxyz| =  0.003608
    0.80881805223375     -0.12166262162135     -4.74738886003804      h
   -0.36302077280549     -0.23002707063437     -3.36125238322552      o
    0.96563755081055      0.21615086965508     -1.06131179293734      c
    1.96729030334889      2.02960690674451     -1.10090109419657      h
    2.35132267907516     -1.27886843685632     -0.69644025757446      h
   -0.96562534616039      0.21616368041395      1.06130587697911      c
   -1.96724048232641      2.02964071427174      1.10091818445880      h
   -2.35134070453581     -1.27881963525335      0.69640522981277      h
    0.36301143246237     -0.23007141022217      3.36124805850814      o
   -0.80889275766948     -0.12201269002491      4.74735281082283      h
  -.43142144414971D-07  -.27041496376266D-03  -.66966128172454D-04
  0.32736314987215D-03  -.17901763512867D-02  0.13365809294119D-03
  -.42680323320943D-03  0.11927314294150D-02  -.36580191448521D-03
  -.32438560661837D-03  0.43453466806667D-03  0.64235986035134D-03
  0.37138220947758D-03  0.43169997802432D-03  -.57516592321906D-03
  0.42679241459880D-03  0.11938208867553D-02  0.36521893978632D-03
  0.32423156682461D-03  0.43450279346521D-03  -.64193809106370D-03
  -.37112130062044D-03  0.43187119797566D-03  0.57493444067586D-03
  -.32754714376347D-03  -.17894661171325D-02  -.13314627169595D-03
  0.12708348698675D-06  -.27098562424546D-03  0.66843893940250D-04
  cycle =      3    SCF energy =     -230.2261918806   |dE/dxyz| =  0.004310
    0.79644910063933     -0.03780379981716     -4.75090756819119      h
   -0.35702558444234     -0.24450259974106     -3.36061209609186      o
    0.96817767008268      0.20173109474446     -1.05903153746891      c
    1.98877592618139      2.00354550001389     -1.10454454810203      h
    2.33597599743570     -1.30774548009735     -0.68324264582013      h
   -0.96817392728570      0.20171901158526      1.05902409826813      c
   -1.98873106191589      2.00355548928922      1.10459707932601      h
   -2.33600605128796     -1.30771279580799      0.68317561265149      h
    0.35701080099141     -0.24462529754244      3.36059293200322      o
   -0.79649291596549     -0.03806081615403      4.75088444603500      h
  0.63241904461512D-04  0.39223917948206D-05  -.78532401675120D-05
  0.27665530274802D-03  -.21611584850817D-02  0.46198319371222D-03
  -.21147577915105D-03  0.19164779791991D-02  -.68459227266998D-03
  0.84432105656165D-04  0.15780087544756D-03  0.17749438883271D-03
  -.88640642379316D-04  0.81717831681446D-04  -.23816562327356D-03
  0.21170338105179D-03  0.19170644602166D-02  0.68474495177177D-03
  -.84480192055828D-04  0.15778535392111D-03  -.17738914959820D-03
  0.88654073872918D-04  0.81603399146870D-04  0.23795574722929D-03
  -.27675726678470D-03  -.21608926110935D-02  -.46200226987349D-03
  -.63332802912428D-04  0.37425165026456D-05  0.78230113148283D-05
  cycle =      4    SCF energy =     -230.2261935919   |dE/dxyz| =  0.004264
    0.79522150741916     -0.03174783849761     -4.75150880802793      h
   -0.35659442352120     -0.24569931508387     -3.36103859188292      o
    0.96805945330467      0.20057367103355     -1.05862528655172      c
    1.98923661985353      2.00146039134182     -1.10593452491515      h
    2.33526921812468     -1.30935604558399     -0.68015606794708      h
   -0.96806024053420      0.20055509790624      1.05861748958368      c
   -1.98919484815356      2.00146432933835      1.10599737693266      h
   -2.33530495760396     -1.30932687085543      0.68008248545849      h
    0.35657866264402     -0.24584234383910      3.36101445378455      o
   -0.79525103710001     -0.03198076928715      4.75148724617515      h
  0.16721268855485D-04  0.12019975198337D-04  -.64799470425450D-05
  0.26695513255300D-03  -.20908172801141D-02  0.28931163470484D-03
  -.35881615754975D-03  0.20370259283852D-02  -.51631730466876D-03
  0.22940216972910D-04  0.35849520618070D-04  0.93336797633495D-04
  -.33567412757677D-04  0.47749511083296D-05  -.74974418347742D-04
  0.35892218969966D-03  0.20373129789735D-02  0.51661302367186D-03
  -.22963689113469D-04  0.35864968855656D-04  -.93318104285671D-04
  0.33593374448186D-04  0.47133323601573D-05  0.74811603054052D-04
  -.26698096182520D-03  -.20906710693091D-02  -.28944294721587D-03
  -.16803701301336D-04  0.11933778293450D-04  0.64581087422323D-05
  cycle =      5    SCF energy =     -230.2261939161   |dE/dxyz| =  0.004143
    0.79525694693514     -0.03302925485319     -4.75146019974006      h
   -0.35676312021834     -0.24547556490683     -3.36098940268112      o
    0.96795623193893      0.20082384740965     -1.05843000359833      c
    1.98879800480562      2.00164569188666     -1.10724896618832      h
    2.33551546897048     -1.30872924721141     -0.67876279092275      h
   -0.96796040936961      0.20080044035550      1.05842159986712      c
   -1.98875860700395      2.00164496307102      1.10731965186395      h
   -2.33555570626895     -1.30870257835354      0.67868481043910      h
    0.35674657209658     -0.24563364952923      3.36096155157049      o
   -0.79527542745276     -0.03324434139583      4.75143952199964      h
  -.74779351528941D-05  0.45309714249680D-05  0.14577992693841D-05
  0.26576632589748D-03  -.20084902067968D-02  0.22863729829570D-03
  -.41636744049023D-03  0.20248499120240D-02  -.38871285713616D-03
  -.15871040886432D-04  -.10930205523952D-04  0.24863469949291D-04
  0.11074467261613D-04  -.11000276082690D-04  0.94956940956118D-06
  0.41640637621419D-03  0.20249038083504D-02  0.38896827364729D-03
  0.15867916884840D-04  -.10914454258441D-04  -.24884130777023D-04
  -.11052985375060D-04  -.11009556704976D-04  -.10345337523107D-05
  -.26578472961654D-03  -.20084216720652D-02  -.22877434327826D-03
  0.74392391283975D-05  0.45027148953530D-05  -.14723636389204D-05
  cycle =      6    SCF energy =     -230.2261939494   |dE/dxyz| =  0.004083
    0.79562447616763     -0.03514752150599     -4.75131681713072      h
   -0.35697054900332     -0.24495261462157     -3.36090637317894      o
    0.96792792494345      0.20134944717404     -1.05846493660485      c
    1.98889917951196      2.00215074242331     -1.10781871718809      h
    2.33544791797913     -1.30816253282296     -0.67875960952839      h
   -0.96793344805230      0.20132395218026      1.05845603967102      c
   -1.98886079953181      2.00214790486718      1.10789297152943      h
   -2.33549011180842     -1.30813699515992      0.67867985494027      h
    0.35695358003775     -0.24511734557621      3.36087690473629      o
   -0.79563821581092     -0.03535473048535      4.75129645536370      h
  -.22292484336506D-05  0.26828075827941D-06  -.87499082990225D-06
  0.26494979042817D-03  -.19903909960095D-02  0.24256942537688D-03
  -.40612387699772D-03  0.19855548413142D-02  -.36911337245456D-03
  -.30562906144671D-05  0.10460157586414D-05  -.14784345462231D-06
  0.49293974654627D-05  0.25347463049558D-05  -.13571267909112D-05
  0.40617359491661D-03  0.19855362245345D-02  0.36926085690071D-03
  0.30550500290041D-05  0.10527207850461D-05  0.13468048866934D-06
  -.49223174295486D-05  0.25355195536995D-05  0.13317263982782D-05
  -.26499546565481D-03  -.19903548769933D-02  -.24267980362722D-03
  0.22195154310380D-05  0.26126833898325D-06  0.87451388137497D-06
  cycle =      8    SCF energy =     -230.2261939691   |dE/dxyz| =  0.004090
    0.77774131801024     -0.00865911892785     -4.75426590781949      h
   -0.36971045238137     -0.21800907130004     -3.35953641264626      o
    0.96390538741177      0.22836432231485     -1.06212762811508      c
    1.98481344292076      2.02909408955179     -1.11542888142828      h
    2.33273420170425     -1.28123099136976     -0.68753577472442      h
   -0.96390524948863      0.22836442140131      1.06212761709164      c
   -1.98481319346949      2.02909427595201      1.11542862663577      h
   -2.33273413150929     -1.28123078970228      0.68753555423236      h
    0.36971035525094     -0.21800902649854      3.35953645724420      o
   -0.77774173943221     -0.00865987020630      4.75426580656299      h
  -.90110600807261D-06  -.76288539112868D-07  -.88700717315873D-06
  0.26325351406786D-03  -.19941726750787D-02  0.23731526021492D-03
  -.40775662269292D-03  0.19904476996078D-02  -.36745647015155D-03
  0.11494098130392D-05  0.95668430264678D-06  -.96297381804691D-06
  0.23655856155716D-06  0.17697639049629D-05  -.80005695709454D-06
  0.40775846553541D-03  0.19904481964834D-02  0.36747539623119D-03
  -.11498925216877D-05  0.95877473399900D-06  0.95652028313206D-06
  -.23407507707639D-06  0.17697430186505D-05  0.79293356256026D-06
  -.26325621433353D-03  -.19941713513583D-02  -.23732170791643D-03
  0.89996263524488D-06  -.77381881488892D-07  0.88810129192772D-06
  cycle =      9    SCF energy =     -230.2261939691   |dE/dxyz| =  0.004094
    0.77775193913289     -0.00872527033372     -4.75425587297629      h
   -0.36972533958381     -0.21798729213451     -3.35953421240492      o
    0.96390087583398      0.22838653256871     -1.06212927806620      c
    1.98481439028373      2.02910909162951     -1.11542384865393      h
    2.33271802180083     -1.28122380492517     -0.68753605975081      h
   -0.96390077920377      0.22838660086340      1.06212924076942      c
   -1.98481417192352      2.02910924433146      1.11542368686859      h
   -2.33271801810688     -1.28122362073091      0.68753584684984      h
    0.36972526338298     -0.21798734125757      3.35953419773111      o
   -0.77775224259946     -0.00872589879603      4.75425575666661      h
  -.50254688434102D-06  -.52792480669844D-06  -.28948696395629D-06
  0.26197034879503D-03  -.19945227005520D-02  0.23674405242307D-03
  -.40769234668704D-03  0.19935234858818D-02  -.36796178391176D-03
  0.45659382524684D-06  -.35155906640184D-07  -.11152314525678D-06
  0.42088933270980D-06  0.48863572319339D-06  -.31054670764605D-06
  0.40769114923916D-03  0.19935247993298D-02  0.36797044908818D-03
  -.45568245222795D-06  -.34683172889760D-07  0.10858743795904D-06
  -.41857574027422D-06  0.48876871183654D-06  0.30672382296901D-06
  -.26197251140668D-03  -.19945228366329D-02  -.23674820967965D-03
  0.50268068498094D-06  -.52817247313728D-06  0.29173631405083D-06
  cycle =     11    SCF energy =     -230.2261939691   |dE/dxyz| =  0.004096
    0.77777736321389     -0.00872886674490     -4.75424789479432      h
   -0.36971128230918     -0.21800581142386     -3.35953723975385      o
    0.96390518249732      0.22836822172377     -1.06212515958453      c
    1.98482273888441      2.02908682745300     -1.11541041532853      h
    2.33271088913289     -1.28125191859015     -0.68752108580826      h
   -0.96390510562436      0.22836828465438      1.06212515708057      c
   -1.98482258248572      2.02908695004774      1.11541030003447      h
   -2.33271089333468     -1.28125177642490      0.68752099720475      h
    0.36971123203103     -0.21800578038813      3.35953725976184      o
   -0.77777763338302     -0.00872939053480      4.75424781094484      h
  -.14593704973565D-06  -.15017098942334D-07  0.13338401675829D-07
  0.26123379848648D-03  -.19954584731966D-02  0.23644643580714D-03
  -.40729199081679D-03  0.19948709186262D-02  -.36861273273607D-03
  0.10274796847836D-06  -.33298643353961D-06  0.24200678696221D-06
  0.28766470824991D-06  -.13754299908509D-06  0.82747751944490D-07
  0.40728199454764D-03  0.19948736321049D-02  0.36860057895282D-03
  -.98559897292837D-07  -.33539915519357D-06  -.24085737495039D-06
  -.28241607629669D-06  -.13638878733177D-06  -.81033905500849D-07
  -.26123452114601D-03  -.19954575915602D-02  -.23644406119896D-03
  0.14721949899080D-06  -.16787822969797D-07  -.64218809800113D-08
  cycle =     12    SCF energy =     -230.2261939690   |dE/dxyz| =  0.004095
    0.77778635040154     -0.00877533209688     -4.75424575817548      h
   -0.36971659440845     -0.21799379474530     -3.35953764979605      o
    0.96390362411194      0.22838019975243     -1.06212751158464      c
    1.98482178298901      2.02909862081140     -1.11541533620243      h
    2.33270808491909     -1.28124122125949     -0.68752537028214      h
   -0.96390353596221      0.22838023855488      1.06212752539342      c
   -1.98482163275295      2.02909871942827      1.11541526864929      h
   -2.33270809543943     -1.28124109136948      0.68752525295160      h
    0.36971654007676     -0.21799383752768      3.35953766546472      o
   -0.77778661531273     -0.00877576177599      4.75424564333870      h
  0.33964318722038D-07  -.36026495594028D-06  -.36597331360794D-08
  0.26097064852371D-03  -.19951767450158D-02  0.23647137666249D-03
  -.40701867335297D-03  0.19949414506153D-02  -.36892989304082D-03
  0.83764294933690D-07  -.31326118149408D-06  0.21770515382637D-06
  0.21140855244849D-06  -.16407195643521D-06  -.10807259360923D-07
  0.40699959137726D-03  0.19949479487436D-02  0.36890123925310D-03
  -.76750664398095D-07  -.31713490856732D-06  -.21262728549252D-06
  -.20272978108871D-06  -.16241489979501D-06  0.15185608166321D-07
  -.26097006290366D-03  -.19951786841009D-02  -.23646388521567D-03
  -.31160898691070D-07  -.36179682178043D-06  0.15364728906598D-07
$end
