$hessapprox internal
  0.169014244000D-01 -0.121530874504D-02  0.619024693238D+00  0.433985029394D-02
  0.235494957302D-02  0.366027398697D+00 -0.924177972183D-03 -0.433022437893D-03
  0.105634487870D-02  0.423472513857D+00  0.739015689975D-03  0.453847778282D-03
 -0.116621488173D-02  0.210973214620D-03  0.422395056623D+00  0.183316002181D-03
 -0.242020625415D-03  0.770439000545D-03 -0.156351302240D-03  0.137148133185D-03
  0.345861129532D+00  0.136543998690D-02  0.951922426426D-03 -0.249356645300D-02
  0.456524159693D-03 -0.482095252107D-03  0.266175986133D-03  0.345715486289D+00
  0.307519135350D-02  0.156377008296D-02 -0.388224195228D-02  0.686765899511D-03
 -0.769093731357D-03  0.534104614182D-03 -0.165277164528D-02  0.318239378272D+00
 -0.394002766371D-02 -0.140766145933D-02  0.319322947440D-02 -0.529221287514D-03
  0.660112467679D-03 -0.617166706825D-03  0.146932621217D-02  0.203161654332D-02
  0.343606069753D+00 -0.101130498647D-02 -0.460447181445D-03  0.111589038709D-02
 -0.194179985125D-03  0.223548984261D-03 -0.169581610164D-03  0.484987068056D-03
  0.724121269579D-03 -0.549607072030D-03  0.423453178931D+00  0.636312764004D-03
  0.421714589842D-03 -0.109660507519D-02  0.199861648079D-03 -0.212711713069D-03
  0.121574508984D-03 -0.448755382579D-03 -0.725457533163D-03  0.636510257338D-03
  0.212116267590D-03  0.422424115004D+00  0.311977652200D-03 -0.213705723108D-03
  0.718918098132D-03 -0.149458067477D-03  0.125227903073D-03  0.122287130726D-04
  0.237398707776D-03  0.503847444613D-03 -0.613893835140D-03 -0.162836584967D-03
  0.109467997572D-03  0.345898403977D+00  0.134984124890D-02  0.950107404243D-03
 -0.249215504487D-02  0.456640539546D-03 -0.481533178075D-03  0.264156041957D-03
 -0.101234803046D-02 -0.165241052868D-02  0.147249225692D-02  0.485196011202D-03
 -0.448083014007D-03  0.235167880934D-03  0.345718981691D+00  0.296006169307D-02
  0.152829992724D-02 -0.380585638890D-02  0.674634163630D-03 -0.752895824869D-03
  0.516708721648D-03 -0.161599723006D-02 -0.248863699266D-02  0.200637207575D-02
  0.711654933003D-03 -0.709642308537D-03  0.486209908609D-03 -0.161550911796D-02
  0.318334559817D+00 -0.392486151505D-02 -0.140583925793D-02  0.319168532683D-02
 -0.529300592519D-03  0.659534586461D-03 -0.615196299770D-03  0.146758268585D-02
  0.203114786969D-02 -0.129363653378D-02 -0.549773721491D-03  0.635828258401D-03
 -0.611721819457D-03  0.147071464405D-02  0.200578340171D-02  0.343600199248D+00
  0.273869355991D-02 -0.121212320837D-02  0.432697371798D-02 -0.921312441831D-03
  0.736918243904D-03  0.182156400849D-03  0.136176905005D-02  0.306587790334D-02
 -0.392702064255D-02 -0.100814515114D-02  0.634562586929D-03  0.310361480440D-03
  0.134622858279D-02  0.295113852388D-02 -0.391191104494D-02  0.168753880912D-01
 -0.112135645267D-02 -0.863164078016D-03  0.229110227542D-02 -0.422824436471D-03
  0.440353132341D-03 -0.227767573808D-03  0.921361895294D-03  0.152373658998D-02
 -0.138594608355D-02 -0.449952793593D-03  0.408559669835D-03 -0.199285619974D-03
  0.919446319342D-03  0.148861991482D-02 -0.138402897167D-02 -0.111848849487D-02
  0.619083288805D+00  0.457394624314D-02  0.242705649566D-02 -0.607662346184D-02
  0.108100356401D-02 -0.119914206817D-02  0.805808757027D-03 -0.256832400400D-02
 -0.397938215748D-02  0.324452572818D-02  0.114122871361D-02 -0.112875498075D-02
  0.754780112120D-03 -0.256717091277D-02 -0.390219292202D-02  0.324322567225D-02
  0.456027607158D-02  0.236249122232D-02  0.365715230694D+00 -0.113229568995D-02
 -0.500860353526D-03  0.120554043326D-02 -0.208775644109D-03  0.242284032424D-03
 -0.188216604185D-03  0.527046603158D-03  0.780757065275D-03 -0.583045741254D-03
 -0.219075393608D-03  0.230279065170D-03 -0.181538653933D-03  0.527369902048D-03
  0.767685418334D-03 -0.583319798852D-03 -0.112873136150D-02 -0.489838771228D-03
  0.123210854026D-02  0.491066233001D+00 -0.656008646268D-03 -0.508704600440D-03
  0.135150865027D-02 -0.249560173704D-03  0.259655129114D-03 -0.133668745055D-03
  0.543079953773D-03  0.899055896128D-03 -0.819037846004D-03 -0.265603162454D-03
  0.240852655258D-03 -0.116783530588D-03  0.541936528880D-03  0.878286194085D-03
 -0.817894003944D-03 -0.654337598829D-03 -0.491472669110D-03  0.139373158403D-02
 -0.289182687918D-03  0.381112126337D+00 -0.884647727068D-03 -0.433323187386D-03
  0.106741289117D-02 -0.187835398792D-03  0.212223743610D-03 -0.151784539628D-03
  0.457473793475D-03  0.695868223881D-03 -0.548036414311D-03 -0.197819332188D-03
  0.200566997763D-03 -0.144065000912D-03  0.457470573287D-03  0.683118728984D-03
 -0.548000126452D-03 -0.881938701198D-03 -0.422627134492D-03  0.109332786596D-02
 -0.213026539531D-03 -0.249399831234D-03  0.491110626880D+00 -0.737859549679D-03
 -0.525635398898D-03  0.138105020428D-02 -0.253308489625D-03  0.266647631330D-03
 -0.145102553207D-03  0.560209786420D-03  0.916092100543D-03 -0.818736386772D-03
 -0.269207287312D-03  0.248022343056D-03 -0.128882714745D-03  0.559207110142D-03
  0.895541486601D-03 -0.817727254214D-03 -0.735896093650D-03 -0.508563462779D-03
  0.142282708856D-02 -0.292673077176D-03 -0.299745691269D-03 -0.253686810643D-03
  0.381092320160D+00 -0.135359161066D-02 -0.201809564511D-02  0.568288203266D-02
 -0.108487375290D-02  0.106440617978D-02 -0.384932633254D-03  0.217413221243D-02
  0.383481483062D-02 -0.382272805511D-02 -0.116262937179D-02  0.973105672027D-03
 -0.292407402957D-03  0.216587544111D-02  0.373347573589D-02 -0.381459500520D-02
 -0.135188966430D-02 -0.193447107142D-02  0.588890908398D-02 -0.127486911361D-02
 -0.113853996326D-02 -0.107291779656D-02 -0.119542107250D-02  0.386290662747D+00
  0.000000000000D+00  0.000000000000D+00  0.000000000000D+00  0.000000000000D+00
  0.000000000000D+00  0.000000000000D+00  0.000000000000D+00  0.000000000000D+00
  0.000000000000D+00  0.000000000000D+00  0.000000000000D+00  0.000000000000D+00
  0.000000000000D+00  0.000000000000D+00  0.000000000000D+00  0.000000000000D+00
  0.000000000000D+00  0.000000000000D+00  0.000000000000D+00  0.000000000000D+00
  0.000000000000D+00  0.000000000000D+00  0.000000000000D+00  0.000000000000D+00
$end
