$coord
    0.24905449919649     -1.05590070885439     -4.22909308313616  h
   -0.26091003167557     -1.11987612805530     -2.48123290600289  o
    0.41411192944080      1.21901567016442     -1.36759139909903  c
   -0.47790685076167      2.83049239044171     -2.31676192921755  h
    2.46936212598072      1.47489955855028     -1.45056727981878  h
   -0.41411274708094      1.21901630887963      1.36759021924096  c
    0.47790111286555      2.83049643862286      2.31676009994074  h
   -2.46936358916031      1.47489485706229      1.45056344512507  h
    0.26091516866837     -1.11987184637573      2.48123505220330  o
   -0.24914211182666     -1.05593424561111      4.22906944511958  h
$intdef
# definitions of internal coordinates
   1 f  1.0000000000000 tors    2    3    6    9 val=  45.00000
$user-defined bonds
$redundant
     number_of_atoms            10
     degrees_of_freedom         24
     internal_coordinates       25
     frozen_coordinates          1
# definitions of redundant internals
   1 k  1.0000000000000 tors   1    2    3    6 val= 178.63124
   2 k  1.0000000000000 stre   2    1           val=   1.82186
   3 k  1.0000000000000 bend   3    1    2      val= 107.32824
   4 k  1.0000000000000 stre   3    4           val=   2.07207
   5 k  1.0000000000000 stre   3    5           val=   2.07278
   6 k  0.0887961367640 bend   5    4    3      val=   1.12284
       -0.5267430736327 bend   2    4    3
       -0.4902273993847 bend   2    5    3
        0.4795428146353 bend   6    4    3
        0.4943407390657 bend   6    5    3
   7 k  0.0090119653998 bend   5    4    3      val=   0.28085
       -0.5297003539782 bend   2    4    3
        0.5594034305511 bend   2    5    3
       -0.4631817041903 bend   6    4    3
        0.4380260611722 bend   6    5    3
   8 k -0.8895529726837 bend   5    4    3      val=   1.07482
        0.1681043714824 bend   2    4    3
        0.1910460936915 bend   2    5    3
        0.2716466987840 bend   6    4    3
        0.2648506941713 bend   6    5    3
   9 k -0.0094792625883 bend   5    4    3      val=   1.38386
        0.4511185976462 bend   2    4    3
       -0.4499841466308 bend   2    5    3
       -0.5347744499176 bend   6    4    3
        0.5549168495682 bend   6    5    3
  10 k  1.0000000000000 stre   6    7           val=   2.07207
  11 k  1.0000000000000 stre   6    8           val=   2.07278
  12 k  0.0887964932641 bend   8    7    6      val=   1.12285
       -0.5267426608977 bend   9    7    6
       -0.4902278549342 bend   9    8    6
        0.4795434019077 bend   3    7    6
        0.4943400933647 bend   3    8    6
  13 k  0.0090124397625 bend   8    7    6      val=   0.28087
       -0.5297010026873 bend   9    7    6
        0.5594031195730 bend   9    8    6
       -0.4631810206257 bend   3    7    6
        0.4380263869058 bend   3    8    6
  14 k -0.8895529890900 bend   8    7    6      val=   1.07480
        0.1681042245989 bend   9    7    6
        0.1910458071494 bend   9    8    6
        0.2716463767120 bend   3    7    6
        0.2648512693248 bend   3    8    6
  15 k -0.0094788226483 bend   8    7    6      val=   1.38379
        0.4511180900803 bend   9    7    6
       -0.4499842835596 bend   9    8    6
       -0.5347747028464 bend   3    7    6
        0.5549169149237 bend   3    8    6
  16 k  1.0000000000000 tors  10    9    6    3 val= 178.63466
  17 k  1.0000000000000 stre   9   10           val=   1.82186
  18 k  1.0000000000000 bend   6   10    9      val= 107.32824
  19 k  1.0000000000000 tors   2    3    6    9 val=  45.00000
  20 k  1.0000000000000 stre   3    2           val=   2.67699
  21 k  1.0000000000000 bend   6    2    3      val= 108.97012
  22 k  1.0000000000000 stre   6    9           val=   2.67699
  23 k  1.0000000000000 bend   3    9    6      val= 108.97013
  24 k  1.0000000000000 stre   3    6           val=   2.85783
  25 f  1.0000000000000 tors   2    3    6    9 val=  45.00000
        24 non zero eigenvalues  of BmBt
           1           4.513237374    1    0
         1
           2           3.795219166    2    0
         2
           3           3.766760108    3    0
         3
           4           3.080296627    4    0
         4
           5           2.706475949    5    0
         5
           6           2.457364710    6    0
         6
           7           2.103675996    7    0
         7
           8           1.725055048    8    0
         8
           9           1.232692723    9    0
         9
          10           1.227406776   10    0
        10
          11           1.043181657   11    0
        11
          12           0.840733709   12    0
        12
          13           0.772487887   13    0
        13
          14           0.730809167   14    0
        14
          15           0.650308611   15    0
        15
          16           0.409374606   16    0
        16
          17           0.344993558   17    0
        17
          18           0.319437368   18    0
        18
          19           0.276517707   20    0
        20
          20           0.247199694   21    0
        21
          21           0.151162024   22    0
        22
          22           0.068084987   23    0
        23
          23           0.059077516   24    0
        24
          24           0.000000000    0    1
         0.000000000         0.000000000         0.000000000         0.000000000
         0.000000000         0.000000000         0.000000000         0.000000000
         0.000000000         0.000000000         0.000000000         0.000000000
         0.000000000         0.000000000         0.000000000         0.000000000
         0.000000000         0.000000000         0.000000000         0.000000000
         0.000000000         0.000000000         0.000000000         0.000000000
         1.000000000
$end
