$energy      SCF               SCFKIN            SCFPOT            MP2
     1 -229.0229437748      228.760639     -457.783583     -.8135393842036
     2 -229.0239825398      228.777485     -457.801467     -.8130989270124
     3 -229.0240704465      228.792221     -457.816292     -.8131034460158
     4 -229.0239837982      228.788859     -457.812843     -.8131991625839
     5 -229.0239500043      228.786992     -457.810942     -.8132338537150
     6 -229.0239517094      228.787050     -457.811002     -.8132321534376
     7 -229.0239517093      228.787051     -457.811003     -.8132321540254
     8 -229.0239518414      228.787033     -457.810985     -.8132320174117
     9 -229.0239521036      228.787026     -457.810979     -.8132317674080
    10 -229.0239521036      228.787026     -457.810978     -.8132317854141
    11 -229.0239522432      228.787033     -457.810985     -.8132316375896
    12 -229.0239522404      228.787036     -457.810988     -.8132316552103
$end
