$grad          cartesian gradients
  cycle =      1 MP2 energy =     -229.8364831590 |dE/dxyz| =  0.013163
    0.25145497284423     -1.18109099287408     -4.15929259722123      h
   -0.27232375903078     -1.13282353494055     -2.41916785743612      o
    0.42875967534929      1.24353733561781     -1.36608301671913      c
   -0.47938431041239      2.81411500164577     -2.36643337512871      h
    2.47938922347949      1.52966130886443     -1.43800756685869      h
   -0.42876474711684      1.24354571277601      1.36606806056040      c
    0.47933759864704      2.81413495224483      2.36640783474389      h
   -2.47941426347231      1.52964279330677      1.43795969569178      h
    0.27239571141731     -1.13276907764436      2.41920263330729      o
   -0.25246487753636     -1.18147830265357      4.15899223534004      h
  -.14549194281352D-02  -.25226315565777D-02  0.17252031736783D-02
  0.26520338019544D-02  -.48174301480222D-02  -.13377165062112D-02
  -.20542132836912D-02  0.54254500078708D-02  -.13145399643921D-03
  -.40690915955466D-03  -.69551673744872D-03  -.11169591144882D-02
  -.64543362299219D-06  0.26106083847832D-02  0.85945789146336D-03
  0.20599133907782D-02  0.54272652435730D-02  0.13330162784575D-03
  0.40527297367321D-03  -.70062824595007D-03  0.11146348319948D-02
  -.47746268685422D-05  0.26132051172824D-02  -.85971392764472D-03
  -.26498085184778D-02  -.48184434395901D-02  0.13362006775575D-02
  0.14540502834754D-02  -.25218786518002D-02  -.17229546576072D-02
  cycle =      2 MP2 energy =     -229.8370814668 |dE/dxyz| =  0.013549
    0.25064315821033     -1.10341395493455     -4.21805155128092      h
   -0.25893270905012     -1.13068989570709     -2.46989480271581      o
    0.42023874151614      1.21649315803884     -1.36922652407967      c
   -0.47087709458614      2.80979636514157     -2.34778218387582      h
    2.47282655140177      1.48121878804683     -1.44467266219144      h
   -0.42029117477826      1.21649184934582      1.36920195984943      c
    0.47082730811906      2.80977446075369      2.34778658217963      h
   -2.47287943457092      1.48123419868250      1.44461620607834      h
    0.25887064965589     -1.13069518729412      2.46986144202595      o
   -0.25144077174907     -1.10373458573043      4.21780758028983      h
  -.51657846409292D-03  -.12470485422361D-02  0.17761566589947D-04
  0.48202317032926D-02  -.17081434307755D-02  0.23095398375617D-03
  -.68397908685180D-02  0.30257023740727D-02  -.21856939249911D-02
  0.15282476627432D-03  -.78190011883894D-03  -.12336828448243D-02
  -.58007584590669D-03  0.71099018592335D-03  0.20587425939855D-03
  0.68400996843647D-02  0.30266443509888D-02  0.21862732642317D-02
  -.15302031698572D-03  -.78323530097801D-03  0.12338819454425D-02
  0.57939989118561D-03  0.71180680423433D-03  -.20653124457948D-03
  -.48187367753214D-02  -.17077039226949D-02  -.23077883199107D-03
  0.51564622561673D-03  -.12471124219865D-02  -.18058174303448D-04
  cycle =      3 MP2 energy =     -229.8371738925 |dE/dxyz| =  0.015994
    0.25295322714326     -1.07450076954926     -4.22685673239733      h
   -0.25739203728046     -1.13162815953135     -2.47894381318616      o
    0.41631888854877      1.20628823498101     -1.36702048073300      c
   -0.47000925596775      2.81342172248036     -2.32761668701137      h
    2.47171720081948      1.45982878588816     -1.44465242910788      h
   -0.41641686212075      1.20627550920153      1.36698731720501      c
    0.46996296225994      2.81335142620898      2.32763924456114      h
   -2.47180504640137      1.45988787094984      1.44459638616354      h
    0.25720234512583     -1.13169065829114      2.47885649816423      o
   -0.25354619795827     -1.07475876599507      4.22665674262135      h
  -.85006452485215D-04  -.24431887772691D-03  -.91674502884942D-04
  0.55822921738806D-02  -.12821495533082D-02  0.16810681564499D-02
  -.90634303885990D-02  0.19753433646086D-02  -.23902770142734D-02
  0.14806299388881D-03  -.37782635983241D-03  -.49332477475961D-03
  -.19023436542609D-03  -.71563684633902D-04  0.23442943530294D-04
  0.90625305427792D-02  0.19754568860142D-02  0.23902959344735D-02
  -.14775678076462D-03  -.37750111912693D-03  0.49425653919721D-03
  0.19076418322195D-03  -.71587737962675D-04  -.24103320073632D-04
  -.55817671329690D-02  -.12812619440368D-02  -.16808838559834D-02
  0.84545226298194D-04  -.24459097058838D-03  0.91199894459493D-04
  cycle =      4 MP2 energy =     -229.8371829608 |dE/dxyz| =  0.016043
    0.25542383807681     -1.07105002123887     -4.22822462327681      h
   -0.25734306873829     -1.13390953891951     -2.48120387583713      o
    0.41593245456604      1.20435501381885     -1.36670571952990      c
   -0.47212984943235      2.81548416152323     -2.31981676865477      h
    2.47187144240944      1.45853589176274     -1.44541595141828      h
   -0.41605651607465      1.20433368925612      1.36666705682450      c
    0.47208712400344      2.81538094221815      2.31984365115988      h
   -2.47198166251742      1.45862222377105      1.44536533528945      h
    0.25708525969809     -1.13400455597414      2.48108874922329      o
   -0.25590379782243     -1.07127260987455      4.22804819249931      h
  -.17686162725461D-04  -.39257728173148D-04  0.43036170183086D-07
  0.54380804634500D-02  -.20304670465396D-02  0.16418049880640D-02
  -.90271204353234D-02  0.21903328792030D-02  -.24460868544103D-02
  0.70482954820150D-04  -.79305469745439D-04  -.12594193475879D-03
  0.62058131351517D-04  -.41448496917118D-04  0.18535549929699D-04
  0.90269416411211D-02  0.21900944566440D-02  0.24460907110591D-02
  -.70404950625047D-04  -.79245691286811D-04  0.12642262108797D-03
  -.61820481052521D-04  -.41507460984858D-04  -.19013174904159D-04
  -.54380193593953D-02  -.20296909855757D-02  -.16415845352276D-02
  0.17488198291060D-04  -.39504455016659D-04  -.27040685246504D-06
  cycle =      5 MP2 energy =     -229.8371838580 |dE/dxyz| =  0.015691
    0.25655771352354     -1.07109326163986     -4.22844035078158      h
   -0.25701298441282     -1.13482958110795     -2.48164645323673      o
    0.41626088189074      1.20404040915957     -1.36682864497926      c
   -0.47349010902877      2.81572308082278     -2.31772038315018      h
    2.47185824284157      1.45957688824572     -1.44615263945118      h
   -0.41640114804911      1.20401444802076      1.36678712198708      c
    0.47345018373136      2.81560098030187      2.31774855957220      h
   -2.47198239650291      1.45968018503128      1.44610873728277      h
    0.25671727601303     -1.13494277752909      2.48151410771090      o
   -0.25697243583797     -1.07129517496201      4.22827599132552      h
  -.40264652134692D-06  -.11341721650737D-06  0.95149460905830D-05
  0.53139570060039D-02  -.23151381926958D-02  0.16060286754875D-02
  -.86635434272821D-02  0.23065197535797D-02  -.25573482630792D-02
  0.23002730396682D-04  0.20900168506977D-05  -.65973867564573D-05
  0.43988517757665D-04  0.66435576742130D-05  0.43180409994292D-05
  0.86637263904064D-02  0.23060799387471D-02  0.25574702314408D-02
  -.23012765725028D-04  0.20480526470301D-05  0.67892962112293D-05
  -.43987502448051D-04  0.66370420638284D-05  -.46162694452567D-05
  -.53140295430021D-02  -.23144848557797D-02  -.16060055365141D-02
  0.30124037908585D-06  -.28189440348658D-06  -.95537353379527D-05
  cycle =      6 MP2 energy =     -229.8371838628 |dE/dxyz| =  0.015555
    0.25652450186919     -1.07090082067404     -4.22865958675024      h
   -0.25668468370383     -1.13489678654702     -2.48174371944823      o
    0.41645824771867      1.20394973445617     -1.36687790197291      c
   -0.47374227332594      2.81549071651794     -2.31763809371845      h
    2.47185119485133      1.45977540419362     -1.44623944256686      h
   -0.41660708256286      1.20392141583201      1.36683485724890      c
    0.47370398014014      2.81535915318578      2.31766674516728      h
   -2.47198236696320      1.45988721790342      1.44620022627342      h
    0.25637024249470     -1.13501897823500      2.48160231688237      o
   -0.25690653634953     -1.07109186028981      4.22850064516425      h
  0.27817640021466D-05  0.34608387486923D-05  -.16875838104724D-05
  0.53021087982930D-02  -.23001204735253D-02  0.16227535952655D-02
  -.85380014269780D-02  0.22939056499869D-02  -.26031754454832D-02
  0.55917123178428D-05  0.12812455452149D-06  -.16468839338923D-05
  -.35733704737417D-05  0.27007096221610D-05  -.31574202937756D-05
  0.85381795734809D-02  0.22932760654415D-02  0.26033445073788D-02
  -.56013249383202D-05  0.61987882826742D-07  0.17321760621414D-05
  0.35726798657265D-05  0.27056076306042D-05  0.29873626981036D-05
  -.53022200694430D-02  -.22995002354964D-02  -.16227902712105D-02
  -.28383356838191D-05  0.33817273225045D-05  0.16399645383913D-05
  cycle =      7 MP2 energy =     -229.8371838633 |dE/dxyz| =  0.015555
    0.24915016542761     -1.05589640465757     -4.22903971284449      h
   -0.26094457387719     -1.11987336298179     -2.48121120152732      o
    0.41409757089282      1.21902175194703     -1.36759637132160      c
   -0.47785365193821      2.83050976912401     -2.31680426916378      h
    2.46933657959501      1.47492060943900     -1.45062399556730      h
   -0.41409763112181      1.21902208616444      1.36759576134677      c
    0.47784668770011      2.83051279113036      2.31680579540213      h
   -2.46933764028272      1.47491470067572      1.45061616809748      h
    0.26094937646899     -1.11986971790287      2.48121320127266      o
   -0.24921765382844     -1.05592359536477      4.22902154090071      h
  0.25138187172979D-05  0.35652283827403D-05  -.16796106967476D-05
  0.53052798992792D-02  -.22999404632857D-02  0.16133861179455D-02
  -.85427847784918D-02  0.22935338824324D-02  -.25879951986347D-02
  0.56357164461840D-05  0.71272868940042D-07  -.16525560511127D-05
  -.35013000250217D-05  0.27023272234361D-05  -.31298342986208D-05
  0.85427849382238D-02  0.22936339277653D-02  0.25880621545071D-02
  -.56430342270097D-05  0.65793965831062D-08  0.17461984620493D-05
  0.35024110998094D-05  0.27098502675127D-05  0.29571359643210D-05
  -.53051969536986D-02  -.22997641519300D-02  -.16133149697763D-02
  -.25907174160400D-05  0.34815478371364D-05  0.16205611403919D-05
  cycle =      8 MP2 energy =     -229.8371838588 |dE/dxyz| =  0.015555
    0.24909702317810     -1.05587924749552     -4.22907779754400      h
   -0.26091144318476     -1.11987517871401     -2.48122896284879      o
    0.41411345032588      1.21901857435899     -1.36758860310492      c
   -0.47786167124236      2.83050414035366     -2.31678661124147      h
    2.46936180291088      1.47491432432007     -1.45057139127949      h
   -0.41411681488897      1.21901808009158      1.36758737594182      c
    0.47785527503626      2.83050364273575      2.31678850387256      h
   -2.46936557614617      1.47491179948087      1.45056505023844      h
    0.26090858945348     -1.11987520839162      2.48122742341425      o
   -0.24915140640617     -1.05590229916621      4.22906192914686      h
  0.39981021537905D-06  0.19472676966448D-05  -.42730680327452D-06
  0.53072111134185D-02  -.22999685104139D-02  0.16090012478838D-02
  -.85431649811225D-02  0.22952248885746D-02  -.25848749892243D-02
  0.26196710318782D-05  0.70609980440395D-06  -.13613092855191D-05
  -.63554902718366D-06  0.20635518958034D-05  -.12414452291720D-05
  0.85431982225110D-02  0.22952990389378D-02  0.25849454453990D-02
  -.25925383095871D-05  0.65928947012850D-06  0.14404761636833D-05
  0.65712389663020D-06  0.20765542165790D-05  0.10968233239428D-05
  -.53074625695060D-02  -.22999822000012D-02  -.16090649211025D-02
  -.23030309603822D-06  0.19740213198505D-05  0.48597947621687D-06
  cycle =      9 MP2 energy =     -229.8371838710 |dE/dxyz| =  0.015553
    0.24912484602274     -1.05592320614690     -4.22906590435106      h
   -0.26091425930434     -1.11986256317759     -2.48122705940297      o
    0.41410959227554      1.21903450960981     -1.36758957839304      c
   -0.47791593061716      2.83050918895419     -2.31676182811193      h
    2.46936258829757      1.47492444098579     -1.45057032000966      h
   -0.41410712252025      1.21903522966753      1.36758905597707      c
    0.47790945712001      2.83051638324863      2.31675898793696      h
   -2.46936150047547      1.47491502361572      1.45056707842504      h
    0.26092833666350     -1.11985550319283      2.48123217948920      o
   -0.24920677842597     -1.05595487599080      4.22904430503564      h
  0.75619146566730D-06  -.82921091615340D-06  0.79145733256070D-06
  0.53069126041065D-02  -.22979619972903D-02  0.16063174016887D-02
  -.85426250355110D-02  0.22978258409889D-02  -.25839660836597D-02
  -.56341783194469D-06  0.47706804684466D-06  -.32156307083753D-06
  0.13441490103183D-05  0.51109585441633D-06  -.24096862727419D-07
  0.85425536192554D-02  0.22977573524310D-02  0.25838517021146D-02
  0.51801954370490D-06  0.48503335925432D-06  0.22297536483862D-06
  -.14020116672064D-05  0.49899411869170D-06  0.73392903421343D-07
  -.53061338586682D-02  -.22976997734236D-02  -.16059852271839D-02
  -.13602595577700D-05  -.10644006931404D-05  -.95996140991872D-06
  cycle =     10 MP2 energy =     -229.8371838890 |dE/dxyz| =  0.015554
    0.24909623477597     -1.05593256584288     -4.22906851842960      h
   -0.26093269197195     -1.11987201388125     -2.48122670661861      o
    0.41410018976164      1.21902393148544     -1.36759233137194      c
   -0.47792917439446      2.83049991042901     -2.31675876465307      h
    2.46935297291994      1.47491169511246     -1.45058502901688      h
   -0.41410048965180      1.21902454127399      1.36759115848777      c
    0.47792337834670      2.83050439500799      2.31675644776428      h
   -2.46935410739656      1.47490650341438      1.45058132334305      h
    0.26093899659657     -1.11986731923850      2.48122947266131      o
   -0.24918580333929     -1.05596678293598      4.22904461218894      h
  0.53417520295973D-06  -.48729294299665D-06  0.66256234809714D-06
  0.53069423763787D-02  -.22983185785117D-02  0.16064206189181D-02
  -.85426132086341D-02  0.22978903291939D-02  -.25837532426025D-02
  -.47635234134979D-06  0.51263231526377D-06  -.39873530432999D-06
  0.13910941336626D-05  0.44287989453551D-06  -.63082044032825D-07
  0.85426913888003D-02  0.22978476589373D-02  0.25837036005063D-02
  0.48191627222138D-06  0.47699499772236D-06  0.32980708075669D-06
  -.14343535155170D-05  0.49925534861828D-06  0.10594757571258D-06
  -.53067221004559D-02  -.22982662651927D-02  -.16062815070041D-02
  -.79493600668723D-06  -.59761144799442D-06  -.72596878908371D-06
  cycle =     11 MP2 energy =     -229.8371838808 |dE/dxyz| =  0.015555
    0.24901342601378     -1.05586581592605     -4.22912157137864      h
   -0.26089131042734     -1.11988129235011     -2.48124547820458      o
    0.41412216868331      1.21900560350536     -1.36758774170761      c
   -0.47788076912760      2.83048698590728     -2.31676582507886      h
    2.46937411761408      1.47488528878769     -1.45053995234632      h
   -0.41412959161897      1.21900493947049      1.36758569275550      c
    0.47787555681729      2.83048327798189      2.31676744385800      h
   -2.46938107597243      1.47488806294684      1.45053568685937      h
    0.26087935354558     -1.11988440029760      2.48124018610662      o
   -0.24907236988093     -1.05589035520113      4.22910322349177      h
  -.10571794037961D-05  0.66095322270865D-06  -.19569460274482D-06
  0.53093605247545D-02  -.22980526187393D-02  0.16068708974508D-02
  -.85419150640718D-02  0.22971572389423D-02  -.25856050527029D-02
  0.21221866930432D-06  0.10697143393301D-06  -.47866089980531D-06
  0.10757987922716D-06  0.85171216746005D-07  0.18776802901410D-06
  0.85419763608929D-02  0.22972095430163D-02  0.25857157570175D-02
  -.13795113651405D-06  0.82506372400815D-07  0.56608909848599D-06
  -.71825301706241D-07  0.15535285968760D-06  -.22475468230976D-06
  -.53099884543051D-02  -.22982449028133D-02  -.16071360275118D-02
  0.15137902280582D-05  0.83978642706484D-06  0.29968091830312D-06
  cycle =     12 MP2 energy =     -229.8371838956 |dE/dxyz| =  0.015553
    0.24905449919649     -1.05590070885439     -4.22909308313616      h
   -0.26091003167557     -1.11987612805530     -2.48123290600289      o
    0.41411192944080      1.21901567016442     -1.36759139909903      c
   -0.47790685076167      2.83049239044171     -2.31676192921755      h
    2.46936212598072      1.47489955855028     -1.45056727981878      h
   -0.41411274708094      1.21901630887963      1.36759021924096      c
    0.47790111286555      2.83049643862286      2.31676009994074      h
   -2.46936358916031      1.47489485706229      1.45056344512507      h
    0.26091516866837     -1.11987184637573      2.48123505220330      o
   -0.24914211182666     -1.05593424561111      4.22906944511958      h
  0.97532819987034D-06  -.49429254567190D-06  0.27800211910289D-06
  0.53070679243565D-02  -.22971145156934D-02  0.16073274373669D-02
  -.85418276588729D-02  0.22975685256901D-02  -.25860809315628D-02
  -.68048400025944D-07  -.69652918988083D-08  -.17093841830906D-06
  0.10509481462861D-06  0.51394509203995D-07  -.21010060702320D-06
  0.85417364453768D-02  0.22975084756442D-02  0.25859936075454D-02
  0.35514041485385D-07  0.10755953017139D-07  0.12830764117844D-06
  -.11467854088565D-06  0.24719192026623D-07  0.21829297913722D-06
  -.53063858449196D-02  -.22968570782389D-02  -.16070416867500D-02
  -.15240757750279D-05  -.69101764244017D-06  -.44198962712017D-06
$end
