$hessapprox internal
  0.208304862115D-01  0.169184378619D-03  0.615174125653D+00  0.159720777814D-02
 -0.443388864619D-04  0.373990225998D+00 -0.661720463774D-03  0.550676108666D-03
 -0.212698802318D-04  0.421567511480D+00 -0.561149360735D-03  0.941718889685D-03
  0.117794172511D-03 -0.164406061982D-02  0.419108379653D+00 -0.218038910848D-03
 -0.157749250847D-04 -0.634381839754D-04  0.418277344466D-04  0.493347226164D-04
  0.347268908290D+00  0.244580289671D-02  0.123358437478D-03  0.696269626362D-03
 -0.373623554220D-03 -0.392788686194D-03 -0.915574673367D-04  0.349412571801D+00
 -0.988311744080D-03  0.177045796460D-03 -0.216433489239D-03 -0.253629509090D-03
 -0.521251243708D-03  0.436231312719D-04 -0.454769144132D-03  0.320697681299D+00
  0.286824328526D-02 -0.528778968755D-03  0.623844410051D-03  0.762757095737D-03
  0.155759899333D-02 -0.127038479581D-03  0.132220870031D-02 -0.989966450270D-04
  0.346390267570D+00 -0.757199959263D-03  0.527661785484D-03 -0.536579053707D-04
 -0.893380927583D-03 -0.157418775197D-02  0.448704933971D-04 -0.411139909335D-03
 -0.224139435421D-03  0.676227009340D-03  0.421661801595D+00 -0.552930120666D-03
  0.974597629939D-03  0.129422649974D-03 -0.170320768411D-02 -0.291552976469D-02
  0.499751186316D-04 -0.394502235615D-03 -0.543716466631D-03  0.162432394563D-02
 -0.163141049384D-02  0.418907829833D+00 -0.363393262506D-03 -0.233081519261D-04
 -0.104875371104D-03  0.643924772091D-04  0.732836311923D-04  0.134580255389D-04
 -0.153070947953D-03  0.707804025573D-04 -0.206005067472D-03  0.696520781584D-04
  0.740464826954D-04  0.347283439349D+00  0.308857262640D-02  0.104949248750D-03
  0.864709915654D-03 -0.381174411945D-03 -0.343688922289D-03 -0.117103632139D-03
  0.131589217357D-02 -0.541504345445D-03  0.157217915973D-02 -0.431760521068D-03
 -0.340665042360D-03 -0.195298556554D-03  0.350040891539D+00 -0.981400687561D-03
  0.192577354967D-03 -0.210121909071D-03 -0.281760180614D-03 -0.567862721642D-03
  0.438078208701D-04 -0.454271897537D-03  0.263594944068D-04 -0.661323850992D-04
 -0.251417177482D-03 -0.591882424798D-03  0.709452244631D-04 -0.538439989855D-03
  0.320674788395D+00  0.319503830240D-02 -0.515672262715D-03  0.715910332558D-03
  0.718855366000D-03  0.151523350238D-02 -0.139370481414D-03  0.146112000345D-02
 -0.157583324132D-03  0.428788651319D-03  0.627099335824D-03  0.158207404591D-02
 -0.226590398625D-03  0.174814698422D-02 -0.124490808608D-03  0.346749246102D+00
  0.891572546682D-02  0.287165039906D-04  0.241767718748D-02 -0.611295589013D-03
 -0.170260559165D-03 -0.346049710779D-03  0.384243521959D-02 -0.138628742793D-02
  0.401226177522D-02 -0.774642142095D-03 -0.133541663064D-03 -0.574554227396D-03
  0.481497436804D-02 -0.136429615001D-02  0.452319180010D-02  0.287976720931D-01
  0.276948712825D-03 -0.323244133369D-03 -0.176414151730D-04  0.559024360495D-03
  0.966108200403D-03 -0.202153483319D-04  0.171213777384D-03  0.165981159112D-03
 -0.497213149578D-03  0.533478296642D-03  0.100033147046D-02 -0.305999896841D-04
  0.163527914306D-03  0.182201543746D-03 -0.477835358514D-03  0.187815165051D-03
  0.615158904636D+00  0.144540852248D-02 -0.268325804357D-04  0.382942071302D-03
 -0.429517990855D-04  0.667634840887D-04 -0.570208070378D-04  0.627969336046D-03
 -0.204436108072D-03  0.590054924603D-03 -0.714221270325D-04  0.759301173807D-04
 -0.943850085114D-04  0.781955041766D-03 -0.199361542337D-03  0.673227057246D-03
  0.219764754352D-02 -0.218778256862D-05  0.373920752721D+00 -0.916020575086D-03
  0.105407652916D-02  0.540384669094D-04 -0.182212835331D-02 -0.315028940103D-02
  0.664231405267D-04 -0.563886750516D-03 -0.539272401403D-03  0.161564725948D-02
 -0.173858526848D-02 -0.326194650689D-02  0.100618031711D-03 -0.540227085849D-03
 -0.592199779237D-03  0.155171734864D-02 -0.632256941182D-03  0.107627172253D-02
  0.396099968430D-05  0.503987496992D+00 -0.804733422475D-02  0.118789783116D-03
 -0.214079142532D-02  0.293703812342D-03 -0.279999150712D-03  0.316570554231D-03
 -0.349133329988D-02  0.115793652989D-02 -0.334384706127D-02  0.450280079260D-03
 -0.327911256292D-03  0.524286039027D-03 -0.435222875310D-02  0.113115064847D-02
 -0.380657812199D-02 -0.122578765002D-01 -0.195362836347D-04 -0.195214322706D-02
  0.814098040181D-04  0.395859545037D+00 -0.694400805311D-03  0.105280580599D-02
  0.113567284200D-03 -0.183378453233D-02 -0.314857418746D-02  0.577633654196D-04
 -0.468057163908D-03 -0.572451719181D-03  0.171157349048D-02 -0.175442712250D-02
 -0.325911601544D-02  0.862581568670D-04 -0.420454939351D-03 -0.624737328460D-03
  0.166036532841D-02 -0.293213713003D-03  0.107888338289D-02  0.581569625611D-04
 -0.351787830833D-02 -0.221074767358D-03  0.503978124797D+00 -0.682828868888D-02
  0.970243236132D-04 -0.181757379572D-02  0.255936268206D-03 -0.226283431644D-03
  0.268504938318D-03 -0.296184755277D-02  0.984959009916D-03 -0.284454032546D-02
  0.388555524150D-03 -0.266552751763D-03  0.444716536022D-03 -0.369277162139D-02
  0.962411515838D-03 -0.323713405815D-02 -0.104037645769D-01 -0.204849888544D-04
 -0.165724357518D-02  0.818261786682D-04  0.925530516000D-02 -0.174928834445D-03
  0.392813681129D+00 -0.401500909158D-03 -0.117987297160D-02 -0.446089368944D-03
  0.212922066151D-02  0.353972893566D-02 -0.188354503416D-04  0.155172634297D-04
  0.822523462732D-03 -0.244175495702D-02  0.206213898807D-02  0.365836609241D-02
 -0.204955825106D-04 -0.166070524840D-03  0.878027642055D-03 -0.245201267046D-02
 -0.148112980065D-02 -0.123001103414D-02 -0.355138742582D-03  0.401327662498D-02
  0.186546117571D-02  0.396921082225D-02  0.156909947148D-02  0.394443965339D+00
  0.000000000000D+00  0.000000000000D+00  0.000000000000D+00  0.000000000000D+00
  0.000000000000D+00  0.000000000000D+00  0.000000000000D+00  0.000000000000D+00
  0.000000000000D+00  0.000000000000D+00  0.000000000000D+00  0.000000000000D+00
  0.000000000000D+00  0.000000000000D+00  0.000000000000D+00  0.000000000000D+00
  0.000000000000D+00  0.000000000000D+00  0.000000000000D+00  0.000000000000D+00
  0.000000000000D+00  0.000000000000D+00  0.000000000000D+00  0.000000000000D+00
$end
