$coord
    0.72539075465659     -0.45961527968649     -4.68072094438574  h
   -0.37852672871038     -0.51707202272243     -3.23560341403474  o
    0.90399041692215      0.56626787416826     -1.12354279523751  c
    1.54388802849154      2.48524040008898     -1.56577793979897  h
    2.55485755145184     -0.56567173508085     -0.59665287059809  h
   -0.90399034908087      0.56626797834140      1.12354277986996  c
   -1.54388769994576      2.48524058629137      1.56577795563655  h
   -2.55485763889305     -0.56567138628842      0.59665281982130  h
    0.37852663083141     -0.51707213364247      3.23560338562631  o
   -0.72539105171576     -0.45961574281850      4.68072077795321  h
$user-defined bonds
$intdef
# definitions of internal coordinates
   1 f  1.0000000000000 tors    2    3    6    9 val= 130.00000
$redundant
     number_of_atoms            10
     degrees_of_freedom         24
     internal_coordinates       25
     frozen_coordinates          1
# definitions of redundant internals
   1 k  1.0000000000000 tors   1    2    3    6 val= 177.62424
   2 k  1.0000000000000 stre   2    1           val=   1.81942
   3 k  1.0000000000000 bend   3    1    2      val= 108.70374
   4 k  1.0000000000000 stre   3    5           val=   2.06985
   5 k  1.0000000000000 stre   3    4           val=   2.07063
   6 k  0.0642563529921 bend   4    5    3      val=   0.66260
       -0.5143420414611 bend   2    5    3
       -0.5019303713821 bend   2    4    3
        0.4665273610606 bend   6    5    3
        0.5116067915420 bend   6    4    3
   7 k  0.0312209011035 bend   4    5    3      val=   0.90043
        0.5244760765577 bend   2    5    3
       -0.5504405916002 bend   2    4    3
        0.4710325460766 bend   6    5    3
       -0.4461990543562 bend   6    4    3
   8 k -0.8892376298048 bend   4    5    3      val=   1.61282
        0.1997486563868 bend   2    5    3
        0.1848415138427 bend   2    4    3
        0.2791818722110 bend   6    5    3
        0.2392655616671 bend   6    4    3
   9 k -0.0121147270581 bend   4    5    3      val=   1.62523
        0.4736371474506 bend   2    5    3
       -0.4449671446430 bend   2    4    3
       -0.5406039157982 bend   6    5    3
        0.5341092887744 bend   6    4    3
  10 k  1.0000000000000 stre   6    8           val=   2.06985
  11 k  1.0000000000000 stre   6    7           val=   2.07063
  12 k  0.0642563589599 bend   7    8    6      val=   0.66260
       -0.5143420409721 bend   9    8    6
       -0.5019303717625 bend   9    7    6
        0.4665273580318 bend   3    8    6
        0.5116067936727 bend   3    7    6
  13 k  0.0312209087066 bend   7    8    6      val=   0.90043
        0.5244760780396 bend   9    8    6
       -0.5504405960072 bend   9    7    6
        0.4710325419461 bend   3    8    6
       -0.4461990510062 bend   3    7    6
  14 k -0.8892376306677 bend   7    8    6      val=   1.61282
        0.1997486550266 bend   9    8    6
        0.1848415062576 bend   9    7    6
        0.2791818781472 bend   3    8    6
        0.2392655585290 bend   3    7    6
  15 k -0.0121147290978 bend   7    8    6      val=   1.62523
        0.4736371462842 bend   9    8    6
       -0.4449671387818 bend   9    7    6
       -0.5406039194906 bend   3    8    6
        0.5341092909082 bend   3    7    6
  16 k  1.0000000000000 tors  10    9    6    3 val= 177.62426
  17 k  1.0000000000000 stre   9   10           val=   1.81942
  18 k  1.0000000000000 bend   6   10    9      val= 108.70374
  19 k  1.0000000000000 tors   2    3    6    9 val= 130.00000
  20 k  1.0000000000000 stre   3    2           val=   2.69801
  21 k  1.0000000000000 bend   6    2    3      val= 108.17526
  22 k  1.0000000000000 stre   6    9           val=   2.69801
  23 k  1.0000000000000 bend   3    9    6      val= 108.17526
  24 k  1.0000000000000 stre   3    6           val=   2.88413
  25 f  1.0000000000000 tors   2    3    6    9 val= 130.00000
        24 non zero eigenvalues  of BmBt
           1           3.919322812    1    0
         1
           2           3.855435425    2    0
         2
           3           3.755091886    3    0
         3
           4           2.995487074    4    0
         4
           5           2.982822609    5    0
         5
           6           2.456359826    6    0
         6
           7           2.128876807    7    0
         7
           8           1.703451336    8    0
         8
           9           1.251332102    9    0
         9
          10           1.198957332   10    0
        10
          11           1.051078015   11    0
        11
          12           0.859776122   12    0
        12
          13           0.768253452   13    0
        13
          14           0.743512790   14    0
        14
          15           0.552104619   15    0
        15
          16           0.452973157   16    0
        16
          17           0.353742992   17    0
        17
          18           0.342116118   18    0
        18
          19           0.282581431   20    0
        20
          20           0.254616109   21    0
        21
          21           0.112958502   22    0
        22
          22           0.073567314   23    0
        23
          23           0.066569092   24    0
        24
          24           0.000000000    0    1
         0.000000000         0.000000000         0.000000000         0.000000000
         0.000000000         0.000000000         0.000000000         0.000000000
         0.000000000         0.000000000         0.000000000         0.000000000
         0.000000000         0.000000000         0.000000000         0.000000000
         0.000000000         0.000000000         0.000000000         0.000000000
         0.000000000         0.000000000         0.000000000         0.000000000
         1.000000000
$end
