$energy      SCF               SCFKIN            SCFPOT
     1 -230.2224849723      229.3282359698     -459.5507209421
     2 -230.2230061377      229.2856790216     -459.5086851593
     3 -230.2230812199      229.2880196617     -459.5111008816
     4 -230.2231015573      229.2911268093     -459.5142283666
     5 -230.2231021188      229.2903511439     -459.5134532627
     6 -230.2231021606      229.2905301027     -459.5136322632
     7 -230.2231021719      229.2905301772     -459.5136323491
     8 -230.2231021739      229.2905571747     -459.5136593486
     9 -230.2231021752      229.2905175515     -459.5136197267
    10 -230.2231021752      229.2905185976     -459.5136207728
    11 -230.2231021753      229.2905151669     -459.5136173422
    12 -230.2231021753      229.2905078123     -459.5136099876
$end
