$grad          cartesian gradients
  cycle =      1    SCF energy =     -230.2224849723   |dE/dxyz| =  0.009459
    0.74198872077076     -0.54058871072052     -4.63265585907716      h
   -0.37865121502260     -0.51818384247477     -3.20142936507918      o
    0.91205528236984      0.56881887205560     -1.10373800299535      c
    1.50202713021689      2.51453265860065     -1.50154127919390      h
    2.59566857040444     -0.52748626844186     -0.59808741749432      h
   -0.91201175485836      0.56889048248857      1.10373590111214      c
   -1.50186762488306      2.51464396611183      1.50152784699734      h
   -2.59568714283195     -0.52731366559808      0.59808162638051      h
    0.37862234630362     -0.51817271940710      3.20144038143991      o
   -0.74219010516579     -0.54095836960699      4.63252526728662      h
  -.33434671164659D-03  -.70709575713207D-04  0.11686478724729D-02
  -.10729972350929D-02  -.82426000287133D-03  0.34151114827571D-02
  0.15465292673632D-03  -.19937553451009D-03  0.34956111568929D-02
  -.13236222219150D-02  0.79668516544335D-03  0.33092015966117D-02
  0.18526556959258D-02  0.29765486400332D-03  -.78595372259383D-03
  -.15550033812847D-03  -.19768013987242D-03  -.34957512513128D-02
  0.13235213538062D-02  0.79690075866696D-03  -.33085345089536D-02
  -.18521947701480D-02  0.29807488477845D-03  0.78558191766836D-03
  0.10737902823314D-02  -.82293612190405D-03  -.34148217123813D-02
  0.33404595573075D-03  -.71766716799736D-04  -.11690949402345D-02
  cycle =      2    SCF energy =     -230.2230061377   |dE/dxyz| =  0.003717
    0.75216000682393     -0.47992437463149     -4.68115795838746      h
   -0.36074335053935     -0.52309499169014     -3.24208633778709      o
    0.90759528691071      0.55861419602174     -1.12152968621947      c
    1.52527045527261      2.49268729145671     -1.53691663511282      h
    2.57749488249575     -0.55115614080270     -0.61099992272737      h
   -0.90756506289971      0.55865271671355      1.12151887950579      c
   -1.52511658673413      2.49275666480850      1.53695089800888      h
   -2.57753403595481     -0.55099375794821      0.61095099584961      h
    0.36068912103957     -0.52318920423260      3.24205834071375      o
   -0.75229650911076     -0.48016999668804      4.68107052553279      h
  -.13959159970309D-03  -.23687637002153D-03  -.38009601972934D-03
  0.82883927120278D-03  -.12530055048724D-02  0.13971656188976D-03
  -.75171181178491D-03  0.26455943604508D-03  -.22071425303465D-03
  -.13947845643647D-03  0.65192768460534D-03  0.12709647156133D-02
  0.50025590195721D-03  0.57522740301577D-03  -.10434030653714D-02
  0.75173168404324D-03  0.26541293714003D-03  0.22032113913072D-03
  0.13928531196607D-03  0.65200180818458D-03  -.12705676252342D-02
  -.49987215837137D-03  0.57539932081390D-03  0.10430987072824D-02
  -.82894209437489D-03  -.12524526168622D-02  -.13921157239586D-03
  0.13948686589819D-03  -.23735754164151D-03  0.37989305199979D-03
  cycle =      3    SCF energy =     -230.2230812199   |dE/dxyz| =  0.003212
    0.74628829683196     -0.45916690498034     -4.68344591081747      h
   -0.36068484753952     -0.52304929112126     -3.24082365281504      o
    0.90851008478576      0.55878044154754     -1.12152022145804      c
    1.54093921848253      2.48441302089849     -1.54992124150321      h
    2.56623297446847     -0.56383843238195     -0.59891537273279      h
   -0.90849129173642      0.55880440943914      1.12150638300258      c
   -1.54078829997018      2.48446487488941      1.54997875416566      h
   -2.56629030185831     -0.56367842982635      0.59885139637253      h
    0.36062013806766     -0.52319334764830      3.24077347696272      o
   -0.74638176422814     -0.45935393780905      4.68337548819968      h
  -.83705675474268D-04  -.85382668907434D-04  -.19328002729623D-03
  0.93099685135019D-03  -.12221314172743D-02  0.37426578327680D-03
  -.74432110665778D-03  0.69873652838977D-03  -.88154892644996D-03
  0.17072410781624D-04  0.31840318486390D-03  0.47082829875683D-03
  0.12590292177505D-03  0.29273712696082D-03  -.60154840352206D-03
  0.74447201504010D-03  0.69913156413577D-03  0.88159277826376D-03
  -.17183052723952D-04  0.31842014099319D-03  -.47064087368845D-03
  -.12573477397515D-03  0.29274939679353D-03  0.60128748778532D-03
  -.93112422155216D-03  -.12218537179783D-02  -.37414762459484D-03
  0.83629194582185D-04  -.85535894671516D-04  0.19319253957774D-03
  cycle =      4    SCF energy =     -230.2231015573   |dE/dxyz| =  0.003179
    0.74139451353328     -0.45310688009185     -4.68056300037047      h
   -0.36391984346690     -0.52141831529589     -3.23706602094837      o
    0.90895801233098      0.56147616757281     -1.11990691401157      c
    1.55116843611340      2.48072509430005     -1.55809527074618      h
    2.55761575905869     -0.57052924679467     -0.58621075369471      h
   -0.90894862239484      0.56149061343035      1.11989087230793      c
   -1.55101939927837      2.48076592329241      1.55816782744495      h
   -2.55768837501031     -0.57036988790812      0.58613974493592      h
    0.36384919762887     -0.52159514614267      3.23699974136023      o
   -0.74145547121098     -0.45325591935510      4.68050287309890      h
  -.32554022193310D-04  0.19755075840301D-04  0.44117961062179D-05
  0.60870929973420D-03  -.12695621224864D-02  0.52173904486789D-03
  -.78100423396843D-03  0.12169610850199D-02  -.83766205260374D-03
  0.24781413746972D-04  0.30319084251767D-04  0.29942170005846D-04
  -.49730922711423D-05  0.51640918997624D-05  -.32394342021757D-04
  0.78111522872875D-03  0.12169363265349D-02  0.83795161489601D-03
  -.24785167600283D-04  0.30307488124065D-04  -.29946985698639D-04
  0.49728388538761D-05  0.51281148574846D-05  0.32263506706266D-04
  -.60878375295176D-03  -.12695140681092D-02  -.52189328053799D-03
  0.32527243841666D-04  0.19807997049123D-04  -.44116406939485D-05
  cycle =      5    SCF energy =     -230.2231021188   |dE/dxyz| =  0.003062
    0.74330009957210     -0.46201374287298     -4.67805156402828      h
   -0.36597385295892     -0.51942077700279     -3.23702596540666      o
    0.90836585828627      0.56386130391174     -1.11992267864216      c
    1.55014467209506      2.48281751644451     -1.55925090848377      h
    2.55713589565741     -0.56809848928333     -0.58612226048317      h
   -0.90835589454540      0.56387704289504      1.11990633895124      c
   -1.54999491270083      2.48286032419208      1.55932028360740      h
   -2.55720834454681     -0.56793884830402      0.58605539833527      h
    0.36590519932436     -0.51959230621124      3.23696112417894      o
   -0.74336451287942     -0.46216962076170      4.67798933134782      h
  -.89134821803302D-05  -.65590413055771D-05  -.15067129887113D-04
  0.44416603476850D-03  -.12901025873824D-02  0.36082605336701D-03
  -.78073931504855D-03  0.13143337479403D-02  -.59660711463144D-03
  -.20951325865903D-05  -.92264407667794D-05  0.30933758834497D-04
  0.25324826234700D-04  -.58590725518250D-05  0.38900296368333D-04
  0.78081637814416D-03  0.13141983840992D-02  0.59665973185924D-03
  0.21185206422337D-05  -.92344399766710D-05  -.30954178102205D-04
  -.25331475559661D-04  -.58474365371215D-05  -.38893398662825D-04
  -.44426907865536D-03  -.12900483942878D-02  -.36086361607071D-03
  0.89281876044469D-05  -.65666829468430D-05  0.15065511967505D-04
  cycle =      7    SCF energy =     -230.2231021719   |dE/dxyz| =  0.003021
    0.72527218339855     -0.45961187117399     -4.68079278935365      h
   -0.37851005577771     -0.51707153605347     -3.23557504655099      o
    0.90399034326839      0.56624520767264     -1.12356194026096      c
    1.54394689753929      2.48521328445965     -1.56570436431752      h
    2.55486754146980     -0.56565935063362     -0.59656669429575      h
   -0.90399031820477      0.56624526123321      1.12356196273871      c
   -1.54394660704991      2.48521345565758      1.56570429089552      h
   -2.55486764730392     -0.56565911829842      0.59656678838283      h
    0.37851002975838     -0.51707153216729      3.23557503123301      o
   -0.72527225371435     -0.45961216725349      4.68079274398026      h
  -.51922167381375D-05  -.19286392412761D-05  -.34442831150966D-05
  0.47431163375093D-03  -.12734850851725D-02  0.38222377008171D-03
  -.74845201895587D-03  0.12777174627233D-02  -.61422771531734D-03
  0.21447728897817D-05  -.22625014797567D-05  0.52474757088458D-05
  0.33153605815889D-05  0.25069474308895D-05  0.59008780252728D-05
  0.74844883072287D-03  0.12776928935165D-02  0.61423251807807D-03
  -.21400525295328D-05  -.22596558768462D-05  -.52535636337047D-05
  -.33147166901601D-05  0.25072369037441D-05  -.58966838995731D-05
  -.47431799725409D-03  -.12734749120697D-02  -.38222683692353D-03
  0.51964001469282D-05  -.19312566053870D-05  0.34444398184863D-05
  cycle =      8    SCF energy =     -230.2231021739   |dE/dxyz| =  0.003014
    0.72532245286998     -0.45964926860082     -4.68075151564159      h
   -0.37852396467989     -0.51706593095801     -3.23558052079430      o
    0.90398772675894      0.56625751633880     -1.12355837429315      c
    1.54391988477033      2.48523193277546     -1.56574187264570      h
    2.55486387934683     -0.56565849564610     -0.59661371889876      h
   -0.90398770246270      0.56625754813757      1.12355838737126      c
   -1.54391963632138      2.48523203856253      1.56574191802039      h
   -2.55486397624346     -0.56565826089750      0.59661370157089      h
    0.37852388693454     -0.51706611194711      3.23558045988480      o
   -0.72532243758944     -0.45964933432203      4.68075151787762      h
  -.29779695624839D-05  -.12176299337035D-05  -.19238933506357D-05
  0.47120079924479D-03  -.12745891219977D-02  0.38018576764096D-03
  -.74425945592339D-03  0.12762340791354D-02  -.60644826288440D-03
  0.17649026548932D-05  0.21731544204663D-06  0.25929794054316D-05
  0.18289415346943D-05  0.18986301012243D-05  0.29889762122643D-05
  0.74425952597888D-03  0.12762250425599D-02  0.60645201717084D-03
  -.17635176836909D-05  0.21962390060271D-06  -.25955371976921D-05
  -.18275499360881D-05  0.18993872210151D-05  -.29875165117573D-05
  -.47120652453748D-03  -.12745897673246D-02  -.38018975005671D-03
  0.29808548158337D-05  -.12167269772442D-05  0.19252196271226D-05
  cycle =     10    SCF energy =     -230.2231021752   |dE/dxyz| =  0.003006
    0.72537905397771     -0.45957763629444     -4.68072641265147      h
   -0.37851753190627     -0.51708190508823     -3.23559636231414      o
    0.90399479109349      0.56625622082823     -1.12354048932467      c
    1.54389287678761      2.48523304248351     -1.56577608748538      h
    2.55486118132605     -0.56568051348934     -0.59664822509738      h
   -0.90399469438426      0.56625636075870      1.12354048158963      c
   -1.54389254081088      2.48523327239498      1.56577603693555      h
   -2.55486123733502     -0.56568016039736      0.59664822179238      h
    0.37851746670692     -0.51708189152555      3.23559638447425      o
   -0.72537945144763     -0.45957825101965      4.68072620693350      h
  -.88999035741489D-06  0.78081069156214D-06  0.40528696490816D-06
  0.46607236419064D-03  -.12782919198649D-02  0.37564898565656D-03
  -.73620587308079D-03  0.12774597559450D-02  -.59344709336151D-03
  0.26711171382077D-06  0.16993301380405D-05  -.47752114158761D-06
  -.40392420471148D-06  0.89216157098803D-06  -.44623139946805D-06
  0.73620842165649D-03  0.12774625599235D-02  0.59344743154081D-03
  -.26692436661209D-06  0.16985668610732D-05  0.47735968841569D-06
  0.40192549897065D-06  0.89220807072404D-06  0.44595342540907D-06
  -.46607213402973D-03  -.12782906310208D-02  -.37564865143400D-03
  0.88902050837499D-06  0.77885361780306D-06  -.40551346997468D-06
  cycle =     11    SCF energy =     -230.2231021753   |dE/dxyz| =  0.003007
    0.72539310116678     -0.45962730155032     -4.68071769867720      h
   -0.37852769273254     -0.51706915162618     -3.23560225069650      o
    0.90398999073576      0.56627003714841     -1.12354380750504      c
    1.54388733905834      2.48524395697940     -1.56577870308201      h
    2.55485818160588     -0.56566830468448     -0.59665540970668      h
   -0.90398992423566      0.56627014079904      1.12354379239774      c
   -1.54388701413292      2.48524414083920      1.56577872472704      h
   -2.55485827179994     -0.56566795392686      0.59665535456305      h
    0.37852759369668     -0.51706927103546      3.23560221791681      o
   -0.72539338935467     -0.45962775429190      4.68071753491507      h
  -.48131587650134D-06  0.30692187694962D-06  -.14952930730172D-06
  0.46514886182185D-03  -.12784419500157D-02  0.37456114905395D-03
  -.73667820375740D-03  0.12791312668476D-02  -.59314035022527D-03
  0.78429021800265D-07  0.88643018847986D-06  -.51572851224867D-07
  0.47210114763413D-08  0.65702361799729D-06  -.23722195714427D-06
  0.73667917390386D-03  0.12791319970555D-02  0.59314092593367D-03
  -.78701985506964D-07  0.88654933320261D-06  0.51819843713116D-07
  -.51120603466546D-08  0.65745018567268D-06  0.23685286181873D-06
  -.46514912171416D-03  -.12784424274948D-02  -.37456166329891D-03
  0.48127516018188D-06  0.30706614795208D-06  0.14959296761717D-06
$end
