$hessapprox internal
  0.163779138155D-01  0.101459476427D-02  0.617919782915D+00  0.331554401287D-02
  0.299654520065D-02  0.372792572891D+00  0.457702302644D-03 -0.731360294827D-03
  0.226529273778D-02  0.423497525392D+00  0.117132008335D-02  0.364929209922D-02
 -0.410161175885D-02  0.341995498296D-02  0.413226168107D+00 -0.174325355793D-02
 -0.110971039416D-02 -0.164383381583D-02 -0.720016434797D-03  0.534899477983D-03
  0.346008990355D+00  0.296857857164D-03  0.931063020282D-03 -0.105060760951D-02
  0.873009421569D-03 -0.267452520481D-02  0.138230356007D-03  0.345104167043D+00
  0.160570363348D-02  0.164802265731D-02  0.391966666715D-03  0.129608339225D-02
 -0.267154221307D-02 -0.711348643150D-03 -0.683787538872D-03  0.320586767371D+00
 -0.134586796199D-02 -0.128687202146D-02 -0.497913271380D-03 -0.990826230610D-03
  0.191036499887D-02  0.636918744116D-03  0.489146166900D-03 -0.826468945655D-04
  0.344015027685D+00  0.457078487420D-03 -0.728435204082D-03  0.225874795398D-02
 -0.842023872820D-03  0.340858085206D-02 -0.718204708922D-03  0.870105120336D-03
  0.129222535815D-02 -0.987922943975D-03  0.423503714494D+00  0.117408661396D-02
  0.365001907822D-02 -0.409714887067D-02  0.342005194419D-02 -0.104651526062D-01
  0.532764163484D-03 -0.267382513567D-02 -0.266929162692D-02  0.190852143274D-02
  0.340867855539D-02  0.413231673189D+00 -0.174409095588D-02 -0.111049864214D-02
 -0.164416592632D-02 -0.720620344044D-03  0.536044788689D-03  0.106529860544D-02
  0.138523639507D-03 -0.711413562228D-03  0.637019199200D-03 -0.718806855270D-03
  0.533908332766D-03  0.346009793626D+00  0.289448764016D-03  0.924983039968D-03
 -0.105514938459D-02  0.868570436003D-03 -0.266750490834D-02  0.142169139769D-03
 -0.681532933768D-03 -0.685331887579D-03  0.490755106393D-03  0.865678604458D-03
 -0.266681453281D-02  0.142463465773D-03  0.345107778904D+00  0.160890786536D-02
  0.165326275949D-02  0.389250038680D-03  0.130064303345D-02 -0.268366683245D-02
 -0.711927809088D-03 -0.686887068415D-03 -0.258083684403D-04 -0.812403369489D-04
  0.129677047459D-02 -0.268141087047D-02 -0.711991906630D-03 -0.688428002271D-03
  0.320582426527D+00 -0.133989327032D-02 -0.128221091375D-02 -0.493817270495D-03
 -0.987491127485D-03  0.190554556660D-02  0.633638386986D-03  0.487909760703D-03
 -0.811392726006D-04  0.143855075769D-03 -0.984597050648D-03  0.190370970777D-02
  0.633737883552D-03  0.489508056401D-03 -0.797344266992D-04  0.344012052335D+00
  0.245455861637D-02  0.101292231359D-02  0.329995611175D-02  0.458068089051D-03
  0.116011686570D-02 -0.173608195195D-02  0.294004915184D-03  0.159772174176D-02
 -0.133938541512D-02  0.457439535386D-03  0.116287428882D-02 -0.173691534382D-02
  0.286629300579D-03  0.160090575479D-02 -0.133343718891D-02  0.163601072065D-01
  0.101442183842D-02 -0.491321695276D-03  0.299529477854D-02 -0.730818467716D-03
  0.364723388742D-02 -0.110934359502D-02  0.930537526746D-03  0.164729428344D-02
 -0.128632045647D-02 -0.727895318615D-03  0.364796092956D-02 -0.111013150758D-02
  0.924459956174D-03  0.165253171453D-02 -0.128166114112D-02  0.101274876567D-02
  0.617920774444D+00  0.331535901067D-02  0.299655713210D-02  0.153757048203D-02
  0.226534747727D-02 -0.410200651362D-02 -0.164366495088D-02 -0.105070825542D-02
  0.391750494537D-03 -0.497741231747D-03  0.225880243206D-02 -0.409754379325D-02
 -0.164399695553D-02 -0.105524918070D-02  0.389033246079D-03 -0.493645892713D-03
  0.329977158546D-02  0.299530666800D-02  0.372791759162D+00 -0.155733119443D-02
 -0.626322156898D-02  0.798369871627D-02 -0.597410442423D-02  0.188307664056D-01
 -0.131893236317D-02  0.481070622566D-02  0.508274468225D-02 -0.367644942590D-02
 -0.595404530247D-02  0.188264686825D-01 -0.132114295116D-02  0.479667390170D-02
  0.510494719987D-02 -0.366662800369D-02 -0.153933280393D-02 -0.625960448275D-02
  0.798436028260D-02  0.453423301327D+00  0.233146907891D-02  0.150735790071D-03
  0.458925966422D-02 -0.385376960224D-03  0.392663211137D-02 -0.199843645824D-02
  0.100066982638D-02  0.239769085458D-02 -0.192563316919D-02 -0.383135802851D-03
  0.392888339053D-02 -0.199962351333D-02  0.990962805558D-03  0.240421201343D-02
 -0.191802058603D-02  0.232480948885D-02  0.151077216833D-03  0.458916299484D-02
 -0.647651920976D-02  0.380344476070D+00 -0.155892033984D-02 -0.626449290287D-02
  0.798266587638D-02 -0.597502342157D-02  0.188321581972D-01 -0.131807345276D-02
  0.481106315758D-02  0.508237793401D-02 -0.367607796912D-02 -0.595496173975D-02
  0.188278584097D-01 -0.132028380119D-02  0.479703355954D-02  0.510458104299D-02
 -0.366625890904D-02 -0.154091484064D-02 -0.626087532022D-02  0.798332762180D-02
 -0.337610804343D-01 -0.647857209791D-02  0.453417689747D+00  0.232471719593D-02
  0.146993217103D-03  0.458189685875D-02 -0.387603971457D-03  0.392676999065D-02
 -0.199407273301D-02  0.100071131598D-02  0.239433315864D-02 -0.192271894061D-02
 -0.385357740106D-03  0.392901325127D-02 -0.199525796172D-02  0.991021400028D-03
  0.240084968027D-02 -0.191512040645D-02  0.231808416115D-02  0.147335717925D-03
  0.458180078960D-02 -0.647819464187D-02  0.147895609909D-02 -0.648024382667D-02
  0.380330002067D+00  0.267805884670D-02  0.300352835399D-02  0.196735436500D-03
  0.241940281084D-02 -0.534304907110D-02 -0.107665262795D-02 -0.136707028306D-02
 -0.315904460544D-03  0.674197967446D-04  0.241207664114D-02 -0.533917989002D-02
 -0.107663667539D-02 -0.136879744134D-02 -0.320611863475D-03  0.693177314211D-04
  0.266418587593D-02  0.300215450322D-02  0.196350203358D-03  0.100524143796D-01
  0.422578254642D-02  0.100519755357D-01  0.422045192656D-02  0.377746574936D+00
  0.000000000000D+00  0.000000000000D+00  0.000000000000D+00  0.000000000000D+00
  0.000000000000D+00  0.000000000000D+00  0.000000000000D+00  0.000000000000D+00
  0.000000000000D+00  0.000000000000D+00  0.000000000000D+00  0.000000000000D+00
  0.000000000000D+00  0.000000000000D+00  0.000000000000D+00  0.000000000000D+00
  0.000000000000D+00  0.000000000000D+00  0.000000000000D+00  0.000000000000D+00
  0.000000000000D+00  0.000000000000D+00  0.000000000000D+00  0.000000000000D+00
$end
