$coord
    0.72893699723251     -0.24759726380821     -4.73158076996256  h
   -0.37399147494559     -0.41182842916270     -3.29449616253481  o
    0.93279924351852      0.44485754244570     -1.09684886502827  c
    1.73483093930636      2.32975581537902     -1.39697136507254  h
    2.47469706610039     -0.84623248427991     -0.60322795193701  h
   -0.93279908514630      0.44485789120984      1.09684867635397  c
   -1.73483018268929      2.32975647235728      1.39697096048903  h
   -2.47469739481004     -0.84623149185859      0.60322759567018  h
    0.37399117045528     -0.41182849435832      3.29449602856724  o
   -0.72893733660980     -0.24759667929906      4.73158055494396  h
$user-defined bonds
$intdef
# definitions of internal coordinates
   1 f  1.0000000000000 tors    2    3    6    9 val= 141.00000
$redundant
     number_of_atoms            10
     degrees_of_freedom         24
     internal_coordinates       25
     frozen_coordinates          1
# definitions of redundant internals
   1 k  1.0000000000000 tors   1    2    3    6 val= 173.83012
   2 k  1.0000000000000 stre   2    1           val=   1.81897
   3 k  1.0000000000000 bend   3    1    2      val= 108.74492
   4 k  1.0000000000000 stre   3    4           val=   2.07031
   5 k  1.0000000000000 stre   3    5           val=   2.07075
   6 k  0.0681368936777 bend   5    4    3      val=   0.72646
       -0.5061637428771 bend   2    4    3
       -0.5104908255469 bend   2    5    3
        0.5116048576457 bend   6    4    3
        0.4656342081315 bend   6    5    3
   7 k  0.0371066347468 bend   5    4    3      val=   1.02723
       -0.5488073066329 bend   2    4    3
        0.5272045279566 bend   2    5    3
       -0.4477707593901 bend   6    4    3
        0.4679640697547 bend   6    5    3
   8 k -0.8880800259226 bend   5    4    3      val=   1.91223
        0.1796697752139 bend   2    4    3
        0.2025871681464 bend   2    5    3
        0.2405511008936 bend   6    4    3
        0.2830657990523 bend   6    5    3
   9 k -0.0108228857627 bend   5    4    3      val=   1.43833
       -0.4429082641465 bend   2    4    3
        0.4742766788146 bend   2    5    3
        0.5317104256649 bend   6    4    3
       -0.5441146844796 bend   6    5    3
  10 k  1.0000000000000 stre   6    7           val=   2.07031
  11 k  1.0000000000000 stre   6    8           val=   2.07075
  12 k  0.0681373418441 bend   8    7    6      val=   0.72647
       -0.5061638036175 bend   9    7    6
       -0.5104907982012 bend   9    8    6
        0.5116047827667 bend   3    7    6
        0.4656341887749 bend   3    8    6
  13 k  0.0371066676210 bend   8    7    6      val=   1.02723
       -0.5488074377787 bend   9    7    6
        0.5272047524803 bend   9    8    6
       -0.4477706050208 bend   3    7    6
        0.4679638081073 bend   3    8    6
  14 k -0.8880800284232 bend   8    7    6      val=   1.91222
        0.1796694943282 bend   9    7    6
        0.2025869485295 bend   9    8    6
        0.2405512752243 bend   3    7    6
        0.2830659785231 bend   3    8    6
  15 k -0.0108228901699 bend   8    7    6      val=   1.43833
       -0.4429080539569 bend   9    7    6
        0.4742764706186 bend   9    8    6
        0.5317105899434 bend   3    7    6
       -0.5441148764260 bend   3    8    6
  16 k  1.0000000000000 tors  10    9    6    3 val= 173.83011
  17 k  1.0000000000000 stre   9   10           val=   1.81897
  18 k  1.0000000000000 bend   6   10    9      val= 108.74491
  19 k  1.0000000000000 tors   2    3    6    9 val= 141.00000
  20 k  1.0000000000000 stre   3    2           val=   2.69653
  21 k  1.0000000000000 bend   6    2    3      val= 107.87155
  22 k  1.0000000000000 stre   6    9           val=   2.69653
  23 k  1.0000000000000 bend   3    9    6      val= 107.87155
  24 k  1.0000000000000 stre   3    6           val=   2.87972
  25 f  1.0000000000000 tors   2    3    6    9 val= 141.00000
        24 non zero eigenvalues  of BmBt
           1           3.944678259    1    0
         1
           2           3.817566279    2    0
         2
           3           3.728530410    3    0
         3
           4           3.013621579    4    0
         4
           5           2.995842297    5    0
         5
           6           2.449957181    6    0
         6
           7           2.137123768    7    0
         7
           8           1.695681840    8    0
         8
           9           1.250184701    9    0
         9
          10           1.189079857   10    0
        10
          11           1.051890677   11    0
        11
          12           0.868110839   12    0
        12
          13           0.767693198   13    0
        13
          14           0.748555568   14    0
        14
          15           0.563858095   15    0
        15
          16           0.427476351   16    0
        16
          17           0.354525210   17    0
        17
          18           0.341645812   18    0
        18
          19           0.283447457   20    0
        20
          20           0.253813532   21    0
        21
          21           0.123252337   22    0
        22
          22           0.069281880   23    0
        23
          23           0.066622532   24    0
        24
          24           0.000000000    0    1
         0.000000000         0.000000000         0.000000000         0.000000000
         0.000000000         0.000000000         0.000000000         0.000000000
         0.000000000         0.000000000         0.000000000         0.000000000
         0.000000000         0.000000000         0.000000000         0.000000000
         0.000000000         0.000000000         0.000000000         0.000000000
         0.000000000         0.000000000         0.000000000         0.000000000
         1.000000000
$end
