$energy      SCF               SCFKIN            SCFPOT
     1 -230.2235074981      229.3198508542     -459.5433583523
     2 -230.2239884037      229.2873148311     -459.5113032347
     3 -230.2240837536      229.2886111545     -459.5126949082
     4 -230.2240959481      229.2909875920     -459.5150835401
     5 -230.2240969239      229.2910132037     -459.5151101276
     6 -230.2240969839      229.2909662731     -459.5150632570
     7 -230.2240969860      229.2909237831     -459.5150207691
     8 -230.2240970467      229.2909309166     -459.5150279633
     9 -230.2240970470      229.2909288958     -459.5150259428
    10 -230.2240970472      229.2909076505     -459.5150046977
    11 -230.2240970472      229.2909100304     -459.5150070775
    12 -230.2240970472      229.2909089314     -459.5150059786
    13 -230.2240970472      229.2909035715     -459.5150006187
$end
