$grad          cartesian gradients
  cycle =      1    SCF energy =     -230.2235074981   |dE/dxyz| =  0.007923
    0.77567762439451     -0.42700206834308     -4.67688901163047      h
   -0.37596018190606     -0.40929524832741     -3.27041755704597      o
    0.93705846906319      0.44928918996963     -1.08258255438236      c
    1.67625562625629      2.36675139590879     -1.34534217551211      h
    2.52359042564391     -0.79721280429318     -0.61218877430048      h
   -0.93703567729766      0.44933788586795      1.08258088678072      c
   -1.67616871295386      2.36682860938010      1.34532920635315      h
   -2.52360641087203     -0.79711075793148      0.61218565127340      h
    0.37594780283053     -0.40927302984037      3.27042652829945      o
   -0.77582365146332     -0.42740789340631      4.67678257550770      h
  -.20940062816398D-03  -.44210330142231D-03  0.91037268380870D-03
  -.65464398954568D-03  -.12275408118884D-02  0.25318084780073D-02
  -.63246645691518D-03  0.36207056231268D-03  0.26906006505144D-02
  -.16092546386005D-02  0.77500514919265D-03  0.26309413889651D-02
  0.18150477888069D-02  0.52959977660181D-03  -.72142950146504D-03
  0.63163594226995D-03  0.36362549698879D-03  -.26905991760645D-02
  0.16090396354930D-02  0.77531828496488D-03  -.26302810574740D-02
  -.18145320717455D-02  0.53001724517165D-03  0.72106619655645D-03
  0.65533589772413D-03  -.12262105147717D-02  -.25317159963281D-02
  0.20923977263448D-03  -.44311041458822D-03  -.91076603254813D-03
  cycle =      2    SCF energy =     -230.2239884037   |dE/dxyz| =  0.004645
    0.77326093510033     -0.32364104214985     -4.72188600466163      h
   -0.35664491124141     -0.42405486295013     -3.29961330959832      o
    0.93676303386693      0.43164161896021     -1.09442821043820      c
    1.71100500559504      2.33387146456437     -1.37020456058406      h
    2.50160447691609     -0.83525227925539     -0.61538122898460      h
   -0.93674545361025      0.43165859663795      1.09441871099390      c
   -1.71092095721985      2.33391090608522      1.37023303284404      h
   -2.50163003842290     -0.83516623519629      0.61533365672265      h
    0.35661597519640     -0.42413005451688      3.29959548870137      o
   -0.77337275248488     -0.32393283319457      4.72181720034788      h
  -.73098189098635D-04  -.28938346898894D-03  -.25943284488625D-03
  0.84459731069062D-03  -.20278231269737D-02  0.26635499590745D-03
  -.10062312945394D-02  0.10383988510081D-02  -.53209658004209D-03
  -.34118086827890D-03  0.64726935982629D-03  0.11227209582531D-02
  0.54534105474128D-03  0.62955744679609D-03  -.93331409665671D-03
  0.10063415165144D-02  0.10393804043993D-02  0.53151106531589D-03
  0.34099342388067D-03  0.64726050872705D-03  -.11223113762972D-02
  -.54501935603231D-03  0.62972673667983D-03  0.93304676003168D-03
  -.84484090410243D-03  -.20271858127550D-02  -.26572777703651D-03
  0.73091480740243D-04  -.28993095884999D-03  0.25924820061815D-03
  cycle =      3    SCF energy =     -230.2240837536   |dE/dxyz| =  0.005121
    0.75999562602006     -0.26638331791804     -4.72981787890613      h
   -0.35143031111495     -0.43107260749917     -3.29914513264231      o
    0.93950389878071      0.42474024000807     -1.09309214664753      c
    1.73599157412511      2.31513661437262     -1.37992084797774      h
    2.48567274893408     -0.85983857485230     -0.59948422846862      h
   -0.93949923733315      0.42473837626190      1.09308004406742      c
   -1.73591328458245      2.31515547342420      1.37997901847444      h
   -2.48571735730912     -0.85975937573916      0.59941496430506      h
    0.35139182150530     -0.43121065720578      3.29910466709163      o
   -0.76006016533010     -0.26660089186769      4.72976631604681      h
  -.67680469683518D-06  -.40063747550761D-04  -.13999138453302D-03
  0.94156447697414D-03  -.23431768696699D-02  0.62821876819374D-03
  -.82596086427073D-03  0.18297478967494D-02  -.13213479244251D-02
  0.26469522848110D-04  0.29662750634267D-03  0.34209137959528D-03
  0.40989057996984D-04  0.25477485420636D-03  -.51847853030319D-03
  0.82622354118337D-03  0.18301938002626D-02  0.13214873854762D-02
  -.26576110720860D-04  0.29663069527695D-03  -.34194641735851D-03
  -.40882643894474D-04  0.25472791401072D-03  0.51822325160564D-03
  -.94175218935301D-03  -.23429259867954D-02  -.62817280186080D-03
  0.59857444540547D-06  -.40200078797749D-04  0.13991379185069D-03
  cycle =      4    SCF energy =     -230.2240959481   |dE/dxyz| =  0.005353
    0.75447383310931     -0.25330908106968     -4.72947939764989      h
   -0.35208845621165     -0.43188196145803     -3.29693162650847      o
    0.94003478350711      0.42450796144193     -1.09117958715581      c
    1.74401433395436      2.30992321913320     -1.38365570023814      h
    2.47901146015806     -0.86665103655454     -0.58906782126284      h
   -0.94003830619713      0.42449813025256      1.09116622601692      c
   -1.74393934852784      2.30993378807903      1.38372684823129      h
   -2.47906815531142     -0.86657366401460      0.58899225998266      h
    0.35204674058613     -0.43204646698966      3.29687994684082      o
   -0.75451157137144     -0.25349560983555      4.72943362708649      h
  -.13614996629489D-04  0.29426692669404D-04  -.90151249545625D-05
  0.72733345671260D-03  -.24117477180903D-02  0.66567292464616D-03
  -.94338306154712D-03  0.23238407361605D-02  -.11074647273725D-02
  0.28736375225715D-04  0.46489231207596D-04  0.92781678626008D-04
  -.16541972995395D-04  0.99071042341849D-05  -.86827099054332D-04
  0.94350988499755D-03  0.23238921978992D-02  0.11078370486231D-02
  -.28753415107960D-04  0.46503383440586D-04  -.92792416339888D-04
  0.16557617270939D-04  0.98570187647708D-05  0.86670943439570D-04
  -.72739821732254D-03  -.24116757393578D-02  -.66586755133989D-03
  0.13550827535238D-04  0.29447652140197D-04  0.90008260155842D-05
  cycle =      5    SCF energy =     -230.2240969239   |dE/dxyz| =  0.005212
    0.75631872688549     -0.26284822174463     -4.72768331978886      h
   -0.35405643959874     -0.42958025845035     -3.29666677994138      o
    0.93936438654404      0.42701445280433     -1.09112064242034      c
    1.74305066502889      2.31198821429471     -1.38574789473826      h
    2.47843176358581     -0.86398443953535     -0.58805480192449      h
   -0.93936929748244      0.42700386124873      1.09110654083944      c
   -1.74297596819783      2.31199804873589      1.38581994598133      h
   -2.47849099032088     -0.86390693922495      0.58798087747183      h
    0.35401524705439     -0.42974660214172      3.29661333148282      o
   -0.75635277980324     -0.26303283700201      4.72763751838095      h
  -.20621290076557D-04  -.21271838992409D-05  -.36195409105731D-05
  0.63769752136752D-03  -.23393820644301D-02  0.52853087943208D-03
  -.10408744378640D-02  0.23692791271370D-02  -.85116368189517D-03
  -.14635965461143D-04  -.16991206919399D-04  0.37812090917702D-04
  0.25810160167156D-04  -.12600271414183D-04  0.23585222945545D-04
  0.10409451493603D-02  0.23691683909914D-02  0.85133401053667D-03
  0.14651602982787D-04  -.16996129159269D-04  -.37836745485228D-04
  -.25803216118316D-04  -.12590360423401D-04  -.23610004650433D-04
  -.63779711384980D-03  -.23393206803128D-02  -.52864483916971D-03
  0.20623988129477D-04  -.21252261846421D-05  0.36091173157487D-05
  cycle =      6    SCF energy =     -230.2240969839   |dE/dxyz| =  0.005150
    0.75692897450002     -0.26453551445740     -4.72728060280350      h
   -0.35431148809005     -0.42910984819456     -3.29665952000627      o
    0.93932739989494      0.42748175616951     -1.09126955760021      c
    1.74318749510464      2.31236542391093     -1.38650685663637      h
    2.47826207914591     -0.86361205848834     -0.58843074748229      h
   -0.93933238832223      0.42747116326577      1.09125529953394      c
   -1.74311289696962      2.31237522509508      1.38657911257454      h
   -2.47832154313611     -0.86353457387182      0.58835711322944      h
    0.35427037745889     -0.42927638691805      3.29660582818306      o
   -0.75696269589090     -0.26471990752647      4.72723470635071      h
  -.54414711045208D-05  -.19885848525066D-05  -.30882298442430D-05
  0.63715759744857D-03  -.23243117207222D-02  0.54716022885477D-03
  -.99746725600873D-03  0.23283161800492D-02  -.85736659705797D-03
  0.23524902134428D-06  -.35150163618246D-05  0.19947481851193D-05
  0.42453613750794D-05  -.29198319979382D-06  0.32033436852827D-05
  0.99756100461058D-03  0.23282101860026D-02  0.85748516726687D-03
  -.23241483181575D-06  -.35107828902706D-05  -.20037294702352D-05
  -.42437045095156D-05  -.28799901794968D-06  -.32037936874504D-05
  -.63726063884766D-03  -.23242554509699D-02  -.54727649478963D-03
  0.54426531552635D-05  -.19872538410574D-05  0.30918712346158D-05
  cycle =      8    SCF energy =     -230.2240970467   |dE/dxyz| =  0.005141
    0.72887555093267     -0.24761537472929     -4.73160870940549      h
   -0.37399045053973     -0.41182510594595     -3.29447675269395      o
    0.93279641399520      0.44485248822241     -1.09685643925451      c
    1.73484690563292      2.32974559172383     -1.39698556704447      h
    2.47470760686275     -0.84621523467312     -0.60320832594384      h
   -0.93279645810651      0.44485240541514      1.09685645740875      c
   -1.73484701687776      2.32974549579852      1.39698552878918      h
   -2.47470760414870     -0.84621538226099      0.60320836606831      h
    0.37399046821493     -0.41182514640063      3.29447672968542      o
   -0.72887519732022     -0.24761467017251      4.73160885641910      h
  -.28116930371130D-05  -.14805953071401D-05  -.16127100353583D-05
  0.63493747486591D-03  -.23256377862997D-02  0.53930059388726D-03
  -.99516694147479D-03  0.23250257338932D-02  -.84698518724086D-03
  0.14230122428907D-05  -.44539917380124D-06  -.79418001594191D-06
  0.94680853342902D-06  0.98383792767340D-06  0.11643751575161D-05
  0.99511836610178D-03  0.23250403600070D-02  0.84692235431125D-03
  -.14085707910038D-05  -.45460380030242D-06  0.80072689723583D-06
  -.92279019778226D-06  0.98662808126086D-06  -.11473928758345D-05
  -.63493353156900D-03  -.23256435488589D-02  -.53929123909378D-03
  0.28178700073535D-05  -.14854026634114D-05  0.16426509069989D-05
  cycle =      9    SCF energy =     -230.2240970470   |dE/dxyz| =  0.005142
    0.72888842277963     -0.24761757386252     -4.73159824679900      h
   -0.37400144532797     -0.41182552895923     -3.29448349995978      o
    0.93279381570203      0.44485581632131     -1.09685558282624      c
    1.73483796940933      2.32975109702736     -1.39697892860736      h
    2.47470024164762     -0.84622145849774     -0.60321972407333      h
   -0.93279368118648      0.44485574221679      1.09685569168435      c
   -1.73483803725285      2.32975101042327      1.39697882299773      h
   -2.47470008726028     -0.84622161348136      0.60321974374766      h
    0.37400146565845     -0.41182542354116      3.29448362509756      o
   -0.72888844552394     -0.24761700066931      4.73159824276691      h
  -.16619874914123D-05  -.10858061961991D-05  -.91771246206741D-06
  0.63206770435711D-03  -.23275801605626D-02  0.53684046167056D-03
  -.99353316254152D-03  0.23269539452245D-02  -.84492841040953D-03
  0.98170618800528D-06  -.28147887269960D-06  -.63265298890896D-07
  0.66894951267151D-06  0.43736180847451D-06  0.96664269396919D-06
  0.99348852688823D-03  0.23269797036144D-02  0.84485781567611D-03
  -.96625247343394D-06  -.29193570366049D-06  0.75991175390641D-07
  -.64635488914456D-06  0.43615644246012D-06  -.94891897541171D-06
  -.63206995466070D-03  -.23275845999065D-02  -.53682360055036D-03
  0.16708329115415D-05  -.10938805450361D-05  0.94099682654555D-06
  cycle =     11    SCF energy =     -230.2240970472   |dE/dxyz| =  0.005143
    0.72893067986428     -0.24759291644577     -4.73158054304254      h
   -0.37399200475336     -0.41182926193442     -3.29449268259498      o
    0.93280020158213      0.44485679490246     -1.09684773854326      c
    1.73483458275276      2.32975458892564     -1.39696491936929      h
    2.47469668632106     -0.84623392574258     -0.60322252194738      h
   -0.93279972177163      0.44485701700397      1.09684779243291      c
   -1.73483374970189      2.32975514953347      1.39696455028766      h
   -2.47469684552489     -0.84623301642586      0.60322204782763      h
    0.37399165646142     -0.41182940606192      3.29449273034910      o
   -0.72893154281783     -0.24759214512995      4.73157998608933      h
  -.28825559534418D-06  -.32415461566271D-06  0.12580490793397D-06
  0.62859226104478D-03  -.23299919037890D-02  0.53471700949335D-03
  -.98983330640263D-03  0.23294045237482D-02  -.84235574883740D-03
  0.87157527786027D-07  -.36602526415039D-06  0.36750265804995D-06
  0.79610549497842D-07  -.27367062394591D-06  0.25722650371782D-06
  0.98991292998356D-03  0.23293748153726D-02  0.84245575853633D-03
  -.10435220012002D-06  -.34608929785133D-06  -.37872383844008D-06
  -.12226108617213D-06  -.28657503976865D-06  -.27716619365160D-06
  -.62861322562923D-03  -.23299912422498D-02  -.53473034477077D-03
  0.28944332713497D-06  -.31174473882443D-06  -.18131263766728D-06
  cycle =     12    SCF energy =     -230.2240970472   |dE/dxyz| =  0.005143
    0.72893577316353     -0.24760059942312     -4.73158055078782      h
   -0.37399221317155     -0.41182752023605     -3.29449515322431      o
    0.93279926338558      0.44485843981908     -1.09684906388894      c
    1.73483219532984      2.32975652511125     -1.39696937762546      h
    2.47469688744674     -0.84623168544120     -0.60322688178004      h
   -0.93279891688489      0.44485880348991      1.09684899438404      c
   -1.73483137927448      2.32975722977601      1.39696881536913      h
   -2.47469708422554     -0.84623069161503      0.60322658373406      h
    0.37399196514838     -0.41182733254897      3.29449518605530      o
   -0.72893654850556     -0.24760029030684      4.73158014925323      h
  -.12925035118139D-06  -.37554304295759D-06  -.99431210554644D-07
  0.62856069548058D-03  -.23298685398484D-02  0.53470199281661D-03
  -.98989783632967D-03  0.23292749305511D-02  -.84225907360299D-03
  0.69651837778314D-07  -.30949868632156D-06  0.14616423160446D-06
  0.59256681637630D-07  -.27376149261908D-06  0.65544064809792D-07
  0.98992621890134D-03  0.23292511756279D-02  0.84230663610700D-03
  -.79405288402732D-07  -.30228431048711D-06  -.15727165909213D-06
  -.74957851667508D-07  -.27182096914507D-06  -.75370065906515D-07
  -.62855463651404D-03  -.23298624568554D-02  -.53471540481633D-03
  0.12026475771611D-06  -.37403810938072D-06  0.86222116988335D-07
$end
