$hessapprox internal
  0.158577970736D-01  0.309904418359D-02  0.623248664567D+00  0.260611103772D-02
  0.706922801995D-02  0.366499380823D+00  0.887156919010D-03  0.128652020802D-02
  0.183708773885D-02  0.424342809228D+00  0.131574474804D-03  0.114155628598D-02
 -0.273079800237D-02  0.263839765691D-03  0.422618249573D+00  0.276000434286D-03
 -0.559648195479D-02  0.195141245821D-01 -0.118898132482D-02  0.647234930265D-02
  0.302919803530D+00 -0.847812116557D-04 -0.231335088025D-02  0.674353692770D-02
 -0.514036850500D-03  0.230893767574D-02 -0.152040526048D-01  0.340614833751D+00
  0.146276443164D-02  0.434399464082D-02 -0.399224322856D-02  0.111314574660D-02
 -0.193359580008D-02  0.135834599133D-01  0.472871288414D-02  0.317604024221D+00
 -0.525337544258D-03 -0.157697127516D-02  0.148705836057D-02 -0.403453437402D-03
  0.712407078534D-03 -0.499632662217D-02 -0.174058833270D-02  0.114019447403D-02
  0.343749161789D+00  0.863959540123D-03  0.142501784316D-02  0.124529960535D-02
  0.408737592868D-03  0.735066525076D-04  0.458802267623D-04 -0.687501901276D-04
  0.704063389762D-03 -0.253086115848D-03  0.424361931225D+00 -0.297938562724D-04
  0.118377229185D-02 -0.393750178936D-02  0.254737384991D-03 -0.131636027169D-02
  0.862028888490D-02  0.309541264905D-02 -0.274581042448D-02  0.101015588086D-02
  0.290384375043D-05  0.421836003240D+00  0.332172516489D-04 -0.634374146635D-02
  0.202596979262D-01 -0.137946278167D-02  0.682126495084D-02 -0.447436802846D-01
 -0.160547887512D-01  0.141511612287D-01 -0.520690260960D-02 -0.713330727134D-04
  0.911343155978D-02  0.297938804435D+00  0.954609360925D-04 -0.197221914766D-02
  0.686485366498D-02 -0.419205537108D-03  0.227755615182D-02 -0.148879062207D-01
 -0.535035729798D-02  0.477882533931D-02 -0.175777943673D-02  0.153732933011D-04
  0.303357828555D-02 -0.157457044649D-01  0.340821573934D+00  0.158972873202D-02
  0.479848559726D-02 -0.458338885547D-02  0.122665021646D-02 -0.218395241901D-02
  0.153040360238D-01  0.533343663138D-02 -0.350862472153D-02  0.130206322720D-02
  0.766224011957D-03 -0.309444078569D-02  0.159517342752D-01  0.538419694156D-02
  0.316669234924D+00 -0.578009721773D-03 -0.170388868914D-02  0.153761582465D-02
 -0.437103073228D-03  0.750593053349D-03 -0.527912495275D-02 -0.183684556708D-02
  0.118565410863D-02 -0.440283112522D-03 -0.278038587925D-03  0.106700678417D-02
 -0.549843878817D-02 -0.185725144446D-02  0.135498557105D-02  0.343714673261D+00
  0.207078798814D-02  0.346985150305D-02  0.281332391895D-02  0.991522826876D-03
  0.118335714710D-03  0.489599410613D-03 -0.285941780196D-04  0.156770751724D-02
 -0.562517330417D-03  0.960397104443D-03 -0.703594836881D-04  0.230191490708D-03
  0.170442928505D-03  0.170144146166D-02 -0.619859529589D-03  0.162945689201D-01
  0.341228385585D-02  0.457524236326D-02  0.824462926155D-02  0.138474392941D-02
  0.141241468918D-02 -0.718243991600D-02 -0.291319705818D-02  0.510512708339D-02
 -0.185487161527D-02  0.156707571200D-02  0.151122566508D-02 -0.806310830625D-02
 -0.253061102181D-02  0.564655848333D-02 -0.200124310137D-02  0.382497784362D-02
  0.623813473986D+00  0.265267267080D-02  0.661752456019D-02 -0.325917550117D-02
  0.174387780595D-02 -0.216365071556D-02  0.158207368779D-01  0.541396520319D-02
 -0.278768474098D-02  0.104414547030D-02  0.125971415282D-02 -0.318460815400D-02
  0.163503348549D-01  0.556507806243D-02 -0.322695495687D-02  0.106935725458D-02
  0.288104620898D-02  0.765811529368D-02  0.369650371484D+00 -0.153889946625D-02
 -0.543070961961D-02  0.691856598386D-02 -0.135873787781D-02  0.295133116145D-02
 -0.203088167901D-01 -0.713388323484D-02  0.513067940345D-02 -0.189857056249D-02
 -0.752373941892D-03  0.411448679570D-02 -0.212474748143D-01 -0.714546652989D-02
  0.583282314668D-02 -0.198547949720D-02 -0.162330997003D-02 -0.646345106811D-02
  0.512541977530D-02  0.480332778654D+00  0.562157226449D-02  0.711581891892D-02
  0.149146112018D-01  0.218935454923D-02  0.277622836830D-02 -0.147815022583D-01
 -0.585720737389D-02  0.934124469619D-02 -0.339831120624D-02  0.257596587221D-02
  0.309025019189D-02 -0.163996388463D-01 -0.520675953008D-02  0.103517291965D-01
 -0.365860050984D-02  0.631420210610D-02  0.745885571986D-02  0.136906894391D-01
 -0.120465511395D-01  0.390811533594D+00 -0.142472375743D-02 -0.576746056143D-02
  0.874174876939D-02 -0.141921190299D-02  0.352057642961D-02 -0.239746302041D-01
 -0.846023140643D-02  0.638276783366D-02 -0.235850445117D-02 -0.706578647573D-03
  0.486272292530D-02 -0.251370762468D-01 -0.843559895343D-02  0.724068789080D-02
 -0.247255611363D-02 -0.148052992457D-02 -0.692297045770D-02  0.662965396460D-02
 -0.100923177436D-01 -0.130600326840D-01  0.476338466576D+00  0.558327563567D-02
  0.727782553924D-02  0.141481288162D-01  0.222033474343D-02  0.253301966328D-02
 -0.132088813035D-01 -0.528926247296D-02  0.881298925277D-02 -0.320419694601D-02
  0.256127017924D-02  0.276941101681D-02 -0.147324953559D-01 -0.465330684682D-02
  0.975743779143D-02 -0.345315438050D-02  0.626482938530D-02  0.767526448730D-02
  0.130611635518D-01 -0.112664904189D-01  0.116672467844D-01 -0.121450594563D-01
  0.391686387148D+00  0.634155588197D-02  0.106481116412D-01  0.854573981640D-02
  0.304124203807D-02  0.338860072675D-03  0.165375549236D-02 -0.321720507756D-04
  0.475218750011D-02 -0.170471127166D-02  0.294140766689D-02 -0.246917216001D-03
  0.868107321603D-03  0.576301298299D-03  0.515552734352D-02 -0.187931257047D-02
  0.704372957085D-02  0.117415984337D-01  0.876662448029D-02 -0.489798148709D-02
  0.193934708840D-01 -0.444730490024D-02  0.192365173641D-01  0.403637694512D+00
  0.000000000000D+00  0.000000000000D+00  0.000000000000D+00  0.000000000000D+00
  0.000000000000D+00  0.000000000000D+00  0.000000000000D+00  0.000000000000D+00
  0.000000000000D+00  0.000000000000D+00  0.000000000000D+00  0.000000000000D+00
  0.000000000000D+00  0.000000000000D+00  0.000000000000D+00  0.000000000000D+00
  0.000000000000D+00  0.000000000000D+00  0.000000000000D+00  0.000000000000D+00
  0.000000000000D+00  0.000000000000D+00  0.000000000000D+00  0.000000000000D+00
$end
