$coord
   -0.00249530412166     -1.10298493669268     -4.23294007392125  h
   -0.06072609971977     -1.19885788239102     -2.41724404974195  o
    0.09552201670731      1.29952709051166     -1.45841441114978  c
   -1.41839415086987      2.49140062996738     -2.22210209695718  h
    1.90004834420581      2.15550935849049     -2.01724881585261  h
   -0.09552190446653      1.29952708505479      1.45841440467234  c
    1.41839427529417      2.49140063468915      2.22210204464028  h
   -1.90004821234540      2.15550939455428      2.01724883575849  h
    0.06072619718986     -1.19885787262200      2.41724406756827  o
    0.00249890863224     -1.10298462761633      4.23294018720892  h
$user-defined bonds
$intdef
# definitions of internal coordinates
   1 f  1.0000000000000 tors    2    3    6    9 val=  10.00000
$redundant
     number_of_atoms            10
     degrees_of_freedom         24
     internal_coordinates       25
     frozen_coordinates          1
# definitions of redundant internals
   1 k  1.0000000000000 tors   1    2    3    6 val= 177.72701
   2 k  1.0000000000000 stre   2    1           val=   1.81916
   3 k  1.0000000000000 bend   3    1    2      val= 107.81982
   4 k  1.0000000000000 stre   3    4           val=   2.07261
   5 k  1.0000000000000 stre   3    5           val=   2.07396
   6 k  0.0699608890199 bend   5    4    3      val=   0.72572
       -0.5179669509022 bend   2    4    3
       -0.4990551800274 bend   2    5    3
        0.4861575246730 bend   6    4    3
        0.4913354254197 bend   6    5    3
   7 k  0.0079677092175 bend   5    4    3      val=   0.22761
       -0.5407510335916 bend   2    4    3
        0.5548083477494 bend   2    5    3
       -0.4532327999011 bend   6    4    3
        0.4407862992890 bend   6    5    3
   8 k  0.8962909846916 bend   5    4    3      val=   0.23521
       -0.1750905592502 bend   2    4    3
       -0.1910377326808 bend   2    5    3
       -0.2555868105734 bend   6    4    3
       -0.2533490354729 bend   6    5    3
   9 k -0.0058322915892 bend   5    4    3      val=   0.76182
        0.4469599197767 bend   2    4    3
       -0.4469823262153 bend   2    5    3
       -0.5417191117908 bend   6    4    3
        0.5540216768862 bend   6    5    3
  10 k  1.0000000000000 stre   6    7           val=   2.07261
  11 k  1.0000000000000 stre   6    8           val=   2.07396
  12 k  0.0699609239717 bend   8    7    6      val=   0.72572
       -0.5179669605408 bend   9    7    6
       -0.4990551709703 bend   9    8    6
        0.4861575052838 bend   3    7    6
        0.4913354386661 bend   3    8    6
  13 k  0.0079676942817 bend   8    7    6      val=   0.22761
       -0.5407510392843 bend   9    7    6
        0.5548083734521 bend   9    8    6
       -0.4532327948825 bend   3    7    6
        0.4407862653842 bend   3    8    6
  14 k  0.8962909867972 bend   8    7    6      val=   0.23522
       -0.1750905343057 bend   9    7    6
       -0.1910377147947 bend   9    8    6
       -0.2555868370818 bend   3    7    6
       -0.2533490320077 bend   3    8    6
  15 k -0.0058323073253 bend   8    7    6      val=   0.76182
        0.4469599109442 bend   9    7    6
       -0.4469822960879 bend   9    8    6
       -0.5417191253262 bend   3    7    6
        0.5540216949180 bend   3    8    6
  16 k  1.0000000000000 tors  10    9    6    3 val= 177.72689
  17 k  1.0000000000000 stre   9   10           val=   1.81916
  18 k  1.0000000000000 bend   6   10    9      val= 107.81982
  19 k  1.0000000000000 tors   2    3    6    9 val=  10.00000
  20 k  1.0000000000000 stre   3    2           val=   2.68061
  21 k  1.0000000000000 bend   6    2    3      val= 110.67802
  22 k  1.0000000000000 stre   6    9           val=   2.68061
  23 k  1.0000000000000 bend   3    9    6      val= 110.67802
  24 k  1.0000000000000 stre   3    6           val=   2.92308
  25 f  1.0000000000000 tors   2    3    6    9 val=  10.00000
        24 non zero eigenvalues  of BmBt
           1           4.650158056    1    0
         1
           2           3.809366662    2    0
         2
           3           3.701759939    3    0
         3
           4           3.064580749    4    0
         4
           5           2.642854237    5    0
         5
           6           2.481456730    6    0
         6
           7           2.098661761    7    0
         7
           8           1.754937750    8    0
         8
           9           1.229710667    9    0
         9
          10           1.211198020   10    0
        10
          11           1.042233625   11    0
        11
          12           0.835350884   12    0
        12
          13           0.754079679   13    0
        13
          14           0.725193712   14    0
        14
          15           0.695365562   15    0
        15
          16           0.387128875   16    0
        16
          17           0.348882489   17    0
        17
          18           0.291922356   18    0
        18
          19           0.247118686   20    0
        20
          20           0.244354171   21    0
        21
          21           0.206484959   22    0
        22
          22           0.066286452   23    0
        23
          23           0.053759392   24    0
        24
          24           0.000000000    0    1
         0.000000000         0.000000000         0.000000000         0.000000000
         0.000000000         0.000000000         0.000000000         0.000000000
         0.000000000         0.000000000         0.000000000         0.000000000
         0.000000000         0.000000000         0.000000000         0.000000000
         0.000000000         0.000000000         0.000000000         0.000000000
         0.000000000         0.000000000         0.000000000         0.000000000
         1.000000000
$end
