$energy      SCF               SCFKIN            SCFPOT
     1 -230.2101633099      229.3457595008     -459.5559228106
     2 -230.2126689954      229.2519613211     -459.4646303165
     3 -230.2130493367      229.2753493953     -459.4883987319
     4 -230.2130783226      229.2842585362     -459.4973368588
     5 -230.2130841161      229.2799687466     -459.4930528627
     6 -230.2130843186      229.2798628151     -459.4929471337
     7 -230.2130843428      229.2798529425     -459.4929372853
     8 -230.2130843783      229.2801359543     -459.4932203326
     9 -230.2130843819      229.2801273072     -459.4932116891
    10 -230.2130843821      229.2801196717     -459.4932040538
    11 -230.2130843822      229.2801192698     -459.4932036520
    12 -230.2130843822      229.2801163940     -459.4932007762
    13 -230.2130843821      229.2801241354     -459.4932085176
    14 -230.2130843821      229.2801269930     -459.4932113751
$end
