$grad          cartesian gradients
  cycle =      1    SCF energy =     -230.2101633099   |dE/dxyz| =  0.024231
    0.05088732894562     -1.27403629821986     -4.04999273860844      h
   -0.06997696818440     -1.22146247342331     -2.23688134225187      o
    0.09879769558818      1.34089104039323     -1.42838469601822      c
   -1.43472202498449      2.48812953728947     -2.21849701008076      h
    1.90107415257120      2.19571235795276     -1.98802857426033      h
   -0.09879725395423      1.34089263800247      1.42838232891215      c
    1.43470363946131      2.48815169225126      2.21850679695829      h
   -1.90108715736795      2.19569370539240      1.98800616203981      h
    0.07000909146716     -1.22145653838261      2.23688589743419      o
   -0.05137109064589     -1.27407064135677      4.04996126688698      h
  -.73407942298079D-04  -.19633259128519D-02  0.13231247649830D-02
  0.12512959230145D-02  -.47262456133777D-02  0.98871074364245D-02
  -.24011801303835D-02  0.51936849344642D-02  0.10732789568477D-01
  -.10009891123257D-02  -.10794962016083D-03  0.21382074373012D-02
  -.14376021317948D-03  0.16035315147553D-02  0.31920114906396D-02
  0.24005348855794D-02  0.51936915973138D-02  -.10732646624117D-01
  0.10012451707235D-02  -.10791658707606D-03  -.21377191873224D-02
  0.14410587990531D-03  0.16036677846521D-02  -.31925980717893D-02
  -.12503286427890D-02  -.47265652272048D-02  -.98870504961359D-02
  0.72485382402581D-04  -.19631962443808D-02  -.13232248843239D-02
  cycle =      2    SCF energy =     -230.2126689954   |dE/dxyz| =  0.011734
    0.04569313339244     -1.08967333988289     -4.30713883014526      h
   -0.05463641645013     -1.21925048516527     -2.49460932726068      o
    0.09525242718954      1.25652036995299     -1.46296713028164      c
   -1.41449987076692      2.44985636804049     -2.23108998335529      h
    1.89083919975103      2.13178396780254     -2.01528763394690      h
   -0.09528495185989      1.25651997589292      1.46296245500559      c
    1.41447088680636      2.44984578971525      2.23109745316538      h
   -1.89086922113909      2.13179412650355      2.01526999551532      h
    0.05458607386892     -1.21925225131696      2.49460317476048      o
   -0.04603384789575     -1.08969950164359      4.30711791755481      h
  -.18506411359059D-04  -.10375747617169D-02  -.89201629828089D-03
  0.26996874256672D-02  0.62045795470612D-03  -.45496360367619D-02
  -.54539391072521D-02  0.82663758094601D-03  0.19460814591608D-02
  0.63328106178005D-03  -.59609704151468D-03  -.16041028038001D-02
  -.81756958874151D-03  0.18758764226999D-03  -.58717389406285D-03
  0.54537592717332D-02  0.82663278042354D-03  -.19460619793321D-02
  -.63321376673351D-03  -.59611832768931D-03  0.16045269198157D-02
  0.81771389055006D-03  0.18760580425997D-03  0.58668510885505D-03
  -.26993137793566D-02  0.62056161509871D-03  0.45498694085675D-02
  0.18101729686841D-04  -.10376554635175D-02  0.89182796648139D-03
  cycle =      3    SCF energy =     -230.2130493367   |dE/dxyz| =  0.008932
    0.04018825776179     -1.12035771150273     -4.24988848062683      h
   -0.05504064266357     -1.22030130788187     -2.43621656226785      o
    0.09787479606255      1.27272380125693     -1.45778534994607      c
   -1.41517204789152      2.46101793631293     -2.22830396695597      h
    1.89993130751689      2.13615378722744     -2.01099341854691      h
   -0.09791853884769      1.27272302810456      1.45778029661000      c
    1.41514259657131      2.46099397568018      2.22830882869729      h
   -1.89996493886629      2.13617783570226      2.01097995826129      h
    0.05495986552513     -1.22030553169270      2.43620764138634      o
   -0.04048324227210     -1.12038079330797      4.24986914440052      h
  -.35497996662943D-05  -.46563940354859D-03  -.50439323953398D-04
  0.28409566208239D-02  0.75343233264981D-04  -.14473897499065D-02
  -.52064782761007D-02  0.61666207060916D-03  0.12234478604122D-02
  0.11169892477622D-03  -.35200364866460D-03  -.54688623535307D-03
  -.25591291601811D-03  0.12701421868515D-03  -.13611408400463D-04
  0.52063083035002D-02  0.61660463391626D-03  -.12234238164759D-02
  -.11165017136158D-03  -.35205257353687D-03  0.54717552655019D-03
  0.25598329169308D-03  0.12705596829622D-03  0.13278246916196D-04
  -.28405926718942D-02  0.75461554212918D-04  0.14474906681738D-02
  0.32374386864612D-05  -.46568759137917D-03  0.50357808707716D-04
  cycle =      4    SCF energy =     -230.2130783226   |dE/dxyz| =  0.008746
    0.03171480965478     -1.13269905958316     -4.22300253063523      h
   -0.05292697740736     -1.22121209561103     -2.40814588575345      o
    0.10068463657527      1.27970953417947     -1.45700523541118      c
   -1.41118009710198      2.46916792650690     -2.22887581462127      h
    1.90774249388171      2.13426972929426     -2.01003211000059      h
   -0.10074742759991      1.27970809983438      1.45699957738029      c
    1.41114876376153      2.46912255328790      2.22887714673850      h
   -1.90778299564560      2.13431609729981      2.01002475809289      h
    0.05279479178816     -1.22122046672855      2.40813249517866      o
   -0.03193058501010     -1.13271729858094      4.22298569004318      h
  0.20494160265720D-04  0.11257084347920D-04  0.11975423021179D-03
  0.31357531299273D-02  -.21874907699867D-03  0.67399638880557D-03
  -.52721158930212D-02  0.26039575734555D-03  -.12778820847847D-03
  -.79806127235600D-04  -.48386510912404D-04  0.12044855855512D-05
  0.60940273011966D-04  -.30066471816926D-05  0.75078279561769D-04
  0.52720745122712D-02  0.26026011316163D-03  0.12782865169397D-03
  0.79827155637235D-04  -.48413395985810D-04  -.10833766351137D-05
  -.60946764609474D-04  -.29839105431730D-05  -.75213071071623D-04
  -.31355866950054D-02  -.21860273262195D-03  -.67401008295342D-03
  -.20633130485155D-04  0.11246248717445D-04  -.11976835972796D-03
  cycle =      5    SCF energy =     -230.2130841161   |dE/dxyz| =  0.008851
    0.02854707457338     -1.12668750468008     -4.23235255764014      h
   -0.05091397639537     -1.22169965310255     -2.41739726788710      o
    0.10145958611290      1.27668900890098     -1.45808107769523      c
   -1.40901569565857      2.46848355475308     -2.22889096858236      h
    1.90841147826465      2.13245065865847     -2.00942599628203      h
   -0.10152854176051      1.27668728987783      1.45807515059400      c
    1.40898359725143      2.46843164633246      2.22889086829500      h
   -1.90845413329918      2.13250383164184      2.00942075244935      h
    0.05076600513166     -1.22170937969788      2.41738270326977      o
   -0.02873798132388     -1.12670443278510      4.23233648449054      h
  0.16632415390607D-04  0.95070022187966D-05  -.71448818556233D-05
  0.31943204325085D-02  -.26433057266437D-03  0.23775468094595D-03
  -.53510997848347D-02  0.26463884132218D-03  -.36906637488204D-03
  0.16526499243150D-05  -.53130646264483D-05  -.49126475261327D-04
  0.91887913706649D-05  -.30208300117771D-05  -.17873027675976D-04
  0.53510910019906D-02  0.26446780839574D-03  0.36908686064333D-03
  -.16439472090900D-05  -.53250633469379D-05  0.49185661852238D-04
  -.91950585784402D-05  -.30088857127347D-05  0.17802010308265D-04
  -.31942384405714D-02  -.26420490015277D-03  -.23776311649589D-03
  -.16707314603432D-04  0.95007000102042D-05  0.71435629245181D-05
  cycle =      6    SCF energy =     -230.2130843186   |dE/dxyz| =  0.008835
    0.02394089789981     -1.12603410044233     -4.23289964613712      h
   -0.04858710252607     -1.22203424301911     -2.41769483872552      o
    0.10285622701243      1.27635599735694     -1.45800743947419      c
   -1.40703230137180      2.46867297098876     -2.22898639938551      h
    1.91024859652270      2.13227522051940     -2.00753282041282      h
   -0.10293219872473      1.27635408231726      1.45800129563258      c
    1.40699937702814      2.46861355985912      2.22898488980657      h
   -1.91029368430673      2.13233644043107      2.00752991566311      h
    0.04842085947230     -1.22204534851072      2.41767897130392      o
   -0.02410325810953     -1.12604955960132      4.23288416274079      h
  0.77872534077777D-05  0.22683088684912D-04  -.81769345610780D-05
  0.32196025607540D-02  -.33196076326864D-03  0.24874883277915D-03
  -.53110419617999D-02  0.28392003615641D-03  -.45008984122929D-03
  0.61523966538674D-05  0.23027916801278D-04  0.23836201365174D-04
  -.12939360879502D-05  0.37986576574509D-05  0.26710775508881D-05
  0.53110545998959D-02  0.28372713566940D-03  0.45010235951554D-03
  -.61499128269345D-05  0.23031294784918D-04  -.23835077804228D-04
  0.12919281879760D-05  0.37982643414670D-05  -.26740734611940D-05
  -.32196166976617D-02  -.33184677202855D-03  -.24875874050232D-03
  -.77854276486462D-05  0.22687385367861D-04  0.81749660517561D-05
  cycle =      7    SCF energy =     -230.2130843428   |dE/dxyz| =  0.008799
    0.02207233631515     -1.12564883638090     -4.23357251853048      h
   -0.04764955767483     -1.22196168349759     -2.41829036859071      o
    0.10338373161569      1.27620055020806     -1.45795088234047      c
   -1.40633494569089      2.46831554087735     -2.22953414656800      h
    1.91085314674335      2.13233028918866     -2.00684119470463      h
   -0.10346073466909      1.27619859466286      1.45794466514380      c
    1.40630187936522      2.46825503453844      2.22953234293383      h
   -1.91089856059558      2.13239266818494      2.00683867009157      h
    0.04748074014739     -1.22197297107615      2.41827437660679      o
   -0.02223062265989     -1.12566416680660      4.23355714697011      h
  0.20633447274324D-05  0.27443843675795D-05  -.80440136087348D-05
  0.32144642594287D-02  -.29183186248366D-03  0.19640826948175D-03
  -.52929258213083D-02  0.28316965641715D-03  -.39897855741587D-03
  0.42038990234127D-05  0.59493312459504D-05  0.64672669809110D-05
  -.94556737649588D-05  0.14331603444657D-05  0.81464476107142D-06
  0.52929382239590D-02  0.28296951526727D-03  0.39897609273660D-03
  -.42057469688921D-05  0.59508099140653D-05  -.64776206395456D-05
  0.94576912922636D-05  0.14316308361143D-05  -.80501518149475D-06
  -.32144874932198D-02  -.29171978284370D-03  -.19640704003269D-03
  -.20518671666785D-05  0.27449493663642D-05  0.80447423021510D-05
  cycle =      9    SCF energy =     -230.2130843819   |dE/dxyz| =  0.008796
   -0.00240413038928     -1.10298996222752     -4.23295927098874      h
   -0.06074259971070     -1.19884532616399     -2.41726654003436      o
    0.09551024774544      1.29951376069323     -1.45842137140456      c
   -1.41844937552654      2.49138288704211     -2.22204448329550      h
    1.90002303005562      2.15551340599907     -2.01724827613956      h
   -0.09551028252378      1.29951375752584      1.45842135592395      c
    1.41844958605866      2.49138266535847      2.22204426259659      h
   -1.90002286609834      2.15551365597459      2.01724853758442      h
    0.06074225845827     -1.19884535692471      2.41726653878934      o
    0.00240958698804     -1.10298958275728      4.23295943447460      h
  -.18950324920858D-06  -.58293398188559D-06  0.41949062643295D-06
  0.32155114112820D-02  -.27593455865268D-03  0.21048823468612D-03
  -.52935788651595D-02  0.27880645498237D-03  -.35202557438819D-03
  -.28313471947127D-05  0.19352194876874D-06  0.21244205735311D-05
  -.10354467400751D-05  -.97139559974103D-06  0.17123418233310D-05
  0.52935771046614D-02  0.27881453090842D-03  0.35201868525731D-03
  0.28308168962263D-05  0.19337230003905D-06  -.21305075696566D-05
  0.10380123535633D-05  -.97619981763295D-06  -.17037011957904D-05
  -.32155213910530D-02  -.27593568646282D-03  -.21048621231950D-03
  0.19921294291112D-06  -.58498684184854D-06  -.41717564350816D-06
  cycle =     10    SCF energy =     -230.2130843821   |dE/dxyz| =  0.008800
   -0.00243509401446     -1.10300116623263     -4.23294428208438      h
   -0.06073922699654     -1.19885303545134     -2.41724951603785      o
    0.09551362796152      1.29952179348045     -1.45841980604777      c
   -1.41842380797578      2.49139593238621     -2.22207172370160      h
    1.90003525770982      2.15551125168622     -2.01724960764164      h
   -0.09551337987610      1.29952178862298      1.45841980229826      c
    1.41842404830984      2.49139600843475      2.22207156586288      h
   -1.90003499938232      2.15551118582068      2.01724977117066      h
    0.06073960504293     -1.19885301913305      2.41724955514747      o
    0.00243942427849     -1.10300083509445      4.23294442854015      h
  -.21016739462611D-06  -.45234719998913D-06  -.18043930098324D-07
  0.32158376881673D-02  -.27899536932960D-03  0.21105044253056D-03
  -.52969497342801D-02  0.28065509129573D-03  -.35058453915853D-03
  -.14141274197602D-05  0.45631347734579D-06  0.12359680060370D-05
  -.20147720303018D-06  -.15389535190042D-06  0.10155101130220D-05
  0.52969520886002D-02  0.28066773280534D-03  0.35057841941147D-03
  0.14115657780450D-05  0.45501638475946D-06  -.12404281274647D-05
  0.20092327061076D-06  -.15878471209617D-06  -.10091061705195D-05
  -.32158363070904D-02  -.27899594465244D-03  -.21104797377672D-03
  0.20954882401718D-06  -.45559785913682D-06  0.19756285541960D-07
  cycle =     12    SCF energy =     -230.2130843822   |dE/dxyz| =  0.008804
   -0.00246809813032     -1.10299126433097     -4.23294239178036      h
   -0.06073959022546     -1.19885637625231     -2.41724711323880      o
    0.09551385903732      1.29952703880728     -1.45841731148890      c
   -1.41840474970965      2.49140441500414     -2.22209357952513      h
    1.90003880392326      2.15551044840348     -2.01725675567481      h
   -0.09551387646611      1.29952701211246      1.45841730740592      c
    1.41840485481650      2.49140426932781      2.22209352271773      h
   -1.90003871876497      2.15551063473409      2.01725680160215      h
    0.06073932933133     -1.19885640106580      2.41724711003465      o
    0.00247225669427     -1.10299090279447      4.23294250217310      h
  -.89633815143526D-07  -.40149859432603D-08  -.56658946252668D-07
  0.32158686709800D-02  -.28119518473015D-03  0.21052978638703D-03
  -.52996728074765D-02  0.28181182639291D-03  -.34840916608649D-03
  -.67855744084626D-08  0.41933097587294D-06  0.30734956156051D-06
  0.74132861365075D-07  0.48027155045215D-06  0.31331066962125D-07
  0.52996742440908D-02  0.28180185177030D-03  0.34841273173186D-03
  0.84372381547297D-08  0.42180656580757D-06  -.30712452895808D-06
  -.74337701176686D-07  0.48206987552552D-06  -.31491596039524D-07
  -.32158789358002D-02  -.28119490705414D-03  -.21052952952676D-03
  0.97021638903208D-07  -.88476006289890D-09  0.52766441262104D-07
  cycle =     13    SCF energy =     -230.2130843821   |dE/dxyz| =  0.008803
   -0.00248651787727     -1.10298843580774     -4.23293956163594      h
   -0.06073074792089     -1.19885712589494     -2.41724367044159      o
    0.09551919965816      1.29952730267630     -1.45841534710751      c
   -1.41839786839803      2.49140242432851     -2.22209884837006      h
    1.90004523896076      2.15551011060977     -2.01725042187689      h
   -0.09551898536985      1.29952728936201      1.45841533809419      c
    1.41839800925325      2.49140254580856      2.22209876297507      h
   -1.90004506217254      2.15551001301695      2.01725045622651      h
    0.06073115264488     -1.19885710096109      2.41724371044713      o
    0.00248965172770     -1.10298814919262      4.23293967391463      h
  -.19824153218501D-06  0.13559696622405D-06  -.34390620171808D-07
  0.32159650909073D-02  -.28124041554131D-03  0.21078183983181D-03
  -.52993257762237D-02  0.28182238006542D-03  -.34774767023442D-03
  -.12708689029792D-06  0.39651452934778D-06  0.19203892159834D-06
  -.64911667267961D-07  0.39781926035010D-06  0.91189168014720D-07
  0.52993256045115D-02  0.28182008279670D-03  0.34774760579996D-03
  0.12572287614856D-06  0.39743546138772D-06  -.19370911490073D-06
  0.64105004586344D-07  0.39745737663129D-06  -.90070866331733D-07
  -.32159605333979D-02  -.28124047667071D-03  -.21078138019740D-03
  0.19602690924413D-06  0.13563692496213D-06  0.34551949236606D-07
$end
