$hessapprox internal
  0.140494467395D-01 -0.382756795830D-03  0.618648063381D+00 -0.425915706718D-02
 -0.939501370804D-03  0.362579235768D+00 -0.424652389638D-03  0.727946014859D-04
  0.698056774357D-03  0.422607496175D+00 -0.146811918279D-03 -0.224366362241D-03
 -0.243064497294D-02 -0.520927218850D-03  0.421196854906D+00  0.636697734458D-02
  0.113784562877D-02  0.134047379325D-01 -0.180034954148D-02  0.407972130737D-02
  0.328595859625D+00  0.152824815242D-02  0.329157462539D-03  0.381761143345D-02
 -0.273039497710D-03  0.885454651865D-03 -0.466001966348D-02  0.343915400654D+00
 -0.119805519743D-02 -0.123416645552D-03 -0.155124627537D-02  0.596208104578D-03
 -0.919437515207D-03  0.111637040667D-02  0.520752717592D-03  0.319453932658D+00
  0.164080948175D-02  0.110354132627D-03  0.149626636828D-02 -0.983099774919D-03
  0.135741495211D-02 -0.423326985564D-03 -0.482811228848D-03 -0.537195518374D-03
  0.342639804166D+00 -0.407096673505D-03  0.716392912133D-04  0.689051890880D-03
  0.525004225626D-03 -0.502494266783D-03 -0.176085918732D-02 -0.269032303698D-03
  0.579923347536D-03 -0.955068572200D-03  0.422573722754D+00 -0.154862705795D-03
 -0.226222446589D-03 -0.245206339791D-02 -0.519835428237D-03  0.233041158542D-03
  0.410657081504D-02  0.892985781677D-03 -0.922731530227D-03  0.136078882202D-02
 -0.501411666469D-03  0.421187882443D+00  0.637975888067D-02  0.114186984475D-02
  0.134502795838D-01 -0.179902420836D-02  0.408499928419D-02 -0.150776803605D-01
 -0.467620713238D-02  0.112646014333D-02 -0.436012223825D-03 -0.175962445796D-02
  0.411193642534D-02  0.328469839255D+00  0.147319858994D-02  0.327408856347D-03
  0.378833247342D-02 -0.234509901354D-03  0.836643325979D-03 -0.468263392513D-02
 -0.133007337905D-02  0.547588705832D-03 -0.534173754556D-03 -0.231633912263D-03
  0.844099140016D-03 -0.469843353922D-02  0.343934664063D+00 -0.119078906337D-02
 -0.121460573654D-03 -0.152890763937D-02  0.596020091163D-03 -0.915882047624D-03
  0.108684476285D-02  0.512852624823D-03  0.203240738124D-03 -0.542151121237D-03
  0.579716205500D-03 -0.919132673708D-03  0.109684998165D-02  0.539826527105D-03
  0.319462367844D+00  0.159803701322D-02  0.105846499528D-03  0.143979795808D-02
 -0.962102230144D-03  0.132475937678D-02 -0.381558842358D-03 -0.463821112130D-03
 -0.530548542322D-03  0.111631659696D-02 -0.934642513109D-03  0.132801367806D-02
 -0.393881901252D-03 -0.514250814156D-03 -0.535351299852D-03  0.342603047362D+00
 -0.955455891055D-03 -0.377469816859D-03 -0.422511052390D-02 -0.316657829360D-03
 -0.266271455722D-03  0.614855732963D-02  0.151103667341D-02 -0.109997113548D-02
  0.146961017410D-02 -0.302401710068D-03 -0.274308288167D-03  0.616199374683D-02
  0.146295857378D-02 -0.109254109928D-02  0.143027570685D-02  0.138346386343D-01
 -0.392552360807D-03 -0.775195487672D-04 -0.905339452238D-03  0.900883679747D-04
 -0.239205228494D-03  0.106453514750D-02  0.316236469132D-03 -0.102056201778D-03
  0.762048572477D-04  0.883727924682D-04 -0.241003430639D-03  0.106855735882D-02
  0.315796578724D-03 -0.100128937250D-03  0.724513610838D-04 -0.383714475803D-03
  0.618655343897D+00 -0.426121019058D-02 -0.934267578086D-03 -0.108210883030D-01
  0.714536333270D-03 -0.244133341275D-02  0.133040412471D-01  0.379712162518D-02
 -0.152634335247D-02  0.145830752434D-02  0.704971914320D-03 -0.246265191474D-02
  0.133494950124D-01  0.376924449174D-02 -0.150407645599D-02  0.140272152527D-02
 -0.422357397485D-02 -0.899614771218D-03  0.362690937634D+00  0.468086996213D-02
  0.513796720493D-03  0.639918682188D-02 -0.223971213190D-02  0.353941025594D-02
 -0.495720177853D-02 -0.215869874820D-02 -0.634966560440D-03  0.188390826073D-02
 -0.217917187222D-02  0.355289280656D-02 -0.499723333134D-02 -0.225568010879D-02
 -0.651990812467D-03  0.186299296585D-02  0.431750653304D-02  0.432976602017D-03
  0.630396477797D-02  0.505870293061D+00  0.211124604985D-02 -0.155477110069D-03
 -0.126003163297D-02 -0.210940994083D-02  0.224442182329D-02  0.506077194703D-02
  0.546851518491D-03 -0.203300624610D-02  0.348352712246D-02 -0.204429960660D-02
  0.224299594329D-02  0.505019543008D-02  0.406694813722D-03 -0.203506667424D-02
  0.341215471996D-02  0.170404447771D-02 -0.224234326457D-03 -0.132840732805D-02
  0.756648315997D-02  0.384148625312D+00  0.467190024047D-02  0.517644330225D-03
  0.643866686876D-02 -0.222170294778D-02  0.352454113705D-02 -0.503875886629D-02
 -0.217353680742D-02 -0.611953492558D-03  0.184743034695D-02 -0.216175046710D-02
  0.353809153313D-02 -0.507880704294D-02 -0.226912915236D-02 -0.629015231698D-03
  0.182732807743D-02  0.431226943338D-02  0.437382215427D-03  0.634394460279D-02
  0.184731839085D-02  0.749439874494D-02  0.505696400336D+00  0.207148093693D-02
 -0.159872404714D-03 -0.131472051145D-02 -0.209046954098D-02  0.221440467350D-02
  0.510345870211D-02  0.565309822963D-03 -0.202774948510D-02  0.346773011165D-02
 -0.202587053613D-02  0.221286366530D-02  0.509322285131D-02  0.425969411736D-03
 -0.202966484606D-02  0.339653051594D-02  0.166734707933D-02 -0.227945576679D-03
 -0.138228927316D-02  0.755057531806D-02  0.796334162379D-02  0.747922946780D-02
  0.384020925967D+00 -0.261684346918D-02 -0.143396370353D-02 -0.158565055569D-01
 -0.200315434584D-02 -0.596461953654D-04  0.243799477596D-01  0.570970935201D-02
 -0.481751475615D-02  0.674669023481D-02 -0.192504377172D-02 -0.894152044674D-04
  0.244244766430D-01  0.547840081381D-02 -0.479135953454D-02  0.657495466695D-02
 -0.313425697182D-02 -0.148444861871D-02 -0.158785722664D-01  0.187421557483D-01
  0.943550795818D-02  0.186939852585D-01  0.927636612682D-02  0.343609819201D+00
  0.000000000000D+00  0.000000000000D+00  0.000000000000D+00  0.000000000000D+00
  0.000000000000D+00  0.000000000000D+00  0.000000000000D+00  0.000000000000D+00
  0.000000000000D+00  0.000000000000D+00  0.000000000000D+00  0.000000000000D+00
  0.000000000000D+00  0.000000000000D+00  0.000000000000D+00  0.000000000000D+00
  0.000000000000D+00  0.000000000000D+00  0.000000000000D+00  0.000000000000D+00
  0.000000000000D+00  0.000000000000D+00  0.000000000000D+00  0.000000000000D+00
$end
