$coord
    0.72593850335038     -0.48039223280143     -4.67428762435911  h
   -0.37894763403888     -0.52636666843483     -3.22945914995990  o
    0.90095039342130      0.57708142068152     -1.12609539433263  c
    1.52480739153923      2.49844334418545     -1.58093414737066  h
    2.56180202094238     -0.53925328342192     -0.59759613372012  h
   -0.90095036170539      0.57708146853342      1.12609538699478  c
   -1.52480723915934      2.49844342661098      1.58093416125424  h
   -2.56180205960875     -0.53925312155149      0.59759610897349  h
    0.37894758671200     -0.52636672595865      3.22945913556538  o
   -0.72593865943882     -0.48039249969048      4.67428753348239  h
$user-defined bonds
$intdef
# definitions of internal coordinates
   1 f  1.0000000000000 tors    2    3    6    9 val= 129.00000
$redundant
     number_of_atoms            10
     degrees_of_freedom         24
     internal_coordinates       25
     frozen_coordinates          1
# definitions of redundant internals
   1 k  1.0000000000000 tors   1    2    3    6 val= 178.04926
   2 k  1.0000000000000 stre   2    1           val=   1.81945
   3 k  1.0000000000000 bend   3    1    2      val= 108.70248
   4 k  1.0000000000000 stre   3    5           val=   2.06977
   5 k  1.0000000000000 stre   3    4           val=   2.07068
   6 k  0.0640453864809 bend   4    5    3      val=   0.65940
       -0.5147497097222 bend   2    5    3
       -0.5014935054021 bend   2    4    3
        0.4667704448497 bend   6    5    3
        0.5114298980953 bend   6    4    3
   7 k  0.0302820337974 bend   4    5    3      val=   0.87856
        0.5242892084982 bend   2    5    3
       -0.5505562172055 bend   2    4    3
        0.4712767198387 bend   6    5    3
       -0.4460828726996 bend   6    4    3
   8 k -0.8893396074509 bend   4    5    3      val=   1.58702
        0.1992682568303 bend   2    5    3
        0.1854297543207 bend   2    4    3
        0.2786908380458 bend   6    5    3
        0.2394043596946 bend   6    4    3
   9 k -0.0121788053653 bend   4    5    3      val=   1.63574
        0.4734280002338 bend   2    5    3
       -0.4452721819761 bend   2    4    3
       -0.5402073990102 bend   6    5    3
        0.5344401325755 bend   6    4    3
  10 k  1.0000000000000 stre   6    8           val=   2.06977
  11 k  1.0000000000000 stre   6    7           val=   2.07068
  12 k  0.0640453796652 bend   7    8    6      val=   0.65940
       -0.5147497073715 bend   9    8    6
       -0.5014935066392 bend   9    7    6
        0.4667704398073 bend   3    8    6
        0.5114299047038 bend   3    7    6
  13 k  0.0302820465526 bend   7    8    6      val=   0.87856
        0.5242892053214 bend   9    8    6
       -0.5505562170044 bend   9    7    6
        0.4712767226781 bend   3    8    6
       -0.4460828728158 bend   3    7    6
  14 k -0.8893396080838 bend   7    8    6      val=   1.58702
        0.1992682642754 bend   9    8    6
        0.1854297519200 bend   9    7    6
        0.2786908410606 bend   3    8    6
        0.2394043494964 bend   3    7    6
  15 k -0.0121788077226 bend   7    8    6      val=   1.63574
        0.4734280068530 bend   9    8    6
       -0.4452721790820 bend   9    7    6
       -0.5402074002300 bend   3    8    6
        0.5344401278365 bend   3    7    6
  16 k  1.0000000000000 tors  10    9    6    3 val= 178.04927
  17 k  1.0000000000000 stre   9   10           val=   1.81945
  18 k  1.0000000000000 bend   6   10    9      val= 108.70248
  19 k  1.0000000000000 tors   2    3    6    9 val= 129.00000
  20 k  1.0000000000000 stre   3    2           val=   2.69812
  21 k  1.0000000000000 bend   6    2    3      val= 108.20210
  22 k  1.0000000000000 stre   6    9           val=   2.69812
  23 k  1.0000000000000 bend   3    9    6      val= 108.20210
  24 k  1.0000000000000 stre   3    6           val=   2.88430
  25 f  1.0000000000000 tors   2    3    6    9 val= 129.00000
        24 non zero eigenvalues  of BmBt
           1           3.916362273    1    0
         1
           2           3.860210857    2    0
         2
           3           3.757537764    3    0
         3
           4           2.995559068    4    0
         4
           5           2.980192576    5    0
         5
           6           2.456911252    6    0
         6
           7           2.127826954    7    0
         7
           8           1.704138499    8    0
         8
           9           1.251476691    9    0
         9
          10           1.199940308   10    0
        10
          11           1.051063176   11    0
        11
          12           0.859010384   12    0
        12
          13           0.768317164   13    0
        13
          14           0.742971480   14    0
        14
          15           0.550864638   15    0
        15
          16           0.455569936   16    0
        16
          17           0.353672196   17    0
        17
          18           0.342191331   18    0
        18
          19           0.282490312   20    0
        20
          20           0.254677400   21    0
        21
          21           0.111961865   22    0
        22
          22           0.074047996   23    0
        23
          23           0.066565292   24    0
        24
          24           0.000000000    0    1
         0.000000000         0.000000000         0.000000000         0.000000000
         0.000000000         0.000000000         0.000000000         0.000000000
         0.000000000         0.000000000         0.000000000         0.000000000
         0.000000000         0.000000000         0.000000000         0.000000000
         0.000000000         0.000000000         0.000000000         0.000000000
         0.000000000         0.000000000         0.000000000         0.000000000
         1.000000000
$end
