$energy      SCF               SCFKIN            SCFPOT
     1 -230.2224246053      229.3287500513     -459.5511746565
     2 -230.2229478258      229.2855400721     -459.5084878978
     3 -230.2230207684      229.2880368973     -459.5110576656
     4 -230.2230415100      229.2911538212     -459.5141953312
     5 -230.2230420167      229.2902765067     -459.5133185234
     6 -230.2230420557      229.2905009806     -459.5135430363
     7 -230.2230420624      229.2904988060     -459.5135408684
     8 -230.2230420647      229.2905368341     -459.5135788988
     9 -230.2230420661      229.2904983917     -459.5135404578
    10 -230.2230420661      229.2904995522     -459.5135416184
    11 -230.2230420663      229.2904950943     -459.5135371606
    12 -230.2230420663      229.2904892623     -459.5135313286
$end
