$grad          cartesian gradients
  cycle =      1    SCF energy =     -230.2224246053   |dE/dxyz| =  0.009571
    0.73849735572381     -0.55068411656623     -4.62820363313888      h
   -0.37888217339324     -0.52786053283467     -3.19443684845113      o
    0.90942525290833      0.57944069882108     -1.10590742034087      c
    1.48533164551498      2.52683662217638     -1.51590414183373      h
    2.60157764039306     -0.50269012274613     -0.59823197095288      h
   -0.90937825020671      0.57951633861676      1.10590527744381      c
   -1.48515957674266      2.52695384190380      1.51589068385793      h
   -2.60159685960327     -0.50250512550909      0.59822592873084      h
    0.37885035921849     -0.52785128545875      3.19444803970579      o
   -0.73870531485478     -0.55104874682543      4.62807103089135      h
  -.34641245853310D-03  -.29765418344018D-04  0.11845211504801D-02
  -.11133767149116D-02  -.77885611324001D-03  0.34795285098605D-02
  0.26705840055150D-03  -.25467560344630D-03  0.35417397453301D-02
  -.12796392989753D-02  0.79370844594278D-03  0.33568881257066D-02
  0.18467511687818D-02  0.26945978687833D-03  -.79363359409697D-03
  -.26790665698556D-03  -.25296878801052D-03  -.35418907610325D-02
  0.12795488117253D-02  0.79391282002206D-03  -.33562257747643D-02
  -.18462996753029D-02  0.26988385329217D-03  0.79325424649827D-03
  0.11141814039331D-02  -.77754403833508D-03  -.34792094823314D-02
  0.34609977952630D-03  -.30823432540133D-04  -.11849740387227D-02
  cycle =      2    SCF energy =     -230.2229478258   |dE/dxyz| =  0.003608
    0.75021309190086     -0.49492302902276     -4.67625560354151      h
   -0.36144150660980     -0.53169598197176     -3.23599788300158      o
    0.90445750298628      0.57007107162414     -1.12419460200970      c
    1.50694590948238      2.50622807965636     -1.55210553372534      h
    2.58379519223848     -0.52460467748640     -0.61219874583382      h
   -0.90442456039036      0.57011363161663      1.12418370180001      c
   -1.50677960862591      2.50630313149120      1.55214018408405      h
   -2.58383602439275     -0.52442922184043      0.61214999082351      h
    0.36138350191722     -0.53179238338621      3.23596896455815      o
   -0.75035341954840     -0.49516304910305      4.67616647275846      h
  -.14499921824426D-03  -.23013722044985D-03  -.38944814522007D-03
  0.80684664701990D-03  -.11613786075250D-02  0.12000488891851D-03
  -.69199596304268D-03  0.18055773183205D-03  -.18161019512942D-03
  -.11408016920716D-03  0.64854877604388D-03  0.12779674636794D-02
  0.49173998650636D-03  0.56384138978200D-03  -.10492273228713D-02
  0.69200013767107D-03  0.18140086953870D-03  0.18124049889991D-03
  0.11388853191047D-03  0.64863346590919D-03  -.12775682978317D-02
  -.49134487934654D-03  0.56401398213021D-03  0.10489244919096D-02
  -.80693427949287D-03  -.11608290518572D-02  -.11952463522238D-03
  0.14488163364870D-03  -.23061132025711D-03  0.38924274480575D-03
  cycle =      3    SCF energy =     -230.2230207684   |dE/dxyz| =  0.002991
    0.74510572051913     -0.47743392127149     -4.67767432066251      h
   -0.36189913316812     -0.53105101721097     -3.23462626389543      o
    0.90516871239299      0.57083515213749     -1.12428350001522      c
    1.52155452179529      2.49886053382937     -1.56530921531414      h
    2.57297393930512     -0.53612272582243     -0.60053914865621      h
   -0.90514701469290      0.57086345725574      1.12426952861518      c
   -1.52139091000792      2.49891825851832      1.56536657366765      h
   -2.57303280205969     -0.53594934493053      0.60047579799397      h
    0.36183058311361     -0.53119629967073      3.23457529321980      o
   -0.74520353823951     -0.47761652125705      4.67760220095913      h
  -.90223105912554D-04  -.86731555191413D-04  -.19540723466947D-03
  0.90333072715579D-03  -.10947803687215D-02  0.34286220639450D-03
  -.70017804982240D-03  0.57530598412775D-03  -.81553152245211D-03
  0.20292861121171D-04  0.31750648656225D-03  0.48205130682617D-03
  0.13106360212771D-03  0.29065837387606D-03  -.60436698900911D-03
  0.70031330589473D-03  0.57570238509775D-03  0.81556611590344D-03
  -.20402240913253D-04  0.31752463987789D-03  -.48185959535845D-03
  -.13089273157444D-03  0.29067570219267D-03  0.60410567393139D-03
  -.90344721203302D-03  -.10945017847821D-02  -.34274074724819D-03
  0.90146521346828D-04  -.86886548180070D-04  0.19532166667857D-03
  cycle =      4    SCF energy =     -230.2230415100   |dE/dxyz| =  0.002884
    0.74058100533533     -0.47294693060603     -4.67426876692772      h
   -0.36548452533878     -0.52904202147981     -3.23078360383300      o
    0.90553151277769      0.57394431708986     -1.12277362109868      c
    1.53159590738521      2.49556778966716     -1.57396979680889      h
    2.56434844484455     -0.54242704206853     -0.58789172536171      h
   -0.90551913704750      0.57396302441722      1.12275737008370      c
   -1.53143394549895      2.49561429658552      1.57404217364416      h
   -2.56442262913868     -0.54225422956264      0.58782138150838      h
    0.36540982634985     -0.52922033428266      3.23071625173279      o
   -0.74064638071072     -0.47309129818238      4.67420728297320      h
  -.33325809916256D-04  0.18071337368404D-04  0.59360805377673D-05
  0.57389414904781D-03  -.11279127792529D-02  0.48913809888833D-03
  -.73291400573438D-03  0.10780037098285D-02  -.78289618906608D-03
  0.23262791064970D-04  0.28932702590244D-04  0.23852563061563D-04
  -.37222485674394D-05  0.51678166550136D-05  -.26714894046471D-04
  0.73302400142550D-03  0.10779722535953D-02  0.78316888169726D-03
  -.23264804056314D-04  0.28917690132828D-04  -.23857269049714D-04
  0.37210611173765D-05  0.51336379258963D-05  0.26587897272904D-04
  -.57397286322143D-03  -.11278631809058D-02  -.48928227334188D-03
  0.33302393489193D-04  0.18123618699724D-04  -.59330661587903D-05
  cycle =      5    SCF energy =     -230.2230420167   |dE/dxyz| =  0.002772
    0.74236247792745     -0.48130905325004     -4.67184206164349      h
   -0.36744552640790     -0.52718092044441     -3.23076978010526      o
    0.90498946185217      0.57620865712034     -1.12278291319704      c
    1.53067640039495      2.49754597388875     -1.57499251835215      h
    2.56388124784749     -0.54016964681010     -0.58784522864525      h
   -0.90497652419580      0.57622873394736      1.12276642561516      c
   -1.53051375338096      2.49759459270628      1.57506168542470      h
   -2.56395524745267     -0.53999654935649      0.58777906580768      h
    0.36737290965971     -0.52735381551023      3.23070392054893      o
   -0.74243136728644     -0.48146040071377      4.67177835045895      h
  -.77863848200995D-05  -.70204579440715D-05  -.15382279847939D-04
  0.40614303258629D-03  -.11600718798365D-02  0.32970625470489D-03
  -.71895558805170D-03  0.11823715735776D-02  -.55072063882479D-03
  -.32940470988218D-06  -.81402039913222D-05  0.29697328618144D-04
  0.23898569716923D-04  -.49440477536855D-05  0.38650034896636D-04
  0.71902644093324D-03  0.11822440094287D-02  0.55077527441854D-03
  0.35070026735887D-06  -.81447541520023D-05  -.29717053919334D-04
  -.23905097697700D-04  -.49337028846329D-05  -.38644005772824D-04
  -.40623813327930D-03  -.11600203872421D-02  -.32974255287681D-03
  0.78002737290714D-05  -.70274261606263D-05  0.15377560837420D-04
  cycle =      7    SCF energy =     -230.2230420624   |dE/dxyz| =  0.002733
    0.72578806539964     -0.48029533300302     -4.67438984361639      h
   -0.37892345775222     -0.52637434945591     -3.22943233755921      o
    0.90095319166864      0.57704928058999     -1.12611483296579      c
    1.52487704529364      2.49840838272800     -1.58085213780165      h
    2.56181156528598     -0.53925141313308     -0.59749984355279      h
   -0.90095319853070      0.57704929197729      1.12611485623740      c
   -1.52487686464028      2.49840847960881      1.58085207706638      h
   -2.56181165984399     -0.53925128736423      0.59749993669201      h
    0.37892345582044     -0.52637434547928      3.22943231808006      o
   -0.72578803906254     -0.48029548403988      4.67438984309413      h
  -.49452939137699D-05  -.16674316002379D-05  -.41295150555234D-05
  0.43708451798397D-03  -.11433621423360D-02  0.35137687119103D-03
  -.69052676422377D-03  0.11465568838263D-02  -.56601043859350D-03
  0.25080637495165D-05  -.18688956188304D-05  0.54949509014111D-05
  0.33663682124071D-05  0.25618320127749D-05  0.63178734719266D-05
  0.69052383729588D-03  0.11465325951632D-02  0.56601635006429D-03
  -.25037550788926D-05  -.18663347708454D-05  -.55013672606844D-05
  -.33668818486755D-05  0.25618076207219D-05  -.63144883384207D-05
  -.43708921796859D-03  -.11433528024398D-02  -.35137934374399D-03
  0.49491217476284D-05  -.16692959705746D-05  0.41291043255636D-05
  cycle =      8    SCF energy =     -230.2230420647   |dE/dxyz| =  0.002725
    0.72585419657679     -0.48039431477775     -4.67432654609163      h
   -0.37894777770402     -0.52635350420799     -3.22943530319651      o
    0.90094692681826      0.57707721711150     -1.12611286006246      c
    1.52484144656509      2.49844156179904     -1.58089600629986      h
    2.56180715327088     -0.53923437855278     -0.59755704584031      h
   -0.90094692972280      0.57707721498088      1.12611287317370      c
   -1.52484130502864      2.49844160439930      1.58089604896865      h
   -2.56180722915352     -0.53923425051698      0.59755704125309      h
    0.37894772739153     -0.52635365645430      3.22943524565407      o
   -0.72585410537496     -0.48039427135225      4.67432658811540      h
  -.29275385080657D-05  -.14507716404029D-05  -.20128347557994D-05
  0.43418250006290D-03  -.11437628234795D-02  0.34887888845622D-03
  -.68628322422638D-03  0.11453396828142D-02  -.55763490421283D-03
  0.18891437072191D-05  0.20973979046336D-06  0.28289011532222D-05
  0.19243093862402D-05  0.18784503101884D-05  0.31467397151156D-05
  0.68628373952858D-03  0.11453301060850D-02  0.55763960443394D-03
  -.18881121225813D-05  0.21204632605712D-06  -.28318156875710D-05
  -.19235032420427D-05  0.18792700414092D-05  -.31455697778700D-05
  -.43418731743523D-03  -.11437634842761D-02  -.34888257367864D-03
  0.29300074524551D-05  -.14496776782702D-05  0.20135619203538D-05
  cycle =     10    SCF energy =     -230.2230420661   |dE/dxyz| =  0.002716
    0.72592209748246     -0.48032906569348     -4.67429992328270      h
   -0.37893290474441     -0.52638269084614     -3.22945241485335      o
    0.90095604809542      0.57706281283016     -1.12609211602187      c
    1.52481312482301      2.49842966527306     -1.58093174732540      h
    2.56180698280251     -0.53926816165418     -0.59759008317653      h
   -0.90095600060843      0.57706288670719      1.12609211078302      c
   -1.52481297409931      2.49842977568862      1.58093172563003      h
   -2.56180699925383     -0.53926799501410      0.59759008346813      h
    0.37893287378939     -0.52638268064006      3.22945242700030      o
   -0.72592230627271     -0.48032941849850      4.67429981430625      h
  -.11368646213866D-05  0.92764128580986D-06  0.63058756835551D-06
  0.42963843428624D-03  -.11475804012388D-02  0.34409888430900D-03
  -.67811803512407D-03  0.11461435820268D-02  -.54354363558846D-03
  0.27188475808473D-06  0.18309041292572D-05  -.68050792206273D-06
  -.50590542024496D-06  0.88897343143570D-06  -.61454449623899D-06
  0.67811907610208D-03  0.11461477472256D-02  0.54354246304597D-03
  -.27239885473761D-06  0.18301691548230D-05  0.68085578321584D-06
  0.50576007269080D-06  0.88896973530616D-06  0.61463090056470D-06
  -.42963796208414D-03  -.11475800980028D-02  -.34409928240911D-03
  0.11360083814909D-05  0.92624711117774D-06  -.62944390579068D-06
  cycle =     11    SCF energy =     -230.2230420663   |dE/dxyz| =  0.002717
    0.72594288842001     -0.48041189593651     -4.67428166698788      h
   -0.37894986585724     -0.52636186719009     -3.22945767370287      o
    0.90094947380667      0.57708543631738     -1.12609672689715      c
    1.52480576785901      2.49844883892589     -1.58093555719786      h
    2.56180266473510     -0.53924793250096     -0.59760022245403      h
   -0.90094944333485      0.57708548464630      1.12609671866913      c
   -1.52480561908489      2.49844891938399      1.58093557671438      h
   -2.56180270442763     -0.53924776908613      0.59760019331084      h
    0.37894981601499     -0.52636193347036      3.22945765505618      o
   -0.72594303611706     -0.48041215293694      4.67428158001714      h
  -.51834247792916D-06  0.16637645184683D-06  -.12306062295128D-06
  0.42821659329446D-03  -.11476372013965D-02  0.34295054913473D-03
  -.67855678553181D-03  0.11482128669345D-02  -.54322836206153D-03
  0.82511439376201D-07  0.88252853200209D-06  -.63726352320514D-07
  0.45697751728767D-07  0.58538158744633D-06  -.31977664842871D-06
  0.67855740610240D-03  0.11482146229427D-02  0.54322801978966D-03
  -.82858605906386D-07  0.88234074706884D-06  0.64105527668426D-07
  -.45733295132250D-07  0.58547564609395D-06  0.31963583412240D-06
  -.42821693643482D-03  -.11476376635695D-02  -.34295071952636D-03
  0.51845076907135D-06  0.16638257174206D-06  0.12333781216551D-06
$end
