$hessapprox internal
  0.164976173227D-01  0.582276318652D-03  0.617321814343D+00  0.269986879032D-02
  0.195971675238D-02  0.372505943753D+00  0.402348060115D-03 -0.759560837167D-03
  0.139151311132D-02  0.423858288637D+00  0.145588256798D-02  0.339925550910D-02
 -0.199417634544D-02  0.243372035907D-02  0.416493104367D+00 -0.106956947728D-02
 -0.562213533496D-04 -0.132608752475D-02 -0.337563865821D-04 -0.108009469679D-02
  0.345343078823D+00  0.506741702123D-03  0.115494374945D-02 -0.661838300129D-03
  0.826814831789D-03 -0.241835369993D-02 -0.371546126082D-03  0.344957024691D+00
  0.143098309845D-02  0.124807537757D-02  0.433128651167D-03  0.887998532141D-03
 -0.160070671559D-02 -0.735479438301D-03 -0.535054096836D-03  0.320670936886D+00
 -0.158037215054D-02 -0.128977043542D-02 -0.579650400564D-03 -0.917033185689D-03
  0.153773261281D-02  0.798454905749D-03  0.512941839975D-03 -0.141833814555D-03
  0.344082236690D+00  0.402607815142D-03 -0.759177096969D-03  0.139141200519D-02
 -0.548059664683D-03  0.243302159925D-02 -0.339143855622D-04  0.826579378569D-03
  0.887887357651D-03 -0.916934771796D-03  0.423858836985D+00  0.145609453822D-02
  0.339873754451D-02 -0.199330855388D-02  0.243334682346D-02 -0.715693917776D-02
 -0.108009412446D-02 -0.241781443664D-02 -0.160014664423D-02  0.153715643856D-02
  0.243264824048D-02  0.416496280954D+00 -0.106765597897D-02 -0.535295097408D-04
 -0.132667797099D-02 -0.318338682580D-04 -0.108489157260D-02  0.411982147109D-03
 -0.373161802103D-03 -0.736192702093D-03  0.799073243785D-03 -0.319922972281D-04
 -0.108488976221D-02  0.345340790089D+00  0.500550029317D-03  0.114747085072D-02
 -0.661342516872D-03  0.821483142211D-03 -0.240604524300D-02 -0.368040840856D-03
 -0.812772447693D-03 -0.533715009633D-03  0.511918383006D-03  0.821248740052D-03
 -0.240550939416D-02 -0.369649468110D-03  0.344965286263D+00  0.143254211977D-02
  0.125032369454D-02  0.432584538813D-03  0.889604526669D-03 -0.160475815716D-02
 -0.736419184113D-03 -0.536418991938D-03  0.649835760037D-04 -0.141286470236D-03
  0.889492986680D-03 -0.160419705072D-02 -0.737134923794D-03 -0.535073878325D-03
  0.320669686229D+00 -0.157655850936D-02 -0.128610303551D-02 -0.578886240676D-03
 -0.914421420829D-03  0.153258054923D-02  0.796441647258D-03  0.511215613392D-03
 -0.141926152965D-03  0.226515508264D-03 -0.914323397064D-03  0.153200603077D-02
  0.797057432057D-03  0.510197479113D-03 -0.141381019867D-03  0.344082018671D+00
  0.258563601546D-02  0.582342040103D-03  0.269530663282D-02  0.402416734407D-03
  0.145175503913D-02 -0.106827475172D-02  0.505325139944D-03  0.142841602104D-02
 -0.157760014645D-02  0.402675911565D-03  0.145196712939D-02 -0.106636541422D-02
  0.499146049877D-03  0.142997161310D-02 -0.157379358954D-02  0.164907177605D-01
  0.581934017524D-03 -0.105012823269D-02  0.195719984047D-02 -0.758256517955D-03
  0.339415735596D-02 -0.563743042283D-04  0.115321432469D-02  0.124640697675D-02
 -0.128806935159D-02 -0.757873331634D-03  0.339364026666D-02 -0.536863251917D-04
  0.114575195488D-02  0.124865205700D-02 -0.128440694297D-02  0.581998850661D-03
  0.617325432385D+00  0.270171657527D-02  0.196282297456D-02  0.126775341645D-02
  0.139373381777D-02 -0.200012464421D-02 -0.132727012207D-02 -0.663844508556D-03
  0.432043020192D-03 -0.578652965733D-03  0.139363215703D-02 -0.199925541475D-02
 -0.132786434680D-02 -0.663339313387D-03  0.431495703888D-03 -0.577892475254D-03
  0.269715003909D-02  0.196030152141D-02  0.372503638985D+00 -0.246100010089D-02
 -0.636763665829D-02  0.408165376218D-02 -0.456060731815D-02  0.137148560433D-01
  0.192263207557D-02  0.463496343149D-02  0.319253921654D-02 -0.309034419517D-02
 -0.455925519439D-02  0.137118743386D-01  0.193192902033D-02  0.461096225758D-02
  0.320038491723D-02 -0.308015876547D-02 -0.245358053606D-02 -0.635802615230D-02
  0.409312256870D-02  0.460838906646D+00  0.959620838598D-03 -0.346809036167D-03
  0.164398882905D-02 -0.255185345899D-03  0.200067860622D-02 -0.308756427697D-03
  0.682944672659D-03  0.970937940175D-03 -0.103015926895D-02 -0.254934335693D-03
  0.200048813505D-02 -0.306971558062D-03  0.677757733323D-03  0.972418387576D-03
 -0.102740937650D-02  0.958741976235D-03 -0.346037404168D-03  0.164595346463D-02
 -0.367756436760D-02  0.378909739240D+00 -0.246023730802D-02 -0.636579383311D-02
  0.408053824599D-02 -0.455928777026D-02  0.137109448645D-01  0.192205653879D-02
  0.463364195563D-02  0.319165213364D-02 -0.308948968358D-02 -0.455793602962D-02
  0.137079640215D-01  0.193135085209D-02  0.460964754839D-02  0.319949561244D-02
 -0.307930710009D-02 -0.245281994977D-02 -0.635618609697D-02  0.409200379533D-02
 -0.262311296138D-01 -0.367648672928D-02  0.460853881496D+00  0.957192344742D-03
 -0.348575564908D-03  0.164285180352D-02 -0.256439716714D-03  0.200248218497D-02
 -0.307563039940D-03  0.683543323225D-03  0.970551315727D-03 -0.102964087621D-02
 -0.256188614521D-03  0.200229093142D-02 -0.305777631959D-03  0.678355918450D-03
  0.972032258631D-03 -0.102689166211D-02  0.956317588674D-03 -0.347801662927D-03
  0.164481748183D-02 -0.368125439205D-02  0.865903565989D-04 -0.368017574498D-02
  0.378906778858D+00  0.189621963193D-02  0.202441592750D-02  0.150233553539D-03
  0.144300020481D-02 -0.308345128015D-02 -0.103233920574D-02 -0.103512181846D-02
 -0.203233540149D-03  0.104762187032D-03  0.144275097035D-02 -0.308253192071D-02
 -0.103399283617D-02 -0.103144253062D-02 -0.204655321840D-03  0.103759611305D-03
  0.189255417722D-02  0.202161330621D-02  0.147952048949D-03  0.605191944606D-02
  0.146286213522D-02  0.605022038894D-02  0.146273212376D-02  0.377905628190D+00
  0.000000000000D+00  0.000000000000D+00  0.000000000000D+00  0.000000000000D+00
  0.000000000000D+00  0.000000000000D+00  0.000000000000D+00  0.000000000000D+00
  0.000000000000D+00  0.000000000000D+00  0.000000000000D+00  0.000000000000D+00
  0.000000000000D+00  0.000000000000D+00  0.000000000000D+00  0.000000000000D+00
  0.000000000000D+00  0.000000000000D+00  0.000000000000D+00  0.000000000000D+00
  0.000000000000D+00  0.000000000000D+00  0.000000000000D+00  0.000000000000D+00
$end
