$coord
    0.18504927561924     -1.06850933659511     -4.25902765687298  h
   -0.22784650121508     -1.13836786824404     -2.48914317995901  o
    0.35869270354804      1.23681222587589     -1.39361877786410  c
   -0.64766555209585      2.79896440118898     -2.31610502802119  h
    2.39516150669211      1.60061353122470     -1.56912909767385  h
   -0.35869328003083      1.23681226869897      1.39361852168989  c
    0.64766470434905      2.79896463439040      2.31610484575912  h
   -2.39516213901260      1.60061330389029      1.56912852375713  h
    0.22784619800226     -1.13836763787326      2.48914307882332  o
   -0.18506281410805     -1.06851365556117      4.25902463554926  h
$user-defined bonds
$intdef
# definitions of internal coordinates
   1 f  1.0000000000000 tors    2    3    6    9 val=  39.00000
$redundant
     number_of_atoms            10
     degrees_of_freedom         24
     internal_coordinates       25
     frozen_coordinates          1
# definitions of redundant internals
   1 k  1.0000000000000 tors   1    2    3    6 val= 177.93416
   2 k  1.0000000000000 stre   2    1           val=   1.81875
   3 k  1.0000000000000 bend   3    1    2      val= 108.30022
   4 k  1.0000000000000 stre   3    4           val=   2.07462
   5 k  1.0000000000000 stre   3    5           val=   2.07614
   6 k  0.0848051628434 bend   5    4    3      val=   1.05097
       -0.5277373139889 bend   2    4    3
       -0.4886378790237 bend   2    5    3
        0.4792867837548 bend   6    4    3
        0.4958009821290 bend   6    5    3
   7 k  0.0096906976832 bend   5    4    3      val=   0.29118
       -0.5305414089218 bend   2    4    3
        0.5624427412107 bend   2    5    3
       -0.4618909581784 bend   6    4    3
        0.4344500079526 bend   6    5    3
   8 k  0.8926815117555 bend   5    4    3      val=  -0.30974
       -0.1654538009743 bend   2    4    3
       -0.1919874791862 bend   2    5    3
       -0.2682967476965 bend   6    4    3
       -0.2586550237755 bend   6    5    3
   9 k -0.0119960375341 bend   5    4    3      val=   1.61495
        0.4495433326594 bend   2    4    3
       -0.4466419250319 bend   2    5    3
       -0.5355577624243 bend   6    4    3
        0.5580822171112 bend   6    5    3
  10 k  1.0000000000000 stre   6    7           val=   2.07462
  11 k  1.0000000000000 stre   6    8           val=   2.07614
  12 k  0.0848052454639 bend   8    7    6      val=   1.05097
       -0.5277372634512 bend   9    7    6
       -0.4886379371261 bend   9    8    6
        0.4792868691791 bend   3    7    6
        0.4958008819481 bend   3    8    6
  13 k  0.0096907798317 bend   8    7    6      val=   0.29119
       -0.5305415054079 bend   9    7    6
        0.5624427155955 bend   9    8    6
       -0.4618908447504 bend   3    7    6
        0.4344500420474 bend   3    8    6
  14 k  0.8926815139270 bend   8    7    6      val=  -0.30973
       -0.1654537601380 bend   9    7    6
       -0.1919874237832 bend   9    8    6
       -0.2682967054831 bend   3    7    6
       -0.2586551273128 bend   3    8    6
  15 k -0.0119959662881 bend   8    7    6      val=   1.61494
        0.4495432382376 bend   9    7    6
       -0.4466419380099 bend   9    8    6
       -0.5355578059315 bend   3    7    6
        0.5580822425631 bend   3    8    6
  16 k  1.0000000000000 tors  10    9    6    3 val= 177.93464
  17 k  1.0000000000000 stre   9   10           val=   1.81875
  18 k  1.0000000000000 bend   6   10    9      val= 108.30022
  19 k  1.0000000000000 tors   2    3    6    9 val=  39.00000
  20 k  1.0000000000000 stre   3    2           val=   2.68061
  21 k  1.0000000000000 bend   6    2    3      val= 109.95276
  22 k  1.0000000000000 stre   6    9           val=   2.68061
  23 k  1.0000000000000 bend   3    9    6      val= 109.95276
  24 k  1.0000000000000 stre   3    6           val=   2.87808
  25 f  1.0000000000000 tors   2    3    6    9 val=  39.00000
        24 non zero eigenvalues  of BmBt
           1           4.546163677    1    0
         1
           2           3.778708819    2    0
         2
           3           3.774758294    3    0
         3
           4           3.080683404    4    0
         4
           5           2.682639227    5    0
         5
           6           2.467845686    6    0
         6
           7           2.100246732    7    0
         7
           8           1.727958894    8    0
         8
           9           1.237535736    9    0
         9
          10           1.229182304   10    0
        10
          11           1.051176799   11    0
        11
          12           0.846734921   12    0
        12
          13           0.767354015   13    0
        13
          14           0.726290796   14    0
        14
          15           0.659679547   15    0
        15
          16           0.403315265   16    0
        16
          17           0.347590391   17    0
        17
          18           0.313090390   18    0
        18
          19           0.275408557   20    0
        20
          20           0.246577386   21    0
        21
          21           0.158345431   22    0
        22
          22           0.066951404   23    0
        23
          23           0.057488196   24    0
        24
          24           0.000000000    0    1
         0.000000000         0.000000000         0.000000000         0.000000000
         0.000000000         0.000000000         0.000000000         0.000000000
         0.000000000         0.000000000         0.000000000         0.000000000
         0.000000000         0.000000000         0.000000000         0.000000000
         0.000000000         0.000000000         0.000000000         0.000000000
         0.000000000         0.000000000         0.000000000         0.000000000
         1.000000000
$end
