$energy      SCF               SCFKIN            SCFPOT
     1 -230.2193174219      229.3054680163     -459.5247854382
     2 -230.2203733334      229.2732072363     -459.4935805697
     3 -230.2204560975      229.2847873928     -459.5052434903
     4 -230.2204775006      229.2892115728     -459.5096890734
     5 -230.2204784184      229.2875341908     -459.5080126092
     6 -230.2204784810      229.2877470680     -459.5082255490
     7 -230.2204784860      229.2877443626     -459.5082228486
     8 -230.2204784899      229.2877158266     -459.5081943165
     9 -230.2204784923      229.2877548253     -459.5082333176
    10 -230.2204784923      229.2877532302     -459.5082317225
    11 -230.2204784923      229.2877615313     -459.5082400236
    12 -230.2204784923      229.2877659275     -459.5082444198
$end
