$grad          cartesian gradients
  cycle =      1    SCF energy =     -230.2193174219   |dE/dxyz| =  0.014121
    0.21446872263379     -1.20557068758483     -4.13211013692761      h
   -0.24489660974102     -1.15580497122117     -2.37391447494233      o
    0.37529944424390      1.26880792690420     -1.38173688840623      c
   -0.64891233596646      2.77620015628490     -2.36706691585080      h
    2.40455510634703      1.65589357489570     -1.53796536927095      h
   -0.37530112658805      1.26881172526483      1.38173201530821      c
    0.64888252907743      2.77622366901782      2.36706549687137      h
   -2.40456148758604      1.65587016680641      1.53793938378067      h
    0.24492796068819     -1.15578546484243      2.37392716738056      o
   -0.21491011762448     -1.20571675579927      4.13199414438655      h
  -.25581373042061D-03  -.93777508217636D-03  0.71711541764608D-03
  0.16209848605914D-02  -.50065948060086D-02  0.50766804810327D-02
  -.25194900397573D-02  0.49700402344413D-02  0.11235862033890D-02
  -.55888897348117D-03  -.14274490103981D-02  -.18164218437430D-03
  -.10918921080020D-02  0.24036755062539D-02  0.17631478932660D-02
  0.25188407534928D-02  0.49703540045482D-02  -.11236379374228D-02
  0.55892219765952D-03  -.14273174545299D-02  0.18197477056914D-03
  0.10922471662760D-02  0.24039132544757D-02  -.17634541565333D-02
  -.16200354736139D-02  -.50071134217599D-02  -.50765823339997D-02
  0.25512367472433D-03  -.93764712057968D-03  -.71718521172630D-03
  cycle =      2    SCF energy =     -230.2203733334   |dE/dxyz| =  0.015669
    0.20879253305395     -1.10072343245866     -4.25899480445341      h
   -0.21721249858760     -1.15572648641906     -2.49135949069205      o
    0.36693903776537      1.22637494569262     -1.39570316533533      c
   -0.63490428377356      2.76861999503927     -2.35306242745808      h
    2.40002027007378      1.60098827742327     -1.55618180143732      h
   -0.36696544356882      1.22637211612818      1.39569251345576      c
    0.63487368961621      2.76861233308742      2.35306718850918      h
   -2.40004650316580      1.60098567487789      1.55615643579446      h
    0.21718190127739     -1.15573242021230      2.49134251526708      o
   -0.20912661720662     -1.10084166343247      4.25890745867915      h
  -.14380390535109D-03  -.63674569098712D-03  -.34142526261288D-03
  0.47974628506362D-02  -.24773388893239D-02  0.81531346710494D-04
  -.84062359074227D-02  0.34016320539101D-02  -.24179766216470D-02
  0.32756093689260D-03  -.98725194546347D-03  -.15920982410039D-02
  -.85193777502196D-03  0.70028649354946D-03  0.37830762568947D-03
  0.84059510975118D-02  0.34019210871232D-02  0.24178819906311D-02
  -.32755558456034D-03  -.98724353464051D-03  0.15924728133311D-02
  0.85219727113457D-03  0.70035011353329D-03  -.37864789283413D-03
  -.47970796955531D-02  -.24771753552889D-02  -.81187699216910D-04
  0.14344168709563D-03  -.63691913550309D-03  0.34114190009991D-03
  cycle =      3    SCF energy =     -230.2204560975   |dE/dxyz| =  0.016781
    0.20902860915947     -1.09096129382414     -4.25666753653572      h
   -0.21633955834078     -1.15504879112236     -2.48958367867066      o
    0.36603980090834      1.22247003889064     -1.39304835249452      c
   -0.63383384708753      2.77481310591186     -2.33704791718336      h
    2.40242797651879      1.58826108297465     -1.55577623652553      h
   -0.36608039148407      1.22246429363950      1.39303577365639      c
    0.63380504866635      2.77478929760705      2.33705475322797      h
   -2.40246543471082      1.58827350508492      1.55575438288156      h
    0.21627344635864     -1.15506791727158      2.48955350955173      o
   -0.20930356450409     -1.09106398216438      4.25658972442158      h
  -.55054133975539D-04  -.18836502822569D-03  -.38226909182072D-04
  0.55460651491380D-02  -.19977171779833D-02  0.99461036773703D-03
  -.95724070247863D-02  0.25782158545323D-02  -.23535826619905D-02
  0.17349836862002D-03  -.57751141584989D-03  -.84165855416973D-03
  -.27668567306715D-03  0.18596253636516D-03  0.13860238435364D-03
  0.95722752667174D-02  0.25783359898441D-02  0.23535927195735D-02
  -.17347735509516D-03  -.57754153548465D-03  0.84193876381220D-03
  0.27677284700260D-03  0.18599378807451D-03  -.13888058546232D-03
  -.55457819146246D-02  -.19974121493056D-02  -.99448562779081D-03
  0.54795657339435D-04  -.18850683460018D-03  0.38090608171079D-04
  cycle =      4    SCF energy =     -230.2204775006   |dE/dxyz| =  0.017532
    0.20953975939790     -1.08580297359429     -4.25628479366191      h
   -0.21502951118494     -1.15583355529834     -2.48925904076827      o
    0.36591975492810      1.21946325752723     -1.39121102418881      c
   -0.63384305154235      2.78055071679052     -2.32218061255437      h
    2.40411384627294      1.58115807703778     -1.55537789821671      h
   -0.36597781466073      1.21945357902998      1.39119590080448      c
    0.63381648176326      2.78050704040243      2.32218967155670      h
   -2.40416469249012      1.58118917980028      1.55536073032553      h
    0.21491951876413     -1.15586944376665      2.48921311572470      o
   -0.20974220576389     -1.08588653820279      4.25621837330810      h
  0.12521834264311D-04  0.62030268367787D-04  0.54055458288756D-04
  0.59464149779436D-02  -.20955145312005D-02  0.15855189127567D-02
  -.10056255934382D-01  0.22015830886557D-02  -.23239310251730D-02
  0.30158098238640D-04  -.10493806773134D-03  -.12360667492832D-03
  0.11013959879748D-03  -.62485160593792D-04  -.39022097763171D-05
  0.10056263417714D-01  0.22014373537584D-02  0.23240077236391D-02
  -.30131960267656D-04  -.10496532036690D-03  0.12375245554286D-03
  -.11014701573188D-03  -.62478548400076D-04  0.37264382026715D-05
  -.59463265407327D-02  -.20951703555360D-02  -.15855165232867D-02
  -.12634978026064D-04  0.61946094555790D-04  -.54103103305367D-04
  cycle =      5    SCF energy =     -230.2204784184   |dE/dxyz| =  0.017233
    0.20971703121986     -1.08633432050161     -4.25761097105623      h
   -0.21414945883671     -1.15643669170783     -2.49031013543459      o
    0.36638344823342      1.21900162732258     -1.39144001169264      c
   -0.63440202539511      2.78106108568828     -2.32003290161984      h
    2.40399667745396      1.58224458329938     -1.55561751724225      h
   -0.36644882512979      1.21899016476883      1.39142368328546      c
    0.63437632269683      2.78100911636386      2.32004240567134      h
   -2.40405284326338      1.58228347489850      1.55560299079817      h
    0.21402141318344     -1.15647976904715      2.49025777013527      o
   -0.20988965467824     -1.08640993135868      4.25754910948474      h
  0.10158078777242D-04  0.22174562441401D-04  -.29239977365753D-05
  0.58992197809116D-02  -.22493884746718D-02  0.15494359629065D-02
  -.97540177567434D-02  0.22469980970661D-02  -.24579077036334D-02
  0.92804791727804D-05  -.92829732351583D-05  -.13988776966543D-04
  0.32777052609474D-04  -.97546310321580D-05  -.61597356201763D-05
  0.97540539131547D-02  0.22467342832336D-02  0.24579662450609D-02
  -.92685654112674D-05  -.92996857914481D-05  0.14057734527789D-04
  -.32773276323641D-04  -.97497665473824D-05  0.60575657532260D-05
  -.58992161999038D-02  -.22491110948049D-02  -.15494323101622D-02
  -.10211877018351D-04  0.22125331814776D-04  0.28968851294177D-05
  cycle =      7    SCF energy =     -230.2204784860   |dE/dxyz| =  0.017129
    0.18525932481748     -1.06833301747522     -4.25901604937930      h
   -0.22788083863340     -1.13839936197210     -2.48918864872776      o
    0.35867424593078      1.23684645508952     -1.39360029798665      c
   -0.64772620432245      2.79895851876878     -2.31608862494841      h
    2.39510658871477      1.60058020314359     -1.56927721471191      h
   -0.35867421888047      1.23684652489819      1.39360025854514      c
    0.64772469077964      2.79895929824206      2.31608927114737      h
   -2.39510693972823      1.60057882472167      1.56927536143954      h
    0.22788211497435     -1.13839859457084      2.48918901056230      o
   -0.18527804182090     -1.06833940134272      4.25901198308384      h
  0.39254792879349D-05  0.10603305134163D-04  -.68747045160237D-06
  0.59169004995021D-02  -.21933725894583D-02  0.15232984335712D-02
  -.96749045512341D-02  0.21910268965495D-02  -.24797580168058D-02
  0.47842128281469D-06  -.22794408585796D-05  0.11159105325155D-05
  -.82099080450493D-05  -.52810544135345D-05  -.72279899340216D-05
  0.96748925665847D-02  0.21910446152454D-02  0.24797812573918D-02
  -.47294132610925D-06  -.22860344800068D-05  -.10825428702153D-05
  0.82121747807900D-05  -.52786581449336D-05  0.71779453759182D-05
  -.59168728945305D-02  -.21933250832129D-02  -.15232915712993D-02
  -.39488179546266D-05  0.10584160604344D-04  0.67396300233723D-06
  cycle =      8    SCF energy =     -230.2204784899   |dE/dxyz| =  0.017136
    0.18516188379920     -1.06838386733673     -4.25901923057722      h
   -0.22785741789933     -1.13837793629461     -2.48916415472344      o
    0.35868850879458      1.23684600577008     -1.39360287445530      c
   -0.64769284601598      2.79896816561060     -2.31610907374666      h
    2.39514456852135      1.60060051705513     -1.56919438921879      h
   -0.35868937070649      1.23684586723447      1.39360267494860      c
    0.64769145517400      2.79896796828297      2.31610969029819      h
   -2.39514556719827      1.60060006872888      1.56919298646448      h
    0.22785656889250     -1.13837802900072      2.48916375290384      o
   -0.18517706152999     -1.06838931054714      4.25901566713046      h
  0.17760007653189D-05  0.65049007945879D-05  -.86525017949924D-07
  0.59199530578297D-02  -.21828948762109D-02  0.15241152712389D-02
  -.96825125300707D-02  0.21813914743145D-02  -.24843119805438D-02
  -.74182280254467D-06  -.11454473202417D-05  -.16220885841611D-06
  -.30068138105303D-05  -.31483553668453D-05  -.38972071951964D-05
  0.96825089191348D-02  0.21813959579645D-02  0.24843261640984D-02
  0.74871977153806D-06  -.11530286424233D-05  0.18556099138678D-06
  0.30088168020516D-05  -.31414093384106D-05  0.38632055346002D-05
  -.59199649403515D-02  -.21828725394642D-02  -.15241159202989D-02
  -.17693646864456D-05  0.64981455387552D-05  0.83607504571005D-07
  cycle =     10    SCF energy =     -230.2204784923   |dE/dxyz| =  0.017145
    0.18508384184631     -1.06850458381737     -4.25902882517615      h
   -0.22786475927905     -1.13836697650129     -2.48915542222848      o
    0.35867986572600      1.23681506689367     -1.39361892874820      c
   -0.64768860489031      2.79895889328310     -2.31611145935202      h
    2.39515334739771      1.60061061510961     -1.56914038601829      h
   -0.35867987911067      1.23681516767578      1.39361872246909      c
    0.64768770093958      2.79895969729221      2.31611108221702      h
   -2.39515356586507      1.60060975355307      1.56913971031490      h
    0.22786583804436     -1.13836626346885      2.48915585164002      o
   -0.18509968306055     -1.06850950302428      4.25902552006969      h
  0.12602204864000D-06  0.78010654614299D-06  -.58433750023302D-06
  0.59234446652826D-02  -.21685356970280D-02  0.15240625000380D-02
  -.96932040457919D-02  0.21689859277214D-02  -.24913284460288D-02
  -.10124948188427D-05  -.28751326827377D-06  -.11208331255949D-05
  0.12714629070087D-05  -.21733244743463D-06  -.51866431419193D-07
  0.96932156850927D-02  0.21689794152173D-02  0.24913172296949D-02
  0.10061445942096D-05  -.29603848241790D-06  0.11080917017123D-05
  -.12774618002509D-05  -.21404320576883D-06  0.52930585236430D-07
  -.59234183089163D-02  -.21685312441875D-02  -.15240399947157D-02
  -.15165181450934D-06  0.77000903615033D-06  0.58466075512508D-06
  cycle =     11    SCF energy =     -230.2204784923   |dE/dxyz| =  0.017144
    0.18505945944767     -1.06850525745039     -4.25902587351695      h
   -0.22785338603996     -1.13836801377017     -2.48914531723204      o
    0.35868853541189      1.23681421275248     -1.39361791953623      c
   -0.64767266449721      2.79896125754027     -2.31610986218892      h
    2.39515935509984      1.60061068873208     -1.56913068160594      h
   -0.35868934181794      1.23681425249822      1.39361767270109      c
    0.64767182087417      2.79896125154766      2.31610986324681      h
   -2.39516016780188      1.60061075467102      1.56913004718215      h
    0.22785244696360     -1.13836797698851      2.48914496628016      o
   -0.18507195589188     -1.06850930253701      4.25902296985746      h
  -.23688090717478D-06  0.66394313970419D-06  0.34972221768174D-07
  0.59240417027900D-02  -.21677228773193D-02  0.15245878206402D-02
  -.96916892642620D-02  0.21683478173618D-02  -.24930052810944D-02
  -.49807913850083D-06  -.36699274571534D-06  -.44230855180400D-06
  0.13449092165552D-06  -.21158694050491D-06  -.11738472885047D-06
  0.96916887604270D-02  0.21683517625220D-02  0.24930150639018D-02
  0.50343991691971D-06  -.36662048341718D-06  0.44919093554935D-06
  -.13191885358008D-06  -.20791747031124D-06  0.11165834740599D-06
  -.59240537796725D-02  -.21677205719945D-02  -.15245974504287D-02
  0.24156223253352D-06  0.66632879395912D-06  -.36302429470723D-07
$end
