$hessapprox internal
  0.149926018151D-01  0.664637728636D-03  0.621434166482D+00  0.316457702953D-02
  0.530650732762D-02  0.359710619086D+00  0.738031832507D-03  0.222401464194D-02
  0.412260048655D-02  0.422595039096D+00  0.407983006314D-03  0.236946705281D-02
  0.107616528810D-01  0.260754920640D-02  0.420731086732D+00 -0.261824515908D-02
 -0.380997541818D-02  0.157324232689D-01 -0.269589954866D-02 -0.884624637163D-02
  0.328894917315D+00  0.601590833740D-03  0.105546202058D-02 -0.227512474949D-02
  0.841223027536D-03  0.205043283860D-02  0.268951398826D-02  0.346572420636D+00
 -0.155983060182D-02 -0.223805561836D-02  0.960892522280D-02 -0.156697883559D-02
 -0.526704197315D-02 -0.101905993572D-01  0.164644751508D-02  0.313438004146D+00
  0.185783069968D-02  0.234110626977D-02 -0.138593546432D-01  0.146658861356D-02
  0.624113276260D-02  0.142314214800D-01 -0.241229659965D-02  0.862968210660D-02
  0.332411824876D+00  0.700018817279D-03  0.212553463804D-02  0.402983409450D-02
  0.208428459898D-02  0.247483743092D-02 -0.266073434731D-02  0.820242944612D-03
 -0.154830409397D-02  0.146759761917D-02  0.422414000319D+00  0.420240087656D-03
  0.240269938900D-02  0.108025623964D-01  0.263913541997D-02  0.159736139418D-02
 -0.886712194405D-02  0.205925317329D-02 -0.527876905174D-02  0.624784775282D-02
  0.250515590256D-02  0.420817411617D+00 -0.262275207025D-02 -0.382722773543D-02
  0.156799329579D-01 -0.271371335299D-02 -0.886253357715D-02 -0.167213166879D-01
  0.267927177870D-02 -0.101668593299D-01  0.142049791443D-01 -0.267772140997D-02
 -0.888368407668D-02  0.328975347833D+00  0.658400407008D-03  0.118943192039D-02
 -0.223475115611D-02  0.962913697933D-03  0.224745883892D-02  0.272217199650D-02
 -0.354589760938D-03  0.166951773455D-02 -0.247671047939D-02  0.937494859129D-03
  0.225787864905D-02  0.271076883893D-02  0.346603532102D+00 -0.156760103288D-02
 -0.225443094431D-02  0.961790576478D-02 -0.158122273988D-02 -0.529379810045D-02
 -0.102076428161D-01  0.164738146374D-02 -0.620434790806D-02  0.864777702502D-02
 -0.156208051515D-02 -0.530570039635D-02 -0.101837550041D-01  0.166997177143D-02
  0.313416676690D+00  0.191580937347D-02  0.247237610674D-02 -0.138587547307D-01
  0.158406140929D-02  0.644167264307D-02  0.142999627349D-01 -0.240662938134D-02
  0.867429273648D-02 -0.119159029533D-01  0.158093130300D-02  0.644989806875D-02
  0.142723663853D-01 -0.246642826025D-02  0.869198825096D-02  0.332232419066D+00
  0.221222897761D-03  0.966907959763D-03  0.346993444756D-02  0.102230538428D-02
  0.811360510752D-03 -0.274552368911D-02  0.669723477711D-03 -0.162879905403D-02
  0.186988315883D-02  0.973121475870D-03  0.827538814178D-03 -0.275255944956D-02
  0.740375341262D-03 -0.163804185567D-02  0.194081033748D-02  0.152581182639D-01
  0.681415942153D-03  0.225881634803D-02  0.533474908549D-02  0.226265637015D-02
  0.242787429023D-02 -0.381448049008D-02  0.106234794525D-02 -0.223970769016D-02
  0.233252842104D-02  0.216270829077D-02  0.246162802813D-02 -0.383208807112D-02
  0.119808270650D-02 -0.225626107658D-02  0.246542210821D-02  0.988248038011D-03
  0.621518289237D+00  0.317461144743D-02  0.533407944501D-02 -0.137591005211D-01
  0.414890984272D-02  0.107968414142D-01  0.157129714006D-01 -0.226739483495D-02
  0.959791170728D-02 -0.138521137644D-01  0.405507937145D-02  0.108381208011D-01
  0.156602539494D-01 -0.222567014913D-02  0.960674274278D-02 -0.138502337763D-01
  0.348325808324D-02  0.536275994970D-02  0.359783364435D+00 -0.213622762542D-02
 -0.223420401360D-02  0.193419421859D-01 -0.112252642097D-02 -0.713101172576D-02
 -0.193173876855D-01  0.341031311989D-02 -0.116897512243D-01  0.157763080324D-01
 -0.115648142833D-02 -0.712850374704D-02 -0.192895684827D-01  0.353647566704D-02
 -0.117181387517D-01  0.159362309954D-01 -0.205122544169D-02 -0.220946692773D-02
  0.193419050247D-01  0.483174992246D+00  0.138236417841D-02  0.500799159513D-02
  0.139892734454D-01  0.511445139545D-02  0.496751830984D-02 -0.104845150718D-01
  0.274703023095D-02 -0.618658167139D-02  0.675926141401D-02  0.488119589211D-02
  0.504550499613D-02 -0.105226391110D-01  0.307083240817D-02 -0.622721223512D-02
  0.707948232436D-02  0.209674960039D-02  0.510774087005D-02  0.140538054352D-01
 -0.691283803099D-02  0.393024544613D+00 -0.208073839242D-02 -0.210108728128D-02
  0.193981971594D-01 -0.100087947878D-02 -0.693834090080D-02 -0.193000743115D-01
  0.342614369700D-02 -0.116759432666D-01  0.157241587984D-01 -0.103933203960D-02
 -0.693422010270D-02 -0.192734018435D-01  0.355757481263D-02 -0.117048369920D-01
  0.158888583766D-01 -0.198172739896D-02 -0.207455289581D-02  0.193995206242D-01
 -0.206440007037D-01 -0.659231774028D-02  0.483401072211D+00  0.150792888634D-02
  0.532822077032D-02  0.142579731586D-01  0.541313163441D-02  0.540538980697D-02
 -0.105679574496D-01  0.280928065427D-02 -0.622869561271D-02  0.673177688328D-02
  0.516833717505D-02  0.548745079038D-02 -0.106087837438D-01  0.314716785904D-02
 -0.627078639034D-02  0.706506703850D-02  0.225811892886D-02  0.543265463489D-02
  0.143259282012D-01 -0.677172255695D-02  0.119218894206D-01 -0.643690375635D-02
  0.394583395776D+00  0.251003295675D-02  0.429185966437D-02 -0.103249686412D-01
  0.337204951644D-02  0.854398777243D-02  0.119433695764D-01 -0.168923387610D-02
  0.730136829598D-02 -0.105977736326D-01  0.329252921206D-02  0.857828894172D-02
  0.119012676755D-01 -0.164777301933D-02  0.730711793857D-02 -0.105874347024D-01
  0.277014181972D-02  0.431695464288D-02 -0.102947427919D-01  0.148678117130D-01
  0.112514814679D-01  0.149215541103D-01  0.114844443981D-01  0.375588978295D+00
  0.000000000000D+00  0.000000000000D+00  0.000000000000D+00  0.000000000000D+00
  0.000000000000D+00  0.000000000000D+00  0.000000000000D+00  0.000000000000D+00
  0.000000000000D+00  0.000000000000D+00  0.000000000000D+00  0.000000000000D+00
  0.000000000000D+00  0.000000000000D+00  0.000000000000D+00  0.000000000000D+00
  0.000000000000D+00  0.000000000000D+00  0.000000000000D+00  0.000000000000D+00
  0.000000000000D+00  0.000000000000D+00  0.000000000000D+00  0.000000000000D+00
$end
