$coord
    0.47217805752171     -1.12193267437402     -4.23846212439097  h
   -0.31230858627927     -1.06116589603101     -2.59920195919853  o
    0.50284133002889      1.16184269148258     -1.33752878457088  c
   -0.18283704919999      2.87893135931410     -2.28192198240062  h
    2.57516734414600      1.24219234196703     -1.27595107978976  h
   -0.50284148235258      1.16184265766465      1.33752870450032  c
    0.18283673097395      2.87893137815293      2.28192194031221  h
   -2.57516749113120      1.24219213662349      1.27595092331405  h
    0.31230859387711     -1.06116583856989      2.59920192662096  o
   -0.47218038208103     -1.12193419472888      4.23846091093422  h
$user-defined bonds
$intdef
# definitions of internal coordinates
   1 f  1.0000000000000 tors    2    3    6    9 val=  57.00000
$redundant
     number_of_atoms            10
     degrees_of_freedom         24
     internal_coordinates       25
     frozen_coordinates          1
# definitions of redundant internals
   1 k  1.0000000000000 tors   1    2    3    6 val= 185.57635
   2 k  1.0000000000000 stre   2    1           val=   1.81832
   3 k  1.0000000000000 bend   3    1    2      val= 108.69680
   4 k  1.0000000000000 stre   3    5           val=   2.07480
   5 k  1.0000000000000 stre   3    4           val=   2.07616
   6 k  0.0903660784963 bend   4    5    3      val=   1.18984
       -0.4987767986212 bend   2    5    3
       -0.5179108363099 bend   2    4    3
        0.4940308280953 bend   6    5    3
        0.4803723384403 bend   6    4    3
   7 k -0.0013780185958 bend   4    5    3      val=   0.01909
        0.5549246315119 bend   2    5    3
       -0.5362550794826 bend   2    4    3
        0.4425093197777 bend   6    5    3
       -0.4568071212724 bend   6    4    3
   8 k -0.8907144512452 bend   4    5    3      val=   0.68995
        0.1813494502727 bend   2    5    3
        0.1737435943258 bend   2    4    3
        0.2624507181520 bend   6    5    3
        0.2732634757904 bend   6    4    3
   9 k -0.0067572594613 bend   4    5    3      val=   0.93445
       -0.4471430737749 bend   2    5    3
        0.4522465836236 bend   2    4    3
        0.5501132783788 bend   6    5    3
       -0.5411707859556 bend   6    4    3
  10 k  1.0000000000000 stre   6    8           val=   2.07480
  11 k  1.0000000000000 stre   6    7           val=   2.07616
  12 k  0.0903660822781 bend   7    8    6      val=   1.18984
       -0.4987768194828 bend   9    8    6
       -0.5179108156920 bend   9    7    6
        0.4940308011199 bend   3    8    6
        0.4803723660395 bend   3    7    6
  13 k -0.0013780021296 bend   7    8    6      val=   0.01909
        0.5549246144892 bend   9    8    6
       -0.5362551037178 bend   9    7    6
        0.4425093416081 bend   3    8    6
       -0.4568070924038 bend   3    7    6
  14 k -0.8907144547244 bend   7    8    6      val=   0.68995
        0.1813494377301 bend   9    8    6
        0.1737435966607 bend   9    7    6
        0.2624507346034 bend   3    8    6
        0.2732634554885 bend   3    7    6
  15 k -0.0067572383296 bend   7    8    6      val=   0.93444
       -0.4471430840365 bend   9    8    6
        0.4522465656420 bend   9    7    6
        0.5501132764244 bend   3    8    6
       -0.5411707947543 bend   3    7    6
  16 k  1.0000000000000 tors  10    9    6    3 val= 185.57645
  17 k  1.0000000000000 stre   9   10           val=   1.81832
  18 k  1.0000000000000 bend   6   10    9      val= 108.69680
  19 k  1.0000000000000 tors   2    3    6    9 val=  57.00000
  20 k  1.0000000000000 stre   3    2           val=   2.68292
  21 k  1.0000000000000 bend   6    2    3      val= 109.46701
  22 k  1.0000000000000 stre   6    9           val=   2.68292
  23 k  1.0000000000000 bend   3    9    6      val= 109.46701
  24 k  1.0000000000000 stre   3    6           val=   2.85785
  25 f  1.0000000000000 tors   2    3    6    9 val=  57.00000
        24 non zero eigenvalues  of BmBt
           1           4.460845236    1    0
         1
           2           3.799274429    2    0
         2
           3           3.762683348    3    0
         3
           4           3.068660809    4    0
         4
           5           2.740737636    5    0
         5
           6           2.460476646    6    0
         6
           7           2.091743793    7    0
         7
           8           1.717486589    8    0
         8
           9           1.242606587    9    0
         9
          10           1.241973591   10    0
        10
          11           1.057131226   11    0
        11
          12           0.847977331   12    0
        12
          13           0.770680469   13    0
        13
          14           0.727537092   14    0
        14
          15           0.633804878   15    0
        15
          16           0.422479697   16    0
        16
          17           0.348300941   17    0
        17
          18           0.332614694   18    0
        18
          19           0.282738384   20    0
        20
          20           0.247767326   21    0
        21
          21           0.135760076   22    0
        22
          22           0.067341402   23    0
        23
          23           0.061543001   24    0
        24
          24           0.000000000    0    1
         0.000000000         0.000000000         0.000000000         0.000000000
         0.000000000         0.000000000         0.000000000         0.000000000
         0.000000000         0.000000000         0.000000000         0.000000000
         0.000000000         0.000000000         0.000000000         0.000000000
         0.000000000         0.000000000         0.000000000         0.000000000
         0.000000000         0.000000000         0.000000000         0.000000000
         1.000000000
$end
