$energy      SCF               SCFKIN            SCFPOT
     1 -230.2241395870      229.2901726324     -459.5143122193
     2 -230.2245815706      229.2817644792     -459.5063460498
     3 -230.2246638616      229.2899329049     -459.5145967665
     4 -230.2246773986      229.2921556120     -459.5168330106
     5 -230.2246791348      229.2910611128     -459.5157402476
     6 -230.2246793976      229.2913024629     -459.5159818605
     7 -230.2246794416      229.2913996672     -459.5160791088
     8 -230.2246794448      229.2913944819     -459.5160739267
     9 -230.2246795850      229.2913742907     -459.5160538757
    10 -230.2246795854      229.2913845047     -459.5160640901
    11 -230.2246795856      229.2913614863     -459.5160410719
    12 -230.2246795857      229.2913611865     -459.5160407722
    13 -230.2246795858      229.2913632831     -459.5160428689
    14 -230.2246795858      229.2913621033     -459.5160416892
$end
