$grad          cartesian gradients
  cycle =      1    SCF energy =     -230.2241395870   |dE/dxyz| =  0.010218
    0.33184116120772     -1.12395768890298     -4.22032809432693      h
   -0.31681983473819     -1.07755113489766     -2.52273259884167      o
    0.52949614320900      1.18290089337006     -1.33029261263047      c
   -0.14308103772918      2.86675619185423     -2.33248403767398      h
    2.59771035078751      1.26528403529569     -1.24183786886431      h
   -0.52950091385149      1.18290336007028      1.33028755624677      c
    0.14304035587898      2.86677651133117      2.33247739138158      h
   -2.59771362969929      1.26525136160129      1.24181375553444      h
    0.31685097329248     -1.07752434076092      2.52274802946962      o
   -0.33223461156203     -1.12417262876320      4.22017417801067      h
  -.44910091800251D-03  -.19898435042617D-04  0.46817954842151D-03
  0.37466943737716D-04  -.38538694074909D-02  0.29596230255356D-02
  0.20393898497722D-02  0.35273566083399D-02  -.26603748231738D-02
  0.56786724607302D-03  -.11739641078576D-02  -.20448063732854D-03
  -.60010725264183D-03  0.15235351495805D-02  0.25472420139712D-03
  -.20399058492352D-02  0.35275197034692D-02  0.26601488155177D-02
  -.56791986912242D-03  -.11738331450440D-02  0.20471185876841D-03
  0.60039967301360D-03  0.15237375400262D-02  -.25495630444384D-03
  -.36588557845305D-04  -.38541996695553D-02  -.29591944131988D-02
  0.44849800074793D-03  -.19882343350016D-04  -.46838236225470D-03
  cycle =      2    SCF energy =     -230.2245815706   |dE/dxyz| =  0.008558
    0.36905748946354     -1.09162246539505     -4.26552854830981      h
   -0.31454101022427     -1.07114864510436     -2.58014500653851      o
    0.51091305474244      1.16549448359731     -1.33776757702866      c
   -0.16440557279386      2.86680630542242     -2.31337018260150      h
    2.58119599126641      1.24390466477397     -1.26654969121541      h
   -0.51093790547692      1.16549177073713      1.33775908370922      c
    0.16436685403548      2.86680381811078      2.31337432894414      h
   -2.58121936762223      1.24389080321782      1.26652603604443      h
    0.31452639814740     -1.07114850618173      2.58013297603090      o
   -0.36936697474247     -1.09180566898032      4.26539427927093      h
  -.21698553045911D-03  -.16880848723433D-03  -.25995293919572D-03
  0.21117492348946D-02  -.25867006684040D-02  0.10362075294387D-02
  -.28701470938761D-02  0.28936883658707D-02  -.23337236851341D-02
  0.51149948336705D-03  -.68501445333681D-03  -.92367583666979D-03
  -.54729127360079D-03  0.54864724464365D-03  0.10716836615988D-03
  0.28698079443881D-02  0.28941989060130D-02  0.23338977490938D-02
  -.51150093385806D-03  -.68491960789528D-03  0.92404241093373D-03
  0.54748004142627D-03  0.54874459204367D-03  -.10747529086699D-03
  -.21111556393279D-02  -.25865285533043D-02  -.10362889470524D-02
  0.21654263970520D-03  -.16890550193668D-03  0.25979850089363D-03
  cycle =      3    SCF energy =     -230.2246638616   |dE/dxyz| =  0.009858
    0.40127536101874     -1.09171948794964     -4.26451099270264      h
   -0.32220304448737     -1.06466576780572     -2.59622326902690      o
    0.49874039544702      1.16043567093058     -1.33901102251086      c
   -0.18541015499322      2.87233369103619     -2.29220910073717      h
    2.57133094311898      1.23705528302663     -1.28263573251117      h
   -0.49878250374588      1.16042581215854      1.33899800275093      c
    0.18537467350005      2.87230842971070      2.29222061846657      h
   -2.57137157726454      1.23705755270924      1.28261255264165      h
    0.32214623020589     -1.06469263136032      2.59618851143771      o
   -0.40151136600417     -1.09187199225821      4.26439613049762      h
  -.67859885077711D-04  -.16118824011722D-05  -.14741909674668D-03
  0.30589214505137D-02  -.17895493579467D-02  0.97721479311850D-03
  -.52740546961505D-02  0.21453113940633D-02  -.14809938374094D-02
  0.18437665089021D-03  -.32898945022218D-03  -.53113105716643D-03
  -.89928907799640D-04  -.23359810957172D-04  0.40663873980444D-04
  0.52739207189963D-02  0.21455731667390D-02  0.14810543968430D-02
  -.18435825053014D-03  -.32900709039378D-03  0.53136800102607D-03
  0.89993892226665D-04  -.23321379325741D-04  -.40908296917311D-04
  -.30586542027697D-02  -.17892492683611D-02  -.97718971837478D-03
  0.67643460086782D-04  -.17732569500670D-05  0.14733869748097D-03
  cycle =      4    SCF energy =     -230.2246773986   |dE/dxyz| =  0.009880
    0.42181801537732     -1.10525709531502     -4.25257300751622      h
   -0.32989445131852     -1.06127205158468     -2.59744557916711      o
    0.49337697918594      1.16163528300775     -1.34014676815333      c
   -0.19849416594941      2.87795891531302     -2.28096503532902      h
    2.56664431493358      1.24037891201047     -1.29310592162937      h
   -0.49343222210607      1.16161924750500      1.34012991051483      c
    0.19846159789297      2.87791533730191      2.28098229695313      h
   -2.56669783217462      1.24039325906327      1.29308375764808      h
    0.32980543327426     -1.06132136576460      2.59739133234596      o
   -0.42199871231995     -1.10538388133912      4.25247471263879      h
  -.76423104438702D-05  0.67556696715493D-04  -.14232497999269D-06
  0.31359614162470D-02  -.18069893618465D-02  0.10954508781536D-02
  -.53647771183418D-02  0.19106307718299D-02  -.14275692355335D-02
  -.12699675289446D-04  -.78019496266632D-04  -.69123051563798D-04
  0.12707874206546D-03  -.90970443355114D-04  -.73083720247088D-05
  0.53647460430662D-02  0.19106558229919D-02  0.14275549994002D-02
  0.12710891387067D-04  -.78065997283763D-04  0.69249503544766D-04
  -.12703082976160D-03  -.90961137450591D-04  0.71559597357573D-05
  -.31359371821683D-02  -.18067152209528D-02  -.10953374626230D-02
  0.75910760132082D-05  0.67423339775167D-04  0.67998015626201D-07
  cycle =      5    SCF energy =     -230.2246791348   |dE/dxyz| =  0.009513
    0.42922811757420     -1.11408331584086     -4.24645470325168      h
   -0.33343631785370     -1.05991082582430     -2.59664924091929      o
    0.49198063452863      1.16336634301393     -1.34141430229842      c
   -0.20216450713965      2.88042973570502     -2.27960561135337      h
    2.56479421390732      1.24364441373528     -1.29741616582657      h
   -0.49204292222094      1.16334698354987      1.34139543340836      c
    0.20213363846607      2.88037645287216      2.27962580999462      h
   -2.56485467558969      1.24366513487580      1.29739540137388      h
    0.33333079231093     -1.05997249418636      2.59658346429558      o
   -0.42938001718767     -1.11419586770254      4.24636561288263      h
  0.55772572386478D-05  0.35809828779777D-04  -.28456906232547D-05
  0.30591346117582D-02  -.18899540669828D-02  0.11294362348090D-02
  -.49407759165374D-02  0.18699428394094D-02  -.17686478442298D-02
  -.24202371382486D-04  0.65351039186588D-05  0.32905532559204D-04
  0.19929558253851D-04  -.19874117687444D-04  -.26301138839649D-04
  0.49407910787852D-02  0.18698746146927D-02  0.17686663805067D-02
  0.24206718189889D-04  0.65080126360416D-05  -.32838467645933D-04
  -.19902739491156D-04  -.19874100143524D-04  0.26218709219224D-04
  -.30591626421324D-02  -.18897544882047D-02  -.11293957752581D-02
  -.55943876381030D-05  0.35738859943570D-04  0.28014048185080D-05
  cycle =      6    SCF energy =     -230.2246793976   |dE/dxyz| =  0.009544
    0.43239639788293     -1.11763401749786     -4.24392926821062      h
   -0.33520532758342     -1.05887663998469     -2.59659326912914      o
    0.49099685632779      1.16408683065084     -1.34196242881850      c
   -0.20342991310544      2.88131777966467     -2.27973191336548      h
    2.56370032809497      1.24455395348681     -1.29898949918072      h
   -0.49106346754103      1.16406539404559      1.34194227202494      c
    0.20340011993034      2.88125856589669      2.27975374207530      h
   -2.56376507792768      1.24457852257935      1.29896978107013      h
    0.33508997052429     -1.05894593473038      2.59652026491361      o
   -0.43253092980723     -1.11773789391301      4.24384601692620      h
  0.45373624573921D-05  0.11142686332803D-04  -.69622768710828D-05
  0.30930301359547D-02  -.18122892655944D-02  0.11428892984568D-02
  -.49666290787764D-02  0.17981052916428D-02  -.18668919409873D-02
  -.12751927578231D-04  0.11767636727448D-04  0.18945702226787D-04
  -.23589117362883D-04  -.61458333645364D-05  -.11970200736759D-04
  0.49666618125644D-02  0.17979747100759D-02  0.18669256362594D-02
  0.12753038815122D-04  0.11756236778195D-04  -.18919993956619D-04
  0.23597197275181D-04  -.61448951224147D-05  0.11936244098601D-04
  -.30930651985595D-02  -.18121539018280D-02  -.11428998517944D-02
  -.45430391705570D-05  0.11115731155953D-04  0.69468743237900D-05
  cycle =      7    SCF energy =     -230.2246794416   |dE/dxyz| =  0.009607
    0.43310275139992     -1.11885942524390     -4.24294544660463      h
   -0.33586135927794     -1.05851212375144     -2.59633073176121      o
    0.49068165623467      1.16443439832013     -1.34205624197303      c
   -0.20357734763408      2.88156523122313     -2.28009579463531      h
    2.56346041477692      1.24482041209210     -1.29921556862770      h
   -0.49075001763535      1.16441214867478      1.34203557711507      c
    0.20354800536337      2.88150367432935      2.28011823551424      h
   -2.56352690034793      1.24484653133694      1.29919639596698      h
    0.33574210600406     -1.05858446364760      2.59625475455955      o
   -0.43323035208811     -1.11895982313550      4.24286451875176      h
  -.27251331921689D-05  0.14566882839404D-06  -.63192146501745D-06
  0.31068420300565D-02  -.17857566878447D-02  0.11386625347318D-02
  -.50362465797792D-02  0.17850561139917D-02  -.18608361465075D-02
  -.31711907962575D-05  0.20446305579304D-05  0.21534587779176D-05
  -.65498759493798D-05  0.11335719883798D-05  0.17075148908633D-05
  0.50362858689000D-02  0.17849017862762D-02  0.18608836831068D-02
  0.31705594493642D-05  0.20413717606410D-05  -.21459557165033D-05
  0.65524048313913D-05  0.11343756652642D-05  -.17186680582001D-05
  -.31068764100959D-02  -.17856448004107D-02  -.11387014546998D-02
  0.27195082973807D-05  0.13827761225278D-06  0.62647440629605D-06
  cycle =      9    SCF energy =     -230.2246795850   |dE/dxyz| =  0.009620
    0.47206142380242     -1.12188283050733     -4.23852980602184      h
   -0.31228419010906     -1.06116389353707     -2.59920219134587      o
    0.50284994552814      1.16182310225975     -1.33753267176550      c
   -0.18283834063158      2.87892793654136     -2.28189576762675      h
    2.57517703174181      1.24220389782087     -1.27590198777182      h
   -0.50285000765616      1.16182310294784      1.33753261569697      c
    0.18283784999649      2.87892810507333      2.28189573960415      h
   -2.57517708420961      1.24220348316736      1.27590166607601      h
    0.31228448202795     -1.06116361447069      2.59920236113307      o
   -0.47206477396821     -1.12188498811909      4.23852812884889      h
  -.27390938471879D-05  -.90651191524270D-06  -.69092178815947D-07
  0.30961129176777D-02  -.17885887700678D-02  0.11650257345229D-02
  -.50324969127875D-02  0.17885304194487D-02  -.18982883216067D-02
  -.15343543533224D-05  0.15001242675743D-05  0.98689532446514D-06
  0.70594519221522D-07  0.16472729383871D-05  0.17879118714922D-05
  0.50324954091892D-02  0.17885332986570D-02  0.18982879773906D-02
  0.15341729489568D-05  0.14991837623967D-05  -.98284781688796D-06
  -.68639393341807D-07  0.16478223499409D-05  -.17933098644532D-05
  -.30961106772931D-02  -.17885816031190D-02  -.11650208591299D-02
  0.27366007585152D-05  -.91052040833238D-06  0.65904899940627D-07
  cycle =     10    SCF energy =     -230.2246795854   |dE/dxyz| =  0.009620
    0.47209919856198     -1.12190571286774     -4.23850174242117      h
   -0.31230388072533     -1.06116019210770     -2.59920146962137      o
    0.50284169587240      1.16183555711586     -1.33753399989903      c
   -0.18284476400347      2.87893543964988     -2.28190361087689      h
    2.57516883281743      1.24220316481898     -1.27593533558632      h
   -0.50284188967828      1.16183550091353      1.33753390185362      c
    0.18284430543598      2.87893543085392      2.28190363568922      h
   -2.57516901634319      1.24220286919697      1.27593503674551      h
    0.31230387799966     -1.06116013868528      2.59920141614049      o
   -0.47210202341498     -1.12190761771209      4.23850025480325      h
  -.19359699847534D-05  -.60553084660350D-06  -.45164520588858D-06
  0.30949445403701D-02  -.17908679896902D-02  0.11646457656736D-02
  -.50320810603354D-02  0.17913833615263D-02  -.18959344311709D-02
  -.10315073311323D-05  0.11191954184182D-05  0.84024609926890D-06
  0.55947913625191D-07  0.11554447205096D-05  0.47340509683059D-06
  0.50320804545592D-02  0.17913860886438D-02  0.18959347385223D-02
  0.10319923070149D-05  0.11180440520978D-05  -.83653812360792D-06
  -.54609044153398D-07  0.11565605140287D-05  -.47756283683713D-06
  -.30949472026616D-02  -.17908653912415D-02  -.11646448653059D-02
  0.19374278496083D-05  -.60681699775083D-06  0.45088027304599D-06
  cycle =     12    SCF energy =     -230.2246795857   |dE/dxyz| =  0.009618
    0.47215382471579     -1.12191254839329     -4.23848208893394      h
   -0.31229462542932     -1.06117102568677     -2.59920338769290      o
    0.50284857993737      1.16183653496414     -1.33752723297560      c
   -0.18282450841959      2.87892751244416     -2.28191877110630      h
    2.57517389055812      1.24218732428618     -1.27594018871029      h
   -0.50284863284844      1.16183654002719      1.33752718305690      c
    0.18282417191754      2.87892766420385      2.28191866821173      h
   -2.57517394402311      1.24218702572750      1.27594003418766      h
    0.31229486156918     -1.06117080204129      2.59920352684474      o
   -0.47215655247396     -1.12191426403069      4.23848073244901      h
  -.17687754265568D-05  0.37095523385781D-06  0.58581798710289D-07
  0.30942710802982D-02  -.17941243466720D-02  0.11633256338817D-02
  -.50306807563805D-02  0.17949260447057D-02  -.18923027319292D-02
  -.50519050151043D-06  0.49163708670022D-06  0.43519627413118D-06
  -.59106235701462D-06  0.52239907472290D-06  -.87473730531764D-06
  0.50306824478385D-02  0.17949264802291D-02  0.18923022944247D-02
  0.50482510809890D-06  0.49068755775386D-06  -.43666994462290D-06
  0.58974998734759D-06  0.52267800282445D-06  0.87411531711681D-06
  -.30942671261208D-02  -.17941221213277D-02  -.11633224759688D-02
  0.17648199935644D-05  0.36899283482672D-06  -.59214053558325D-07
  cycle =     13    SCF energy =     -230.2246795858   |dE/dxyz| =  0.009618
    0.47217377951847     -1.12193126298230     -4.23846419445740      h
   -0.31230610187173     -1.06116656299284     -2.59920071487370      o
    0.50284299115480      1.16184191203822     -1.33752845051783      c
   -0.18283498092605      2.87893144481666     -2.28192008701651      h
    2.57516901972500      1.24219228979795     -1.27594945071865      h
   -0.50284315770115      1.16184187660740      1.33752836814717      c
    0.18283466135755      2.87893144511668      2.28192006710026      h
   -2.57516917829913      1.24219210163791      1.27594927711683      h
    0.31230607155794     -1.06116652814401      2.59920065590437      o
   -0.47217603901211     -1.12193275439469      4.23846300464648      h
  -.14281221404069D-05  0.31240817544659D-06  -.21614020823660D-06
  0.30937434117558D-02  -.17941540092378D-02  0.11636898562099D-02
  -.50308858607294D-02  0.17949787803451D-02  -.18918120164501D-02
  -.70565424263299D-06  0.54517400782006D-06  0.30389323595930D-06
  -.36395803759351D-06  0.50386427940206D-06  -.87898324255999D-06
  0.50308851079385D-02  0.17949806850282D-02  0.18918124515425D-02
  0.70633604827426D-06  0.54499520265961D-06  -.30242924280005D-06
  0.36480869059053D-06  0.50454027186369D-06  0.87776053112388D-06
  -.30937448591640D-02  -.17941540536793D-02  -.11636902987436D-02
  0.14288020051947D-05  0.31227777513897D-06  0.21589823225886D-06
$end
