$hessapprox internal
  0.147397732477D-01  0.980184098356D-03  0.621724530336D+00  0.390687955104D-02
  0.324182821494D-02  0.367881391154D+00  0.947752476717D-03  0.150341028005D-02
  0.150192556557D-02  0.421330351477D+00 -0.218623821014D-03  0.231764306371D-03
  0.192084338986D-02  0.312987214007D-03  0.418972156033D+00 -0.417604305562D-02
 -0.352754495107D-02  0.551825384131D-02 -0.166533571121D-02 -0.203987137016D-02
  0.340899773005D+00  0.198362560785D-02  0.242202179440D-02  0.303973407517D-03
  0.150831220558D-02  0.809677453172D-03 -0.449710758072D-03  0.349352746196D+00
  0.740990337695D-03  0.307273435604D-03 -0.222788104477D-02 -0.107066160311D-04
  0.429940405127D-03  0.233528720538D-02 -0.557764650629D-03  0.319340904655D+00
  0.498097035348D-02  0.436988534241D-02 -0.594543122994D-02  0.214239327467D-02
  0.239840120126D-02  0.604320564833D-02  0.861347030542D-03 -0.266541475708D-02
  0.339094873699D+00  0.936329039971D-03  0.148783823063D-02  0.149381104035D-02
  0.104308064639D-02  0.308670884985D-03 -0.165594200607D-02  0.149523201582D-02
 -0.869437068849D-05  0.212931378798D-02  0.421309958810D+00 -0.206807187660D-03
  0.248551716388D-03  0.193189955031D-02  0.324239417334D-03 -0.191325160942D-03
 -0.205243476861D-02  0.824567163570D-03  0.428360846489D-03  0.241532746163D-02
  0.319817929491D-03  0.418980909909D+00 -0.417359533896D-02 -0.352173787175D-02
  0.552967377543D-02 -0.166076620889D-02 -0.203947361182D-02 -0.564947564437D-02
 -0.441965135422D-03  0.233668130895D-02  0.605835941334D-02 -0.165142118484D-02
 -0.205198494877D-02  0.340875063683D+00  0.195734295269D-02  0.239135049499D-02
  0.305510645482D-03  0.148969191109D-02  0.798646398866D-03 -0.449701662122D-03
  0.168732057813D-02 -0.549325200332D-03  0.857033897687D-03  0.147676863605D-02
  0.813355796911D-03 -0.442055104118D-03  0.349313416268D+00  0.735706772266D-03
  0.302636194295D-03 -0.222158181207D-02 -0.129809710137D-04  0.427396702587D-03
  0.232888476891D-02 -0.558682095133D-03 -0.646975852944D-03 -0.265863957988D-02
 -0.109548298452D-04  0.425799166890D-03  0.233026279339D-02 -0.550238019760D-03
  0.319346549599D+00  0.493624080503D-02  0.432127458517D-02 -0.592875555079D-02
  0.211415156379D-02  0.237886233897D-02  0.602818978590D-02  0.834866694460D-03
 -0.264840120677D-02 -0.638544133058D-02  0.210129770234D-02  0.239552461521D-02
  0.604318395899D-02  0.830840475540D-03 -0.264163718506D-02  0.339116394024D+00
 -0.490686898233D-04  0.922647490439D-03  0.384297498852D-02  0.906868082127D-03
 -0.229674488870D-03 -0.410552778745D-02  0.192370635449D-02  0.739758661174D-03
  0.489111388158D-02  0.895847201590D-03 -0.218298318010D-03 -0.410325378263D-02
  0.189816734785D-02  0.734570477729D-03  0.484752291614D-02  0.146715881460D-01
  0.968672600771D-03  0.197047685931D-02  0.323538741606D-02  0.149351036241D-02
  0.227320169499D-03 -0.351993512827D-02  0.240972725893D-02  0.309628546140D-03
  0.435892015619D-02  0.147802799956D-02  0.244006905921D-03 -0.351417599352D-02
  0.237920234711D-02  0.305002958068D-03  0.431051681190D-02  0.911525967564D-03
  0.621694123423D+00  0.392238779214D-02  0.325885978524D-02 -0.539633517523D-02
  0.151188801646D-02  0.192757982586D-02  0.552271562309D-02  0.313509927326D-03
 -0.223364856445D-02 -0.594821690985D-02  0.150369321307D-02  0.193872963629D-02
  0.553419133538D-02  0.314942982459D-03 -0.222734640627D-02 -0.593166251286D-02
  0.385808218031D-02  0.325234500792D-02  0.367871266368D+00 -0.418843169198D-02
 -0.369217381593D-02  0.493048060735D-02 -0.181841804838D-02 -0.201302939093D-02
 -0.500793154579D-02 -0.759500575386D-03  0.222831152305D-02  0.529037315034D-02
 -0.180721652945D-02 -0.202747277466D-02 -0.502071829844D-02 -0.755407614086D-03
  0.222270768141D-02  0.528225495297D-02 -0.411224968833D-02 -0.368274872989D-02
  0.493254828936D-02  0.497308894110D+00 -0.394747438799D-02 -0.476202944678D-02
 -0.378146918395D-03 -0.294598042665D-02 -0.162362916247D-02  0.652493630301D-03
 -0.328139546255D-02  0.115272280159D-02 -0.142479650431D-02 -0.292061857168D-02
 -0.165256845724D-02  0.637224817532D-03 -0.324357053417D-02  0.115424165654D-02
 -0.137470564641D-02 -0.383028180383D-02 -0.473823584999D-02 -0.396221269209D-03
  0.126813745648D-02  0.390481393310D+00 -0.419777307722D-02 -0.370412354351D-02
  0.492691795663D-02 -0.182604364731D-02 -0.201672632872D-02 -0.500353526915D-02
 -0.768627825751D-03  0.223053637148D-02  0.528359793575D-02 -0.181477425162D-02
 -0.203124633212D-02 -0.501635986252D-02 -0.764427321220D-03  0.222493973442D-02
  0.527562893006D-02 -0.412128964702D-02 -0.369463423560D-02  0.492893223673D-02
 -0.436876399576D-02  0.128575526596D-02  0.497320672722D+00 -0.398491374529D-02
 -0.481673418452D-02 -0.419118432088D-03 -0.298308840682D-02 -0.163699280219D-02
  0.698651319756D-03 -0.333160502483D-02  0.115660719905D-02 -0.148600524652D-02
 -0.295737586542D-02 -0.166632059737D-02  0.683213752777D-03 -0.329316863830D-02
  0.115819105260D-02 -0.143500971669D-02 -0.386627194340D-02 -0.479260398680D-02
 -0.437513175361D-03  0.132027381489D-02  0.639744172172D-02  0.133814868086D-02
  0.390678133838D+00  0.119720904954D-02 -0.283819670706D-03 -0.665734020694D-02
 -0.767096213123D-03  0.861134617539D-03  0.704223808676D-02 -0.246237451764D-02
 -0.162638202807D-02 -0.820756222738D-02 -0.754836128520D-03  0.849255927473D-03
  0.704253251857D-02 -0.242806928286D-02 -0.161767808303D-02 -0.814493671129D-02
  0.122284156736D-02 -0.270941133790D-03 -0.667884307836D-02  0.688082239734D-02
  0.496862924815D-02  0.689177522707D-02  0.500447227596D-02  0.395105093058D+00
  0.000000000000D+00  0.000000000000D+00  0.000000000000D+00  0.000000000000D+00
  0.000000000000D+00  0.000000000000D+00  0.000000000000D+00  0.000000000000D+00
  0.000000000000D+00  0.000000000000D+00  0.000000000000D+00  0.000000000000D+00
  0.000000000000D+00  0.000000000000D+00  0.000000000000D+00  0.000000000000D+00
  0.000000000000D+00  0.000000000000D+00  0.000000000000D+00  0.000000000000D+00
  0.000000000000D+00  0.000000000000D+00  0.000000000000D+00  0.000000000000D+00
$end
