$coord
    0.45231831232338     -1.09822340138462     -4.21352947787418  h
   -0.31515932371901     -1.06466087359556     -2.56200263842200  o
    0.50920827832943      1.16550657236435     -1.32912571684649  c
   -0.16861287610322      2.87437103322025     -2.28688356658291  h
    2.57857031599342      1.23487569251043     -1.25290696336662  h
   -0.50920930723943      1.16550668424361      1.32912481356834  c
    0.16860769619877      2.87437333476728      2.28688186192610  h
   -2.57857132148720      1.23487133748071      1.25290458595227  h
    0.31516278185400     -1.06465745412377      2.56200453215995  o
   -0.45236173160451     -1.09824958379288      4.21350888738112  h
$intdef
# definitions of internal coordinates
   1 f  1.0000000000000 tors    2    3    6    9 val=  57.00000
$user-defined bonds
$redundant
     number_of_atoms            10
     degrees_of_freedom         24
     internal_coordinates       25
     frozen_coordinates          1
# definitions of redundant internals
   1 k  1.0000000000000 tors   1    2    3    6 val= 184.18250
   2 k  1.0000000000000 stre   2    1           val=   1.82145
   3 k  1.0000000000000 bend   3    1    2      val= 107.63972
   4 k  1.0000000000000 stre   3    5           val=   2.07193
   5 k  1.0000000000000 stre   3    4           val=   2.07291
   6 k  0.0928598974841 bend   4    5    3      val=   1.21633
       -0.4989602119253 bend   2    5    3
       -0.5184404214356 bend   2    4    3
        0.4917626901987 bend   6    5    3
        0.4814610392389 bend   6    4    3
   7 k  0.0019419760726 bend   4    5    3      val=   0.10655
        0.5530051393575 bend   2    5    3
       -0.5355981946791 bend   2    4    3
        0.4444763611783 bend   6    5    3
       -0.4579922300468 bend   6    4    3
   8 k -0.8881855558913 bend   4    5    3      val=   1.32425
        0.1832922683659 bend   2    5    3
        0.1738631342986 bend   2    4    3
        0.2682128298332 bend   6    5    3
        0.2745247732139 bend   6    4    3
   9 k -0.0052643614717 bend   4    5    3      val=   0.79041
       -0.4501942079419 bend   2    5    3
        0.4522878982640 bend   2    4    3
        0.5492403763199 bend   6    5    3
       -0.5395073009124 bend   6    4    3
  10 k  1.0000000000000 stre   6    8           val=   2.07193
  11 k  1.0000000000000 stre   6    7           val=   2.07291
  12 k  0.0928600359490 bend   7    8    6      val=   1.21634
       -0.4989605402864 bend   9    8    6
       -0.5184400980536 bend   9    7    6
        0.4917622232965 bend   3    8    6
        0.4814614973487 bend   3    7    6
  13 k  0.0019423265665 bend   7    8    6      val=   0.10656
        0.5530048664327 bend   9    8    6
       -0.5355986393900 bend   9    7    6
        0.4444766532806 bend   3    8    6
       -0.4579917545561 bend   3    7    6
  14 k -0.8881856058874 bend   7    8    6      val=   1.32422
        0.1832920940069 bend   9    8    6
        0.1738630626572 bend   9    7    6
        0.2682131526465 bend   3    8    6
        0.2745244578536 bend   3    7    6
  15 k -0.0052640505479 bend   7    8    6      val=   0.79037
       -0.4501943472149 bend   9    8    6
        0.4522875666997 bend   9    7    6
        0.5492403959860 bend   3    8    6
       -0.5395074456702 bend   3    7    6
  16 k  1.0000000000000 tors  10    9    6    3 val= 184.18448
  17 k  1.0000000000000 stre   9   10           val=   1.82145
  18 k  1.0000000000000 bend   6   10    9      val= 107.63973
  19 k  1.0000000000000 tors   2    3    6    9 val=  57.00000
  20 k  1.0000000000000 stre   3    2           val=   2.67829
  21 k  1.0000000000000 bend   6    2    3      val= 108.64716
  22 k  1.0000000000000 stre   6    9           val=   2.67829
  23 k  1.0000000000000 bend   3    9    6      val= 108.64718
  24 k  1.0000000000000 stre   3    6           val=   2.84666
  25 f  1.0000000000000 tors   2    3    6    9 val=  57.00000
        24 non zero eigenvalues  of BmBt
           1           4.454345542    1    0
         1
           2           3.809620176    2    0
         2
           3           3.755972633    3    0
         3
           4           3.070939561    4    0
         4
           5           2.748582908    5    0
         5
           6           2.453388278    6    0
         6
           7           2.096755298    7    0
         7
           8           1.718072538    8    0
         8
           9           1.236583530    9    0
         9
          10           1.235822860   10    0
        10
          11           1.048270659   11    0
        11
          12           0.841964309   12    0
        12
          13           0.774364527   13    0
        13
          14           0.731504224   14    0
        14
          15           0.632750071   15    0
        15
          16           0.424011423   16    0
        16
          17           0.345645926   17    0
        17
          18           0.331064091   18    0
        18
          19           0.280834777   20    0
        20
          20           0.248100544   21    0
        21
          21           0.136567371   22    0
        22
          22           0.068373502   23    0
        23
          23           0.061878690   24    0
        24
          24           0.000000000    0    1
         0.000000000         0.000000000         0.000000000         0.000000000
         0.000000000         0.000000000         0.000000000         0.000000000
         0.000000000         0.000000000         0.000000000         0.000000000
         0.000000000         0.000000000         0.000000000         0.000000000
         0.000000000         0.000000000         0.000000000         0.000000000
         0.000000000         0.000000000         0.000000000         0.000000000
         1.000000000
$end
