$energy      SCF               SCFKIN            SCFPOT            MP2
     1 -229.0260628745      228.752443     -457.778506     -.8132661002446
     2 -229.0266343279      228.783274     -457.809909     -.8130541886646
     3 -229.0267538558      228.795559     -457.822313     -.8130128974390
     4 -229.0266980521      228.789496     -457.816194     -.8130753946942
     5 -229.0267036566      228.790383     -457.817087     -.8130699818123
     6 -229.0267084989      228.790532     -457.817241     -.8130651255015
     7 -229.0267115996      228.790534     -457.817246     -.8130620478032
     8 -229.0267115997      228.790536     -457.817247     -.8130620763270
     9 -229.0267116764      228.790521     -457.817233     -.8130619606925
    10 -229.0267117978      228.790520     -457.817232     -.8130618363283
    11 -229.0267117978      228.790520     -457.817232     -.8130618377351
    12 -229.0267118150      228.790526     -457.817238     -.8130618397009
    13 -229.0267118497      228.790526     -457.817238     -.8130618033805
$end
