$grad          cartesian gradients
  cycle =      1 MP2 energy =     -229.8393289747 |dE/dxyz| =  0.011237
    0.33087570792090     -1.12334802422305     -4.22061561344448      h
   -0.31675544829553     -1.07757942752640     -2.52262057817349      o
    0.52953144195154      1.18288235894583     -1.33026674013195      c
   -0.14294873984612      2.86673770637302     -2.33253523389297      h
    2.59774758063917      1.26518468451297     -1.24177947328206      h
   -0.52954248360795      1.18288734393652      1.33025201898244      c
    0.14288570062035      2.86675417691044      2.33250594653330      h
   -2.59777390922874      1.26514641998955      1.24173279513855      h
    0.31682803566135     -1.07751376901927      2.52265889824585      o
   -0.33180693725563     -1.12384418880026      4.22025874837640      h
  -.18241310421154D-02  -.17745045609644D-02  0.13741302307135D-02
  0.17694943308788D-02  -.39691302738669D-02  -.23143098926486D-02
  0.11974748046319D-02  0.43693447311757D-02  -.23158825828102D-02
  0.54854491932410D-03  -.39756187375284D-03  -.93840550877711D-03
  0.39231791690186D-03  0.17725933347575D-02  -.83095828209645D-04
  -.11919254321544D-02  0.43714173493896D-02  0.23179845612256D-02
  -.54953872748165D-03  -.40295460066675D-03  0.93594214625625D-03
  -.39802330772343D-03  0.17743941939609D-02  0.82379934030596D-04
  -.17673591881957D-02  -.39698334970728D-02  0.23133442721104D-02
  0.18231457257074D-02  -.17737648053274D-02  -.13720873315304D-02
  cycle =      2 MP2 energy =     -229.8396885166 |dE/dxyz| =  0.007660
    0.36230291776613     -1.09507898466772     -4.22884120413663      h
   -0.32315348384728     -1.07000709374677     -2.54203653394908      o
    0.51333186894264      1.17095112987783     -1.33014805501229      c
   -0.16122885134224      2.86636548416152     -2.31154516909110      h
    2.58139059925161      1.24164045207012     -1.25420785933407      h
   -0.51338506792817      1.17095048982477      1.33012850793235      c
    0.16116367218173      2.86635448357867      2.31155037219607      h
   -2.58144397158646      1.24163740579033      1.25415659764240      h
    0.32311590767606     -1.07000104992737      2.54201290403395      o
   -0.36305264255467     -1.09550503586204      4.22852120807000      h
  -.66706605882771D-03  -.82226311141387D-03  -.13377188573749D-04
  0.28389636281312D-02  -.15993672587253D-02  0.49539554194133D-03
  -.28254909337511D-02  0.23957944135642D-02  -.15115515288857D-02
  0.33692314284850D-03  -.51214737208927D-03  -.75392529828178D-03
  -.32288757127219D-03  0.53716735432641D-03  -.74115806187658D-04
  0.28256288020523D-02  0.23971211167986D-02  0.15127249611748D-02
  -.33691148420256D-03  -.51325227753507D-03  0.75426815549706D-03
  0.32196772966708D-03  0.53789884300970D-03  0.73368453100020D-04
  -.28371512145822D-02  -.15988014166668D-02  -.49604718528240D-03
  0.66602395979198D-03  -.82215043878442D-03  0.13259896229023D-04
  cycle =      3 MP2 energy =     -229.8397667532 |dE/dxyz| =  0.009600
    0.39413267604176     -1.08622358941430     -4.22625122641646      h
   -0.33291860912747     -1.06554961231731     -2.55605479363778      o
    0.50039992051069      1.16454363330171     -1.33145820700864      c
   -0.18023193668542      2.87048485001608     -2.29155455283108      h
    2.57011053191185      1.23063057044946     -1.26809988650172      h
   -0.50049587079152      1.16452421010326      1.33142572814592      c
    0.18017082245718      2.87042024023765      2.29158392510823      h
   -2.57020081100036      1.23066464348188      1.26804191290650      h
    0.33275934897013     -1.06562167227335      2.55596857831402      o
   -0.39468512372749     -1.08656599248573      4.22598929027263      h
  -.55892731181340D-04  -.98756789117860D-04  -.18815582103127D-03
  0.32627476189626D-02  -.11328228599448D-02  0.14188339590282D-02
  -.52905792312350D-02  0.15637519744613D-02  -.12181326811860D-02
  0.97242379294205D-04  -.23375468580467D-03  -.30194842861730D-03
  -.12921509423069D-03  -.98838965398529D-04  -.54101526368311D-05
  0.52895455311086D-02  0.15640143488449D-02  0.12177444065098D-02
  -.97070768408480D-04  -.23336064378610D-03  0.30274329286306D-03
  0.12998499502226D-03  -.98792251721491D-04  0.48725539453232D-05
  -.32622649081548D-02  -.11322729312573D-02  -.14183348932280D-02
  0.55502208465619D-04  -.99167276276235D-04  0.18778776397221D-03
  cycle =      4 MP2 energy =     -229.8397734468 |dE/dxyz| =  0.009403
    0.40826793831913     -1.09428965729941     -4.22054124979570      h
   -0.33820409334948     -1.06523939101614     -2.55939561991427      o
    0.49723292750671      1.16519039285562     -1.33352813621851      c
   -0.18882310353339      2.87401255874703     -2.28542354559255      h
    2.56754574530340      1.23422186928781     -1.27593217677536      h
   -0.49735973087700      1.16515708104957      1.33348745320062      c
    0.18876912623002      2.87390376241915      2.28546629184727      h
   -2.56766847093052      1.23428520807748      1.27587799397998      h
    0.33796959316789     -1.06536373786100      2.55926070366376      o
   -0.40868898327741     -1.09457080516076      4.22031905395639      h
  -.26817963886927D-04  0.10960042883590D-04  0.35053113522920D-04
  0.30063740538697D-02  -.18609409027528D-02  0.10151413644079D-02
  -.49360487780397D-02  0.18488989167729D-02  -.16960970693802D-02
  0.12933902008294D-04  0.18409641260320D-05  -.13862793998065D-04
  0.11020829975061D-03  -.99861928332112D-06  0.10547561996033D-06
  0.49361309967841D-02  0.18491347762604D-02  0.16962642971741D-02
  -.12968619595544D-04  0.17538456491550D-05  0.14155839099805D-04
  -.11012223697282D-03  -.10263098432772D-05  -.48178552963796D-06
  -.30063971486594D-02  -.18603243826192D-02  -.10150561672040D-02
  0.26707494845679D-04  0.10701591637297D-04  -.35222273344182D-04
  cycle =      5 MP2 energy =     -229.8397736384 |dE/dxyz| =  0.009274
    0.41039670191543     -1.09596717376895     -4.21890832026226      h
   -0.33909569947522     -1.06472463642018     -2.55907980942837      o
    0.49676106560743      1.16549633080108     -1.33374677429061      c
   -0.19000492812693      2.87437760554920     -2.28503431346710      h
    2.56680740242051      1.23471762291586     -1.27700559045494      h
   -0.49689778247591      1.16545790133345      1.33370285119592      c
    0.18995346821099      2.87425489556723      2.28508019661802      h
   -2.56693998749232      1.23478972417140      1.27695368445890      h
    0.33883882276202     -1.06486582553959      2.55892965437102      o
   -0.41077811478666     -1.09622916351015      4.21869918961106      h
  0.56536355201864D-05  0.22291287210430D-04  0.26901849778938D-05
  0.29954476328524D-02  -.17948508313888D-02  0.11194358579960D-02
  -.48254798209280D-02  0.17815106900549D-02  -.17607770291281D-02
  -.84271511735512D-06  -.21897627759948D-05  0.80759306191336D-05
  0.19917203218256D-04  -.68279272387173D-05  -.85872195841885D-05
  0.48256377996676D-02  0.17814300824108D-02  0.17608195716139D-02
  0.81676365482064D-06  -.23323392834840D-05  -.78980746431867D-05
  -.19929535922003D-04  -.68176697228806D-05  0.83350734039755D-05
  -.29955099853671D-02  -.17943037283956D-02  -.11193214530678D-02
  -.57109773956565D-05  0.22090122467455D-04  -.27728417086870D-05
  cycle =      6 MP2 energy =     -229.8397736244 |dE/dxyz| =  0.009235
    0.41133238343298     -1.09707757328843     -4.21816518828403      h
   -0.33955558784809     -1.06441937371146     -2.55898393418656      o
    0.49653373430947      1.16573214427757     -1.33390348773814      c
   -0.19045593129405      2.87460915898581     -2.28507613864685      h
    2.56648102149994      1.23505785415197     -1.27746557021450      h
   -0.49667841955460      1.16569009315073      1.33385736714181      c
    0.19040647010518      2.87447629481021      2.28512454554768      h
   -2.56662134140940      1.23513696501153      1.27741619567701      h
    0.33928125473158     -1.06457376948309      2.55882110569437      o
   -0.41168263541366     -1.09732451280547      4.21796587336085      h
  0.82567490751195D-05  0.12042193801687D-04  -.66362734258973D-05
  0.30011406256509D-02  -.17627064540866D-02  0.11359759181184D-02
  -.47884421736197D-02  0.17555630549682D-02  -.17953621868385D-02
  -.41785319069287D-05  -.12289068838101D-05  0.47155410500821D-05
  -.13923682752992D-04  -.36730041955702D-05  -.72417843948180D-05
  0.47885394967944D-02  0.17553125538488D-02  0.17954212311138D-02
  0.41692859285014D-05  -.12867100442904D-05  -.46010506744576D-05
  0.13948778986972D-04  -.36651353902961D-05  0.70905565021095D-05
  -.30012256909413D-02  -.17622922968394D-02  -.11359359613792D-02
  -.82848570333027D-05  0.11934626235610D-04  0.65740089354449D-05
  cycle =      7 MP2 energy =     -229.8397736474 |dE/dxyz| =  0.009261
    0.41172307354648     -1.09770234571866     -4.21779661479736      h
   -0.33982846028135     -1.06423610236421     -2.55895350693185      o
    0.49638394209429      1.16587482643885     -1.33397021542303      c
   -0.19059582712412      2.87477361064788     -2.28512767351173      h
    2.56636018040120      1.23519411358144     -1.27760584838108      h
   -0.49653497853552      1.16582998166019      1.33392235676985      c
    0.19054803659568      2.87463271635246      2.28517792154118      h
   -2.56650679517873      1.23527884017370      1.27755874822932      h
    0.33954038378524     -1.06440089885348      2.55878050483875      o
   -0.41204860674381     -1.09793746081882      4.21760509601758      h
  0.14650831485774D-05  0.16007820544672D-05  -.21923880511032D-05
  0.30138745557640D-02  -.17484121600067D-02  0.11258209556360D-02
  -.48151633296933D-02  0.17477301348290D-02  -.17993773020790D-02
  -.30036519871324D-05  0.26638642580679D-06  0.11845553959944D-06
  -.68255174037191D-05  -.11404102174817D-05  -.99530027158901D-06
  0.48152622268103D-02  0.17473744937737D-02  0.17994723773418D-02
  0.30014910000764D-05  0.25038208839590D-06  -.73622727692069D-07
  0.68345230070932D-05  -.11291605316321D-05  0.92504521992387D-06
  -.30139633120161D-02  -.17480986290712D-02  -.11258670285290D-02
  -.14820682481265D-05  0.15581023682376D-05  0.21688074318682D-05
  cycle =      8 MP2 energy =     -229.8397736760 |dE/dxyz| =  0.009261
    0.45227067411317     -1.09816092567504     -4.21356754919844      h
   -0.31514476982499     -1.06467096736841     -2.56200401331677      o
    0.50922016789158      1.16550123674047     -1.32912754318152      c
   -0.16866600729450      2.87435125402402     -2.28687423202249      h
    2.57855902317526      1.23488725092935     -1.25293032771123      h
   -0.50922067204635      1.16550132081137      1.32912696255418      c
    0.16866122898340      2.87435282536597      2.28687414679423      h
   -2.57855944038385      1.23488345237042      1.25292654464530      h
    0.31514751928109     -1.06466828829031      2.56200565672248      o
   -0.45230311281812     -1.09818113694634      4.21355225074822      h
  0.16523812695901D-05  0.14741676074292D-05  -.22984250933611D-05
  0.30027848445053D-02  -.17482397882675D-02  0.11547146776554D-02
  -.47977666065140D-02  0.17475309064237D-02  -.18455479618986D-02
  -.30547993857821D-05  0.30563189623578D-06  0.96195947874023D-07
  -.68681542098048D-05  -.11018883518399D-05  -.10687154207156D-05
  0.47977514044240D-02  0.17475782783354D-02  0.18455434352067D-02
  0.30536953149474D-05  0.29151695102314D-06  -.49762596932013D-07
  0.68792770369086D-05  -.10894776602544D-05  0.99814152720867D-06
  -.30027556088905D-02  -.17481760254352D-02  -.11546588963460D-02
  -.16764329582308D-05  0.14266014951581D-05  0.22713123208895D-05
  cycle =      9 MP2 energy =     -229.8397736371 |dE/dxyz| =  0.009272
    0.45227819295166     -1.09819011745069     -4.21355005758436      h
   -0.31516723310901     -1.06466115546827     -2.56200615514848      o
    0.50920619357692      1.16550915974345     -1.32912888685766      c
   -0.16864975348556      2.87436844838701     -2.28687421216506      h
    2.57856185936263      1.23488189277423     -1.25292923603588      h
   -0.50920800241806      1.16550869233220      1.32912791201974      c
    0.16864530019689      2.87436830863474      2.28687459981138      h
   -2.57856357208560      1.23487924504001      1.25292584637354      h
    0.31516706296710     -1.06466062421376      2.56200561856575      o
   -0.45230543688026     -1.09820782781743      4.21353646705499      h
  0.59849155742420D-06  0.57009218057402D-06  -.26124714480602D-06
  0.30042119978191D-02  -.17487024213443D-02  0.11516330554411D-02
  -.48077675489040D-02  0.17489500574372D-02  -.18445528446771D-02
  -.14758449857766D-05  0.11098619356886D-07  0.42511486930685D-06
  -.16269156954962D-05  -.85053979304028D-06  -.33377253622069D-06
  0.48077737344456D-02  0.17489957286960D-02  0.18445707678174D-02
  0.14844418250171D-05  -.96312482433802D-08  -.38377906430576D-06
  0.16362016310723D-05  -.83273215845114D-06  0.28562245601993D-06
  -.30043105635968D-02  -.17487219422812D-02  -.11516683399684D-02
  -.52399432859396D-06  0.59021329590347D-06  0.28542300833934D-06
  cycle =     10 MP2 energy =     -229.8397736341 |dE/dxyz| =  0.009278
    0.45226037164056     -1.09819014739661     -4.21355495359612      h
   -0.31516853888608     -1.06466056762594     -2.56200499431246      o
    0.50920264621844      1.16550808840818     -1.32912800610945      c
   -0.16863041962486      2.87437118690189     -2.28687992738190      h
    2.57856526734612      1.23487898719641     -1.25292074384788      h
   -0.50920149312577      1.16550872148849      1.32912787344298      c
    0.16862573525055      2.87437538726348      2.28687762636682      h
   -2.57856419349969      1.23487323670503      1.25291886866160      h
    0.31517597790594     -1.06465491671092      2.56200953609919      o
   -0.45230074214852     -1.09821395426852      4.21353661671116      h
  -.49139852675850D-06  0.54372336899533D-06  -.73394861299647D-07
  0.30059803710216D-02  -.17486487380074D-02  0.11510610098453D-02
  -.48132489498838D-02  0.17485804521193D-02  -.18440139029596D-02
  -.35957755673000D-06  -.11603867422494D-06  0.13497845885446D-06
  0.25230135625165D-06  -.35332638498309D-06  0.13252610409076D-06
  0.48132326032300D-02  0.17485404516124D-02  0.18439653368281D-02
  0.33749257899451D-06  -.11222647566811D-06  -.18207062790765D-06
  -.27461771745507D-06  -.37224249815893D-06  -.12992740361373D-06
  -.30056310050601D-02  -.17484499245901D-02  -.11508529833346D-02
  0.20278023993292D-06  0.38779204947215D-06  -.41573473108514D-07
  cycle =     11 MP2 energy =     -229.8397736355 |dE/dxyz| =  0.009278
    0.45229900025831     -1.09819709461285     -4.21355177783338      h
   -0.31514576830514     -1.06466779758897     -2.56200918168660      o
    0.50921445669105      1.16550009108133     -1.32912347692063      c
   -0.16860872475978      2.87436380059636     -2.28688130342768      h
    2.57857637298865      1.23487013884166     -1.25289630334475      h
   -0.50921522848719      1.16550018274550      1.32912261562923      c
    0.16860347615277      2.87436623754206      2.28687949112277      h
   -2.57857716878221      1.23486554890963      1.25289374895016      h
    0.31514950668464     -1.06466422277126      2.56201140614385      o
   -0.45234309789547     -1.09822354305365      4.21353109926260      h
  -.29087262154448D-06  0.57650147733401D-06  -.18958425052062D-07
  0.30059436586312D-02  -.17487698199066D-02  0.11508352449940D-02
  -.48129573698941D-02  0.17486172086718D-02  -.18439179798793D-02
  -.37815730713486D-06  -.84430315183681D-07  0.89548484627500D-07
  0.10815590156810D-06  -.31687750196019D-06  0.21690303969590D-06
  0.48129997901116D-02  0.17485973815532D-02  0.18439206771306D-02
  0.38298214333210D-06  -.10070748457380D-06  -.11484935824591D-06
  -.12776659463754D-06  -.30328247790923D-06  -.21662778287856D-06
  -.30058400941551D-02  -.17487206319933D-02  -.11507790607883D-02
  0.15967375510684D-06  0.50457903499890D-06  -.14898150713094D-07
  cycle =     12 MP2 energy =     -229.8397736547 |dE/dxyz| =  0.009277
    0.45234934834001     -1.09825155988412     -4.21350455252349      h
   -0.31517614226829     -1.06465274518898     -2.56200058708990      o
    0.50920103064785      1.16551409178821     -1.32912816149615      c
   -0.16862552181737      2.87437913311143     -2.28688104901612      h
    2.57856362940625      1.23488085573133     -1.25292037095691      h
   -0.50920515950593      1.16551301331105      1.32912637024600      c
    0.16862072716454      2.87437706261016      2.28688168108896      h
   -2.57856758712244      1.23487960844121      1.25291711588325      h
    0.31517193568158     -1.06465461358252      2.56199720931348      o
   -0.45237943598056     -1.09827150464796      4.21348866244646      h
  0.82009130686345D-06  -.28120903527995D-06  0.20809526146692D-06
  0.30046409032947D-02  -.17476877596438D-02  0.11515589318556D-02
  -.48131135861944D-02  0.17483016722712D-02  -.18442405885288D-02
  -.36247959911417D-06  -.70651007266775D-07  0.27539143476751D-06
  0.11294997959155D-06  -.27198311902676D-06  -.12990649733702D-06
  0.48131301442480D-02  0.17483430643894D-02  0.18442875160725D-02
  0.39559961473312D-06  -.87792825009814D-07  -.22848963987521D-06
  -.92405354035208D-07  -.23679576827140D-06  0.10763656671520D-06
  -.30049210695076D-02  -.17478359274854D-02  -.11517138929404D-02
  -.61014787910985D-06  -.17269608321158D-06  -.12469353372069D-06
  cycle =     13 MP2 energy =     -229.8397736531 |dE/dxyz| =  0.009279
    0.45231831232338     -1.09822340138462     -4.21352947787418      h
   -0.31515932371901     -1.06466087359556     -2.56200263842200      o
    0.50920827832943      1.16550657236435     -1.32912571684649      c
   -0.16861287610322      2.87437103322025     -2.28688356658291      h
    2.57857031599342      1.23487569251043     -1.25290696336662      h
   -0.50920930723943      1.16550668424361      1.32912481356834      c
    0.16860769619877      2.87437333476728      2.28688186192610      h
   -2.57857132148720      1.23487133748071      1.25290458595227      h
    0.31516278185400     -1.06465745412377      2.56200453215995      o
   -0.45236173160451     -1.09824958379288      4.21350888738112      h
  -.66480287408410D-06  0.73764015473543D-06  -.42401721422891D-06
  0.30064755059973D-02  -.17485739983414D-02  0.11517845148621D-02
  -.48133858970829D-02  0.17480581277471D-02  -.18440990041952D-02
  -.19537562423455D-06  -.63864500354782D-07  0.66545020160902D-07
  -.26779459094683D-07  -.16165477051411D-06  0.58386638412955D-07
  0.48133518199580D-02  0.17480257846456D-02  0.18440547345109D-02
  0.18100666310250D-06  -.53336418393002D-07  -.96755707446050D-07
  0.18052381367539D-07  -.17616038533452D-06  -.56897071554207D-07
  -.30061686362761D-02  -.17483951104076D-02  -.11515956502635D-02
  0.41510652559751D-06  0.60249543776258D-06  0.30814412488311D-06
$end
