$hessapprox internal
  0.272837507752D-01  0.124039949756D-02  0.616089601650D+00 -0.156261065304D-02
 -0.301795557225D-03  0.371792577077D+00  0.462587135643D-03  0.683370718506D-04
  0.220770308622D-03  0.422603710124D+00 -0.408962099027D-03 -0.417902530314D-04
  0.467207648676D-04 -0.146204361426D-04  0.421834242970D+00  0.109811838005D-02
  0.143343066685D-03  0.278869803080D-03 -0.213379361990D-04 -0.354164995886D-04
  0.347754643222D+00  0.556350717981D-02  0.725676066435D-03  0.140562818742D-02
 -0.107021786901D-03 -0.179455105613D-03  0.237658462755D-04  0.348916235872D+00
 -0.391584599978D-02 -0.630306819138D-03 -0.254196324153D-02  0.308018278771D-03
  0.121815549918D-03  0.331672797258D-03  0.166859445879D-02  0.317185889119D+00
  0.535654627601D-02  0.671731459468D-03  0.100331953025D-02 -0.505830379709D-04
 -0.173792321398D-03  0.101424501299D-03  0.520395193434D-03  0.103623338343D-02
  0.347642690245D+00  0.396962835242D-03  0.651604385294D-04  0.274105075209D-03
 -0.336853703063D-04 -0.123013537776D-04 -0.373068210827D-04 -0.187752157881D-03
  0.402249190103D-03 -0.119876786062D-03  0.422584604163D+00 -0.323656232173D-03
 -0.363968010391D-04 -0.619169261788D-05 -0.510130186406D-05  0.106584917519D-04
 -0.183424820495D-04 -0.931143254743D-04  0.260737029591D-04 -0.985472689623D-04
 -0.222588321571D-05  0.421827930690D+00  0.133000969021D-02  0.163653682122D-03
  0.208407978480D-03 -0.645799506426D-05 -0.432697746060D-04  0.343189722425D-04
  0.175339151384D-03  0.190959742598D-03  0.239687893439D-03 -0.226824285335D-04
 -0.255037287611D-04  0.347818036810D+00  0.469876609557D-02  0.626084378370D-03
  0.135860106485D-02 -0.116082706352D-03 -0.151066083102D-03 -0.184008766750D-04
 -0.856354924158D-04  0.168858969263D-02  0.284634701240D-03 -0.188396070271D-03
 -0.742835534029D-04  0.113370963007D-03  0.348535503597D+00 -0.393980438966D-02
 -0.633523388961D-03 -0.254920550006D-02  0.308657367954D-03  0.122584904639D-03
  0.331837289802D-03  0.166938791855D-02 -0.371324912896D-02  0.103506655138D-02
  0.403264583639D-03  0.264444601443D-04  0.190445445500D-03  0.169020558045D-02
  0.317167633996D+00  0.480823639720D-02  0.611296038571D-03  0.100873813130D-02
 -0.616093547710D-04 -0.155689608531D-03  0.667806002764D-04  0.344625348184D-03
  0.110632421875D-02  0.635896074517D-03 -0.126415114353D-03 -0.857115069805D-04
  0.193260697294D-03  0.142106445937D-03  0.110587324255D-02  0.347302349578D+00
  0.795473650102D-02  0.774034285297D-03 -0.141308028810D-02  0.359964190992D-03
 -0.266491146886D-03  0.802053027686D-03  0.406197337379D-02 -0.319111980734D-02
  0.383599640947D-02  0.327006700405D-03 -0.220137291254D-03  0.943754266331D-03
  0.346729215274D-02 -0.320886644044D-02  0.346646208593D-02  0.200987700818D-01
  0.101441025654D-02  0.933162927517D-04 -0.250214186713D-03  0.563966978760D-04
 -0.341863055703D-04  0.117990904627D-03  0.597320201688D-03 -0.521015271111D-03
  0.552422210162D-03  0.538808097306D-04 -0.298521391348D-04  0.134526531650D-03
  0.515586512351D-03 -0.523664583290D-03  0.502880029607D-03  0.632284515078D-03
  0.616051339758D+00 -0.109130850036D-02 -0.249490973341D-03 -0.166732484307D-02
  0.229553021643D-03  0.311739186675D-04  0.307607513693D-03  0.155145778311D-02
 -0.259465440488D-02  0.115498500163D-02  0.278918383703D-03 -0.171068553902D-04
  0.247375710006D-03  0.147624837788D-02 -0.260248639974D-02  0.114140030879D-02
 -0.109445346342D-02 -0.207329532057D-03  0.371808740560D+00  0.168625029473D-02
  0.393921021284D-03  0.268560415285D-02 -0.371079971546D-03 -0.478524715818D-04
 -0.499833574185D-03 -0.252110916628D-02  0.418727249740D-02 -0.188338664563D-02
 -0.449991388312D-03  0.292114338594D-04 -0.404369720331D-03 -0.239568925279D-02
  0.419997721024D-02 -0.185862060799D-02  0.171449319648D-02  0.327440566243D-03
  0.265710981001D-02  0.501943804943D+00 -0.112201191333D-01 -0.108232251890D-02
  0.211586945392D-02 -0.526120851838D-03  0.376239681228D-03 -0.115883127168D-02
 -0.586844327919D-02  0.470101857482D-02 -0.552151621615D-02 -0.482591464736D-03
  0.313622078343D-03 -0.135601040774D-02 -0.501930921778D-02  0.472672710020D-02
 -0.499605107787D-02 -0.713293039274D-02 -0.883882933591D-03  0.166249948785D-02
 -0.260900388798D-02  0.396260279045D+00  0.158812013361D-02  0.382644929737D-03
  0.268059871031D-02 -0.372157828800D-03 -0.446299485628D-04 -0.504692932486D-03
 -0.254579652927D-02  0.419008110228D-02 -0.191043971000D-02 -0.450122069057D-03
  0.313567529505D-04 -0.411468875812D-03 -0.241493079501D-02  0.420288097037D-02
 -0.188189000452D-02  0.164708006175D-02  0.318186945186D-03  0.264889560952D-02
 -0.426182847114D-02 -0.251276649201D-02  0.501971952139D+00 -0.129743448794D-01
 -0.126435765617D-02  0.228020097426D-02 -0.583427990409D-03  0.434581662563D-03
 -0.130265374869D-02 -0.659733524247D-02  0.516476358961D-02 -0.623440361736D-02
 -0.529081789660D-03  0.358424273722D-03 -0.153430984393D-02 -0.562946678218D-02
  0.519357323186D-02 -0.563253360784D-02 -0.828374982658D-02 -0.103286097756D-02
  0.176130406281D-02 -0.275820337419D-02  0.116429878596D-01 -0.264848157750D-02
  0.399763643387D+00 -0.271105332228D-02 -0.280181518450D-03  0.268811787392D-03
 -0.907899615265D-04  0.902070856302D-04 -0.225600831562D-03 -0.114328156872D-02
  0.740881190271D-03 -0.111513740737D-02 -0.744309371593D-04  0.696165539636D-04
 -0.278557551758D-03 -0.958533724954D-03  0.745755684126D-03 -0.996545364122D-03
 -0.177534821960D-02 -0.229274914099D-03  0.167066071777D-03 -0.253651681648D-03
  0.250916444444D-02 -0.232673026275D-03  0.289462127938D-02  0.408024257318D+00
  0.000000000000D+00  0.000000000000D+00  0.000000000000D+00  0.000000000000D+00
  0.000000000000D+00  0.000000000000D+00  0.000000000000D+00  0.000000000000D+00
  0.000000000000D+00  0.000000000000D+00  0.000000000000D+00  0.000000000000D+00
  0.000000000000D+00  0.000000000000D+00  0.000000000000D+00  0.000000000000D+00
  0.000000000000D+00  0.000000000000D+00  0.000000000000D+00  0.000000000000D+00
  0.000000000000D+00  0.000000000000D+00  0.000000000000D+00  0.000000000000D+00
$end
