$coord
    0.77812834069598     -1.07646402647845     -4.36538310687330  h
   -0.38476977041163     -0.77426176925945     -2.99955051454086  o
    0.78109523607339      0.86668660451184     -1.20365024295622  c
    0.88209843541213      2.79025934897951     -1.97115511000468  h
    2.69884821768053      0.24844145552726     -0.73389320962196  h
   -0.78109504319316      0.86668678556961      1.20365027002354  c
   -0.88209774007845      2.79025953765459      1.97115518047063  h
   -2.69884818944530      0.24844213098500      0.73389323948921  h
    0.38476957258824     -0.77426194863653      2.99955046524917  o
   -0.77812798534407     -1.07646263177352      4.36538387870212  h
$user-defined bonds
$intdef
# definitions of internal coordinates
   1 f  1.0000000000000 tors    2    3    6    9 val= 100.00000
$redundant
     number_of_atoms            10
     degrees_of_freedom         24
     internal_coordinates       25
     frozen_coordinates          1
# definitions of redundant internals
   1 k  1.0000000000000 tors   1    2    3    6 val= 192.78039
   2 k  1.0000000000000 stre   2    1           val=   1.81911
   3 k  1.0000000000000 bend   3    1    2      val= 108.94271
   4 k  1.0000000000000 stre   3    5           val=   2.06898
   5 k  1.0000000000000 stre   3    4           val=   2.07350
   6 k  0.0692572223867 bend   4    5    3      val=   0.79924
       -0.5235355475404 bend   2    5    3
       -0.4921405198377 bend   2    4    3
        0.4791697232126 bend   6    5    3
        0.4993075732443 bend   6    4    3
   7 k  0.0050070338610 bend   4    5    3      val=  -0.00320
       -0.5249921117992 bend   2    5    3
        0.5506006736030 bend   2    4    3
       -0.4724632169490 bend   6    5    3
        0.4449445122918 bend   6    4    3
   8 k -0.8909039627386 bend   4    5    3      val=   1.01522
        0.1791378795167 bend   2    5    3
        0.1993308528793 bend   2    4    3
        0.2637361129212 bend   6    5    3
        0.2547748479160 bend   6    4    3
   9 k -0.0101526097554 bend   4    5    3      val=   1.41043
        0.4617498412863 bend   2    5    3
       -0.4556925679618 bend   2    4    3
       -0.5305048115393 bend   6    5    3
        0.5455207943106 bend   6    4    3
  10 k  1.0000000000000 stre   6    8           val=   2.06898
  11 k  1.0000000000000 stre   6    7           val=   2.07350
  12 k  0.0692572286017 bend   7    8    6      val=   0.79924
       -0.5235355429559 bend   9    8    6
       -0.4921405262524 bend   9    7    6
        0.4791697220790 bend   3    8    6
        0.4993075719545 bend   3    7    6
  13 k  0.0050070244555 bend   7    8    6      val=  -0.00320
       -0.5249921147125 bend   9    8    6
        0.5506006713697 bend   9    7    6
       -0.4724632127319 bend   3    8    6
        0.4449445162018 bend   3    7    6
  14 k -0.8909039585861 bend   7    8    6      val=   1.01522
        0.1791378873368 bend   9    8    6
        0.1993308458020 bend   9    7    6
        0.2637361215136 bend   3    8    6
        0.2547748535804 bend   3    7    6
  15 k -0.0101526059697 bend   7    8    6      val=   1.41043
        0.4617498420793 bend   9    8    6
       -0.4556925670712 bend   9    7    6
       -0.5305048160534 bend   3    8    6
        0.5455207900639 bend   3    7    6
  16 k  1.0000000000000 tors  10    9    6    3 val= 192.78033
  17 k  1.0000000000000 stre   9   10           val=   1.81911
  18 k  1.0000000000000 bend   6   10    9      val= 108.94271
  19 k  1.0000000000000 tors   2    3    6    9 val= 100.00000
  20 k  1.0000000000000 stre   3    2           val=   2.69763
  21 k  1.0000000000000 bend   6    2    3      val= 108.85576
  22 k  1.0000000000000 stre   6    9           val=   2.69763
  23 k  1.0000000000000 bend   3    9    6      val= 108.85576
  24 k  1.0000000000000 stre   3    6           val=   2.86976
  25 f  1.0000000000000 tors   2    3    6    9 val= 100.00000
        24 non zero eigenvalues  of BmBt
           1           4.139194406    1    0
         1
           2           3.827473781    2    0
         2
           3           3.767455652    3    0
         3
           4           3.011218809    4    0
         4
           5           2.916221721    5    0
         5
           6           2.452712177    6    0
         6
           7           2.087813761    7    0
         7
           8           1.723761187    8    0
         8
           9           1.256259596    9    0
         9
          10           1.228139664   10    0
        10
          11           1.047677989   11    0
        11
          12           0.840592201   12    0
        12
          13           0.770040854   13    0
        13
          14           0.728727123   14    0
        14
          15           0.541902071   15    0
        15
          16           0.500842656   16    0
        16
          17           0.353920055   17    0
        17
          18           0.347894628   18    0
        18
          19           0.280760637   20    0
        20
          20           0.254211171   21    0
        21
          21           0.094858987   22    0
        22
          22           0.083824625   23    0
        23
          23           0.066260855   24    0
        24
          24           0.000000000    0    1
         0.000000000         0.000000000         0.000000000         0.000000000
         0.000000000         0.000000000         0.000000000         0.000000000
         0.000000000         0.000000000         0.000000000         0.000000000
         0.000000000         0.000000000         0.000000000         0.000000000
         0.000000000         0.000000000         0.000000000         0.000000000
         0.000000000         0.000000000         0.000000000         0.000000000
         1.000000000
$end
