$energy      SCF               SCFKIN            SCFPOT
     1 -230.2234730786      229.3202187753     -459.5436918539
     2 -230.2241121173      229.2828896908     -459.5070018081
     3 -230.2242147825      229.2879891310     -459.5122039135
     4 -230.2242429306      229.2927078852     -459.5169508157
     5 -230.2242442856      229.2909936661     -459.5152379518
     6 -230.2242443374      229.2912566065     -459.5155009439
     7 -230.2242443434      229.2912485592     -459.5154929027
     8 -230.2242442754      229.2912442474     -459.5154885228
     9 -230.2242442756      229.2912499539     -459.5154942294
    10 -230.2242442756      229.2912503503     -459.5154946259
    11 -230.2242442756      229.2912404462     -459.5154847218
    12 -230.2242442756      229.2912409719     -459.5154852475
    13 -230.2242442756      229.2912386480     -459.5154829236
$end
