$grad          cartesian gradients
  cycle =      1    SCF energy =     -230.2234730786   |dE/dxyz| =  0.011291
    0.60686277165508     -0.82211068847917     -4.47521475894310      h
   -0.38006499355799     -0.78816031363750     -2.94892314878582      o
    0.80395224447939      0.86522033849142     -1.18476816309011      c
    0.93131483192157      2.79677109050007     -1.92301394237892      h
    2.71687683618678      0.22565505502505     -0.71169635678837      h
   -0.80398913384227      0.86518928149968      1.18476472793733      c
   -0.93146652285739      2.79673832568209      1.92300100705045      h
   -2.71687194783380      0.22551339225354      0.71168261191062      h
    0.38011611064849     -0.78810836334627      2.94893834249223      o
   -0.60708776496571     -0.82249220908178      4.47504120496468      h
  -.64905838236689D-03  0.10068110303107D-02  0.10356143465074D-02
  -.19992114692128D-02  -.71114602386388D-04  0.36756983097533D-02
  0.50817338016337D-02  -.88333419995351D-03  0.19421529779247D-02
  0.60131597626554D-03  0.35498879386540D-03  0.31585564480691D-02
  0.12277464592052D-02  -.40789267949296D-03  -.11016071498718D-02
  -.50821458226780D-02  -.88263199387233D-03  -.19425556187176D-02
  -.60140736848078D-03  0.35509709935488D-03  -.31581370812739D-02
  -.12274266781307D-02  -.40779018752851D-03  0.11012651330561D-02
  0.20000869102100D-02  -.70195332123295D-04  -.36748671966856D-02
  0.64836351391087D-03  0.10061569902557D-02  -.10361243155893D-02
  cycle =      2    SCF energy =     -230.2241121173   |dE/dxyz| =  0.005114
    0.67173370330398     -0.89070199678291     -4.47147107269210      h
   -0.39001724507924     -0.76608573545121     -2.99865886768611      o
    0.78103308316918      0.87546992262404     -1.20727320946775      c
    0.89018521265978      2.80556560437242     -1.95718069292441      h
    2.70187270961116      0.25314037030146     -0.75414291178902      h
   -0.78109883393001      0.87541967036967      1.20726319792800      c
   -0.89033778806888      2.80549690258898      1.95720931101054      h
   -2.70190762528765      0.25301606091484      0.75411055203373      h
    0.39001959235718     -0.76611631403227      2.99862162431400      o
   -0.67184037690136     -0.89098857599789      4.47133359364213      h
  -.21109909546677D-03  0.12929558565483D-03  -.48343836190956D-03
  -.83678835166852D-03  0.68647728672701D-03  -.36256108288573D-03
  0.27342250383093D-02  -.12390164642651D-02  0.51068888457587D-03
  0.68829391018122D-03  0.32199789760090D-03  0.91408349884854D-03
  0.16263915347765D-03  0.10078922888463D-03  -.86982399720157D-03
  -.27346725993544D-02  -.12381615403925D-02  -.51037658951092D-03
  -.68846151353260D-03  0.32225421231990D-03  -.91357902573704D-03
  -.16226356818783D-03  0.10089838563771D-03  0.86943460117576D-03
  0.83747404209730D-03  0.68698487027398D-03  0.36232152798434D-03
  0.21065781784421D-03  0.12899671104654D-03  0.48324643199905D-03
  cycle =      3    SCF energy =     -230.2242147825   |dE/dxyz| =  0.005203
    0.70035818173012     -0.95712642108180     -4.42859813553393      h
   -0.40684154770798     -0.74832668008118     -2.99980102222532      o
    0.77081547985956      0.89081847521559     -1.21165676255699      c
    0.86637589481277      2.81780660957372     -1.97180369432604      h
    2.69468674892017      0.27422950307315     -0.76378208696913      h
   -0.77089280580059      0.89075372587779      1.21164055569192      c
   -0.86652633524538      2.81771338884450      1.97185063240625      h
   -2.69473947740174      0.27410974052194      0.76373835362559      h
    0.40681921380902     -0.74840415513692      2.99973715505933      o
   -0.70041292114182     -0.95735827789965      4.42848652919732      h
  -.40984021223280D-04  0.70349680036129D-04  -.28507218485354D-03
  -.96465776395239D-03  0.16928255705153D-02  -.72389721356832D-03
  0.20219987519917D-02  -.19655850187306D-02  0.96638652687474D-03
  0.22249426137503D-03  0.12206603256148D-03  0.23651384180113D-03
  0.48963598919174D-04  0.81705168302264D-04  -.33467122385829D-03
  -.20220293600488D-02  -.19652514992964D-02  -.96652251302387D-03
  -.22258019488389D-03  0.12203167217867D-03  -.23630079961277D-03
  -.48817300741946D-04  0.81772484188822D-04  0.33442030385186D-03
  0.96472673001484D-03  0.16930421466890D-02  0.72408867163736D-03
  0.40886975713154D-04  0.70182397214155D-04  0.28505630956851D-03
  cycle =      4    SCF energy =     -230.2242429306   |dE/dxyz| =  0.006110
    0.71815449756897     -1.02078580921607     -4.38229199353011      h
   -0.42277056575001     -0.73250758482922     -2.99500688979875      o
    0.76469431324088      0.90732208165538     -1.21367197648191      c
    0.85266188778339      2.83162375172266     -1.98151156045306      h
    2.68958830698418      0.29175752859213     -0.76869071295347      h
   -0.76478013919830      0.90724770096291      1.21365166451786      c
   -0.85281018568324      2.83151438675521      1.98157084953944      h
   -2.68965399158488      0.29163998406015      0.76864253778561      h
    0.42273524294842     -0.73261664968592      2.99492085588193      o
   -0.71817693447528     -1.02097948111010      4.38219874986146      h
  0.48994696618522D-04  0.60832264195823D-04  0.84392164087997D-05
  -.13919858724538D-02  0.21764267999180D-02  -.78044435618528D-03
  0.20318553574631D-02  -.22838958764500D-02  0.14168592712848D-02
  -.92653722431760D-04  0.33510303382589D-04  -.33198354653637D-04
  0.68409194630786D-04  0.14842175675984D-04  0.83268561692044D-04
  -.20317038883496D-02  -.22839063856410D-02  -.14170564769245D-02
  0.92654068371013D-04  0.33384965480424D-04  0.33230142693741D-04
  -.68403909485008D-04  0.14853322240365D-04  -.83345836181565D-04
  0.13917235674173D-02  0.21764869514380D-02  0.78070386990817D-03
  -.48888063036317D-04  0.60822759010836D-04  -.84552209144184D-05
  cycle =      5    SCF energy =     -230.2242442856   |dE/dxyz| =  0.006002
    0.71877410701758     -1.02951199102338     -4.37723729106633      h
   -0.42473254608248     -0.73045009631797     -2.99442952540874      o
    0.76484563754011      0.91037115006624     -1.21411228410588      c
    0.85491955776704      2.83425600403897     -1.98234137890938      h
    2.68892822191616      0.29274321989157     -0.76992699056621      h
   -0.76493237956976      0.91029783596264      1.21409274224516      c
   -0.85506775576429      2.83414874146145      1.98239977921509      h
   -2.68899513489202      0.29262621018189      0.76988190812811      h
    0.42469868330621     -0.73055748779752      2.99434295109200      o
   -0.71879595940442     -1.02970767755675      4.37714161374518      h
  0.69253770929737D-05  0.11935096942757D-04  0.20733201119863D-05
  -.14345562875316D-02  0.19810637375446D-02  -.89725395211266D-03
  0.22903705582363D-02  -.20277383874662D-02  0.13666002272059D-02
  -.12784719990055D-04  0.22507412002247D-04  0.14681222247943D-04
  0.98047957799468D-05  0.13789921299390D-04  0.21635081771120D-04
  -.22903198017358D-02  -.20277082313201D-02  -.13665907728477D-02
  0.12784528032765D-04  0.22525292767222D-04  -.14654125003075D-04
  -.98130023785136D-05  0.13784196820698D-04  -.21681087772599D-04
  0.14345246764355D-02  0.19810971212628D-02  0.89725171159977D-03
  -.69346642330933D-05  0.11941883564275D-04  -.20610827729994D-05
  cycle =      6    SCF energy =     -230.2242443374   |dE/dxyz| =  0.005993
    0.71928023690257     -1.03254436305001     -4.37503890263969      h
   -0.42541617919478     -0.72956869633813     -2.99408226801387      o
    0.76468733778167      0.91136833532484     -1.21415924774261      c
    0.85513813334012      2.83497741538457     -1.98286837461456      h
    2.68860735420437      0.29317609668125     -0.77033969346059      h
   -0.76477377339426      0.91129476356907      1.21413954630839      c
   -0.85528622304591      2.83486996335810      1.98292612224875      h
   -2.68867398245527      0.29305873773160      0.77029499361276      h
    0.42538225295047     -0.72967599183930      2.99399632884710      o
   -0.71930272525484     -1.03274035191484      4.37494301982331      h
  0.45868608136733D-05  0.11945177289455D-05  0.21327039242785D-05
  -.14235440207907D-02  0.19910153534517D-02  -.88288984456240D-03
  0.22913976890379D-02  -.19918658769627D-02  0.14038364791207D-02
  -.57644659932764D-05  0.10536570382771D-06  0.54644353837035D-05
  -.50163449118286D-05  0.11358325482997D-05  0.60357974128319D-05
  -.22913197472826D-02  -.19919019379322D-02  -.14039127230821D-02
  0.57660739752287D-05  0.10078376831142D-06  -.54789667614405D-05
  0.50123467467156D-05  0.11331186014539D-05  -.60358098582417D-05
  0.14234696569224D-02  0.19910183921480D-02  0.88296579849167D-03
  -.45866083161643D-05  0.11948488185385D-05  -.21174075725689D-05
  cycle =      8    SCF energy =     -230.2242442754   |dE/dxyz| =  0.005976
    0.77812169855462     -1.07643504342190     -4.36540885949974      h
   -0.38476884833693     -0.77425881671568     -2.99956279571637      o
    0.78109211778175      0.86667657208715     -1.20366992648185      c
    0.88206769373549      2.79026550177864     -1.97112964879884      h
    2.69883713747973      0.24842433082757     -0.73391051446212      h
   -0.78109195825706      0.86667669063100      1.20366995231874      c
   -0.88206710272833      2.79026564676304      1.97112964976374      h
   -2.69883710897607      0.24842485299894      0.73391051778824      h
    0.38476865916191     -0.77425901777441      2.99956271968665      o
   -0.77812121623532     -1.07643344866975      4.36540975414334      h
  0.56366192643112D-06  0.43379406492250D-06  -.19274127617271D-06
  -.13977292591279D-02  0.19892295191582D-02  -.90532086221113D-03
  0.22529348635492D-02  -.19880260943271D-02  0.14488190677372D-02
  -.14460730175102D-05  0.15149112098596D-06  0.20489713064816D-05
  -.22373235941960D-05  -.31238556401464D-06  0.26579726154777D-06
  -.22529327021280D-02  -.19880329521048D-02  -.14488101428653D-02
  0.14474317550072D-05  0.15069045493170D-06  -.20547658537452D-05
  0.22373272914356D-05  -.31410720511474D-06  -.26613100427433D-06
  0.13977238941071D-02  0.19892267628742D-02  0.90531671932304D-03
  -.56180291144766D-06  0.43713081949987D-06  0.19412090562901D-06
  cycle =      9    SCF energy =     -230.2242442756   |dE/dxyz| =  0.005977
    0.77811202219506     -1.07644244177344     -4.36540140062959      h
   -0.38477359758338     -0.77426205707699     -2.99955314765569      o
    0.78109278743196      0.86668040367426     -1.20366005698268      c
    0.88207714898607      2.79026402535461     -1.97113810705085      h
    2.69884353696341      0.24843251021707     -0.73389946747499      h
   -0.78109259475283      0.86668061041633      1.20366011424888      c
   -0.88207656949726      2.79026431263998      1.97113801733416      h
   -2.69884346498216      0.24843304376210      0.73389956766152      h
    0.38477351255275     -0.77426199330695      2.99955323070027      o
   -0.77811170913384     -1.07644114540237      4.36540209859077      h
  0.41416895802673D-07  0.37565019219052D-06  -.65900523285396D-07
  -.13984949884597D-02  0.19884294901198D-02  -.90643678206579D-03
  0.22506603757025D-02  -.19877268968797D-02  0.14539585691720D-02
  -.94829663614074D-06  0.59297082101480D-06  0.12650211281304D-05
  -.54318434638260D-06  -.19815573872477D-06  0.54349679303418D-06
  -.22506612591665D-02  -.19877313549378D-02  -.14539515931278D-02
  0.94883900319584D-06  0.59459220274073D-06  -.12684515616072D-05
  0.54342125332375D-06  -.19921493820510D-06  -.54363458432042D-06
  0.13984959062071D-02  0.19884316324558D-02  0.90643461522313D-03
  -.42221498330859D-07  0.37514605800558D-06  0.64674595428241D-07
  cycle =     11    SCF energy =     -230.2242442756   |dE/dxyz| =  0.005978
    0.77812606122851     -1.07645965399309     -4.36538756348316      h
   -0.38476812591191     -0.77426369939317     -2.99955065143952      o
    0.78109563365608      0.86668420277536     -1.20364998563202      c
    0.88209463617636      2.79025951250605     -1.97115075766724      h
    2.69884960751792      0.24844125839772     -0.73388934706101      h
   -0.78109544833378      0.86668437512845      1.20365000853202      c
   -0.88209394164884      2.79025968762124      1.97115084348290      h
   -2.69884958924824      0.24844193831015      0.73388936436183      h
    0.38476791768148     -0.77426391139723      2.99955057748497      o
   -0.77812567713991     -1.07645822287562      4.36538836135889      h
  -.24258152345004D-06  0.29011683649155D-06  0.50622327428087D-07
  -.13989033932007D-02  0.19879125809698D-02  -.90792875892254D-03
  0.22488982344430D-02  -.19875494798801D-02  0.14590839421039D-02
  -.22062033444211D-06  0.58430791894268D-06  0.16430752596288D-06
  0.20691860871385D-06  0.23473039543588D-06  0.25297434786014D-06
  -.22488986362221D-02  -.19875487520832D-02  -.14590847381271D-02
  0.22045145188767D-06  0.58420444185331D-06  -.16327078968423D-06
  -.20626944769544D-06  0.23539028252841D-06  -.25344553345092D-06
  0.13989011833511D-02  0.19879082365184D-02  0.90792737212143D-03
  0.24472988985891D-06  0.29242826083171D-06  -.48977229461255D-07
  cycle =     12    SCF energy =     -230.2242442756   |dE/dxyz| =  0.005978
    0.77812766199368     -1.07646327357206     -4.36538428365538      h
   -0.38476912664296     -0.77426232657641     -2.99955034803443      o
    0.78109541330553      0.86668576985849     -1.20365032414985      c
    0.88209639354738      2.79025964940783     -1.97115317632939      h
    2.69884885396245      0.24844172770239     -0.73389191950166      h
   -0.78109517935497      0.86668601515551      1.20365038897203      c
   -0.88209569817226      2.79025996026995      1.97115313908133      h
   -2.69884877322034      0.24844239023064      0.73389203557741      h
    0.38476901321518     -0.77426227676088      2.99955045570192      o
   -0.77812748465603     -1.07646214863560      4.36538488227568      h
  -.13264956852645D-06  0.26700705986047D-06  -.38387495322665D-07
  -.13989739680930D-02  0.19879956062969D-02  -.90773479748075D-03
  0.22490529409137D-02  -.19874489294399D-02  0.14590584798238D-02
  -.14194340741731D-06  0.38169781705923D-06  0.10153013597269D-06
  0.34857796912326D-07  0.27607868068518D-06  0.48484797602833D-07
  -.22490534487631D-02  -.19874492333854D-02  -.14590574983284D-02
  0.14168025851179D-06  0.38234222290095D-06  -.10221928261605D-06
  -.35358376816357D-07  0.27549497112178D-06  -.48359533617088D-07
  0.13989768331034D-02  0.19879981792342D-02  0.90773488780984D-03
  0.13106379194314D-06  0.26539793987905D-06  0.37893988809150D-07
$end
