$hessapprox internal
  0.141336337126D-01  0.828805280674D-03  0.622025486978D+00  0.763073482382D-03
  0.189318695516D-02  0.366605945729D+00 -0.220213075189D-03 -0.169120669878D-02
 -0.545376490379D-02  0.422527124076D+00 -0.523872008629D-03 -0.236399944434D-02
 -0.308972163407D-02 -0.698658861042D-04  0.422565548689D+00 -0.170457404484D-02
 -0.348280141844D-02  0.150211484963D-01  0.148571058178D-01  0.752864861200D-02
  0.299532895489D+00 -0.730142368836D-03 -0.166782324630D-02  0.538581639743D-02
  0.573324300190D-02  0.307703744456D-02 -0.167811921100D-01  0.340329171366D+00
 -0.890071554269D-03 -0.195238130641D-02  0.704660730832D-02  0.727846005648D-02
  0.381885304582D-02 -0.218107374627D-01 -0.791101605268D-02  0.310243711663D+00
 -0.112125623761D-02 -0.330041328629D-02  0.386739464548D-02  0.615531882425D-02
  0.410449168882D-02 -0.133787927300D-01 -0.461293947512D-02 -0.613628065770D-02
  0.342281562931D+00 -0.209168396648D-03 -0.165349462414D-02 -0.546087032719D-02
 -0.257093158769D-02 -0.105927205959D-03  0.149016841570D-01  0.574556802022D-02
  0.729659129492D-02  0.614581147946D-02  0.422443436639D+00 -0.516294409696D-03
 -0.234005776630D-02 -0.310610595992D-02 -0.105597666476D-03  0.120098075958D-02
  0.759162138284D-02  0.309779179175D-02  0.384700747904D-02  0.411023995262D-02
 -0.141531762113D-03  0.422512839211D+00 -0.172174801938D-02 -0.354013450313D-02
  0.150399859072D-01  0.149270820638D-01  0.758582043097D-02 -0.461557763976D-01
 -0.168086796505D-01 -0.218495654878D-01 -0.133723135245D-01  0.149712539151D-01
  0.764864158126D-02  0.299350970169D+00 -0.772292675067D-03 -0.181275976147D-02
  0.540689134304D-02  0.588985194954D-02  0.321380808907D-02 -0.169343164084D-01
 -0.610843588715D-02 -0.797196168327D-02 -0.457021449811D-02  0.590101686564D-02
  0.323404106150D-02 -0.169601858434D-01  0.340252581439D+00 -0.893883326319D-03
 -0.196597110412D-02  0.704563722842D-02  0.729089252183D-02  0.383081613976D-02
 -0.218164918228D-01 -0.791161278588D-02 -0.103022942756D-01 -0.612935063088D-02
  0.730890027794D-02  0.385890636192D-02 -0.218551417173D-01 -0.797207639946D-02
  0.310240590702D+00 -0.115154669458D-02 -0.340484724295D-02  0.388088192825D-02
  0.626686534110D-02  0.420254539615D-02 -0.134841672313D-01 -0.464033044478D-02
 -0.617781444716D-02 -0.235660957068D-02  0.625651360755D-02  0.420790914968D-02
 -0.134765068762D-01 -0.459428072261D-02 -0.617053507465D-02  0.342348921878D+00
  0.315186774031D-03  0.122937258750D-02  0.709659060082D-03 -0.649347341593D-03
 -0.900458946086D-03 -0.129548591468D-02 -0.623249218313D-03 -0.728405849787D-03
 -0.124413205119D-02 -0.635072321176D-03 -0.891415270114D-03 -0.131717522824D-02
 -0.678121446316D-03 -0.733555563842D-03 -0.128367291740D-02  0.144015565664D-01
  0.853418410600D-03  0.331969755034D-02  0.186775448232D-02 -0.179055290644D-02
 -0.244571547387D-02 -0.335644893682D-02 -0.163010096549D-02 -0.189887070210D-02
 -0.331136724019D-02 -0.175224816432D-02 -0.242154721640D-02 -0.341458175243D-02
 -0.177739381625D-02 -0.191271857837D-02 -0.341752046223D-02  0.126055892821D-02
  0.622191514787D+00  0.732047968617D-03  0.178597030944D-02 -0.472198954900D-02
 -0.534040167185D-02 -0.298949708086D-02  0.149173809093D-01  0.535934188305D-02
  0.700608602051D-02  0.390223121553D-02 -0.534838152980D-02 -0.300628402638D-02
  0.149374444947D-01  0.538385755375D-02  0.700547640055D-02  0.391821952648D-02
  0.669062205514D-03  0.175875370265D-02  0.366633202256D+00 -0.284829926466D-02
 -0.921177197508D-02  0.489287438986D-02  0.126695628659D-01  0.973129025327D-02
 -0.201086070303D-01 -0.644873428248D-02 -0.885458099099D-02 -0.811177412368D-03
  0.126135680178D-01  0.971663687348D-02 -0.200376194200D-01 -0.622256386246D-02
 -0.882818967559D-02 -0.645221739999D-03 -0.348187851777D-02 -0.931673945839D-02
  0.506591253614D-02  0.495659731536D+00 -0.180309018191D-03 -0.781377747841D-03
 -0.871165354037D-03  0.916207276287D-04  0.449541191472D-03  0.205018575903D-02
  0.853620091156D-03  0.105186708924D-02  0.120770917061D-02  0.804505154132D-04
  0.441607812398D-03  0.206773741629D-02  0.896107924013D-03  0.105564200431D-02
  0.123820334374D-02 -0.297391898012D-03 -0.806495501432D-03 -0.839965848876D-03
  0.295237653803D-02  0.380903942884D+00 -0.286790651829D-02 -0.927871751172D-02
  0.490550906077D-02  0.127441165493D-01  0.979531163625D-02 -0.201878035881D-01
 -0.647063654343D-02 -0.888679697205D-02 -0.794321350164D-03  0.126876003327D-01
  0.978043252199D-02 -0.201160945814D-01 -0.624240712471D-02 -0.886018647933D-02
 -0.626867011770D-03 -0.350721914498D-02 -0.938473681509D-02  0.508009920790D-02
  0.822074672734D-02  0.297220713119D-02  0.495859383945D+00 -0.163626472298D-03
 -0.722446316751D-03 -0.870169189321D-03  0.352541467415D-04  0.396725563476D-03
  0.208451443899D-02  0.859703958248D-03  0.106323942293D-02  0.118084384872D-02
  0.246033825222D-04  0.389053932006D-03  0.210132242317D-02  0.900159718249D-03
  0.106680692380D-02  0.120986408260D-02 -0.275065544590D-03 -0.746485398986D-03
 -0.840491558710D-03  0.284358200665D-02  0.142632794710D-03  0.286249061068D-02
  0.380871629288D+00  0.248760238184D-02  0.853295625795D-02 -0.136783433693D-02
 -0.931728011336D-02 -0.808933924648D-02  0.938607317936D-02  0.252750926390D-02
  0.376622465015D-02 -0.238926289346D-02 -0.924961487527D-02 -0.805930495638D-02
  0.929194839139D-02  0.226067156432D-02  0.373799828398D-02 -0.258338113281D-02
  0.323033176634D-02  0.867008066716D-02 -0.156877041906D-02 -0.130918735686D-01
 -0.251042858855D-02 -0.132119680323D-01 -0.239152087756D-02  0.405106176784D+00
  0.000000000000D+00  0.000000000000D+00  0.000000000000D+00  0.000000000000D+00
  0.000000000000D+00  0.000000000000D+00  0.000000000000D+00  0.000000000000D+00
  0.000000000000D+00  0.000000000000D+00  0.000000000000D+00  0.000000000000D+00
  0.000000000000D+00  0.000000000000D+00  0.000000000000D+00  0.000000000000D+00
  0.000000000000D+00  0.000000000000D+00  0.000000000000D+00  0.000000000000D+00
  0.000000000000D+00  0.000000000000D+00  0.000000000000D+00  0.000000000000D+00
$end
