$coord
    0.00003761990234     -1.27961348305739     -4.04374205227085      h
   -0.00000858990196     -1.22681595876041     -2.22657496992166      o
   -0.00001557963028      1.34677254648616     -1.43183417040522      c
   -1.67933611597159      2.35210779199061     -2.11456659064161      h
    1.67912260745816      2.35223252783376     -2.11483629483636      h
    0.00001616974261      1.34677266576063      1.43183315909895      c
    1.67932080930960      2.35212881980011      2.11458024073275      h
   -1.67913833513054      2.35221349899334      2.11481703905528      h
    0.00004078201331     -1.22681513679905      2.22657604049646      o
   -0.00052459939198     -1.27960957420779      4.04374271574704      h
$user-defined bonds
$intdef
# definitions of internal coordinates
   1 f  1.0000000000000 tors    2    3    6    9 val=   0.00000
$redundant
     number_of_atoms            10
     degrees_of_freedom         24
     internal_coordinates       25
     frozen_coordinates          1
   Values of frozen coordinates
          0.00000000
# definitions of redundant internals
   1 k  1.0000000000000 tors    1    2    3    6 val= 180.00220
   2 k  1.0000000000000 stre    2    1           val=   1.81793
   3 k  1.0000000000000 bend    3    1    2      val= 108.82528
   4 k  1.0000000000000 stre    3    4           val=   2.07291
   5 k  1.0000000000000 stre    3    5           val=   2.07291
   6 k  0.0845042942815 bend    5    4    3      val=   0.98958
       -0.5090729520455 bend    2    4    3
       -0.5090741100003 bend    2    5    3
        0.4870659488714 bend    6    4    3
        0.4871489153443 bend    6    5    3
   7 k  0.0000665504001 bend    5    4    3      val=   0.00200
        0.5404057218201 bend    2    4    3
       -0.5404354749116 bend    2    5    3
        0.4560273703964 bend    6    4    3
       -0.4559936252861 bend    6    5    3
   8 k -0.8855624501667 bend    5    4    3      val=   2.65267
        0.1857474503812 bend    2    4    3
        0.1857046472283 bend    2    5    3
        0.2709511577138 bend    6    4    3
        0.2708805745399 bend    6    5    3
   9 k -0.0000176615202 bend    5    4    3      val=   0.00235
        0.4560397049982 bend    2    4    3
       -0.4559812947922 bend    2    5    3
       -0.5404351094675 bend    6    4    3
        0.5404060865755 bend    6    5    3
  10 k  1.0000000000000 stre    6    8           val=   2.07291
  11 k  1.0000000000000 stre    6    7           val=   2.07291
  12 k  0.0845060895925 bend    7    8    6      val=   0.98962
       -0.5090789707710 bend    9    8    6
       -0.5090682081641 bend    9    7    6
        0.4871427424493 bend    3    8    6
        0.4870716890317 bend    3    7    6
  13 k  0.0000649112674 bend    7    8    6      val=   0.00181
       -0.5404317583737 bend    9    8    6
        0.5404105070506 bend    9    7    6
       -0.4559993120625 bend    3    8    6
        0.4560204179589 bend    3    7    6
  14 k -0.8855623579019 bend    7    8    6      val=   2.65263
        0.1857011778172 bend    9    8    6
        0.1857490536709 bend    9    7    6
        0.2708839393961 bend    3    8    6
        0.2709493739837 bend    3    7    6
  15 k -0.0000137347199 bend    7    8    6      val=   0.00180
       -0.4559834109176 bend    9    8    6
        0.4560363222105 bend    9    7    6
        0.5404055197988 bend    3    8    6
       -0.5404367453967 bend    3    7    6
  16 k  1.0000000000000 tors   10    9    6    3 val= 180.01951
  17 k  1.0000000000000 stre    9   10           val=   1.81793
  18 k  1.0000000000000 bend    6   10    9      val= 108.82523
  19 k  1.0000000000000 tors    2    3    6    9 val=   0.00000
  20 k  1.0000000000000 stre    3    2           val=   2.69351
  21 k  1.0000000000000 bend    6    2    3      val= 107.16103
  22 k  1.0000000000000 stre    6    9           val=   2.69351
  23 k  1.0000000000000 bend    3    9    6      val= 107.16107
  24 k  1.0000000000000 stre    3    6           val=   2.86367
  25 f  1.0000000000000 tors    2    3    6    9 val=   0.00000
        24 non zero eigenvalues  of BmBt
           1           4.578757922    1    0
         1
           2           3.761418856    2    0
         2
           3           3.722298349    3    0
         3
           4           3.084720761    4    0
         4
           5           2.678898466    5    0
         5
           6           2.451542437    6    0
         6
           7           2.080724715    7    0
         7
           8           1.729642385    8    0
         8
           9           1.238704747    9    0
         9
          10           1.217811844   10    0
        10
          11           1.082457767   11    0
        11
          12           0.880809513   12    0
        12
          13           0.768239150   13    0
        13
          14           0.737726645   14    0
        14
          15           0.692853076   15    0
        15
          16           0.380422956   16    0
        16
          17           0.340840505   17    0
        17
          18           0.292217347   18    0
        18
          19           0.249852395   20    0
        20
          20           0.228651560   21    0
        21
          21           0.228627795   22    0
        22
          22           0.067789229   23    0
        23
          23           0.050954371   24    0
        24
          24           0.000000000    0    1
         0.000000000         0.000000000         0.000000000         0.000000000
         0.000000000         0.000000000         0.000000000         0.000000000
         0.000000000         0.000000000         0.000000000         0.000000000
         0.000000000         0.000000000         0.000000000         0.000000000
         0.000000000         0.000000000         0.000000000         0.000000000
         0.000000000         0.000000000         0.000000000         0.000000000
         1.000000000
$end
