$coord
    0.11824416455173     -1.07131973604774     -4.25413163053669  h
   -0.19564096651092     -1.15705519539400     -2.46461325554565  o
    0.30672413237065      1.25582175298807     -1.41094786039692  c
   -0.80660651808655      2.75484464013267     -2.31366225441127  h
    2.31431208244459      1.71745975957755     -1.66881213319370  h
   -0.30672452837823      1.25582171459951      1.41094778674983  c
    0.80660630461602      2.75484440298830      2.31366229851271  h
   -2.31431242423774      1.71745997512794      1.66881201901382  h
    0.19564023963948     -1.15705535112907      2.46461305420245  o
   -0.11824699145481     -1.07132053814138      4.25413109107204  h
$user-defined bonds
$intdef
# definitions of internal coordinates
   1 f  1.0000000000000 tors    2    3    6    9 val=  33.00000
$redundant
     number_of_atoms            10
     degrees_of_freedom         24
     internal_coordinates       25
     frozen_coordinates          1
# definitions of redundant internals
   1 k  1.0000000000000 tors   1    2    3    6 val= 176.85698
   2 k  1.0000000000000 stre   2    1           val=   1.81886
   3 k  1.0000000000000 bend   3    1    2      val= 108.17873
   4 k  1.0000000000000 stre   3    4           val=   2.07400
   5 k  1.0000000000000 stre   3    5           val=   2.07606
   6 k  0.0814899199061 bend   5    4    3      val=   0.97656
       -0.5284923461275 bend   2    4    3
       -0.4878733565758 bend   2    5    3
        0.4802133360936 bend   6    4    3
        0.4954088945705 bend   6    5    3
   7 k  0.0122426436524 bend   5    4    3      val=   0.35788
       -0.5305804326514 bend   2    4    3
        0.5627794886069 bend   2    5    3
       -0.4618837094161 bend   6    4    3
        0.4339092167068 bend   6    5    3
   8 k  0.8935483186126 bend   5    4    3      val=  -0.16320
       -0.1649029736343 bend   2    4    3
       -0.1944673795680 bend   2    5    3
       -0.2654025654703 bend   6    4    3
       -0.2571426221321 bend   6    5    3
   9 k -0.0123771374502 bend   5    4    3      val=   1.65102
        0.4487410466953 bend   2    4    3
       -0.4468205548047 bend   2    5    3
       -0.5348965137956 bend   6    4    3
        0.5592096125896 bend   6    5    3
  10 k  1.0000000000000 stre   6    7           val=   2.07400
  11 k  1.0000000000000 stre   6    8           val=   2.07606
  12 k  0.0814899655865 bend   8    7    6      val=   0.97656
       -0.5284923244770 bend   9    7    6
       -0.4878733839836 bend   9    8    6
        0.4802133815274 bend   3    7    6
        0.4954088391218 bend   3    8    6
  13 k  0.0122426945191 bend   8    7    6      val=   0.35788
       -0.5305804790231 bend   9    7    6
        0.5627794752235 bend   9    8    6
       -0.4618836534210 bend   3    7    6
        0.4339092355322 bend   3    8    6
  14 k  0.8935483146063 bend   8    7    6      val=  -0.16320
       -0.1649029533320 bend   9    7    6
       -0.1944673566940 bend   9    8    6
       -0.2654025447441 bend   3    7    6
       -0.2571426877638 bend   3    8    6
  15 k -0.0123770965940 bend   8    7    6      val=   1.65102
        0.4487409959848 bend   9    7    6
       -0.4468205674006 bend   9    8    6
       -0.5348965326440 bend   3    7    6
        0.5592096260935 bend   3    8    6
  16 k  1.0000000000000 tors  10    9    6    3 val= 176.85705
  17 k  1.0000000000000 stre   9   10           val=   1.81886
  18 k  1.0000000000000 bend   6   10    9      val= 108.17873
  19 k  1.0000000000000 tors   2    3    6    9 val=  33.00000
  20 k  1.0000000000000 stre   3    2           val=   2.68040
  21 k  1.0000000000000 bend   6    2    3      val= 110.13995
  22 k  1.0000000000000 stre   6    9           val=   2.68040
  23 k  1.0000000000000 bend   3    9    6      val= 110.13995
  24 k  1.0000000000000 stre   3    6           val=   2.88780
  25 f  1.0000000000000 tors   2    3    6    9 val=  33.00000
        24 non zero eigenvalues  of BmBt
           1           4.575203364    1    0
         1
           2           3.785153589    2    0
         2
           3           3.759725793    3    0
         3
           4           3.079360771    4    0
         4
           5           2.670576064    5    0
         5
           6           2.469910354    6    0
         6
           7           2.100912097    7    0
         7
           8           1.734099787    8    0
         8
           9           1.235704510    9    0
         9
          10           1.224674203   10    0
        10
          11           1.048369068   11    0
        11
          12           0.844411251   12    0
        12
          13           0.765138120   13    0
        13
          14           0.725938650   14    0
        14
          15           0.668124999   15    0
        15
          16           0.398496014   16    0
        16
          17           0.347890936   17    0
        17
          18           0.306431872   18    0
        18
          19           0.271835623   20    0
        20
          20           0.246581843   21    0
        21
          21           0.167150794   22    0
        22
          22           0.066780349   23    0
        23
          23           0.056389795   24    0
        24
          24           0.000000000    0    1
         0.000000000         0.000000000         0.000000000         0.000000000
         0.000000000         0.000000000         0.000000000         0.000000000
         0.000000000         0.000000000         0.000000000         0.000000000
         0.000000000         0.000000000         0.000000000         0.000000000
         0.000000000         0.000000000         0.000000000         0.000000000
         0.000000000         0.000000000         0.000000000         0.000000000
         1.000000000
$end
