$energy      SCF               SCFKIN            SCFPOT
     1 -230.2172025644      229.3140775859     -459.5312801503
     2 -230.2185942438      229.2685930605     -459.4871873043
     3 -230.2186961416      229.2827065776     -459.5014027192
     4 -230.2187206504      229.2878272699     -459.5065479203
     5 -230.2187217284      229.2856088572     -459.5043305856
     6 -230.2187217904      229.2862790007     -459.5050007910
     7 -230.2187217981      229.2860081880     -459.5047299860
     8 -230.2187218330      229.2860416020     -459.5047634350
     9 -230.2187218329      229.2860971825     -459.5048190154
    10 -230.2187218329      229.2861075066     -459.5048293395
    11 -230.2187218329      229.2861120106     -459.5048338435
    12 -230.2187218329      229.2860946209     -459.5048164538
    13 -230.2187218327      229.2860971119     -459.5048189446
$end
