$grad          cartesian gradients
  cycle =      1    SCF energy =     -230.2172025644   |dE/dxyz| =  0.016377
    0.17786574392027     -1.22625654316451     -4.10813312610749      h
   -0.21399444841812     -1.17564049780021     -2.33369554576011      o
    0.32022414331695      1.29058383230106     -1.39552964133791      c
   -0.81747373666897      2.73066486567305     -2.35674060574729      h
    2.31938421561871      1.77748483900518     -1.63720627297005      h
   -0.32022514743124      1.29058755121859      1.39552505262828      c
    0.81744671626518      2.73068861112714      2.35674129593399      h
   -2.31939180758404      1.77746330921854      1.63718028856793      h
    0.21402598588376     -1.17562359395849      2.33370690532616      o
   -0.17831975716532     -1.22637945041989      4.10803279102698      h
  -.20955760560603D-03  -.12203231299723D-02  0.84893830237720D-03
  0.19676794275649D-02  -.51147488711233D-02  0.61146985048320D-02
  -.35056514982921D-02  0.51879225496059D-02  0.31851197176856D-02
  -.86644701646293D-03  -.13470565082943D-02  0.13746648378567D-03
  -.10887169693321D-02  0.24940227991564D-02  0.22554168556271D-02
  0.35049832524227D-02  0.51882411673937D-02  -.31851147225529D-02
  0.86651936257641D-03  -.13469361411512D-02  -.13709322524855D-03
  0.10890907611573D-02  0.24942526604832D-02  -.22557714528403D-02
  -.19667140258799D-02  -.51152762526478D-02  -.61146814781327D-02
  0.20881599474304D-03  -.12201739502807D-02  -.84897802907549D-03
  cycle =      2    SCF energy =     -230.2185942438   |dE/dxyz| =  0.016832
    0.16363606495580     -1.10028517372486     -4.26566707351256      h
   -0.18158283028480     -1.17595723699043     -2.48107545362047      o
    0.31404405523256      1.23863169576406     -1.41389502062485      c
   -0.79619224391301      2.71921928947199     -2.34796832231830      h
    2.31732076615742      1.71523571110305     -1.65676195349169      h
   -0.31407362568870      1.23862874234891      1.41388442175672      c
    0.79616301619975      2.71920791794383      2.34797386242364      h
   -2.31734936413672      1.71523859882202      1.65673741286650      h
    0.18154169436339     -1.17596520952371      2.48105723431730      o
   -0.16396562514853     -1.10038141201441      4.26559603376419      h
  -.12011596504052D-03  -.75993855331537D-03  -.43936206290640D-03
  0.52289370260012D-02  -.19892614232385D-02  -.76012155067743D-03
  -.95104289463000D-02  0.30989316335593D-02  -.18461333123749D-02
  0.33783590368418D-03  -.10203754173021D-02  -.17399863658405D-02
  -.89086301404809D-03  0.66800219896390D-03  0.34230101638442D-03
  0.95101571656932D-02  0.30991339326801D-02  0.18460101121271D-02
  -.33782012037912D-03  -.10203759045213D-02  0.17403857704889D-02
  0.89112829907546D-03  0.66804587453383D-03  -.34269004430230D-03
  -.52286014425038D-02  -.19890674337907D-02  0.76054452753342D-03
  0.11977140586940D-03  -.76013564926027D-03  0.43905061426673D-03
  cycle =      3    SCF energy =     -230.2186961416   |dE/dxyz| =  0.017390
    0.16027407058831     -1.09819196055619     -4.25235702074149      h
   -0.18146418619095     -1.17570196355541     -2.46769277188854      o
    0.31510388553030      1.23859245066052     -1.41040189379691      c
   -0.79310422809494      2.72700335398740     -2.33512069762846      h
    2.32241238940122      1.70514238412693     -1.65404069042668      h
   -0.31514600681083      1.23858756832429      1.41039004865849      c
    0.79307642735832      2.72697803962208      2.33512674854544      h
   -2.32244991294128      1.70515917494044      1.65402033180796      h
    0.18139131386577     -1.17571935292063      2.46766477307986      o
   -0.16055184496877     -1.09827677142898      4.25229231395081      h
  -.45808625374082D-04  -.25837375945863D-03  -.25721527658691D-04
  0.58258328031348D-02  -.16986624210979D-02  0.65033645107984D-03
  -.10165893954393D-01  0.23273736872329D-02  -.19417612082934D-02
  0.13460885939264D-03  -.61722751603978D-03  -.87439941379327D-03
  -.31484507627894D-03  0.24398621654473D-03  0.17215224320847D-03
  0.10165761292850D-01  0.23274269143857D-02  0.19417596083040D-02
  -.13458705682123D-03  -.61726849738372D-03  0.87468622494438D-03
  0.31493548423919D-03  0.24401757226971D-03  -.17244588084356D-03
  -.58255501063163D-02  -.16983650351296D-02  -.65018274266224D-03
  0.45545984410215D-04  -.25850715997867D-03  0.25575429756379D-04
  cycle =      4    SCF energy =     -230.2187206504   |dE/dxyz| =  0.018265
    0.15584385319856     -1.09354310360850     -4.24933903625564      h
   -0.17908346033898     -1.17681903343360     -2.46362391990103      o
    0.31647834625885      1.23652078817498     -1.40832826446355      c
   -0.78939094052293      2.73418640944978     -2.32210559663139      h
    2.32657946398972      1.69649969997948     -1.65168419692957      h
   -0.31653826583721      1.23651286029998      1.40831443739170      c
    0.78936486693977      2.73414153432253      2.32211233834656      h
   -2.32662925581812      1.69653611641777      1.65166951571349      h
    0.17896539571408     -1.17685024274790      2.46358263356406      o
   -0.15604809584658     -1.09361210565407      4.24928323072584      h
  0.19738060204200D-04  0.59726825237456D-04  0.66320366579865D-04
  0.63070495430041D-02  -.18409819793814D-02  0.15160422717587D-02
  -.10628402543795D-01  0.19166937730167D-02  -.21581331986598D-02
  0.10517529813663D-04  -.99203543793591D-04  -.11528421988538D-03
  0.93453605966422D-04  -.39130010184032D-04  0.74513156813128D-05
  0.10628414489891D-01  0.19164921138770D-02  0.21582119875019D-02
  -.10490326345742D-04  -.99229362939713D-04  0.11542315109283D-03
  -.93472550906193D-04  -.39117908243562D-04  -.76190131578608D-05
  -.63069517426552D-02  -.18406505792216D-02  -.15160598429796D-02
  -.19857459074102D-04  0.59663461232351D-04  -.66352894042557D-04
  cycle =      5    SCF energy =     -230.2187217284   |dE/dxyz| =  0.018117
    0.15411508425836     -1.09211075950208     -4.25279384699147      h
   -0.17714197027833     -1.17760004574151     -2.46635906708048      o
    0.31727213206664      1.23538922171737     -1.40853662442833      c
   -0.78873563262600      2.73457674576399     -2.31992248515765      h
    2.32693674989603      1.69659005123945     -1.65116436366539      h
   -0.31733969830841      1.23537985126268      1.40852177998264      c
    0.78871015798821      2.73452354868923      2.31992904504689      h
   -2.32699146885237      1.69663478770085      1.65115265547356      h
    0.17700488049311     -1.17763729445506      2.46631241681566      o
   -0.15428832690008     -1.09217318347447      4.25274163156505      h
  0.13522056134654D-04  0.18665227666061D-04  -.13019336568445D-04
  0.63100568184472D-02  -.20028363706213D-02  0.14094804974968D-02
  -.10446526003802D-01  0.19845501593338D-02  -.22864497951903D-02
  0.12492624460895D-04  0.28126461364298D-05  -.13638132809537D-04
  0.25684001207708D-04  -.59575829831980D-05  -.60436715569804D-05
  0.10446564080663D-01  0.19842315365435D-02  0.22865061720401D-02
  -.12480826529858D-04  0.27983356086830D-05  0.13694316857763D-04
  -.25686329749160D-04  -.59503476599620D-05  0.59579044249329D-05
  -.63100551731788D-02  -.20025637737098D-02  -.14094858126234D-02
  -.13573017045929D-04  0.18632980135117D-04  0.12998096869010D-04
  cycle =      6    SCF energy =     -230.2187217904   |dE/dxyz| =  0.017984
    0.15291643982647     -1.09205903256931     -4.25272954048141      h
   -0.17633943617149     -1.17760042613745     -2.46597190131796      o
    0.31778363915872      1.23530577043088     -1.40846021851381      c
   -0.78846961679498      2.73428961452771     -2.31988140383023      h
    2.32729458506132      1.69690927922418     -1.65061606066730      h
   -0.31785506446798      1.23529581248318      1.40844489555944      c
    0.78844445931171      2.73423236757425      2.31988785396631      h
   -2.32735179988229      1.69695827765781      1.65060613059397      h
    0.17619287344082     -1.17764057938098      2.46592245987404      o
   -0.15307417174515     -1.09211816060984      4.25267892637742      h
  0.38027312039853D-05  0.99115727948060D-05  0.65578952546147D-05
  0.63136956560231D-02  -.19296120548605D-02  0.14361072569277D-02
  -.10340599565415D-01  0.19255614273476D-02  -.23306591924119D-02
  -.13874560235743D-05  -.44460536297727D-05  0.58163541165537D-05
  -.10094387771347D-04  -.41835730641570D-05  -.29436055047528D-05
  0.10340650656251D-01  0.19252076806936D-02  0.23307074918226D-02
  0.13936402249041D-05  -.44460777026560D-05  -.57890581690167D-05
  0.10094348077003D-04  -.41807909816490D-05  0.29098533927878D-05
  -.63137374886608D-02  -.19293619622232D-02  -.14361410250081D-02
  -.38200819135653D-05  0.99029088499407D-05  -.65655934674517D-05
  cycle =      8    SCF energy =     -230.2187218330   |dE/dxyz| =  0.018000
    0.11854923479127     -1.07135624463174     -4.25412993563495      h
   -0.19570964810544     -1.15704514420140     -2.46467098609002      o
    0.30667836257879      1.25582792567860     -1.41096942420822      c
   -0.80671309038848      2.75484563645440     -2.31363861840163      h
    2.31423832363330      1.71749392185425     -1.66891490154682      h
   -0.30667834276433      1.25582795724811      1.41096934897529      c
    0.80671272794407      2.75484590163883      2.31363864043533      h
   -2.31423843816887      1.71749363023154      1.66891434571589      h
    0.19571003400650     -1.15704490726714      2.46467113177646      o
   -0.11855511929005     -1.07135769653421      4.25412905345573      h
  0.10551012741668D-05  0.48750837302024D-06  -.18179765206036D-05
  0.63282485244671D-02  -.19241348357641D-02  0.13739814861946D-02
  -.10371659634539D-01  0.19208064216803D-02  -.22571765697052D-02
  -.19072093791569D-05  0.72653889010721D-06  -.16025695898483D-05
  -.25606150640245D-05  -.61445377664824D-06  -.93393393201621D-06
  0.10371658140196D-01  0.19208041912009D-02  0.22571789270476D-02
  0.19061930766060D-05  0.72019946581183D-06  0.16048724728546D-05
  0.25590277635441D-05  -.61031336446015D-06  0.92058712876856D-06
  -.63282359944889D-02  -.19241287002986D-02  -.13739714627669D-02
  -.10635269010787D-05  0.48101138071533D-06  0.18166094323032D-05
  cycle =      9    SCF energy =     -230.2187218329   |dE/dxyz| =  0.018005
    0.11844751410873     -1.07135619553225     -4.25409550905373      h
   -0.19568020648545     -1.15704540786521     -2.46461694210594      o
    0.30670153858841      1.25583501744643     -1.41095367954513      c
   -0.80666013141579      2.75485154737103     -2.31364756532099      h
    2.31427719283197      1.71748107975203     -1.66885613398977      h
   -0.30670181372307      1.25583503469702      1.41095358658782      c
    0.80665979712754      2.75485153523424      2.31364763017081      h
   -2.31427750060752      1.71748111812890      1.66885572099710      h
    0.19567984791789     -1.15704537036918      2.46461684352323      o
   -0.11845219410596     -1.07135737839176      4.25409470321365      h
  0.45557700567558D-07  0.37706482747548D-06  -.24856774743498D-06
  0.63300654237951D-02  -.19220324990415D-02  0.13767355337469D-02
  -.10375442991554D-01  0.19199306536424D-02  -.22561206358197D-02
  -.99144021936033D-06  -.29566658465729D-06  -.21350423249359D-06
  -.11858474066551D-05  -.71369324354697D-06  -.77122589724008D-07
  0.10375441909447D-01  0.19199307663320D-02  0.22561271199679D-02
  0.99352849533041D-06  -.29839394032323D-06  0.21869068377218D-06
  0.11859927685984D-05  -.71104724510741D-06  0.67789860788041D-07
  -.63300682329490D-02  -.19220273862991D-02  -.13767369267525D-02
  -.43902830632287D-07  0.37608878481089D-06  0.24760640169626D-06
  cycle =     11    SCF energy =     -230.2187218329   |dE/dxyz| =  0.018007
    0.11837772626274     -1.07135625298388     -4.25410176783043      h
   -0.19569992442889     -1.15704612465461     -2.46461525454896      o
    0.30668939232790      1.25583067950790     -1.41095551974498      c
   -0.80667055058964      2.75485096290734     -2.31364014522188      h
    2.31426762849352      1.71747195786224     -1.66887143978359      h
   -0.30668938215414      1.25583069827037      1.41095549464574      c
    0.80667030860413      2.75485116136799      2.31364016309117      h
   -2.31426770415062      1.71747171729759      1.66887118941807      h
    0.19570021986484     -1.15704597261690      2.46461533244377      o
   -0.11838221927563     -1.07135740225618      4.25410106299770      h
  0.29344273573412D-06  -.62454100571235D-07  -.94984752930201D-07
  0.63302778982932D-02  -.19207275883840D-02  0.13763657494925D-02
  -.10378000219228D-01  0.19192881947331D-02  -.22558409832231D-02
  -.58329865919822D-06  -.56093233341210D-06  0.76019992716957D-07
  -.38881803976814D-06  -.66913999762778D-06  -.29858320136563D-06
  0.10377999885186D-01  0.19192870545385D-02  0.22558422549697D-02
  0.58248375693110D-06  -.56241987938051D-06  -.75280431122110D-07
  0.38774483734036D-06  -.66877810103161D-06  0.29436020931070D-06
  -.63302684402082D-02  -.19207225846774D-02  -.13763623643148D-02
  -.30067245348568D-06  -.65240902215688D-07  0.93788489136108D-07
  cycle =     12    SCF energy =     -230.2187218329   |dE/dxyz| =  0.018008
    0.11831929465916     -1.07133928515948     -4.25411474016857      h
   -0.19567473287678     -1.15705016483200     -2.46461492773544      o
    0.30670422225700      1.25582663833229     -1.41095240216288      c
   -0.80664191265096      2.75484856075487     -2.31365033415933      h
    2.31428661100573      1.71746545121723     -1.66884498784761      h
   -0.30670445577549      1.25582663435851      1.41095235995718      c
    0.80664168389029      2.75484850466408      2.31365040859104      h
   -2.31428685004817      1.71746549537628      1.66884478782851      h
    0.19567439478333     -1.15705019166949      2.46461482425642      o
   -0.11832276028990     -1.07134021834043      4.25411412690730      h
  0.31623699282707D-07  -.17919289696358D-06  0.25016063686908D-06
  0.63307098955843D-02  -.19204787346268D-02  0.13760974755420D-02
  -.10378176928097D-01  0.19191755609820D-02  -.22562185471618D-02
  -.33313306636097D-06  -.57113105006273D-06  0.24106080063601D-07
  -.41099188777660D-06  -.68029355975406D-06  -.12371166644507D-06
  0.10378176232278D-01  0.19191753193901D-02  0.22562221573842D-02
  0.33423858533319D-06  -.57098623683073D-06  -.21167766840086D-07
  0.41118822113323D-06  -.67970961246803D-06  0.11958043194869D-06
  -.63307082368915D-02  -.19204748609797D-02  -.13760985992103D-02
  -.33890638113446D-07  -.17982157958900D-06  -.25146263233048D-06
$end
