$hessapprox internal
  0.112367484911D-01  0.127412460898D-02  0.621568232352D+00  0.619699491385D-02
 -0.933594727809D-04  0.364489390368D+00 -0.577023399631D-03  0.416061484064D-03
  0.112820382476D-02  0.420854259926D+00  0.222595189017D-02  0.923193892583D-03
 -0.256867529848D-02  0.475716987308D-03  0.418883235330D+00 -0.664613271925D-03
  0.400063169082D-03  0.124362068570D-02 -0.922680905105D-04  0.501967642663D-03
  0.345106676813D+00 -0.892503958249D-03  0.252644909799D-02  0.307334151138D-02
  0.226088038512D-04  0.182912336767D-02 -0.339572218455D-04  0.348033159637D+00
 -0.125511796372D-02  0.227994643803D-03  0.197642755504D-02 -0.213102302372D-03
  0.641656556380D-03 -0.239801794904D-03 -0.463980511112D-03  0.319108381276D+00
  0.207481051219D-03  0.124289503921D-02  0.576673241405D-03  0.129548849596D-03
  0.637501430063D-03  0.113607975440D-03  0.104736018315D-02 -0.227451469147D-04
  0.344217995903D+00 -0.590838841763D-03  0.396863033121D-03  0.113464490882D-02
 -0.789908118516D-04  0.470175085080D-03 -0.961615190341D-04  0.104731439918D-05
 -0.216123625457D-03  0.119533643668D-03  0.420846504929D+00  0.222948421802D-02
  0.928738335432D-03 -0.256987363330D-02  0.476772365951D-03 -0.365353245405D-03
  0.502999836534D-03  0.183511811935D-02  0.642383676531D-03  0.640348109068D-03
  0.471188173788D-03  0.418886822024D+00 -0.653812146139D-03  0.396545038122D-03
  0.122551446505D-02 -0.905488166312D-04  0.495542218549D-03 -0.108872245649D-03
 -0.311438459191D-04 -0.236117510486D-03  0.113103745197D-03 -0.944034679136D-04
  0.496564549904D-03  0.345110593350D+00 -0.860907599041D-03  0.255404079541D-02
  0.304710052698D-02  0.304284540157D-04  0.183232410698D-02 -0.259952285190D-04
  0.149912816341D-02 -0.455906332284D-03  0.106292602257D-02  0.866934641937D-05
  0.183837777646D-02 -0.232718727775D-04  0.348107287455D+00 -0.126667768575D-02
  0.227529410637D-03  0.199282104374D-02 -0.215253919810D-03  0.646076841516D-03
 -0.242158545302D-03 -0.470198088418D-03 -0.418860626656D-03 -0.241084702984D-04
 -0.218282008067D-03  0.646804715677D-03 -0.238440538316D-03 -0.462083398595D-03
  0.319101068557D+00  0.262211085747D-03  0.125804556027D-02  0.508191623230D-03
  0.140689454129D-03  0.624091569102D-03  0.125513989049D-03  0.108661183387D-02
 -0.642992166118D-05  0.592078916473D-03  0.130599965657D-03  0.626964675998D-03
  0.124851157499D-03  0.110215675196D-02 -0.767297850880D-05  0.344242136056D+00
 -0.368992932833D-02  0.132701581267D-02  0.627380643617D-02 -0.578129216228D-03
  0.226774272538D-02 -0.667061802420D-03 -0.866267256746D-03 -0.126757174601D-02
  0.228546836807D-03 -0.592403942513D-03  0.227140191955D-02 -0.656176599742D-03
 -0.833862666874D-03 -0.127928424042D-02  0.284192357707D-03  0.111825787382D-01
  0.128097709738D-02  0.248674982332D-02 -0.987084371456D-04  0.417793092684D-03
  0.924169611737D-03  0.401817941202D-03  0.253482906615D-02  0.229711135560D-03
  0.124648901373D-02  0.398547801724D-03  0.929727955852D-03  0.398280326721D-03
  0.256247848256D-02  0.229253944109D-03  0.126164066818D-02  0.133405078389D-02
  0.621581189528D+00  0.619768486904D-02 -0.850684147675D-04 -0.902525842024D-02
  0.112894087842D-02 -0.256414104192D-02  0.124423864038D-02  0.307997604342D-02
  0.197605520168D-02  0.580471654435D-03  0.113531451784D-02 -0.256532027723D-02
  0.122613108328D-02  0.305384169619D-02  0.199243777585D-02  0.512079494607D-03
  0.627462815765D-02 -0.903928371278D-04  0.364499120759D+00 -0.209539182539D-02
  0.218108192323D-03  0.318494932350D-02 -0.367740285278D-03  0.976861893402D-03
 -0.409731231581D-03 -0.897795480618D-03 -0.681601853143D-03 -0.111079951965D-03
 -0.371449862734D-03  0.977699266716D-03 -0.403593701831D-03 -0.886460732001D-03
 -0.687431260998D-03 -0.857427079458D-04 -0.211859540139D-02  0.220481700753D-03
  0.318385342860D-02  0.503031114960D+00 -0.186877830998D-02  0.692985084509D-04
  0.275216377975D-02 -0.337192905984D-03  0.798505698468D-03 -0.372652232972D-03
 -0.895616012629D-03 -0.598951639548D-03 -0.155394736490D-03 -0.339473125388D-03
  0.798962395738D-03 -0.367188716916D-03 -0.887159717634D-03 -0.603958435611D-03
 -0.134262105316D-03 -0.189133105557D-02  0.710361432119D-04  0.275082099638D-02
 -0.967648917710D-03  0.379801726141D+00 -0.206884033551D-02  0.236510955495D-03
  0.315952361860D-02 -0.361521494981D-03  0.976774054819D-03 -0.403316793590D-03
 -0.870375349374D-03 -0.674475492205D-03 -0.100151180580D-03 -0.365357861382D-03
  0.977649856325D-03 -0.397255302359D-03 -0.858904881897D-03 -0.680263516393D-03
 -0.748874586942D-04 -0.209143572665D-02  0.238918482357D-03  0.315850337592D-02
 -0.109916101787D-02 -0.959592501966D-03  0.503051930847D+00 -0.185066304803D-02
  0.120380076659D-03  0.276199485332D-02 -0.330112393196D-03  0.820815883141D-03
 -0.366050594204D-03 -0.847706123861D-03 -0.596838806541D-03 -0.130608413242D-03
 -0.332795446479D-03  0.821388056255D-03 -0.360635803666D-03 -0.838648784493D-03
 -0.601876491209D-03 -0.109075395241D-03 -0.187222902667D-02  0.122257581119D-03
  0.276081610725D-02 -0.967311643299D-03 -0.840279155024D-03 -0.958844040705D-03
  0.379798452059D+00 -0.517558926509D-03 -0.100228051643D-02  0.416115092953D-04
 -0.168622203690D-03 -0.371972537963D-03 -0.162206668163D-03 -0.102229965854D-02
 -0.929862118827D-04 -0.502521498726D-03 -0.160866576794D-03 -0.374212619444D-03
 -0.160777149203D-03 -0.103343861366D-02 -0.928052539755D-04 -0.508614612242D-03
 -0.538966129861D-03 -0.100489238892D-02  0.382588757662D-04 -0.895106756512D-04
 -0.291882114852D-04 -0.969365880711D-04 -0.498353070925D-04  0.376513797240D+00
  0.000000000000D+00  0.000000000000D+00  0.000000000000D+00  0.000000000000D+00
  0.000000000000D+00  0.000000000000D+00  0.000000000000D+00  0.000000000000D+00
  0.000000000000D+00  0.000000000000D+00  0.000000000000D+00  0.000000000000D+00
  0.000000000000D+00  0.000000000000D+00  0.000000000000D+00  0.000000000000D+00
  0.000000000000D+00  0.000000000000D+00  0.000000000000D+00  0.000000000000D+00
  0.000000000000D+00  0.000000000000D+00  0.000000000000D+00  0.000000000000D+00
$end
