$coord
    0.02893373431833     -1.08737409778049     -4.24176623454004  h
   -0.12685105739461     -1.18459687084422     -2.43201611068896  o
    0.19847372212462      1.28440158803680     -1.44055334217194  c
   -1.12762720348106      2.63637364803300     -2.28363173243689  h
    2.11901333281965      1.94878339851792     -1.86070218911044  h
   -0.19847370951474      1.28440158609654      1.44055335153333  c
    1.12762724786105      2.63637361245090      2.28363174292460  h
   -2.11901330412790      1.94878343406138      1.86070221465224  h
    0.12685101766976     -1.18459688824477      2.43201610281480  o
   -0.02893256753391     -1.08737392924226      4.24176632069444  h
$user-defined bonds
$intdef
# definitions of internal coordinates
   1 f  1.0000000000000 tors    2    3    6    9 val=  21.00000
$redundant
     number_of_atoms            10
     degrees_of_freedom         24
     internal_coordinates       25
     frozen_coordinates          1
# definitions of redundant internals
   1 k  1.0000000000000 tors   1    2    3    6 val= 176.39359
   2 k  1.0000000000000 stre   2    1           val=   1.81904
   3 k  1.0000000000000 bend   3    1    2      val= 107.96117
   4 k  1.0000000000000 stre   3    4           val=   2.07296
   5 k  1.0000000000000 stre   3    5           val=   2.07519
   6 k  0.0746342125819 bend   5    4    3      val=   0.82643
       -0.5254994718160 bend   2    4    3
       -0.4911295954828 bend   2    5    3
        0.4831004109414 bend   6    4    3
        0.4936453715193 bend   6    5    3
   7 k  0.0130648436277 bend   5    4    3      val=   0.37509
       -0.5341521639384 bend   2    4    3
        0.5602762679918 bend   2    5    3
       -0.4588906178381 bend   6    4    3
        0.4359136153028 bend   6    5    3
   8 k  0.8952130920487 bend   5    4    3      val=   0.09364
       -0.1679064523750 bend   2    4    3
       -0.1954996809171 bend   2    5    3
       -0.2595758609498 bend   6    4    3
       -0.2545607790860 bend   6    5    3
   9 k -0.0105151926003 bend   5    4    3      val=   1.38216
        0.4475211790943 bend   2    4    3
       -0.4470574746284 bend   2    5    3
       -0.5366289915444 bend   6    4    3
        0.5583754693748 bend   6    5    3
  10 k  1.0000000000000 stre   6    7           val=   2.07296
  11 k  1.0000000000000 stre   6    8           val=   2.07519
  12 k  0.0746342060076 bend   8    7    6      val=   0.82643
       -0.5254994755049 bend   9    7    6
       -0.4911295910732 bend   9    8    6
        0.4831004037519 bend   3    7    6
        0.4936453800095 bend   3    8    6
  13 k  0.0130648369416 bend   8    7    6      val=   0.37509
       -0.5341521576450 bend   9    7    6
        0.5602762701229 bend   9    8    6
       -0.4588906268692 bend   3    7    6
        0.4359136109686 bend   3    8    6
  14 k  0.8952130927431 bend   8    7    6      val=   0.09364
       -0.1679064539694 bend   9    7    6
       -0.1954996852269 bend   9    8    6
       -0.2595758638272 bend   3    7    6
       -0.2545607693485 bend   3    8    6
  15 k -0.0105151994469 bend   8    7    6      val=   1.38216
        0.4475211864061 bend   9    7    6
       -0.4470574720436 bend   9    8    6
       -0.5366289889210 bend   3    7    6
        0.5583754679764 bend   3    8    6
  16 k  1.0000000000000 tors  10    9    6    3 val= 176.39355
  17 k  1.0000000000000 stre   9   10           val=   1.81904
  18 k  1.0000000000000 bend   6   10    9      val= 107.96117
  19 k  1.0000000000000 tors   2    3    6    9 val=  21.00000
  20 k  1.0000000000000 stre   3    2           val=   2.68045
  21 k  1.0000000000000 bend   6    2    3      val= 110.47878
  22 k  1.0000000000000 stre   6    9           val=   2.68045
  23 k  1.0000000000000 bend   3    9    6      val= 110.47878
  24 k  1.0000000000000 stre   3    6           val=   2.90832
  25 f  1.0000000000000 tors   2    3    6    9 val=  21.00000
        24 non zero eigenvalues  of BmBt
           1           4.623527299    1    0
         1
           2           3.799009725    2    0
         2
           3           3.726423748    3    0
         3
           4           3.071937226    4    0
         4
           5           2.652875933    5    0
         5
           6           2.475634035    6    0
         6
           7           2.100256368    7    0
         7
           8           1.746529104    8    0
         8
           9           1.232129142    9    0
         9
          10           1.216499116   10    0
        10
          11           1.043997417   11    0
        11
          12           0.839129652   12    0
        12
          13           0.759482435   13    0
        13
          14           0.725407919   14    0
        14
          15           0.683954858   15    0
        15
          16           0.391209711   16    0
        16
          17           0.348552248   17    0
        17
          18           0.295362456   18    0
        18
          19           0.260531881   20    0
        20
          20           0.246828518   21    0
        21
          21           0.186692560   22    0
        22
          22           0.066469292   23    0
        23
          23           0.054688947   24    0
        24
          24           0.000000000    0    1
         0.000000000         0.000000000         0.000000000         0.000000000
         0.000000000         0.000000000         0.000000000         0.000000000
         0.000000000         0.000000000         0.000000000         0.000000000
         0.000000000         0.000000000         0.000000000         0.000000000
         0.000000000         0.000000000         0.000000000         0.000000000
         0.000000000         0.000000000         0.000000000         0.000000000
         1.000000000
$end
