$energy      SCF               SCFKIN            SCFPOT
     1 -230.2130019681      229.3326108561     -459.5456128242
     2 -230.2150673275      229.2584306713     -459.4734979988
     3 -230.2152919482      229.2783970133     -459.4936889615
     4 -230.2153185063      229.2856120696     -459.5009305758
     5 -230.2153215754      229.2819735752     -459.4972951507
     6 -230.2153217530      229.2827267157     -459.4980484686
     7 -230.2153218063      229.2824109845     -459.4977327909
     8 -230.2153218196      229.2825912458     -459.4979130654
     9 -230.2153218270      229.2826098514     -459.4979316784
    10 -230.2153218272      229.2825924390     -459.4979142662
    11 -230.2153218273      229.2826026934     -459.4979245207
    12 -230.2153218273      229.2825908008     -459.4979126281
    13 -230.2153218273      229.2825946585     -459.4979164859
    14 -230.2153218274      229.2826001898     -459.4979220171
$end
