$grad          cartesian gradients
  cycle =      1    SCF energy =     -230.2130019681   |dE/dxyz| =  0.021050
    0.10920898296770     -1.25749703721161     -4.07057006100114      h
   -0.14308568062034     -1.20559886847146     -2.27101480934237      o
    0.20624113360641      1.32347375584227     -1.41686631059192      c
   -1.14729388578754      2.61728628724533     -2.30349388310864      h
    2.11865282118316      2.00573238573355     -1.82835856913789      h
   -0.20624117652558      1.32347667620733      1.41686267126829      c
    1.14727169316879      2.61730956929491      2.30349921208568      h
   -2.11866309031897      2.00571313447516      1.82833372844841      h
    0.14311758242119     -1.20558750242801      2.27102291291846      o
   -0.10968238365326     -1.25757363539296      4.07050431234539      h
  -.13850460474481D-03  -.16903167472870D-02  0.11256007683563D-02
  0.20485754977796D-02  -.49904879297085D-02  0.83119666770731D-02
  -.39286269487635D-02  0.52929593062411D-02  0.75941031957155D-02
  -.11760598677786D-02  -.87783978774893D-03  0.11131435958238D-02
  -.76126570574825D-03  0.22658217232709D-02  0.29991102961789D-02
  0.39279561896250D-02  0.52931845892246D-02  -.75940125381264D-02
  0.11762261405830D-02  -.87775221729159D-03  -.11126900282283D-02
  0.76164513313987D-03  0.22660161373024D-02  -.29995901640380D-02
  -.20476029229170D-02  -.49909625499142D-02  -.83120007662381D-02
  0.13765593378779D-03  -.16901590430616D-02  -.11256335030084D-02
  cycle =      2    SCF energy =     -230.2150673275   |dE/dxyz| =  0.015975
    0.09067494019491     -1.09441725069425     -4.28872678599829      h
   -0.11173369159237     -1.20494060915127     -2.48375454230490      o
    0.20250575320625      1.25204948708628     -1.44493589453533      c
   -1.12072656771118      2.59393975190967     -2.30691917584123      h
    2.11626669568665      1.93677145506119     -1.85262451524666      h
   -0.20254345585210      1.25204706005883      1.44492719012511      c
    1.12069800256258      2.59392028288765      2.30692610042256      h
   -2.11629944420696      1.93678661393070      1.85260352907139      h
    0.11166833027263     -1.20494929896830      2.48373813711804      o
   -0.09098456611886     -1.09447272682597      4.28868516107360      h
  -.68880736727326D-04  -.93705946640437D-03  -.69810089660041D-03
  0.47804827292785D-02  -.55204630645003D-03  -.29300552532378D-02
  -.92348697886038D-02  0.19238113172085D-02  0.60669111490564D-04
  0.47532640325133D-03  -.91307236111359D-03  -.18527600811026D-02
  -.88378769734315D-03  0.47861948086360D-03  -.18529038585482D-04
  0.92346059531353D-02  0.19238344190131D-02  -.60745733183600D-04
  -.47527717002627D-03  -.91307995954772D-03  0.18532059890510D-02
  0.88402074024500D-03  0.47862640093421D-03  0.18049171537524D-04
  -.47801861884145D-02  -.55182014065786D-03  0.29304710549862D-02
  0.68565951228141D-04  -.93723208792818D-03  0.69779572362466D-03
  cycle =      3    SCF energy =     -230.2152919482   |dE/dxyz| =  0.015037
    0.08543009192518     -1.11210341353689     -4.24885382041848      h
   -0.11341853505674     -1.20537479705113     -2.44331761104061      o
    0.20537743750108      1.26163135334980     -1.44010957264241      c
   -1.11849236762898      2.60463260953475     -2.29999016419770      h
    2.12463978565245      1.93461640522558     -1.84809372326535      h
   -0.20542403248668      1.26162827662433      1.44010044125339      c
    1.11846458666890      2.60460320602594      2.29999519723058      h
   -2.12467713671485      1.93464232298386      1.84807729837163      h
    0.11333012808132     -1.20538739880773      2.44329687394043      o
   -0.08570396150012     -1.11215379905396      4.24881428465281      h
  -.25830067985040D-04  -.38570172115701D-03  -.30270886228981D-04
  0.50866603410453D-02  -.75398413802050D-03  -.45478017355498D-03
  -.91072293567417D-02  0.14399348952474D-02  -.32804809179226D-03
  0.89253583476447D-04  -.56086073402372D-03  -.78828770087894D-03
  -.31888192390248D-03  0.26043339947222D-03  0.15282339379398D-03
  0.91070781189555D-02  0.14398696644256D-02  0.32803963195311D-03
  -.89224734325881D-04  -.56091397041157D-03  0.78858200259332D-03
  0.31896807816841D-03  0.26046754639541D-03  -.15314844688116D-03
  -.50863660811916D-02  -.75373122037932D-03  0.45494739132611D-03
  0.25572359190755D-04  -.38580507894637D-03  0.30143004820117D-04
  cycle =      4    SCF energy =     -230.2153185063   |dE/dxyz| =  0.015736
    0.07621529377219     -1.11554632377944     -4.23346440313888      h
   -0.11105421520849     -1.20648663731307     -2.42649940144428      o
    0.20846328278399      1.26412261155386     -1.43848080346472      c
   -1.11175238432094      2.61421272537820     -2.29385670562344      h
    2.13254559706840      1.92709923193953     -1.84526163437180      h
   -0.20852688655088      1.26411807025426      1.43847067803736      c
    1.11172496778925      2.61416506736664      2.29385957716213      h
   -2.13259183188607      1.92714469552605      1.84525193948431      h
    0.11092150113334     -1.20650711289341      2.42647067252055      o
   -0.07641932813922     -1.11558756273807      4.23342928472306      h
  0.27743859793130D-04  0.50780990724851D-04  0.94139709222078D-04
  0.55899087818178D-02  -.98752079913077D-03  0.11444594562384D-02
  -.93679885957818D-02  0.10136904543194D-02  -.12124311108964D-02
  -.45352389824485D-04  -.63424902862118D-04  -.48888258406382D-04
  0.74256271327119D-04  -.13748038134654D-04  0.40586281818033D-04
  0.93679947022042D-02  0.10134541320293D-02  0.12124983926071D-02
  0.45372493408224D-04  -.63453076189882D-04  0.49002863032600D-04
  -.74283937993334D-04  -.13727039544275D-04  -.40719759313444D-04
  -.55897933120611D-02  -.98725495890325D-03  -.11444947438206D-02
  -.27857170628482D-04  0.50760962078860D-04  -.94152759381781D-04
  cycle =      5    SCF energy =     -230.2153215754   |dE/dxyz| =  0.015853
    0.07228465041970     -1.11062841576933     -4.24123961274565      h
   -0.10815076486418     -1.20720555465965     -2.43369330020210      o
    0.20948493675901      1.26161945810263     -1.43911472702699      c
   -1.10942971742632      2.61405119198693     -2.29278840474373      h
    2.13347017901648      1.92556504798026     -1.84421235732825      h
   -0.20955509000585      1.26161423466262      1.43910405248805      c
    1.10940219561300      2.61399672172525      2.29279022727325      h
   -2.13351957831681      1.92561775574591      1.84420519877868      h
    0.10800151712435     -1.20722911661420      2.43366194385196      o
   -0.07246233187780     -1.11066655786586      4.24120618353907      h
  0.20275514522718D-04  0.23782760160961D-04  -.20777561537113D-04
  0.56617446625728D-02  -.10950048980625D-02  0.81469083473705D-03
  -.94165255233381D-02  0.10691888370860D-02  -.13894603014842D-02
  0.16811304398944D-04  0.11996095959127D-04  -.31433085821838D-04
  0.21622017131673D-04  -.10037189012198D-04  -.18145801951957D-04
  0.94165493910657D-02  0.10688762142947D-02  0.13894988930744D-02
  -.16800630590221D-04  0.11989726261066D-04  0.31475249973571D-04
  -.21634108605119D-04  -.10026770683365D-04  0.18082195117447D-04
  -.56617170790073D-02  -.10947795406597D-02  -.81470466151600D-03
  -.20324652711308D-04  0.23770724996342D-04  0.20774015175527D-04
  cycle =      6    SCF energy =     -230.2153217530   |dE/dxyz| =  0.015722
    0.06972676677277     -1.11089853673971     -4.24057319934337      h
   -0.10680671659791     -1.20734485136740     -2.43268338413127      o
    0.21037845730992      1.26175458161401     -1.43880435498098      c
   -1.10861674738503      2.61385315621660     -2.29280203130824      h
    2.13437824212382      1.92603726272903     -1.84292409935321      h
   -0.21045164015716      1.26174912793682      1.43879345011593      c
    1.10858917054090      2.61379551012855      2.29280345981112      h
   -2.13442907665278      1.92609343105493      1.84291819698043      h
    0.10664972855931     -1.20736972979394      2.43265077909499      o
   -0.06989218807227     -1.11093518648432      4.24054038699891      h
  0.10569060611352D-04  0.14597902801789D-04  0.49398982836923D-05
  0.56492475119441D-02  -.10900433120802D-02  0.85548422006425D-03
  -.93145253057574D-02  0.10669100260970D-02  -.13623625573574D-02
  -.48710028789013D-07  0.74476624839304D-05  0.14046449247135D-04
  0.20435996652291D-05  0.10482033879477D-05  0.52182861886343D-05
  0.93145543403668D-02  0.10665788909125D-02  0.13623885615567D-02
  0.53205824105107D-07  0.74463655166471D-05  -.14029615320769D-04
  -.20447142140740D-05  0.10519637381278D-05  -.52450756472762D-05
  -.56492610413268D-02  -.10898263772432D-02  -.85549482891691D-03
  -.10586992274515D-04  0.14595952190301D-04  -.49456108181685D-05
  cycle =      7    SCF energy =     -230.2153218063   |dE/dxyz| =  0.015697
    0.06732494730640     -1.11008077757157     -4.24172197426915      h
   -0.10552431077032     -1.20741519922350     -2.43351788355107      o
    0.21105744946068      1.26142986260044     -1.43881813594189      c
   -1.10760756605455      2.61353964954128     -2.29329985927789      h
    2.13514174773788      1.92592802109428     -1.84207133751654      h
   -0.21113279828087      1.26142424744989      1.43880704862262      c
    1.10757994974032      2.61347977161963      2.29330094981540      h
   -2.13519362379396      1.92598665565662      1.84206635273086      h
    0.10536185238182     -1.20744101597341      2.43348443337546      o
   -0.06748165128583     -1.11011644989908      4.24168960989651      h
  0.25463995235938D-05  -.14338250235266D-05  -.59714609630534D-05
  0.56565011377312D-02  -.10602126967486D-02  0.80984638409484D-03
  -.92950982999298D-02  0.10569232362700D-02  -.13781941903342D-02
  0.77830500033017D-06  0.42553875446766D-05  0.37103036091833D-06
  -.91618447414373D-05  0.47049410016211D-06  -.10966186457174D-05
  0.92951346333057D-02  0.10565789942800D-02  0.13782066242974D-02
  -.77861253392656D-06  0.42572640801113D-05  -.37463693086935D-06
  0.91636769225670D-05  0.47022169621125D-06  0.10977663455715D-05
  -.56565411154769D-02  -.10600081655840D-02  -.80985830817277D-03
  -.25432720479165D-05  -.14307646315451D-05  0.59730627756465D-05
  cycle =      9    SCF energy =     -230.2153218270   |dE/dxyz| =  0.015701
    0.02905928215416     -1.08741346996063     -4.24177612286063      h
   -0.12687176301570     -1.18458424731071     -2.43203622503728      o
    0.19845876106921      1.28438977400472     -1.44056831670450      c
   -1.12768973537047      2.63636733334593     -2.28358447681609      h
    2.11897493675541      1.94880788804443     -1.86073248898268      h
   -0.19845877605678      1.28438977924519      1.44056828458477      c
    1.12768985906917      2.63636725292518      2.28358433053804      h
   -2.11897486945213      1.94880804684025      1.86073260600458      h
    0.12687157879540     -1.18458428229957      2.43203623516745      o
   -0.02905637045240     -1.08741293675819      4.24177637406616      h
  0.62193884264916D-06  -.15687538859090D-05  -.95730094417630D-07
  0.56645405374073D-02  -.10540343460926D-02  0.78043160572220D-03
  -.93099024765206D-02  0.10540001804758D-02  -.12895638083287D-02
  -.19793487722157D-05  0.12573899679405D-05  0.76511848918631D-06
  -.15860311336859D-05  -.88559827208022D-07  0.10549956222508D-05
  0.93099029278194D-02  0.10540039589463D-02  0.12895581379106D-02
  0.19784382741264D-05  0.12588368135504D-05  -.76891485911739D-06
  0.15854559852012D-05  -.89635533314317D-07  -.10501961571761D-05
  -.56645442677013D-02  -.10540445282178D-02  -.78042992114801D-03
  -.61717736326439D-06  -.15672410085316D-05  0.98706054877590D-07
  cycle =     10    SCF energy =     -230.2153218272   |dE/dxyz| =  0.015706
    0.02902726852516     -1.08741085297859     -4.24176079951044      h
   -0.12687165030537     -1.18458995149665     -2.43201860717605      o
    0.19846076031785      1.28439666678587     -1.44056153034897      c
   -1.12766418698179      2.63637584970615     -2.28360052652011      h
    2.11898986700437      1.94879555711912     -1.86071917969138      h
   -0.19846063781128      1.28439668708103      1.44056151286934      c
    1.12766431212937      2.63637591521102      2.28360040521236      h
   -2.11898973213116      1.94879556051570      1.86071924946187      h
    0.12687181875602     -1.18458991015575      2.43201865878294      o
   -0.02902491600731     -1.08741038371128      4.24176101688026      h
  0.85218099149023D-06  -.10397580231095D-05  0.22639098692605D-06
  0.56647369025638D-02  -.10566434018571D-02  0.78071955785522D-03
  -.93141260701967D-02  0.10565344983767D-02  -.12873000518119D-02
  -.59478273521671D-06  0.68847818448740D-06  0.67960890412085D-06
  -.32359087680582D-06  0.24996702720195D-07  0.10682103596386D-05
  0.93141272351479D-02  0.10565346059571D-02  0.12873001168508D-02
  0.59363253745363D-06  0.68912924518286D-06  -.68248537955074D-06
  0.32394483617904D-06  0.24038780576675D-07  -.10653143040746D-05
  -.56647390152513D-02  -.10566471461058D-02  -.78071938416588D-03
  -.85044066381445D-06  -.10379945061132D-05  -.22665245541132D-06
  cycle =     12    SCF energy =     -230.2153218273   |dE/dxyz| =  0.015712
    0.02895481845287     -1.08738288195759     -4.24176427192763      h
   -0.12686556460112     -1.18459465028943     -2.43201621965606      o
    0.19846489172977      1.28440209813966     -1.44055472125660      c
   -1.12763252182902      2.63638144467657     -2.28362481589613      h
    2.11900681336848      1.94878165885602     -1.86070646480396      h
   -0.19846489688030      1.28440209197370      1.44055472739228      c
    1.12763256721291      2.63638138846754      2.28362481334461      h
   -2.11900679151396      1.94878170944825      1.86070650844140      h
    0.12686548684105     -1.18459467442747      2.43201620683748      o
   -0.02895359003947     -1.08738270380245      4.24176436119576      h
  0.88300793251192D-06  -.31444883315734D-06  -.14454735287366D-06
  0.56649467402620D-02  -.10594926342363D-02  0.78057719725920D-03
  -.93187523322519D-02  0.10591884162428D-02  -.12841588086534D-02
  0.81580902779204D-06  0.27216342555942D-07  0.49036853202680D-08
  0.83330034079574D-06  0.15547910628354D-06  0.60862030281690D-06
  0.93187544858211D-02  0.10591882648138D-02  0.12841602393912D-02
  -.81515516053372D-06  0.26340712975501D-07  -.47207231957126D-08
  -.83290914776340D-06  0.15604958544174D-06  -.60807025117321D-06
  -.56649513754719D-02  -.10594923436762D-02  -.78057952308992D-03
  -.88157142524253D-06  -.31427635657438D-06  0.14470782825868D-06
  cycle =     13    SCF energy =     -230.2153218273   |dE/dxyz| =  0.015711
    0.02894558149170     -1.08737834883347     -4.24176566015536      h
   -0.12685864227471     -1.18459554831489     -2.43201674256470      o
    0.19846898819174      1.28440149110888     -1.44055421077450      c
   -1.12763070190234      2.63637721841487     -2.28362804712323      h
    2.11900929575233      1.94878286928817     -1.86070478821891      h
   -0.19846892041370      1.28440148584573      1.44055421557968      c
    1.12763075135564      2.63637724200257      2.28362802671993      h
   -2.11900923382111      1.94878282810391      1.86070482371863      h
    0.12685877553707     -1.18459554279612      2.43201676485633      o
   -0.02894468117542     -1.08737821373486      4.24176574163327      h
  0.86403237601879D-06  -.21554599583909D-06  -.42440228993079D-07
  0.56648697915916D-02  -.10594533911623D-02  0.78047943936647D-03
  -.93176839914714D-02  0.10591594250211D-02  -.12840026859380D-02
  0.57154785972580D-06  0.16206988673729D-07  -.15995914465867D-06
  0.50789975098873D-06  0.58171445494390D-07  0.54020175208107D-06
  0.93176832180513D-02  0.10591589255680D-02  0.12840015982890D-02
  -.57173232608192D-06  0.16097264136982D-07  0.15922333626156D-06
  -.50780516384958D-06  0.57993849844588D-07  -.53950079749422D-06
  -.56648679791116D-02  -.10594536086484D-02  -.78047820409689D-03
  -.86498203240688D-06  -.21592121793362D-06  0.42331118620070D-07
$end
