$hessapprox internal
  0.133044331983D-01 -0.797244560827D-03  0.618756905788D+00 -0.340611813425D-02
 -0.171034247284D-02  0.366207064507D+00  0.945777827091D-03 -0.387316607438D-03
  0.203847898158D-02  0.423783260185D+00 -0.275953820499D-02 -0.479640726674D-03
 -0.591826559296D-02 -0.104513536008D-02  0.417986954117D+00  0.555733331844D-02
  0.263614555722D-02  0.118879753529D-01 -0.286636850425D-02  0.917464784572D-02
  0.324964392605D+00  0.497744070166D-02  0.130844108749D-02  0.106667850939D-01
  0.565714822867D-03  0.493515532572D-02 -0.167719448808D-01  0.335079753105D+00
  0.121236380256D-02  0.825754873272D-03  0.258883628863D-02 -0.137137840125D-02
  0.278308447766D-02 -0.434073120747D-02 -0.468441967480D-02  0.318592209751D+00
  0.181665930023D-02  0.128600436237D-02  0.387833472302D-02 -0.219975332175D-02
  0.432201053359D-02 -0.652886618917D-02 -0.721840679279D-02 -0.109787559749D-02
  0.340808357301D+00  0.951289127425D-03 -0.382456474865D-03  0.205022733457D-02
  0.199073240148D-02 -0.102903414052D-02 -0.288665868525D-02  0.539893648642D-03
 -0.137398353451D-02 -0.220330343585D-02  0.423764205610D+00 -0.275915522557D-02
 -0.477615279133D-03 -0.591748012622D-02 -0.105082061073D-02 -0.196338995369D-02
  0.917238726217D-02  0.492645619171D-02  0.278418071479D-02  0.432396170360D-02
 -0.103470739288D-02  0.417999727511D+00  0.555543391312D-02  0.263656369403D-02
  0.118838880673D-01 -0.286931500180D-02  0.917562519707D-02 -0.193123510367D-01
 -0.167716093488D-01 -0.433824929853D-02 -0.652491686672D-02 -0.288958866341D-02
  0.917337375038D-02  0.324976272617D+00  0.495499144808D-02  0.127117127081D-02
  0.106192505323D-01  0.656526651023D-03  0.481508856544D-02 -0.166804901090D-01
 -0.105386340748D-01 -0.468703172496D-02 -0.722670062375D-02  0.630594017710D-03
  0.480622976734D-02 -0.166803045751D-01  0.335435107014D+00  0.121360948237D-02
  0.826387917734D-03  0.259150021356D-02 -0.137214635460D-02  0.278527240861D-02
 -0.434508265854D-02 -0.468835156496D-02 -0.758192732821D-03 -0.109928415529D-02
 -0.137475572965D-02  0.278636840629D-02 -0.434259921910D-02 -0.469094690965D-02
  0.318590326903D+00  0.179894695719D-02  0.126933263781D-02  0.384059687580D-02
 -0.216600389070D-02  0.426698351472D-02 -0.646312686570D-02 -0.713111766066D-02
 -0.109029940628D-02 -0.157170133335D-02 -0.216954942274D-02  0.426888945316D-02
 -0.645923561395D-02 -0.713895857599D-02 -0.109169436618D-02  0.340828449757D+00
 -0.161057622178D-02 -0.845480391442D-03 -0.344377251849D-02  0.107326634127D-02
 -0.291302299605D-02  0.563972705692D-02  0.519411376567D-02  0.119631491765D-02
  0.178600658402D-02  0.107855451996D-02 -0.291288460074D-02  0.563762044121D-02
  0.517494502022D-02  0.119757334481D-02  0.176915412200D-02  0.132736735685D-01
 -0.797313874473D-03 -0.108629223864D-03 -0.171051439777D-02 -0.391122860827D-03
 -0.475730240222D-03  0.263573590715D-02  0.130336913162D-02  0.826785928735D-03
  0.128776682821D-02 -0.386253096117D-03 -0.473696579574D-03  0.263616008022D-02
  0.126598197942D-02  0.827419069780D-03  0.127105944490D-02 -0.845725943758D-03
  0.618759426913D+00 -0.340896489897D-02 -0.171699466940D-02 -0.729045963544D-02
  0.205572731820D-02 -0.593949663601D-02  0.119005433747D-01  0.106970675028D-01
  0.258704741760D-02  0.387477474757D-02  0.206744754284D-02 -0.593874362866D-02
  0.118964279509D-01  0.106499633332D-01  0.258971339780D-02  0.383714631650D-02
 -0.344594185620D-02 -0.171719008260D-02  0.366195168719D+00  0.342595502467D-02
  0.316467920139D-02  0.730042541918D-02 -0.634930624363D-02  0.104563560619D-01
 -0.126851856417D-01 -0.166381670288D-01 -0.151080743515D-02 -0.201995198570D-02
 -0.635062844362D-02  0.104647244105D-01 -0.126742374992D-01 -0.167203701986D-01
 -0.151343953339D-02 -0.202097675617D-02  0.326777885000D-02  0.317130820812D-02
  0.728034636737D-02  0.503999261489D+00 -0.116510915538D-02 -0.139445499408D-02
 -0.247692028241D-02  0.310636695360D-02 -0.454819393875D-02  0.447439210096D-02
  0.696018982636D-02  0.272984701853D-03  0.272566832562D-03  0.310450461810D-02
 -0.455305749904D-02  0.446916259563D-02  0.701678841631D-02  0.273869404370D-03
  0.281503305406D-03 -0.106812561967D-02 -0.139813170502D-02 -0.246434038760D-02
 -0.156021326541D-02  0.379436830286D+00  0.341890218043D-02  0.314535818130D-02
  0.728563104322D-02 -0.629812006243D-02  0.103949002858D-01 -0.126526169343D-01
 -0.165515224810D-01 -0.151738885091D-02 -0.203247056845D-02 -0.629953258692D-02
  0.104031702073D-01 -0.126417519486D-01 -0.166324036947D-01 -0.152001595032D-02
 -0.203314760553D-02  0.326278984243D-02  0.315191630065D-02  0.726582479096D-02
 -0.166526695429D-03 -0.152107960720D-02  0.503872125002D+00 -0.118384789028D-02
 -0.142923129480D-02 -0.251653092267D-02  0.319308207223D-02 -0.465984815465D-02
  0.455257879681D-02  0.712265449317D-02  0.268029483248D-03  0.260868915796D-03
  0.319110005916D-02 -0.466486823800D-02  0.454720672951D-02  0.718127495403D-02
  0.268928009901D-03  0.270282402862D-03 -0.108362838263D-02 -0.143302233655D-02
 -0.250352550062D-02 -0.164720959711D-02  0.148070414106D-02 -0.160677228226D-02
  0.379553897420D+00 -0.886307827303D-03 -0.125066280078D-02 -0.188073361041D-02
  0.292821484376D-02 -0.405193146602D-02  0.349941157728D-02  0.607155274694D-02
  0.639527608582D-04 -0.399442974521D-04  0.292541844555D-02 -0.405683525386D-02
  0.349453459455D-02  0.613170055122D-02  0.646195372600D-04 -0.280212981620D-04
 -0.786757320113D-03 -0.125430847461D-02 -0.186773180932D-02 -0.213875025344D-02
  0.161527275910D-02 -0.209861285888D-02  0.167571050237D-02  0.363160241216D+00
  0.000000000000D+00  0.000000000000D+00  0.000000000000D+00  0.000000000000D+00
  0.000000000000D+00  0.000000000000D+00  0.000000000000D+00  0.000000000000D+00
  0.000000000000D+00  0.000000000000D+00  0.000000000000D+00  0.000000000000D+00
  0.000000000000D+00  0.000000000000D+00  0.000000000000D+00  0.000000000000D+00
  0.000000000000D+00  0.000000000000D+00  0.000000000000D+00  0.000000000000D+00
  0.000000000000D+00  0.000000000000D+00  0.000000000000D+00  0.000000000000D+00
$end
