$coord
    0.74892513354062     -0.53518568907550     -4.62100681798313  h
   -0.38165762032859     -0.55431955227255     -3.19163436558169  o
    0.89423147765287      0.60988392239432     -1.12485768432885  c
    1.47479336223977      2.53225165525494     -1.61854694574377  h
    2.57470228773318     -0.46579480152149     -0.58293407478378  h
   -0.89422918878294      0.60988748730467      1.12485721532862  c
   -1.47478195493592      2.53225785980158      1.61854728209434  h
   -2.57470497826217     -0.46578298804796      0.58293298729477  h
    0.38165479446075     -0.55432200501454      3.19163360266618  o
   -0.74893223261324     -0.53519382827932      4.62100274845027  h
$intdef
# definitions of internal coordinates
   1 f  1.0000000000000 tors    2    3    6    9 val= 126.00000
$user-defined bonds
$redundant
     number_of_atoms            10
     degrees_of_freedom         24
     internal_coordinates       25
     frozen_coordinates          1
# definitions of redundant internals
   1 k  1.0000000000000 tors   1    2    3    6 val= 179.37029
   2 k  1.0000000000000 stre   2    1           val=   1.82255
   3 k  1.0000000000000 bend   3    1    2      val= 107.66229
   4 k  1.0000000000000 stre   3    5           val=   2.06755
   5 k  1.0000000000000 stre   3    4           val=   2.06792
   6 k  0.0660859403281 bend   4    5    3      val=   0.69386
       -0.5160961505447 bend   2    5    3
       -0.5003930200744 bend   2    4    3
        0.4645065744395 bend   6    5    3
        0.5129501726749 bend   6    4    3
   7 k  0.0318082745683 bend   4    5    3      val=   0.88036
        0.5220795667869 bend   2    5    3
       -0.5518254435931 bend   2    4    3
        0.4728539558453 bend   6    5    3
       -0.4453301874535 bend   6    4    3
   8 k -0.8879782640358 bend   4    5    3      val=   1.86192
        0.1996819212069 bend   2    5    3
        0.1851052222893 bend   2    4    3
        0.2818915280887 bend   6    5    3
        0.2406137070413 bend   6    4    3
   9 k -0.0126803389973 bend   4    5    3      val=   1.76586
        0.4747271247243 bend   2    5    3
       -0.4450102948916 bend   2    4    3
       -0.5397628921808 bend   6    5    3
        0.5339430903374 bend   6    4    3
  10 k  1.0000000000000 stre   6    8           val=   2.06755
  11 k  1.0000000000000 stre   6    7           val=   2.06792
  12 k  0.0660858865225 bend   7    8    6      val=   0.69386
       -0.5160958553665 bend   9    8    6
       -0.5003933063639 bend   9    7    6
        0.4645067318761 bend   3    8    6
        0.5129500547462 bend   3    7    6
  13 k  0.0318084178183 bend   7    8    6      val=   0.88038
        0.5220798139568 bend   9    8    6
       -0.5518252108605 bend   9    7    6
        0.4728537489993 bend   3    8    6
       -0.4453303954714 bend   3    7    6
  14 k -0.8879783099160 bend   7    8    6      val=   1.86190
        0.1996820762253 bend   9    8    6
        0.1851050526728 bend   9    7    6
        0.2818914229913 bend   3    8    6
        0.2406136626878 bend   3    7    6
  15 k -0.0126802200027 bend   7    8    6      val=   1.76585
        0.4747271097450 bend   9    8    6
       -0.4450102970811 bend   9    7    6
       -0.5397630389719 bend   3    8    6
        0.5339429562654 bend   3    7    6
  16 k  1.0000000000000 tors  10    9    6    3 val= 179.37067
  17 k  1.0000000000000 stre   9   10           val=   1.82255
  18 k  1.0000000000000 bend   6   10    9      val= 107.66228
  19 k  1.0000000000000 tors   2    3    6    9 val= 126.00000
  20 k  1.0000000000000 stre   3    2           val=   2.69348
  21 k  1.0000000000000 bend   6    2    3      val= 107.81080
  22 k  1.0000000000000 stre   6    9           val=   2.69348
  23 k  1.0000000000000 bend   3    9    6      val= 107.81080
  24 k  1.0000000000000 stre   3    6           val=   2.87399
  25 f  1.0000000000000 tors   2    3    6    9 val= 126.00000
        24 non zero eigenvalues  of BmBt
           1           3.926895000    1    0
         1
           2           3.873579233    2    0
         2
           3           3.766548372    3    0
         3
           4           2.998656127    4    0
         4
           5           2.975958511    5    0
         5
           6           2.453140859    6    0
         6
           7           2.126186830    7    0
         7
           8           1.709837175    8    0
         8
           9           1.246632491    9    0
         9
          10           1.196351324   10    0
        10
          11           1.041020307   11    0
        11
          12           0.846212121   12    0
        12
          13           0.770792124   13    0
        13
          14           0.743368805   14    0
        14
          15           0.550768215   15    0
        15
          16           0.463391344   16    0
        16
          17           0.351993127   17    0
        17
          18           0.340403261   18    0
        18
          19           0.281017169   20    0
        20
          20           0.255228360   21    0
        21
          21           0.109590207   22    0
        22
          22           0.076129095   23    0
        23
          23           0.067111884   24    0
        24
          24           0.000000000    0    1
         0.000000000         0.000000000         0.000000000         0.000000000
         0.000000000         0.000000000         0.000000000         0.000000000
         0.000000000         0.000000000         0.000000000         0.000000000
         0.000000000         0.000000000         0.000000000         0.000000000
         0.000000000         0.000000000         0.000000000         0.000000000
         0.000000000         0.000000000         0.000000000         0.000000000
         1.000000000
$end
