$energy      SCF               SCFKIN            SCFPOT            MP2
     1 -229.0239094737      228.795261     -457.819170     -.8129828782633
     2 -229.0243758278      228.783003     -457.807379     -.8129337914037
     3 -229.0243619746      228.788419     -457.812781     -.8130618823727
     4 -229.0242345181      228.786256     -457.810491     -.8132019614630
     5 -229.0242171492      228.785306     -457.809524     -.8132197680668
     6 -229.0242155207      228.785301     -457.809516     -.8132214707117
     7 -229.0242153701      228.785334     -457.809549     -.8132215938040
     8 -229.0242153700      228.785334     -457.809549     -.8132215931263
     9 -229.0242149660      228.785315     -457.809530     -.8132220239906
    10 -229.0242143912      228.785281     -457.809495     -.8132225545220
    11 -229.0242143912      228.785283     -457.809497     -.8132225745321
    12 -229.0242146056      228.785296     -457.809511     -.8132223661212
    13 -229.0242147970      228.785309     -457.809524     -.8132221695237
$end
