$grad          cartesian gradients
  cycle =      1 MP2 energy =     -229.8368923520 |dE/dxyz| =  0.009814
    0.72713279694966     -0.57964189971083     -4.61469365375472      h
   -0.37956913182729     -0.55666419084907     -3.17268433228296      o
    0.90123555338721      0.61093310935673     -1.11262303374002      c
    1.43467292252039      2.56241781901495     -1.55904496965892      h
    2.61857430428267     -0.42839628872444     -0.60011583397873      h
   -0.90107060536820      0.61117579709429      1.11261630069010      c
   -1.43402273782796      2.56278166282583      1.55902044817927      h
   -2.61867367976321     -0.42773757318933      0.60009110745574      h
    0.37944664449665     -0.55667162934633      3.17271298810322      o
   -0.72770492782843     -0.58043066495160      4.61436828320907      h
  -.25211262122080D-02  -.82586909099597D-03  0.10920958016363D-02
  0.17010622322093D-02  -.70925943732814D-03  -.32800886947548D-03
  -.50149508153741D-03  -.29042707251703D-03  0.37238722930214D-02
  -.69311071247835D-03  0.18043738369928D-02  0.32129800620742D-02
  0.26808560161831D-02  0.19299764992375D-04  -.99812101017971D-03
  0.50262107797261D-03  -.28236169260110D-03  -.37220493838103D-02
  0.69621302074241D-03  0.17991722309163D-02  -.32123780972705D-02
  -.26858261339475D-02  0.18456553090518D-04  0.99556523695415D-03
  -.16982696249963D-02  -.70543917956778D-03  0.32728992368725D-03
  0.25190754174313D-02  -.82794597873176D-03  -.10912459574666D-02
  cycle =      2 MP2 energy =     -229.8373096192 |dE/dxyz| =  0.004436
    0.73819213686246     -0.53422563334953     -4.63618917672759      h
   -0.37354149463912     -0.55712304816670     -3.19318494471291      o
    0.89607012508808      0.60533586377071     -1.12455716271231      c
    1.45303445800761      2.54306300556730     -1.59255883308490      h
    2.59690264483324     -0.44833573467089     -0.60511099464400      h
   -0.89594743018680      0.60550443061716      1.12453013342591      c
   -1.45241707796121      2.54334072097308      1.59265912646420      h
   -2.59704695824381     -0.44769108050933      0.60498577527239      h
    0.37334313312068     -0.55740376477753      3.19310158950794      o
   -0.73856839785964     -0.53469861793407      4.63597179143332      h
  -.92695431402667D-03  -.53707952029272D-03  -.45596995512920D-03
  0.18535878743196D-02  -.48226698221265D-03  0.19036965166119D-03
  -.49094217801926D-03  -.23749017653074D-03  0.29941486777724D-03
  -.12656649574838D-03  0.75683131182336D-03  0.13251665155005D-02
  0.65163942307045D-03  0.49863636361880D-03  -.11744129140673D-02
  0.49103436083264D-03  -.23485013219737D-03  -.29950988575833D-03
  0.12693435788824D-03  0.75583085120634D-03  -.13241692530693D-02
  -.65189342476613D-03  0.49878941591941D-03  0.11730412587961D-02
  -.18531252418068D-02  -.48017773832987D-03  -.18957878116765D-03
  0.92628563779806D-03  -.53822338341120D-03  0.45564849506796D-03
  cycle =      3 MP2 energy =     -229.8374238570 |dE/dxyz| =  0.003030
    0.73924999240529     -0.51542599999329     -4.63177729018376      h
   -0.37928032166287     -0.55422504763336     -3.19293042359495      o
    0.89348132104465      0.60758819614909     -1.12687057402620      c
    1.46939387016587      2.53331983926836     -1.61398690457848      h
    2.57859678200370     -0.46250147562592     -0.59292766179001      h
   -0.89339487762093      0.60771006416284      1.12683247919475      c
   -1.46879326824302      2.53354427050348      1.61416304231877      h
   -2.57879215913324     -0.46186268866755      0.59275324525812      h
    0.37903705372693     -0.55468146825756      3.19276893754757      o
   -0.73947725366488     -0.51569954838588      4.63162245407625      h
  -.44996956529264D-04  -.77926023782954D-04  -.38714685557961D-03
  0.11298831354001D-02  -.51115417872172D-03  0.97355499552165D-03
  -.65546138027051D-03  0.22722105892115D-03  -.10118320207130D-02
  0.58454076476977D-05  0.50364388976210D-04  0.21479618547482D-03
  -.19355031478918D-03  0.31088780813882D-03  -.50902097989869D-03
  0.65527873239013D-03  0.22697103074876D-03  0.10119587785828D-02
  -.65661835724207D-05  0.51181326102601D-04  -.21422225556211D-03
  0.19481969789759D-03  0.31117432080841D-03  0.50852419913283D-03
  -.11303608587143D-02  -.51094552523967D-03  -.97339633436722D-03
  0.45108720506448D-04  -.77774194585739D-04  0.38678428664296D-03
  cycle =      4 MP2 energy =     -229.8374364796 |dE/dxyz| =  0.002362
    0.73961002895824     -0.52412865726379     -4.62457810927256      h
   -0.38549060002979     -0.55101681066784     -3.19105688931866      o
    0.89265274923397      0.61243357260091     -1.12632306464011      c
    1.47366368638840      2.53487799109402     -1.61950427254806      h
    2.57363947181305     -0.46340470262260     -0.58587123819424      h
   -0.89257255995788      0.61255062177107      1.12628291694226      c
   -1.47305846389317      2.53509815010645      1.61968003281925      h
   -2.57385234464661     -0.46276717233404      0.58570588364786      h
    0.38525005305793     -0.55148396252868      3.19088567944049      o
   -0.73982088190263     -0.52439288863529      4.62442636534582      h
  -.22801157997687D-04  0.14447223248504D-04  -.70662752986728D-05
  0.48063736182691D-03  -.82774043172895D-03  0.42903256844884D-03
  -.73609400639540D-03  0.78535970046278D-03  -.72448229697353D-03
  0.33893775413851D-04  0.15077715119993D-04  0.35041345656350D-04
  0.47503756208656D-05  0.12921330769133D-04  0.42424724320034D-04
  0.73637593069620D-03  0.78514511967587D-03  0.72483509222943D-03
  -.33972593700637D-04  0.15057660041062D-04  -.35108582655763D-04
  -.46792319530198D-05  0.12906151212855D-04  -.42622662918546D-04
  -.48097257395430D-03  -.82778546860096D-03  -.42917707309531D-03
  0.22862120522049D-04  0.14611011927346D-04  0.71231606408872D-05
  cycle =      5 MP2 energy =     -229.8374369173 |dE/dxyz| =  0.002190
    0.74090712574341     -0.52961479147854     -4.62272757353091      h
   -0.38663362200992     -0.54989504717429     -3.19101372134938      o
    0.89253759833312      0.61393649232232     -1.12631886059014      c
    1.47302494330881      2.53628926805391     -1.62027259072014      h
    2.57370209645087     -0.46195911242214     -0.58643918782296      h
   -0.89245490642560      0.61405864073528      1.12627948404971      c
   -1.47241733921365      2.53651682013485      1.62043893304401      h
   -2.57391281313568     -0.46132126452993      0.58628473644708      h
    0.38639998852711     -0.55034263596228      3.19084878772154      o
   -0.74113193255697     -0.52990222815897      4.62256729697323      h
  -.19350551133446D-04  -.19543945288802D-05  0.53104881647670D-05
  0.37159386732366D-03  -.86482227199935D-03  0.29599846886974D-03
  -.61828289331034D-03  0.86148399372332D-03  -.54363348094510D-03
  0.19243832476201D-04  0.83148235545671D-05  0.27508879086979D-04
  0.31609979488145D-04  -.29379781498751D-05  0.41070773888374D-04
  0.61852412828722D-03  0.86124031802415D-03  0.54388416496609D-03
  -.19163377186437D-04  0.83120418983285D-05  -.27557946481460D-04
  -.31700788683864D-04  -.30121588427967D-05  -.41103463265024D-04
  -.37183111743921D-03  -.86468511468185D-03  -.29616005347499D-03
  0.19356919975788D-04  -.19392469675361D-05  -.53178310595037D-05
  cycle =      6 MP2 energy =     -229.8374369914 |dE/dxyz| =  0.002099
    0.74157556893274     -0.53110377832139     -4.62215100058919      h
   -0.38685827659230     -0.54956609655599     -3.19106990065131      o
    0.89248932328014      0.61433985197756     -1.12632752655278      c
    1.47263522563275      2.53663807668890     -1.62076868568273      h
    2.57367003981250     -0.46155227732573     -0.58697768308239      h
   -0.89240538158387      0.61446317177338      1.12628815663461      c
   -1.47202764014807      2.53686692772771      1.62093305455415      h
   -2.57387897698219     -0.46091409692323      0.58682484643738      h
    0.38662570744385     -0.55000966808569      3.19090698728913      o
   -0.74180445077406     -0.53139596943531      4.62198905586517      h
  -.11084638553704D-05  -.38051546186191D-05  -.31880875677182D-05
  0.34872194537350D-03  -.86007844220903D-03  0.28347794214589D-03
  -.55225853588947D-03  0.86139398983853D-03  -.46204162392172D-03
  0.55501868978514D-05  -.20319855309481D-05  0.48798735823308D-05
  0.34454386614868D-05  0.45835455491083D-05  0.81010166714801D-05
  0.55245863450581D-03  0.86112780804903D-03  0.46211013656239D-03
  -.55195545780595D-05  -.20311486319535D-05  -.48942037929045D-05
  -.34388003067320D-05  0.45933894174954D-05  -.80672887436961D-05
  -.34895219895237D-03  -.85992995856321D-03  -.28357319079220D-03
  0.11013483578459D-05  -.38220314493020D-05  0.31954269315015D-05
  cycle =      7 MP2 energy =     -229.8374369639 |dE/dxyz| =  0.002089
    0.74154448623903     -0.53055565222404     -4.62228724299314      h
   -0.38674886925042     -0.54970671142202     -3.19110989305098      o
    0.89251108215504      0.61420689873586     -1.12627542666383      c
    1.47256810119689      2.53652345849076     -1.62077237577343      h
    2.57368289729901     -0.46171199648446     -0.58700997951630      h
   -0.89242726080304      0.61432992641385      1.12623601401952      c
   -1.47196095292830      2.53675166594263      1.62093782980433      h
   -2.57389190267908     -0.46107375399037      0.58685594759561      h
    0.38651568787668     -0.55015206970845      3.19094640842882      o
   -0.74177213008433     -0.53084562423355      4.62212602237145      h
  -.12940185545318D-05  0.32346640005398D-06  -.19746217816419D-06
  0.35053619674130D-03  -.86490883927626D-03  0.27739146509020D-03
  -.54874728656973D-03  0.86236417882590D-03  -.43490769420573D-03
  0.64983513592409D-06  0.92052102118600D-06  -.11951094889273D-05
  -.12186864419839D-05  0.13337271804748D-05  0.74799305893603D-06
  0.54898307691165D-03  0.86217115222675D-03  0.43498691227739D-03
  -.65928788495206D-06  0.93361314457141D-06  0.11994747003419D-05
  0.12275721061883D-05  0.13336488597915D-05  -.74600395938429D-06
  -.35077772901371D-03  -.86479839806408D-03  -.27747615103468D-03
  0.13003275523005D-05  0.32694208523809D-06  0.19657631211700D-06
  cycle =      8 MP2 energy =     -229.8374369631 |dE/dxyz| =  0.002088
    0.74886967521951     -0.53509542147048     -4.62104369792647      h
   -0.38165276618043     -0.55432401498948     -3.19162754551321      o
    0.89422529583168      0.60987395001079     -1.12486182150713      c
    1.47479132519723      2.53224320404771     -1.61855592781850      h
    2.57470018337935     -0.46578706445291     -0.58291634648368      h
   -0.89422548774615      0.60987370242686      1.12486182561643      c
   -1.47479221697580      2.53224278875094      1.61855596201984      h
   -2.57469998296317     -0.46578788168399      0.58291634758844      h
    0.38165292517533     -0.55432396378281      3.19162752774264      o
   -0.74886922067905     -0.53509505216544      4.62104389572361      h
  -.73168850978078D-06  -.45984153304590D-06  0.35386697128104D-07
  0.34996663535125D-03  -.86428752630940D-03  0.27777122285766D-03
  -.54833206214910D-03  0.86236922272098D-03  -.43586252332417D-03
  0.71068172657895D-06  0.96219922962604D-06  -.12183407823718D-05
  -.13778020733213D-05  0.14183893883857D-05  0.74351024781372D-06
  0.54828717274713D-03  0.86228060973514D-03  0.43582952118559D-03
  -.72599716771649D-06  0.94945977835437D-06  0.12232743521468D-05
  0.13791375077510D-05  0.13987557874184D-05  -.75610714056484D-06
  -.34991573853027D-03  -.86414722317318D-03  -.27771602433546D-03
  0.73966118785407D-06  -.48403360713989D-06  -.49918975175700D-07
  cycle =      9 MP2 energy =     -229.8374369900 |dE/dxyz| =  0.002091
    0.74886632686044     -0.53508474603069     -4.62104759777439      h
   -0.38165544108711     -0.55432755305041     -3.19162993691139      o
    0.89422977568656      0.60987476362520     -1.12485862260890      c
    1.47479443098858      2.53224326531454     -1.61854372580751      h
    2.57470600982208     -0.46579416447755     -0.58291786412989      h
   -0.89423059728622      0.60987357419457      1.12485840807330      c
   -1.47479573455785      2.53224142469492      1.61854566684319      h
   -2.57470656622106     -0.46579508138729      0.58291638282259      h
    0.38165440314603     -0.55433168872907      3.19162820746275      o
   -0.74886287709295     -0.53507954746305      4.62104930147222      h
  -.68380742934693D-06  0.44066211846161D-07  -.24867719172761D-06
  0.34778254671686D-03  -.86649145861450D-03  0.27634984703706D-03
  -.54641249101550D-03  0.86573011144475D-03  -.43459638917165D-03
  0.43153912998584D-06  0.28526339690416D-06  -.25211760668054D-06
  0.64452175596585D-07  0.43240274361089D-06  0.81692337650097D-06
  0.54643096607343D-03  0.86578310127727D-03  0.43462296869146D-03
  -.46685665022750D-06  0.29336221185616D-06  0.26354672189033D-06
  -.38719366379780D-07  0.42111537101874D-06  -.82463250572484D-06
  -.34784832965595D-03  -.86667418282405D-03  -.27642519736748D-03
  0.74069997690884D-06  0.17623054851534D-06  0.29372586540788D-06
  cycle =     10 MP2 energy =     -229.8374369457 |dE/dxyz| =  0.002092
    0.74888322002967     -0.53515535955818     -4.62102140150025      h
   -0.38167482005814     -0.55431719476715     -3.19162939397881      o
    0.89423143687561      0.60989815995950     -1.12485867450526      c
    1.47478781993595      2.53226495157086     -1.61853956788807      h
    2.57471259203103     -0.46578111838074     -0.58293780571204      h
   -0.89422991027240      0.60989976283142      1.12485919070670      c
   -1.47478809011064      2.53226716592993      1.61853555327227      h
   -2.57471013710285     -0.46578218149262      0.58294074206778      h
    0.38167658868694     -0.55431046755363      3.19163263764829      o
   -0.74888896975666     -0.53516347184822      4.62101893933136      h
  0.10089023083637D-06  -.41191649838290D-06  -.89334632136229D-07
  0.34434772081493D-03  -.86860504888930D-03  0.27398768423037D-03
  -.54334431651748D-03  0.87059836214420D-03  -.43285769905121D-03
  -.74141696559948D-07  -.75235459284784D-06  0.11414925021880D-05
  0.16789938519501D-05  -.83317463461796D-06  0.39815319818892D-06
  0.54338025517531D-03  0.87063119680009D-03  0.43282963350777D-03
  0.72878399759446D-07  -.75703383028980D-06  -.11926552403452D-05
  -.16891971532651D-05  -.85907109581562D-06  -.34716022356829D-06
  -.34429265291003D-03  -.86844949549736D-03  -.27392217633793D-03
  -.18043066463136D-06  -.56145174789912D-06  0.52062481881165D-07
  cycle =     11 MP2 energy =     -229.8374369657 |dE/dxyz| =  0.002092
    0.74890804188216     -0.53516747389334     -4.62101834231407      h
   -0.38165837281739     -0.55432748974626     -3.19163293422854      o
    0.89423888653580      0.60988289774989     -1.12485386215569      c
    1.47480316289179      2.53224856478412     -1.61852985217427      h
    2.57471407760758     -0.46580119646232     -0.58292405824396      h
   -0.89423556266947      0.60988738780020      1.12485358722937      c
   -1.47479159945470      2.53225591546856      1.61852809093721      h
   -2.57471544135945     -0.46578974066236      0.58292449988605      h
    0.38165586055424     -0.55432780978992      3.19163354296899      o
   -0.74891797246622     -0.53517899470442      4.62101327550786      h
  0.35343328264048D-07  -.15079179835342D-06  -.95208946504499D-07
  0.34459061345338D-03  -.86870574168785D-03  0.27390498958901D-03
  -.54340641869466D-03  0.87042339674026D-03  -.43279136003194D-03
  -.11874112582078D-07  -.75473665495096D-06  0.11685451288823D-05
  0.16600082735074D-05  -.84508388042970D-06  0.46530606145900D-06
  0.54351647930417D-03  0.87061908563868D-03  0.43279850923184D-03
  0.69739452213113D-07  -.74319643994514D-06  -.11859913719992D-05
  -.17020605529439D-05  -.80187494355677D-06  -.43109005187780D-06
  -.34467255782022D-03  -.86884532945231D-03  -.27391911733332D-03
  -.79272331365843D-07  -.19571506598703D-06  0.85417349637851D-07
  cycle =     12 MP2 energy =     -229.8374369717 |dE/dxyz| =  0.002091
    0.74891041929102     -0.53514724502784     -4.62102280544522      h
   -0.38165225860652     -0.55433099122933     -3.19163486002065      o
    0.89423666718793      0.60987590307671     -1.12485473426508      c
    1.47480050067410      2.53224267221650     -1.61853657083573      h
    2.57470873051153     -0.46580514692377     -0.58292595810501      h
   -0.89423386560081      0.60988011376337      1.12485440611902      c
   -1.47478893424424      2.53224977494538      1.61853551103629      h
   -2.57471078516873     -0.46579344792130      0.58292605190345      h
    0.38164991309976     -0.55433153319741      3.19163498581454      o
   -0.74891930643972     -0.53515803915816      4.62101792121134      h
  -.25793869262714D-07  0.34258387543451D-06  -.16990040618836D-06
  0.34587226453908D-03  -.86819725359311D-03  0.27497793187603D-03
  -.54398308768722D-03  0.86816597573680D-03  -.43286084629535D-03
  0.18730426099012D-07  -.18475825935838D-06  0.33825544798471D-06
  0.26315560708312D-06  -.12635182278231D-06  -.46696368327659D-07
  0.54396647566834D-03  0.86813431902488D-03  0.43285904723334D-03
  0.15886232107576D-07  -.16574254146917D-06  -.34014788585779D-06
  -.27365201704654D-06  -.96438334429294D-07  0.65693940620726D-07
  -.34585806991849D-03  -.86818363825802D-03  -.27499140666265D-03
  0.40909298171243D-08  0.31131616076707D-06  0.16806906755207D-06
  cycle =     13 MP2 energy =     -229.8374369665 |dE/dxyz| =  0.002088
    0.74892513354062     -0.53518568907550     -4.62100681798313      h
   -0.38165762032859     -0.55431955227255     -3.19163436558169      o
    0.89423147765287      0.60988392239432     -1.12485768432885      c
    1.47479336223977      2.53225165525494     -1.61854694574377      h
    2.57470228773318     -0.46579480152149     -0.58293407478378      h
   -0.89422918878294      0.60988748730467      1.12485721532862      c
   -1.47478195493592      2.53225785980158      1.61854728209434      h
   -2.57470497826217     -0.46578298804796      0.58293298729477      h
    0.38165479446075     -0.55432200501454      3.19163360266618      o
   -0.74893223261324     -0.53519382827932      4.62100274845027      h
  0.31949372836237D-06  -.51939123060785D-06  0.16774597044744D-06
  0.34636988679360D-03  -.86641750341521D-03  0.27557800868294D-03
  -.54448000556517D-03  0.86624101072186D-03  -.43281758588276D-03
  0.48988490597424D-07  0.31895183250086D-06  -.32646111891577D-06
  -.84834935876188D-06  0.38434767102302D-06  -.45442360030457D-06
  0.54443169366314D-03  0.86614018419784D-03  0.43281620863456D-03
  -.18860569550583D-07  0.34140342508593D-06  0.35422182953493D-06
  0.85037294139667D-06  0.42751913720274D-06  0.43912834246651D-06
  -.34636559217915D-03  -.86642636931167D-03  -.27559553761769D-03
  -.30762767355696D-06  -.49014074565701D-06  -.16130570834605D-06
$end
