$hessapprox internal
  0.221097664221D-01 -0.731873158396D-03  0.614676474410D+00  0.295713408544D-02
 -0.475466411766D-03  0.371741145711D+00  0.121908575173D-01 -0.242206744397D-02
 -0.493087798729D-03  0.412774829004D+00 -0.521892952446D-02  0.117975395943D-02
  0.763720146468D-03  0.929713136098D-02  0.420057985439D+00 -0.637507285624D-02
  0.131091096497D-02  0.429287671913D-03  0.813578517898D-02 -0.545171879039D-02
  0.341165284710D+00 -0.502062294993D-03  0.197646142292D-03  0.398997801712D-03
  0.297632263945D-02 -0.168593470206D-02 -0.168416995451D-02  0.346425815424D+00
  0.178021047039D-02 -0.466535371730D-03 -0.508518338422D-03 -0.475746765018D-02
  0.285965472910D-02  0.274316237126D-02  0.759875156770D-03  0.319963500203D+00
 -0.376300053424D-02  0.113614606432D-02  0.165508774476D-02  0.137669222137D-01
 -0.804109438311D-02 -0.786542639989D-02 -0.203851768957D-02  0.370660081406D-02
  0.334938496463D+00  0.124617333647D-01 -0.246201190595D-02 -0.450380088160D-03
 -0.134170698022D-01  0.931905630188D-02  0.812537785869D-02  0.300247013502D-02
 -0.478326035777D-02  0.138642859028D-01  0.412867992637D+00 -0.547029969312D-02
  0.121973150385D-02  0.735342390097D-03  0.932817758527D-02 -0.594074447754D-02
 -0.548215607758D-02 -0.171858515636D-02  0.290035043439D-02 -0.817518094257D-02
  0.934634668234D-02  0.419942401091D+00 -0.617257444957D-02  0.127133581878D-02
  0.423638734890D-03  0.792844075969D-02 -0.530603254088D-02 -0.473917235164D-02
 -0.163662496219D-02  0.266792253622D-02 -0.764662479238D-02  0.791895381125D-02
 -0.533616468172D-02  0.341414276070D+00 -0.240607530107D-02  0.476764412916D-03
  0.923980200765D-04  0.262532042001D-02 -0.181801476102D-02 -0.158820450144D-02
 -0.583761535517D-03  0.931639178806D-03 -0.269801504008D-02  0.261625121656D-02
 -0.182373456922D-02 -0.154778842205D-02  0.346318584643D+00  0.190269223724D-02
 -0.488003697487D-03 -0.502385077269D-03 -0.482180258178D-02  0.291491253332D-02
  0.278540345828D-02  0.781517121598D-03 -0.137606782253D-02  0.380183329936D-02
 -0.484633338553D-02  0.295500165386D-02  0.270922244423D-02  0.944089964517D-03
  0.319900834609D+00 -0.416985663409D-02  0.125320412183D-02  0.181166898679D-02
  0.151123534665D-01 -0.883353518105D-02 -0.863615324630D-02 -0.224225671201D-02
  0.407404996367D-02 -0.110934870553D-01  0.152185924544D-01 -0.898026624316D-02
 -0.839599862785D-02 -0.296163138869D-02  0.417845722536D-02  0.332830780109D+00
  0.762289402716D-02 -0.718726262926D-03  0.276996900376D-02  0.112702373128D-01
 -0.477872166820D-02 -0.587934748536D-02 -0.432565545575D-03  0.160936910835D-02
 -0.335349016831D-02  0.115251328676D-01 -0.501432366001D-02 -0.569192923894D-02
 -0.222478551121D-02  0.172352605754D-02 -0.371793534226D-02  0.214639240975D-01
 -0.769055129940D-03  0.115571481535D-04 -0.515238963471D-03 -0.264499763277D-02
  0.129342701840D-02  0.143314694427D-02  0.219323628836D-03 -0.513494031740D-03
  0.125455259037D-02 -0.268812465292D-02  0.133672933685D-02  0.138995264648D-02
  0.520601118615D-03 -0.536836269868D-03  0.138367468471D-02 -0.756542764229D-03
  0.614669186469D+00  0.292517670287D-02 -0.471633751822D-03  0.305403730881D-03
 -0.520060422958D-03  0.772845388307D-03  0.442641431936D-03  0.398449087668D-03
 -0.510544166322D-03  0.165682738190D-02 -0.478187205129D-03  0.745192712010D-03
  0.436533323317D-03  0.977430979735D-04 -0.504730487739D-03  0.181369473316D-02
  0.273961307828D-02 -0.511143150945D-03  0.371724371365D+00  0.135463612351D-01
 -0.285631058206D-02 -0.118591813748D-02 -0.190383302945D-01  0.125262041589D-01
  0.113133338311D-01  0.378263935109D-02 -0.623656618882D-02  0.177768765384D-01
 -0.190364289505D-01  0.126135565465D-01  0.110172192125D-01  0.371857333509D-02
 -0.634005225638D-02  0.195218063839D-01  0.124701683000D-01 -0.312508194854D-02
 -0.121309392021D-02  0.465273166734D+00 -0.125921233976D-01  0.220751638450D-02
 -0.629011147816D-03  0.662399184164D-02 -0.568624477132D-02 -0.434820729401D-02
 -0.222611629994D-02  0.321886232266D-02 -0.979665200135D-02  0.649437142398D-02
 -0.562401033483D-02 -0.425128800157D-02 -0.128197402837D-02  0.322822438699D-02
 -0.107404961978D-01 -0.117361360535D-01  0.240022059614D-02 -0.596162196530D-03
  0.106513895499D-01  0.379763168378D+00  0.136956645596D-01 -0.287858062183D-02
 -0.116335747892D-02 -0.190202807446D-01  0.125416585663D-01  0.113110862268D-01
  0.379778118975D-02 -0.625224115752D-02  0.178343475670D-01 -0.190157272722D-01
  0.126270219078D-01  0.110153780370D-01  0.371480450780D-02 -0.635508079386D-02
  0.195845529423D-01  0.126105818187D-01 -0.314913848954D-02 -0.119098893189D-02
 -0.262137964393D-01  0.105849956728D-01  0.465261182013D+00 -0.115151007060D-01
  0.206402567975D-02 -0.399895957573D-03  0.717867166496D-02 -0.580313748002D-02
 -0.460086943777D-02 -0.216634109702D-02  0.320462722687D-02 -0.963998330056D-02
  0.707308384979D-02 -0.576074965593D-02 -0.449418204036D-02 -0.139252331305D-02
  0.322198108816D-02 -0.105717682726D-01 -0.107177061397D-01  0.224603284808D-02
 -0.370624910066D-03  0.111285511835D-01 -0.179171619575D-02  0.110751901202D-01
  0.378229091020D+00 -0.210402084221D-03 -0.333842899948D-03 -0.144458391040D-02
 -0.906104258339D-02  0.483952806457D-02  0.503632467539D-02  0.103133706752D-02
 -0.208183755519D-02  0.540894919481D-02 -0.916910633508D-02  0.495937086302D-02
  0.489023193938D-02  0.177979915037D-02 -0.215360403978D-02  0.595489111202D-02
 -0.315699504865D-03 -0.377946091631D-03 -0.143775047602D-02 -0.111774041390D-01
  0.738085242179D-02 -0.112386695276D-01  0.705425799692D-02  0.383976337923D+00
  0.000000000000D+00  0.000000000000D+00  0.000000000000D+00  0.000000000000D+00
  0.000000000000D+00  0.000000000000D+00  0.000000000000D+00  0.000000000000D+00
  0.000000000000D+00  0.000000000000D+00  0.000000000000D+00  0.000000000000D+00
  0.000000000000D+00  0.000000000000D+00  0.000000000000D+00  0.000000000000D+00
  0.000000000000D+00  0.000000000000D+00  0.000000000000D+00  0.000000000000D+00
  0.000000000000D+00  0.000000000000D+00  0.000000000000D+00  0.000000000000D+00
$end
