$coord
    0.79053528383954     -1.03117609059833     -4.35874313717822  h
   -0.38740552651765     -0.75953514287019     -2.99530412646595  o
    0.79554444593675      0.84992856215776     -1.18913962890795  c
    0.94151066153676      2.77094484643395     -1.94664869240295  h
    2.69016414810422      0.18814667268170     -0.69426970901973  h
   -0.79554442141960      0.84992857847132      1.18913963266532  c
   -0.94151059532766      2.77094487667779      1.94664867012020  h
   -2.69016413995126      0.18814672632605      0.69426972836796  h
    0.38740551475369     -0.75953513530169      2.99530414396887  o
   -0.79053530746294     -1.03117605699825      4.35874314888415  h
$intdef
# definitions of internal coordinates
   1 f  1.0000000000000 tors    2    3    6    9 val= 102.00000
$user-defined bonds
$redundant
     number_of_atoms            10
     degrees_of_freedom         24
     internal_coordinates       25
     frozen_coordinates          1
# definitions of redundant internals
   1 k  1.0000000000000 tors   1    2    3    6 val= 191.64794
   2 k  1.0000000000000 stre   2    1           val=   1.82217
   3 k  1.0000000000000 bend   3    1    2      val= 107.87724
   4 k  1.0000000000000 stre   3    5           val=   2.06699
   5 k  1.0000000000000 stre   3    4           val=   2.07013
   6 k  0.0706185285171 bend   4    5    3      val=   0.80886
       -0.5248649828350 bend   2    5    3
       -0.4912221788952 bend   2    4    3
        0.4741317812176 bend   6    5    3
        0.5034179160742 bend   6    4    3
   7 k  0.0023780455769 bend   4    5    3      val=   0.16514
        0.5212982968810 bend   2    5    3
       -0.5527883876425 bend   2    4    3
        0.4751513086261 bend   6    5    3
       -0.4437326480740 bend   6    4    3
   8 k -0.8890662877664 bend   4    5    3      val=   1.45747
        0.1827167242516 bend   2    5    3
        0.1974116486416 bend   2    4    3
        0.2702356683325 bend   6    5    3
        0.2533319150394 bend   6    4    3
   9 k -0.0116036067979 bend   4    5    3      val=   1.67273
        0.4652606220155 bend   2    5    3
       -0.4539550933865 bend   2    4    3
       -0.5307969347940 bend   6    5    3
        0.5436702098818 bend   6    4    3
  10 k  1.0000000000000 stre   6    8           val=   2.06699
  11 k  1.0000000000000 stre   6    7           val=   2.07013
  12 k  0.0706185540460 bend   7    8    6      val=   0.80886
       -0.5248649767333 bend   9    8    6
       -0.4912221885555 bend   9    7    6
        0.4741317992816 bend   3    8    6
        0.5034178924153 bend   3    7    6
  13 k  0.0023780143215 bend   7    8    6      val=   0.16514
        0.5212983207865 bend   9    8    6
       -0.5527883788408 bend   9    7    6
        0.4751512917302 bend   3    8    6
       -0.4437326492144 bend   3    7    6
  14 k -0.8890662851324 bend   7    8    6      val=   1.45747
        0.1827167041133 bend   9    8    6
        0.1974116471378 bend   9    7    6
        0.2702356595698 bend   3    8    6
        0.2533319493274 bend   3    7    6
  15 k -0.0116035951110 bend   7    8    6      val=   1.67273
        0.4652606006274 bend   9    8    6
       -0.4539550974848 bend   9    7    6
       -0.5307969411716 bend   3    8    6
        0.5436702187859 bend   3    7    6
  16 k  1.0000000000000 tors  10    9    6    3 val= 191.64794
  17 k  1.0000000000000 stre   9   10           val=   1.82217
  18 k  1.0000000000000 bend   6   10    9      val= 107.87724
  19 k  1.0000000000000 tors   2    3    6    9 val= 102.00000
  20 k  1.0000000000000 stre   3    2           val=   2.69295
  21 k  1.0000000000000 bend   6    2    3      val= 108.25191
  22 k  1.0000000000000 stre   6    9           val=   2.69295
  23 k  1.0000000000000 bend   3    9    6      val= 108.25191
  24 k  1.0000000000000 stre   3    6           val=   2.86143
  25 f  1.0000000000000 tors   2    3    6    9 val= 102.00000
        24 non zero eigenvalues  of BmBt
           1           4.117327914    1    0
         1
           2           3.846813196    2    0
         2
           3           3.763031348    3    0
         3
           4           3.011269079    4    0
         4
           5           2.927668723    5    0
         5
           6           2.448356445    6    0
         6
           7           2.093075302    7    0
         7
           8           1.725030600    8    0
         8
           9           1.250168303    9    0
         9
          10           1.220108401   10    0
        10
          11           1.038721218   11    0
        11
          12           0.833692053   12    0
        12
          13           0.772721227   13    0
        13
          14           0.730983024   14    0
        14
          15           0.535768099   15    0
        15
          16           0.508149023   16    0
        16
          17           0.351887411   17    0
        17
          18           0.345174881   18    0
        18
          19           0.279455901   20    0
        20
          20           0.254843668   21    0
        21
          21           0.093666227   22    0
        22
          22           0.086094819   23    0
        23
          23           0.066891732   24    0
        24
          24           0.000000000    0    1
         0.000000000         0.000000000         0.000000000         0.000000000
         0.000000000         0.000000000         0.000000000         0.000000000
         0.000000000         0.000000000         0.000000000         0.000000000
         0.000000000         0.000000000         0.000000000         0.000000000
         0.000000000         0.000000000         0.000000000         0.000000000
         0.000000000         0.000000000         0.000000000         0.000000000
         1.000000000
$end
