$energy      SCF               SCFKIN            SCFPOT            MP2
     1 -229.0248243032      228.786958     -457.811782     -.8131439746109
     2 -229.0254090019      228.781253     -457.806662     -.8130977855166
     3 -229.0254368825      228.791690     -457.817127     -.8132119505372
     4 -229.0253619987      228.788964     -457.814326     -.8132951576669
     5 -229.0253318868      228.787097     -457.812429     -.8133263253454
     6 -229.0253285706      228.787163     -457.812492     -.8133297572241
     7 -229.0253280037      228.787157     -457.812485     -.8133303427996
     8 -229.0253280037      228.787152     -457.812480     -.8133303508298
     9 -229.0253279639      228.787142     -457.812470     -.8133303487828
    10 -229.0253277671      228.787144     -457.812471     -.8133305586235
    11 -229.0253277669      228.787144     -457.812472     -.8133305737935
    12 -229.0253277411      228.787141     -457.812469     -.8133306038595
    13 -229.0253276659      228.787141     -457.812469     -.8133306704674
$end
