$grad          cartesian gradients
  cycle =      1 MP2 energy =     -229.8379682778 |dE/dxyz| =  0.009930
    0.61717820219683     -0.80386893740857     -4.48723177331203      h
   -0.38049251733095     -0.77170921656283     -2.96791386541366      o
    0.81315381586280      0.84710446985049     -1.17843143334470      c
    0.97406095027642      2.78374940527321     -1.89652334621122      h
    2.71291640084692      0.17538714616850     -0.69695478784961      h
   -0.81326567900651      0.84700119468135      1.17842182053709      c
   -0.97446735348653      2.78361325444119      1.89649424528900      h
   -2.71293544626028      0.17499242902516      0.69692148874678      h
    0.38063463320743     -0.77157224414549      2.96795039299772      o
   -0.61767556254153     -0.80479648974218      4.48682892282915      h
  -.26517502321948D-02  -.19198271144644D-03  0.11784678618669D-02
  0.66910899064432D-03  -.18533690357003D-03  -.38678700545347D-03
  0.39635293667093D-02  -.59108193296797D-03  0.24662823699464D-02
  0.87336422020334D-03  0.14115812987519D-02  0.29241727536378D-02
  0.21849036846313D-02  -.44338939186861D-03  -.13511361374040D-02
  -.39600020140060D-02  -.58577045830432D-03  -.24642735426481D-02
  -.87193709290601D-03  0.14058195169464D-02  -.29250100106755D-02
  -.21904162426933D-02  -.44429551991410D-03  0.13488061546801D-02
  -.66631230186065D-03  -.18308331274586D-03  0.38692894551939D-03
  0.26495116213312D-02  -.19246065901890D-03  -.11774513879725D-02
  cycle =      2 MP2 energy =     -229.8385067874 |dE/dxyz| =  0.006028
    0.67956678827862     -0.88244315709638     -4.45143410792889      h
   -0.40210714526121     -0.74588399772531     -2.99186527918052      o
    0.79110025255710      0.86311949049170     -1.19502771482680      c
    0.93534658832217      2.79342669097790     -1.93095222470382      h
    2.69389511069206      0.20246464896108     -0.72910814262043      h
   -0.79128517828880      0.86297241362475      1.19500314631863      c
   -0.93576998920723      2.79321898752147      1.93103654319880      h
   -2.69399562684302      0.20211326912168      0.72902415228230      h
    0.40212138883500     -0.74596627784140      2.99176445225089      o
   -0.67976474532008     -0.88312105645465      4.45112083947835      h
  -.93633202321874D-03  -.28158219375085D-03  -.48650405213824D-03
  0.25537962290567D-03  0.14191649246884D-02  -.55045695440725D-03
  0.26075156589416D-02  -.17475754201466D-02  0.11952051267455D-02
  0.56280044014478D-03  0.52829164996515D-03  0.11560580327927D-02
  0.38155261259210D-03  0.80106337448815D-04  -.11114672574243D-02
  -.26080440974936D-02  -.17450627412958D-02  -.11937596028680D-02
  -.56275625206592D-03  0.52759601344210D-03  -.11549763851733D-02
  -.38201054409637D-03  0.80374658014359D-04  0.11100304454866D-02
  -.25329446405919D-03  0.14207340033359D-02  0.54974225422022D-03
  0.93518904686785D-03  -.28204731469073D-03  0.48612839317785D-03
  cycle =      3 MP2 energy =     -229.8386488330 |dE/dxyz| =  0.006562
    0.71696166245990     -0.96540597372531     -4.38877296435627      h
   -0.42765827949531     -0.72253136932270     -2.99123337447222      o
    0.77694379517173      0.88377225849749     -1.20128116956471      c
    0.90814392301570      2.80777006689139     -1.95441207307276      h
    2.68108587298168      0.22712481468300     -0.73904210334844      h
   -0.77715993241046      0.88357839993512      1.20123544522715      c
   -0.90856793367614      2.80748918512983      1.95455694786540      h
   -2.68122691532295      0.22678013549689      0.73891505423254      h
    0.42759387085015     -0.72277466121734      2.99104336377410      o
   -0.71700861980970     -0.96590184478752      4.38855253798371      h
  0.82796662467466D-04  -.63651081056104D-04  -.34230403818647D-03
  -.94357308518411D-03  0.26943877177255D-02  -.25650742574346D-03
  0.19022285840005D-02  -.27948045870327D-02  0.12670618692964D-02
  0.59055450775114D-05  0.30023267314494D-04  0.18529636220266D-03
  -.13743341924366D-03  0.13388104552481D-03  -.28113977210514D-03
  -.19026220847520D-02  -.27949903770463D-02  -.12685773372428D-02
  -.62745938740338D-05  0.30450672574123D-04  -.18466678871576D-03
  0.13860320887549D-03  0.13424627005787D-03  0.28079991990532D-03
  0.94282084962405D-03  0.26942554082536D-02  0.25779442796647D-03
  -.82451667000161D-04  -.63798378136748D-04  0.34224278245620D-03
  cycle =      4 MP2 energy =     -229.8386571564 |dE/dxyz| =  0.006488
    0.72141887452482     -0.98660635574064     -4.37276487823621      h
   -0.43434991199897     -0.71766247631829     -2.98985139222524      o
    0.77543440203527      0.89035653078172     -1.20212357662932      c
    0.90660448167701      2.81274923978353     -1.95949534866001      h
    2.67916689679905      0.23189423625983     -0.73862094770306      h
   -0.77565834690128      0.89015938481419      1.20207756118036      c
   -0.90702486106863      2.81246228272559      1.95964436634874      h
   -2.67932214516391      0.23155168206020      0.73850131844196      h
    0.43428318429628     -0.71791858384099      2.98964544963641      o
   -0.72144513043505     -0.98708492894430      4.37254911211486      h
  0.37925529444482D-04  -.38837654757762D-05  -.42198095152823D-04
  -.13502972254438D-02  0.24217065990486D-02  -.77337804914368D-03
  0.20883571009618D-02  -.25499054164340D-02  0.13711230495601D-02
  -.32044503925799D-04  0.60180878730165D-04  0.47902250195575D-04
  0.63226471458400D-05  0.71747709279757D-04  0.26632852236919D-05
  -.20881698884363D-02  -.25497982462994D-02  -.13714717676369D-02
  0.31904890278378D-04  0.60277628860295D-04  -.47627493954483D-04
  -.60174860134765D-05  0.71770005769078D-04  -.28975283414834D-05
  0.13497499188073D-02  0.24217359663821D-02  0.77373262624025D-03
  -.37730982992201D-04  -.38314463997047D-05  0.42151724131578D-04
  cycle =      5 MP2 energy =     -229.8386582121 |dE/dxyz| =  0.006386
    0.72076327005484     -0.98994602955879     -4.37037930705462      h
   -0.43571183230708     -0.71695335157894     -2.98902682993932      o
    0.77593109824527      0.89223282429856     -1.20203791697093      c
    0.90880217183383      2.81376909812451     -1.96092321163380      h
    2.67880201632744      0.23162650874600     -0.73780871502192      h
   -0.77615567692499      0.89203747864381      1.20199314265607      c
   -0.90922066764484      2.81348588662054      1.96106631652789      h
   -2.67895988570312      0.23128432171954      0.73769742851068      h
    0.43564953548097     -0.71720145486120      2.98882399034192      o
   -0.72079258559772     -0.99043427057319      4.37015676685253      h
  -.14959053770802D-04  -.93696327163606D-06  0.22507570738739D-04
  -.14640223116684D-02  0.21976960767205D-02  -.96658085676626D-03
  0.23059273242358D-02  -.22644802064815D-02  0.14251813753983D-02
  -.26387387038751D-05  0.38588173071119D-04  0.29578476297587D-04
  0.33590109234538D-04  0.29092267814113D-04  0.30059268819771D-04
  -.23056211667298D-02  -.22644008481163D-02  -.14251768054928D-02
  0.26390680101240D-05  0.38529692625744D-04  -.29569270317387D-04
  -.33681803564001D-04  0.29039538827713D-04  -.30185155461770D-04
  0.14638327427008D-02  0.21977838421412D-02  0.96664915686606D-03
  0.14933830235986D-04  -.91161817317165D-06  -.22463762317404D-04
  cycle =      6 MP2 energy =     -229.8386583278 |dE/dxyz| =  0.006357
    0.72019492379024     -0.98882247511437     -4.37093842268289      h
   -0.43563149091347     -0.71704031441026     -2.98872334949036      o
    0.77620476361010      0.89239134025510     -1.20184444775001      c
    0.90989438612814      2.81347569414330     -1.96142434680607      h
    2.67856353845263      0.23072419740639     -0.73751537829959      h
   -0.77642860017643      0.89219674764189      1.20179978620479      c
   -0.91031263024398      2.81319442402605      1.96156454922901      h
   -2.67872038348012      0.23038179019482      0.73740692049482      h
    0.43557074424331     -0.71728435054841      2.98852352531171      o
   -0.72022780764582     -0.98931604201368      4.37071282805710      h
  -.47244486944820D-06  -.32719030137462D-05  -.42633830794614D-05
  -.14708431285912D-02  0.21706661158429D-02  -.93910749163761D-03
  0.23510041726928D-02  -.21719558624631D-02  0.14843690307864D-02
  0.28903993848362D-05  -.10279406317260D-05  0.73127482271840D-05
  -.40136571279881D-05  0.56270737359698D-05  0.16842468003597D-05
  -.23507972291821D-02  -.21720817020463D-02  -.14845558360910D-02
  -.28809141070507D-05  -.10303111745991D-05  -.73386951384702D-05
  0.40086691619479D-05  0.56321500175871D-05  -.16859123197488D-05
  0.14706361750543D-02  0.21707155333583D-02  0.93931854735185D-03
  0.46795797326027D-06  -.32731977445133D-05  0.42667450466105D-05
  cycle =      7 MP2 energy =     -229.8386583465 |dE/dxyz| =  0.006355
    0.72024061805987     -0.98875048276103     -4.37093720508999      h
   -0.43563802326869     -0.71704065656662     -2.98875884527421      o
    0.77617988309823      0.89239460169207     -1.20182943371352      c
    0.90986289706404      2.81345035334345     -1.96150064703840      h
    2.67854012936133      0.23067453288299     -0.73752649783397      h
   -0.77640369452501      0.89220007884816      1.20178473041986      c
   -0.91028118572022      2.81316911951875      1.96164097132474      h
   -2.67869692489805      0.23033212654786      0.73741810129492      h
    0.43557726557955     -0.71728463497273      2.98855896165799      o
   -0.72027352098647     -0.98924402695208      4.37071152852107      h
  -.45712214014060D-06  -.91879816110918D-06  -.54412309546947D-06
  -.14708388610636D-02  0.21673139162131D-02  -.94917267578420D-03
  0.23392957593242D-02  -.21667931251246D-02  0.15043943436113D-02
  0.10576416509256D-05  -.27360018917122D-06  0.10050225673908D-06
  -.10363514717504D-05  0.69869027341518D-06  0.20551887278120D-05
  -.23390791373199D-02  -.21669154438144D-02  -.15045889150004D-02
  -.10533226666443D-05  -.26852948042944D-06  -.10957230256459D-06
  0.10411790696274D-05  0.70005012120511D-06  -.20476259918745D-05
  0.14706123869521D-02  0.21673730698906D-02  0.94937264765793D-03
  0.45782776458836D-06  -.91627418752349D-06  0.54023128726044D-06
  cycle =      8 MP2 energy =     -229.8386583545 |dE/dxyz| =  0.006356
    0.79056060560926     -1.03135499713891     -4.35865672229395      h
   -0.38741559416928     -0.75951996956574     -2.99528719351138      o
    0.79554752077886      0.84993997346572     -1.18914817032747      c
    0.94154737559170      2.77095233374977     -1.94665873498045      h
    2.69014885552567      0.18814585090277     -0.69423454755074      h
   -0.79554747469087      0.84993998700312      1.18914818815234      c
   -0.94154705172502      2.77095242847586      1.94665862895066      h
   -2.69014888797488      0.18814608487345      0.69423465758728      h
    0.38741552719378     -0.75952004953476      2.99528715624290      o
   -0.79056038312454     -1.03135424150283      4.35865709744157      h
  -.48693269105726D-06  -.21692545028040D-05  -.50584591626546D-06
  -.14552136061745D-02  0.21688237292734D-02  -.97192575315130D-03
  0.23154265710055D-02  -.21673947517051D-02  0.15406206670444D-02
  0.92402489793031D-06  -.12834363039005D-06  0.21261276628159D-06
  -.14246294339770D-05  0.87857504327271D-06  0.21472006830336D-05
  -.23154341519005D-02  -.21674240139435D-02  -.15406105952869D-02
  -.91969537152625D-06  -.12477505073605D-06  -.22192033188873D-06
  0.14290214256363D-05  0.88078794024948D-06  -.21425992208779D-05
  0.14552098873581D-02  0.21688171566066D-02  0.97191873905889D-03
  0.48951116715656D-06  -.21591542449517D-05  0.50749475732914D-06
  cycle =      9 MP2 energy =     -229.8386583127 |dE/dxyz| =  0.006354
    0.79053512492242     -1.03116982451977     -4.35877624224186      h
   -0.38737603482219     -0.75956887569658     -2.99530459738243      o
    0.79555709852377      0.84989118343998     -1.18913643959024      c
    0.94154863682395      2.77090582272294     -1.94664364357258      h
    2.69016389221894      0.18810468362537     -0.69422271889251      h
   -0.79555693266318      0.84989139912898      1.18913653714375      c
   -0.94154834110119      2.77090623178592      1.94664330865214      h
   -2.69016376774598      0.18810490358765      0.69422299954809      h
    0.38737616867730     -0.75956835696089      2.99530495715077      o
   -0.79053535181915     -1.03116976638516      4.35877619889564      h
  -.14379884394344D-05  0.13650216490468D-06  -.90503582184098D-06
  -.14542022010700D-02  0.21656869076949D-02  -.97357977480339D-03
  0.23142029565353D-02  -.21660955711105D-02  0.15447158228709D-02
  0.58213162756893D-06  -.22396897136900D-06  -.84589425020098D-07
  -.49414210678833D-06  0.49909342525467D-06  0.15486522656483D-05
  -.23142060070196D-02  -.21661108365416D-02  -.15447072329010D-02
  -.57972734901490D-06  -.21852559006774D-06  0.78169805961537D-07
  0.49419194603217D-06  0.49909778754298D-06  -.15455117103880D-05
  0.14542084411904D-02  0.21656960220344D-02  0.97357951107924D-03
  0.14323441019926D-05  0.13123435482765D-06  0.89998806895863D-06
  cycle =     10 MP2 energy =     -229.8386583257 |dE/dxyz| =  0.006357
    0.79056008175093     -1.03123255900789     -4.35872394503879      h
   -0.38739083449158     -0.75955584802936     -2.99530146944158      o
    0.79555160367599      0.84990667575020     -1.18913651142140      c
    0.94152922435968      2.77092227090759     -1.94664476895692      h
    2.69016611372981      0.18812252084913     -0.69424516856769      h
   -0.79555148774092      0.84990682058068      1.18913655201764      c
   -0.94152894810225      2.77092251408425      1.94664461213637      h
   -2.69016605374187      0.18812276817130      0.69424529680527      h
    0.38739085277691     -0.75955563786844      2.99530161930676      o
   -0.79056005920202     -1.03123212470903      4.35872414287112      h
  -.17584215994404D-06  -.13376900352968D-05  0.40659199207482D-06
  -.14563319877867D-02  0.21668827326913D-02  -.97447970724129D-03
  0.23146850865197D-02  -.21656592890835D-02  0.15468558210175D-02
  0.25089635191655D-06  -.25806714543108D-07  0.10710951259263D-06
  0.20926565991175D-06  0.14243951129700D-06  0.84454882881557D-06
  -.23146853314007D-02  -.21656646050636D-02  -.15468508211788D-02
  -.24979165946792D-06  -.23221587319711D-07  -.10835621666594D-06
  -.20920223198218D-06  0.14326655262131D-06  -.84379629783360D-06
  0.14563279573068D-02  0.21668728601680D-02  0.97447127149763D-03
  0.17894956139131D-06  -.13307301002241D-05  -.40266256018384D-06
  cycle =     11 MP2 energy =     -229.8386583407 |dE/dxyz| =  0.006357
    0.79053142408276     -1.03120332019445     -4.35872923213456      h
   -0.38741053698787     -0.75952669327606     -2.99529900287322      o
    0.79554373340655      0.84993578696074     -1.18914175558982      c
    0.94151632745257      2.77095141625219     -1.94665089521674      h
    2.69016151272988      0.18815165894968     -0.69426289283579      h
   -0.79554372543715      0.84993579662251      1.18914176621882      c
   -0.94151625412468      2.77095145599064      1.94665086325750      h
   -2.69016152799271      0.18815171733164      0.69426293776816      h
    0.38741052686965     -0.75952670537853      2.99529899305269      o
   -0.79053141650716     -1.03120327627825      4.35872924838463      h
  -.51954944968458D-06  -.79667647157056D-06  -.11483097139831D-07
  -.14560613706074D-02  0.21664341368162D-02  -.97390283960053D-03
  0.23147801396508D-02  -.21657278069371D-02  0.15466533309829D-02
  0.26649274098567D-06  -.27583677564280D-07  0.10255073945586D-06
  0.20794542798797D-06  0.12086810063927D-06  0.86391979109424D-06
  -.23147811879545D-02  -.21657345786390D-02  -.15466484271274D-02
  -.26626744953351D-06  -.24836006584650D-07  -.10394962424165D-06
  -.20760796237695D-06  0.12077154798451D-06  -.86293133305659D-06
  0.14560614305230D-02  0.21664321168302D-02  0.97389808179393D-03
  0.51997469840970D-06  -.79645649220250D-06  0.11747727679534D-07
  cycle =     12 MP2 energy =     -229.8386583450 |dE/dxyz| =  0.006356
    0.79052311875196     -1.03113682672102     -4.35877270940095      h
   -0.38739659010304     -0.75954416558370     -2.99530609361361      o
    0.79554736688750      0.84991848216952     -1.18913836503713      c
    0.94151805378157      2.77093476399675     -1.94664651013015      h
    2.69016500770863      0.18813657338610     -0.69425957475620      h
   -0.79554732605726      0.84991851993873      1.18913838415419      c
   -0.94151798450202      2.77093484226044      1.94664643826457      h
   -2.69016497909347      0.18813661959970      0.69425963377511      h
    0.38739660933046     -0.75954407186884      2.99530617150080      o
   -0.79052321321249     -1.03113690019757      4.35877265527505      h
  -.72787431104615D-06  0.53998747473472D-06  -.55084051986398D-06
  -.14556643420667D-02  0.21647414402972D-02  -.97432307040002D-03
  0.23150520147972D-02  -.21654668037261D-02  0.15480883891782D-02
  0.21730307686596D-06  -.26964666943741D-07  -.40065072148820D-07
  -.56115878166452D-07  0.21393863480768D-06  0.57087871380146D-06
  -.23150512557764D-02  -.21654713925376D-02  -.15480874818897D-02
  -.21708809594401D-06  -.25861413011086D-07  0.37890208748337D-07
  0.55749973970620D-07  0.21360212132393D-06  -.56978661910900D-06
  0.14556655239479D-02  0.21647448959383D-02  0.97432532430908D-03
  0.72608447654332D-06  0.53711388825484D-06  0.54876097976830D-06
  cycle =     13 MP2 energy =     -229.8386583364 |dE/dxyz| =  0.006358
    0.79053528383954     -1.03117609059833     -4.35874313717822      h
   -0.38740552651765     -0.75953514287019     -2.99530412646595      o
    0.79554444593675      0.84992856215776     -1.18913962890795      c
    0.94151066153676      2.77094484643395     -1.94664869240295      h
    2.69016414810422      0.18814667268170     -0.69426970901973      h
   -0.79554442141960      0.84992857847132      1.18913963266532      c
   -0.94151059532766      2.77094487667779      1.94664867012020      h
   -2.69016413995126      0.18814672632605      0.69426972836796      h
    0.38740551475369     -0.75953513530169      2.99530414396887      o
   -0.79053530746294     -1.03117605699825      4.35874314888415      h
  0.92383447558575D-08  -.74049347154048D-06  0.22461565452048D-06
  -.14567929839924D-02  0.21659171576323D-02  -.97478005587170D-03
  0.23155076934280D-02  -.21652856817194D-02  0.15484184113448D-02
  0.14206172427311D-06  0.18783126165545D-08  0.37648374640042D-07
  0.38688687808985D-08  0.10860054888706D-06  0.31110273668311D-06
  -.23155070425651D-02  -.21652879644583D-02  -.15484180414548D-02
  -.14171491757864D-06  0.20231851749486D-08  -.38452016681845D-07
  -.40365919495855D-08  0.10880264067481D-06  -.31050729115689D-06
  0.14567912062446D-02  0.21659145482991D-02  0.97477896771903D-03
  -.82903106601862D-08  -.73891608143306D-06  -.22368732244260D-06
$end
