$hessapprox internal
  0.295544761283D-01  0.761879645650D-03  0.614819896180D+00 -0.351969977748D-02
  0.214885117600D-02  0.356296298991D+00  0.627111639001D-03  0.502912560964D-03
 -0.340342590791D-02  0.426069089808D+00 -0.136126803115D-03 -0.613147418254D-04
  0.408169909775D-03  0.709998409722D-04  0.424101323253D+00  0.313823186476D-02
 -0.156961712096D-02  0.112006834777D-01  0.254863511567D-02 -0.307735806601D-03
  0.338411206807D+00  0.200246624474D-02 -0.109367333006D-02  0.778347297959D-02
  0.175549956061D-02 -0.211309592991D-03 -0.571125326943D-02  0.343416852542D+00
 -0.790263304795D-03  0.135298178278D-03 -0.102447808649D-02 -0.277061312215D-03
  0.353129475622D-04  0.733742430175D-03  0.515989403779D-03  0.321235466674D+00
 -0.495326514578D-02  0.149124331175D-02 -0.108652322182D-01 -0.263902883391D-02
  0.325703035610D-03  0.789885623265D-02  0.551594881803D-02 -0.646421438602D-03
  0.338379872832D+00  0.625760227015D-03  0.502062281139D-03 -0.339770474742D-02
 -0.635332597592D-03  0.708847227396D-04  0.254434070889D-02  0.175254478820D-02
 -0.276585397565D-03 -0.263454770339D-02  0.426071177770D+00 -0.134540700171D-03
 -0.580801396374D-04  0.386002159084D-03  0.666366847612D-04 -0.714947885427D-05
 -0.291220937710D-03 -0.199907133331D-03  0.335938705398D-04  0.308891683445D-03
  0.665287778223D-04  0.424102283486D+00  0.314929986083D-02 -0.157381250827D-02
  0.112309256890D-01  0.255574311756D-02 -0.308603650322D-03 -0.823200416575D-02
 -0.572664087052D-02  0.735634742929D-03  0.791979126671D-02  0.255143668715D-02
 -0.292043115526D-03  0.338366991086D+00  0.198181616057D-02 -0.109186209642D-02
  0.776861513271D-02  0.175067886568D-02 -0.210666606984D-03 -0.570092570187D-02
 -0.396370941667D-02  0.515580443418D-03  0.550796261762D-02  0.174773251325D-02
 -0.199292886720D-03 -0.571628818009D-02  0.343431589945D+00 -0.790714709952D-03
  0.135293043333D-03 -0.102449385007D-02 -0.277103936590D-03  0.353197455929D-04
  0.733738720939D-03  0.515991761970D-03 -0.498726025800D-04 -0.646365001253D-03
 -0.276627942061D-03  0.336004600978D-04  0.735630951860D-03  0.515583262874D-03
  0.321235494861D+00 -0.492759736034D-02  0.148377784423D-02 -0.108107398140D-01
 -0.262572120176D-02  0.324057779793D-03  0.785926929030D-02  0.548829516886D-02
 -0.643207703732D-03 -0.733692200005D-02 -0.262126268184D-02  0.307331083765D-03
  0.788009953743D-02  0.548034814276D-02 -0.643151572288D-03  0.338453402475D+00
  0.153020425163D-01  0.759464161665D-03 -0.351012533765D-02  0.623582576475D-03
 -0.135459243968D-03  0.312898225076D-02  0.199675379085D-02 -0.787399019048D-03
 -0.493663608673D-02  0.622238288966D-03 -0.133886106405D-03  0.314001486619D-02
  0.197618210115D-02 -0.787848618462D-03 -0.491105501253D-02  0.294293879167D-01
  0.760004962670D-03 -0.298400736531D-03  0.214791533857D-02  0.502558793022D-03
 -0.612660689225D-04 -0.156898622942D-02 -0.109321663355D-02  0.135292068083D-03
  0.149082704411D-02  0.501709138357D-03 -0.580335147857D-04 -0.157318017933D-02
 -0.109140454640D-02  0.135286978079D-03  0.148336357963D-02  0.757596718634D-03
  0.614820105934D+00 -0.350814820899D-02  0.214785088463D-02 -0.152376785470D-01
 -0.340074733786D-02  0.407812320090D-03  0.111949724867D-01  0.777939794155D-02
 -0.102425601168D-02 -0.108608314241D-01 -0.339503085742D-02  0.385660524984D-03
  0.112252008264D-01  0.776453783209D-02 -0.102427203395D-02 -0.108063605985D-01
 -0.349861764926D-02  0.214691456216D-02  0.356312745940D+00  0.137340619935D-02
 -0.184507782892D-02  0.129035030643D-01  0.274030220797D-02 -0.322596235940D-03
 -0.953462272812D-02 -0.660801193098D-02  0.922033334690D-03  0.943853041991D-02
  0.273572525817D-02 -0.304499685759D-03 -0.956062403018D-02 -0.659372785538D-02
  0.922091115110D-03  0.939111140965D-02  0.137174201920D-02 -0.184412116263D-02
  0.128955860322D-01  0.481237016232D+00 -0.132672571193D-01 -0.115012944543D-02
  0.644019982224D-02  0.149144057975D-03  0.376717786478D-04 -0.523523128852D-02
 -0.347538161905D-02  0.937794873717D-03  0.681951174289D-02  0.149164433839D-03
  0.409219012014D-04 -0.525173298115D-02 -0.345340032723D-02  0.938209905553D-03
  0.678455681001D-02 -0.132121278396D-01 -0.114822141490D-02  0.642792247226D-02
 -0.398644592137D-02  0.393155768925D+00  0.137446804213D-02 -0.184869145044D-02
  0.129285900301D-01  0.274548943558D-02 -0.323200524956D-03 -0.955321484432D-02
 -0.662087965145D-02  0.923881003486D-03  0.945712386197D-02  0.274090385296D-02
 -0.305069457983D-03 -0.957926710431D-02 -0.660656609278D-02  0.923938940759D-03
  0.940961135861D-02  0.137280707698D-02 -0.184773275931D-02  0.129206566460D-01
 -0.107824161856D-01 -0.399272952666D-02  0.481195458279D+00 -0.133208434495D-01
 -0.115623310863D-02  0.647628709922D-02  0.151792487540D-03  0.375873140103D-04
 -0.526385782474D-02 -0.349459197633D-02  0.942339272676D-03  0.685458759409D-02
  0.151809549049D-03  0.408642496120D-04 -0.528044674088D-02 -0.347250960742D-02
  0.942756055621D-03  0.681945358507D-02 -0.132654885016D-01 -0.115431651464D-02
  0.646395333940D-02 -0.401084367038D-02  0.107767869776D-01 -0.401716855395D-02
  0.393238373932D+00 -0.425132165788D-02  0.999263109667D-03 -0.738647138798D-02
 -0.187128166157D-02  0.234008756129D-03  0.533966539056D-02  0.373865534669D-02
 -0.409196236244D-03 -0.487929501436D-02 -0.186808925551D-02  0.222213645785D-03
  0.535367429907D-02  0.373416705339D-02 -0.409133401750D-03 -0.485495383254D-02
 -0.423647150243D-02  0.999070751259D-03 -0.738400709260D-02  0.650429111092D-02
  0.544227726945D-02  0.651718986882D-02  0.546950606440D-02  0.392716300893D+00
  0.000000000000D+00  0.000000000000D+00  0.000000000000D+00  0.000000000000D+00
  0.000000000000D+00  0.000000000000D+00  0.000000000000D+00  0.000000000000D+00
  0.000000000000D+00  0.000000000000D+00  0.000000000000D+00  0.000000000000D+00
  0.000000000000D+00  0.000000000000D+00  0.000000000000D+00  0.000000000000D+00
  0.000000000000D+00  0.000000000000D+00  0.000000000000D+00  0.000000000000D+00
  0.000000000000D+00  0.000000000000D+00  0.000000000000D+00  0.000000000000D+00
$end
