$coord
    0.81126610753843     -1.27633845629344     -4.13666652824620  h
   -0.38187595056113     -0.89321754063826     -2.81539883061251  o
    0.69431839867061      1.00232511875526     -1.24247902221422  c
    0.50686015840873      2.86498095502820     -2.13047376040474  h
    2.69724968176461      0.64556860820802     -0.87113640473922  h
   -0.69431745292966      1.00232591119903      1.24247938404999  c
   -0.50685677539556      2.86498144143188      2.13047430457401  h
   -2.69724926105960      0.64557188113753      0.87113685022826  h
    0.38187489577999     -0.89321859118062      2.81539828771210  o
   -0.81126084289721     -1.27632713951930      4.13667535027792  h
$intdef
# definitions of internal coordinates
   1 f  1.0000000000000 tors    2    3    6    9 val=  84.00000
$user-defined bonds
$redundant
     number_of_atoms            10
     degrees_of_freedom         24
     internal_coordinates       25
     frozen_coordinates          1
# definitions of redundant internals
   1 k  1.0000000000000 tors   1    2    3    6 val= 198.57532
   2 k  1.0000000000000 stre   2    1           val=   1.82102
   3 k  1.0000000000000 bend   3    1    2      val= 108.09612
   4 k  1.0000000000000 stre   3    5           val=   2.06807
   5 k  1.0000000000000 stre   3    4           val=   2.07199
   6 k  0.0806691897814 bend   4    5    3      val=   1.01650
       -0.5211199806155 bend   2    5    3
       -0.4954072015932 bend   2    4    3
        0.4810202756819 bend   6    5    3
        0.4950935735958 bend   6    4    3
   7 k  0.0059215737337 bend   4    5    3      val=   0.04545
       -0.5292502596467 bend   2    5    3
        0.5492527195041 bend   2    4    3
       -0.4680045373540 bend   6    5    3
        0.4462648325398 bend   6    4    3
   8 k -0.8885808185764 bend   4    5    3      val=   1.40304
        0.1766232976947 bend   2    5    3
        0.1938237552204 bend   2    4    3
        0.2682454450696 bend   6    5    3
        0.2640171825493 bend   6    4    3
   9 k -0.0070892242855 bend   4    5    3      val=   1.02245
        0.4584959202413 bend   2    5    3
       -0.4557653923104 bend   2    4    3
       -0.5331396019886 bend   6    5    3
        0.5456842548440 bend   6    4    3
  10 k  1.0000000000000 stre   6    8           val=   2.06807
  11 k  1.0000000000000 stre   6    7           val=   2.07199
  12 k  0.0806692389553 bend   7    8    6      val=   1.01650
       -0.5211199069951 bend   9    8    6
       -0.4954072935137 bend   9    7    6
        0.4810202974008 bend   3    8    6
        0.4950935299938 bend   3    7    6
  13 k  0.0059215096618 bend   7    8    6      val=   0.04545
       -0.5292503196921 bend   9    8    6
        0.5492526607652 bend   9    7    6
       -0.4680044747652 bend   3    8    6
        0.4462649001112 bend   3    7    6
  14 k -0.8885807794649 bend   7    8    6      val=   1.40305
        0.1766233762301 bend   9    8    6
        0.1938236923587 bend   9    7    6
        0.2682454989038 bend   3    8    6
        0.2640172530970 bend   3    7    6
  15 k -0.0070891720139 bend   7    8    6      val=   1.02244
        0.4584959191615 bend   9    8    6
       -0.4557653991602 bend   9    7    6
       -0.5331396497261 bend   3    8    6
        0.5456842040692 bend   3    7    6
  16 k  1.0000000000000 tors  10    9    6    3 val= 198.57479
  17 k  1.0000000000000 stre   9   10           val=   1.82102
  18 k  1.0000000000000 bend   6   10    9      val= 108.09612
  19 k  1.0000000000000 tors   2    3    6    9 val=  84.00000
  20 k  1.0000000000000 stre   3    2           val=   2.68800
  21 k  1.0000000000000 bend   6    2    3      val= 108.39155
  22 k  1.0000000000000 stre   6    9           val=   2.68800
  23 k  1.0000000000000 bend   3    9    6      val= 108.39153
  24 k  1.0000000000000 stre   3    6           val=   2.84663
  25 f  1.0000000000000 tors   2    3    6    9 val=  84.00000
        24 non zero eigenvalues  of BmBt
           1           4.327802380    1    0
         1
           2           3.812900463    2    0
         2
           3           3.739561676    3    0
         3
           4           3.033046155    4    0
         4
           5           2.889512637    5    0
         5
           6           2.429715967    6    0
         6
           7           2.078951729    7    0
         7
           8           1.733191326    8    0
         8
           9           1.249012426    9    0
         9
          10           1.232394642   10    0
        10
          11           1.034757585   11    0
        11
          12           0.829109814   12    0
        12
          13           0.773062374   13    0
        13
          14           0.730430880   14    0
        14
          15           0.586443273   15    0
        15
          16           0.469723741   16    0
        16
          17           0.352844378   17    0
        17
          18           0.348963757   18    0
        18
          19           0.279770292   20    0
        20
          20           0.253423522   21    0
        21
          21           0.110859276   22    0
        22
          22           0.073005521   23    0
        23
          23           0.066465490   24    0
        24
          24           0.000000000    0    1
         0.000000000         0.000000000         0.000000000         0.000000000
         0.000000000         0.000000000         0.000000000         0.000000000
         0.000000000         0.000000000         0.000000000         0.000000000
         0.000000000         0.000000000         0.000000000         0.000000000
         0.000000000         0.000000000         0.000000000         0.000000000
         0.000000000         0.000000000         0.000000000         0.000000000
         1.000000000
$end
