$energy      SCF               SCFKIN            SCFPOT            MP2
     1 -229.0269503288      228.766732     -457.793682     -.8130314828863
     2 -229.0275290540      228.782911     -457.810440     -.8130022741081
     3 -229.0276597266      228.797850     -457.825510     -.8131065882263
     4 -229.0276302620      228.791253     -457.818883     -.8131629050086
     5 -229.0276243042      228.789266     -457.816890     -.8131745104188
     6 -229.0276431046      228.790533     -457.818176     -.8131562845671
     7 -229.0276473596      228.790604     -457.818251     -.8131520995722
     8 -229.0276473598      228.790597     -457.818245     -.8131520739307
     9 -229.0276472390      228.790563     -457.818211     -.8131521482407
    10 -229.0276471246      228.790559     -457.818207     -.8131523324182
    11 -229.0276471246      228.790557     -457.818204     -.8131523048622
    12 -229.0276471658      228.790565     -457.818212     -.8131522635774
    13 -229.0276472333      228.790567     -457.818214     -.8131521975198
$end
