$grad          cartesian gradients
  cycle =      1 MP2 energy =     -229.8399818117 |dE/dxyz| =  0.010346
    0.51092503590382     -0.94959913680949     -4.37935467849189      h
   -0.37021251288441     -0.91124732328753     -2.78975291201474      o
    0.71895874099808      1.00027487423211     -1.23817773854145      c
    0.56449458735209      2.86999380907240     -2.11705911473423      h
    2.72173655795676      0.62411545758493     -0.86467175219401      h
   -0.71899829769691      1.00025341268115      1.23816577532793      c
   -0.56464590293030      2.86997439867196      2.11702803195022      h
   -2.72176499471250      0.62398003311893      0.86463226035939      h
    0.37029811253683     -0.91115389390474      2.78979261161335      o
   -0.51163263303040     -0.95033624334768      4.37893766141042      h
  -.25236331938150D-02  -.39722365723927D-03  0.10639160808013D-02
  0.55688958608613D-03  -.12286851435261D-02  -.15533472131821D-02
  0.56061149192392D-02  0.95714724146756D-03  -.55054853032321D-03
  0.15702045583513D-02  0.75667389610379D-03  0.13318845519183D-02
  0.15641617543505D-02  -.87273052581049D-04  -.13205406685610D-02
  -.56013640091765D-02  0.96058531313536D-03  0.55261977339893D-03
  -.15696937588504D-02  0.75095030289729D-03  -.13336658289325D-02
  -.15699578455783D-02  -.87137023364825D-04  0.13186013674269D-02
  -.55450505174814D-03  -.12279291091017D-02  0.15534970440143D-02
  0.25217830409623D-02  -.39710881333344D-03  -.10624165752469D-02
  cycle =      2 MP2 energy =     -229.8405313281 |dE/dxyz| =  0.005303
    0.58544119118264     -1.01881708265996     -4.32952715922879      h
   -0.40005881819003     -0.88787137073843     -2.80345275679619      o
    0.69218987632873      1.01164581856644     -1.24713141710978      c
    0.50774545433990      2.87875210023285     -2.12578199573357      h
    2.69876624338656      0.64981458557003     -0.89745895536294      h
   -0.69228936075380      1.01161158991035      1.24711625451828      c
   -0.50790233296021      2.87869935151767      2.12581596764235      h
   -2.69885240932299      0.64973136391774      0.89741258267295      h
    0.40002835656565     -0.88789115079603      2.80340276899451      o
   -0.58590950708338     -1.01941981750862      4.32914485508818      h
  -.95429032776639D-03  -.15380438391355D-03  -.38696142972672D-03
  -.34966354777843D-04  0.54089978816307D-03  -.32297151802574D-03
  0.32056637250779D-02  -.60767348033153D-03  0.70424164734773D-03
  0.72795426920511D-03  0.16666773873109D-03  0.47899584921485D-03
  0.18669454623144D-03  0.52144247464081D-04  -.78437602799850D-03
  -.32061416065252D-02  -.60513357954584D-03  -.70197570814901D-03
  -.72775774400820D-03  0.16588041859222D-03  -.47816627721620D-03
  -.18753804992322D-03  0.52578584352203D-04  0.78313845602074D-03
  0.37717547289873D-04  0.54249597577272D-03  0.32144779059617D-03
  0.95266399516736D-03  -.15405538197466D-03  0.38662721775173D-03
  cycle =      3 MP2 energy =     -229.8407663148 |dE/dxyz| =  0.005404
    0.66431507999664     -1.13689135309977     -4.22599368755099      h
   -0.44286281387220     -0.85501148388533     -2.80637615563274      o
    0.66469682175355      1.03720328071734     -1.25643321291907      c
    0.44937682116518      2.90198351069318     -2.13426186307608      h
    2.67709495177869      0.68629010025218     -0.93298041025588      h
   -0.66484079381587      1.03711834624019      1.25639041601569      c
   -0.44952863984815      2.90183757890686      2.13435513484775      h
   -2.67723180368547      0.68623137911688      0.93289542966685      h
    0.44270221796304     -0.85520434542714      2.80621972306384      o
   -0.66456314794235     -1.13730162550235      4.22572477052563      h
  0.30252902864758D-03  0.17906714644789D-03  -.39320272218024D-03
  -.12465114407041D-02  0.18464957608639D-02  0.19081860983761D-03
  0.15611701373532D-02  -.20353336449239D-02  0.16376988315812D-02
  -.20973886187391D-03  -.33313251608824D-04  0.28989228160414D-04
  -.10984465867026D-03  0.43091864889239D-04  0.19227116168502D-04
  -.15623918486831D-02  -.20353119185677D-02  -.16398275003919D-02
  0.20953447763281D-03  -.32702737601031D-04  -.28423190284954D-04
  0.11134273766000D-03  0.43386004129481D-04  -.19404695539016D-04
  0.12461707357438D-02  0.18461655968389D-02  -.18908681833718D-03
  -.30226030676728D-03  0.17845506414926D-03  0.39321114109558D-03
  cycle =      4 MP2 energy =     -229.8407931670 |dE/dxyz| =  0.004770
    0.68281636030979     -1.18627648952780     -4.18538871692626      h
   -0.45702833902662     -0.84326499322653     -2.80668561205720      o
    0.65910202293643      1.05047914905645     -1.26095260914568      c
    0.44183274411848      2.91492172334393     -2.13929023276997      h
    2.67257848127193      0.69772206889359     -0.94527357779170      h
   -0.65926050863542      1.05038329794325      1.26090609579736      c
   -0.44197774291941      2.91475062131123      2.13940096069817      h
   -2.67273782634163      0.69766971629991      0.94519077007523      h
    0.45684687225159     -0.84349767842700      2.80648727822180      o
   -0.68301337047208     -1.18663202765501      4.18514578858325      h
  0.18584997743210D-03  0.15062015107103D-03  -.68330551788343D-04
  -.14148944199812D-02  0.13344937138786D-02  -.51187961029520D-03
  0.18799294597294D-02  -.15988938039029D-02  0.10645796618374D-02
  -.16877962356034D-03  0.87253679591281D-04  0.23590096556614D-04
  0.35175750491945D-04  0.26303086232388D-04  0.93979871295530D-04
  -.18800524042533D-02  -.15985418963433D-02  -.10650449505383D-02
  0.16871034482692D-03  0.87301522626593D-04  -.23212259088412D-04
  -.34759763725134D-04  0.26272839810354D-04  -.94104561918926D-04
  0.14143214162425D-02  0.13346553256266D-02  0.51231945745922D-03
  -.18550073704926D-03  0.15053530206788D-03  0.68102845920404D-04
  cycle =      5 MP2 energy =     -229.8407988146 |dE/dxyz| =  0.004542
    0.68950751087982     -1.21494841721663     -4.16111808547691      h
   -0.46453867884248     -0.83627647917079     -2.80432396096158      o
    0.65715460250891      1.05905852369935     -1.26280397931663      c
    0.44173337053760      2.92259517447209     -2.14283698112437      h
    2.67045496061143      0.70315721624047     -0.95086012221323      h
   -0.65731891599665      1.05895718248528      1.26275593209818      c
   -0.44187476194282      2.92241390391873      2.14295171936449      h
   -2.67062420175647      0.70310695220774      0.95078006643250      h
    0.46435133651633     -0.83652590534432      2.80410902781072      o
   -0.68968652902262     -1.21528276327990      4.16088652807185      h
  0.51579988187278D-04  0.78535343704278D-04  0.58395863947069D-04
  -.13688365551046D-02  0.11006030125662D-02  -.71562613380305D-03
  0.21207322795194D-02  -.12381942100501D-02  0.81378720107517D-03
  -.58144835064692D-04  0.64132014664153D-04  0.69496439008221D-04
  0.37068713030219D-04  -.51786768700546D-05  0.36638666060865D-04
  -.21204611749055D-02  -.12379080880076D-02  -.81364508263815D-03
  0.58163343739688D-04  0.63965259283982D-04  -.69450052933684D-04
  -.37277148557724D-04  -.52598110525937D-05  -.36729487876738D-04
  0.13687069578436D-02  0.11007455096284D-02  0.71552079072479D-03
  -.51531568594942D-04  0.78559567189052D-04  -.58388202849091D-04
  cycle =      6 MP2 energy =     -229.8407993892 |dE/dxyz| =  0.004460
    0.68882614313256     -1.21790979677559     -4.15897371716613      h
   -0.46500872537658     -0.83522278959490     -2.80308479655221      o
    0.65722576839983      1.06026462247001     -1.26254610857524      c
    0.44332292140216      2.92309294126391     -2.14409535954988      h
    2.67019163293573      0.70336087077373     -0.95071510127223      h
   -0.65738949610587      1.06016353126222      1.26249840133637      c
   -0.44346464446212      2.92291378819143      2.14420749229077      h
   -2.67035965572282      0.70331039380391      0.95063663273153      h
    0.46482301742024     -0.83547039327167      2.80287303288392      o
   -0.68900826813009     -1.21824778011102      4.15873966855812      h
  0.21972875846821D-04  0.12855522837585D-04  0.10971405597360D-05
  -.12545906137369D-02  0.12184650488951D-02  -.62197914853268D-03
  0.20207618735806D-02  -.12189202814357D-02  0.96426987758091D-03
  -.12262132357417D-04  -.11105522634836D-05  0.29180353629643D-04
  -.18241940666908D-04  -.11277603367776D-04  -.70021611231624D-05
  -.20207884957517D-02  -.12188486376381D-02  -.96436686813006D-03
  0.12255813471886D-04  -.10613281733463D-05  -.29220910508387D-04
  0.18231039986105D-04  -.11267179218843D-04  0.69848705539499D-05
  0.12546389762536D-02  0.12183133695673D-02  0.62208403096520D-03
  -.21977396626571D-04  0.12851561800087D-04  -.10471862439410D-05
  cycle =      7 MP2 energy =     -229.8407994592 |dE/dxyz| =  0.004434
    0.68855625202709     -1.21809648976430     -4.15903606819992      h
   -0.46497078448039     -0.83514069727796     -2.80299039413482      o
    0.65723329875426      1.06033754113295     -1.26246861161180      c
    0.44361222636152      2.92303022390176     -2.14443540240548      h
    2.67022785837855      0.70345435625086     -0.95051433545093      h
   -0.65739654375189      1.06023715239486      1.26242127843558      c
   -0.44375403827797      2.92285221755157      2.14454690513052      h
   -2.67039522098125      0.70340362415606      0.95043683441694      h
    0.46478618955160     -0.83538583166176      2.80278039081322      o
   -0.68874054408848     -1.21843670867202      4.15879954769170      h
  0.14471491005530D-05  -.42957935475485D-06  -.27074971216123D-05
  -.12212891390195D-02  0.12407866624429D-02  -.63261289957772D-03
  0.19604349723328D-02  -.12322694502753D-02  0.10190698625163D-02
  -.28935066111778D-05  -.21727779730973D-05  0.21990070708799D-05
  -.61948049552285D-05  -.59314940099586D-05  -.33369032257646D-05
  -.19604693260629D-02  -.12321930511816D-02  -.10191351362929D-02
  0.28899269269552D-05  -.21536920349341D-05  -.22188415653712D-05
  0.62090468166964D-05  -.59277255656798D-05  0.33429424252523D-05
  0.12213303211484D-02  0.12407196554562D-02  0.63269853168801D-03
  -.14646393653450D-05  -.42862632199103D-06  0.27009329541805D-05
  cycle =      8 MP2 energy =     -229.8407994337 |dE/dxyz| =  0.004435
    0.81121577797776     -1.27623352314525     -4.13675503016419      h
   -0.38187074963157     -0.89322589572543     -2.81539613566255      o
    0.69432457049616      1.00232394336395     -1.24247479001010      c
    0.50684518050060      2.86497787279755     -2.13044732931864      h
    2.69722587931045      0.64546459234122     -0.87117177913987      h
   -0.69432392965433      1.00232442439342      1.24247509535554      c
   -0.50684257577782      2.86497824633267      2.13044756335755      h
   -2.69722563380907      0.64546706164582      0.87117236057033      h
    0.38186988379061     -0.89322696253425      2.81539549865395      o
   -0.81121252118645     -1.27622600503315      4.13676068731347      h
  0.22306551237250D-05  -.55489616812565D-06  -.24056049121590D-05
  -.12026382694810D-02  0.12406774590339D-02  -.66915430681824D-03
  0.19294495337210D-02  -.12321853692359D-02  0.10763440917907D-02
  -.31616277686372D-05  -.20276126861951D-05  0.22820430296555D-05
  -.61696152489077D-05  -.59043045259610D-05  -.38287308660456D-05
  -.19294682628543D-02  -.12322112390377D-02  -.10763073845408D-02
  0.31589506383350D-05  -.20091426473634D-05  -.23000812767737D-05
  0.61821543186902D-05  -.58995113724203D-05  0.38349730291376D-05
  0.12026553974778D-02  0.12406550250077D-02  0.66911527058622D-03
  -.22389163496506D-05  -.54048710040888D-06  0.24197285424243D-05
  cycle =      9 MP2 energy =     -229.8407993872 |dE/dxyz| =  0.004434
    0.81121138326356     -1.27625182123104     -4.13675002039550      h
   -0.38187642631222     -0.89323536400009     -2.81540224741001      o
    0.69432040107259      1.00231420321284     -1.24247842313231      c
    0.50683976448014      2.86496893693754     -2.13046288520385      h
    2.69724198384805      0.64551077180200     -0.87115711661906      h
   -0.69431952101727      1.00231493990237      1.24247884913673      c
   -0.50683719359958      2.86496976906289      2.13046282454734      h
   -2.69724147373788      0.64551312484471      0.87115785551258      h
    0.38187593509798     -0.89323551321215      2.81540245954227      o
   -0.81120897107902     -1.27624529288251      4.13675484497730      h
  0.10069000166979D-06  0.19176830323708D-06  -.30436463260841D-06
  -.12028609788697D-02  0.12395824311540D-02  -.67315813812474D-03
  0.19254221063751D-02  -.12360424309357D-02  0.10754925602356D-02
  -.21644578293983D-05  -.67971602835115D-06  0.74730415344781D-06
  -.16259972563937D-05  -.30495630038430D-05  -.13555467463233D-05
  -.19254248400409D-02  -.12360634541397D-02  -.10754751025128D-02
  0.21609055112504D-05  -.66777031459964D-06  -.76339671828407D-06
  0.16254699528595D-05  -.30516722760443D-05  0.13605014121398D-05
  0.12028873931760D-02  0.12396016965797D-02  0.67316531554518D-03
  -.12029078266806D-06  0.17863319801137D-06  0.29086581143645D-06
  cycle =     10 MP2 energy =     -229.8407994570 |dE/dxyz| =  0.004434
    0.81122097730413     -1.27631911520219     -4.13669285147623      h
   -0.38189842751093     -0.89322675408837     -2.81539761055418      o
    0.69430970187006      1.00231859057527     -1.24248417415362      c
    0.50683869368208      2.86497461504792     -2.13047704586037      h
    2.69724551421860      0.64556032310133     -0.87115546663033      h
   -0.69430942138620      1.00231852855525      1.24248395681237      c
   -0.50683602870530      2.86497363446955      2.13047827171020      h
   -2.69724573146094      0.64556294755740      0.87115516138915      h
    0.38189660140052     -0.89322962042688      2.81539542196148      o
   -0.81121599739568     -1.27630939515272      4.13670047775703      h
  -.83680677054332D-07  0.29143710489343D-06  0.39486900949015D-06
  -.12043739590828D-02  0.12404194655060D-02  -.67369948510176D-03
  0.19219934053951D-02  -.12404736302671D-02  0.10739648033122D-02
  -.52718721964967D-06  0.17364503923645D-06  -.81539702545541D-07
  0.70726256007347D-06  -.39976012999876D-06  0.31549657189545D-06
  -.19219942292756D-02  -.12404752071768D-02  -.10739842588694D-02
  0.52633244623096D-06  0.16332417374088D-06  0.90652349626907D-07
  -.69341320552141D-06  -.40276987056664D-06  -.30298942302331D-06
  0.12043260740384D-02  0.12403665204390D-02  0.67368543677038D-03
  0.11939479449552D-06  0.33689703893280D-06  -.38298425053540D-06
  cycle =     11 MP2 energy =     -229.8407994295 |dE/dxyz| =  0.004434
    0.81126029919989     -1.27631733801088     -4.13668440174955      h
   -0.38187157146166     -0.89322461259577     -2.81540052312280      o
    0.69432175466560      1.00232110225286     -1.24247740435657      c
    0.50685917827194      2.86497690705239     -2.13047251690828      h
    2.69725405177278      0.64556287769439     -0.87112969499907      h
   -0.69432083154826      1.00232170362511      1.24247761518454      c
   -0.50685577587954      2.86497702919591      2.13047322940155      h
   -2.69725364453717      0.64556607976615      0.87112999825842      h
    0.38187029153365     -0.89322607522041      2.81539972085379      o
   -0.81125479269804     -1.27630548563145      4.13669360806336      h
  -.10862004273804D-06  0.55825351608085D-06  0.32567788466054D-06
  -.12041289555178D-02  0.12401376723847D-02  -.67381977243208D-03
  0.19220687349031D-02  -.12403951563829D-02  0.10741223953799D-02
  -.45410384572064D-06  0.13629710293728D-06  -.56941475312655D-07
  0.63708480002589D-06  -.43382796971470D-06  0.39712958413429D-06
  -.19220722436302D-02  -.12404000622621D-02  -.10741568150334D-02
  0.45208563155541D-06  0.12869110666003D-06  0.58289272297785D-07
  -.62274122525352D-06  -.43898639340290D-06  -.38257354936788D-06
  0.12040942768659D-02  0.12401135168432D-02  0.67383991519687D-03
  0.13448246782843D-06  0.59352396419854D-06  -.32730401366976D-06
  cycle =     12 MP2 energy =     -229.8407994294 |dE/dxyz| =  0.004434
    0.81127193590741     -1.27635913218811     -4.13664527840651      h
   -0.38188186282511     -0.89321350937648     -2.81539540786870      o
    0.69431704495653      1.00233106264746     -1.24247966345374      c
    0.50685508767051      2.86498633017725     -2.13047490382408      h
    2.69724930406299      0.64557349841612     -0.87114043058407      h
   -0.69431586648875      1.00233222407569      1.24248027542655      c
   -0.50685174055053      2.86498757827178      2.13047494186727      h
   -2.69724860615683      0.64557670184642      0.87114128054835      h
    0.38188137968710     -0.89321335824064      2.81539589339322      o
   -0.81126771694411     -1.27634920750119      4.13665292352710      h
  0.47088737309409D-06  -.13723264746801D-06  0.25981157092403D-06
  -.12045554485738D-02  0.12415115622195D-02  -.67277771410268D-03
  0.19219841249853D-02  -.12410363018103D-02  0.10735793466958D-02
  -.30578679528076D-06  -.26157163990348D-07  0.10055960597555D-06
  0.15007093967512D-06  -.32436157787474D-06  0.25612067522385D-07
  -.19219925667602D-02  -.12410284668833D-02  -.10735751119697D-02
  0.30221003481656D-06  -.18405457602455D-07  -.10582745924026D-06
  -.15986635304444D-06  -.32530928545382D-06  -.32173377656486D-07
  0.12045956660636D-02  0.12415544060671D-02  0.67279763979222D-03
  -.48929101037487D-06  -.16981230732682D-06  -.27214278119914D-06
  cycle =     13 MP2 energy =     -229.8407994308 |dE/dxyz| =  0.004433
    0.81126610753843     -1.27633845629344     -4.13666652824620      h
   -0.38187595056113     -0.89321754063826     -2.81539883061251      o
    0.69431839867061      1.00232511875526     -1.24247902221422      c
    0.50686015840873      2.86498095502820     -2.13047376040474      h
    2.69724968176461      0.64556860820802     -0.87113640473922      h
   -0.69431745292966      1.00232591119903      1.24247938404999      c
   -0.50685677539556      2.86498144143188      2.13047430457401      h
   -2.69724926105960      0.64557188113753      0.87113685022826      h
    0.38187489577999     -0.89321859118062      2.81539828771210      o
   -0.81126084289721     -1.27632713951930      4.13667535027792      h
  0.54513149549962D-08  0.59872731772437D-06  -.41613940693352D-06
  -.12037718208653D-02  0.12409442097194D-02  -.67238681375414D-03
  0.19216502974073D-02  -.12412701528839D-02  0.10736672783509D-02
  -.15303688459534D-06  -.88169489487200D-07  0.19137055939922D-07
  -.90476906411396D-07  -.18485376340749D-06  0.24091905359569D-07
  -.19216526039068D-02  -.12412570584583D-02  -.10736597575407D-02
  0.15271924104499D-06  -.89011662041116D-07  -.11170475655575D-07
  0.86583797909157D-07  -.17940841390285D-06  -.32490298285115D-07
  0.12037531427982D-02  0.12408989823260D-02  0.67234379911074D-03
  0.19744211599004D-07  0.62665644540161D-06  0.45206654553098D-06
$end
