$hessapprox internal
  0.223212127290D-01  0.191725595419D-02  0.615812284325D+00 -0.347616904106D-02
 -0.352132283999D-02  0.367616154021D+00  0.596971779773D-03  0.254591544764D-02
  0.532282380650D-02  0.420837590613D+00 -0.667738325294D-03  0.327514521568D-03
  0.143707277384D-02 -0.107585929287D-02  0.422419421013D+00  0.138056284840D-02
  0.620556748047D-03  0.494357835185D-04 -0.487980867573D-03 -0.238482685774D-03
  0.347669899564D+00 -0.119296724181D-02 -0.157142466930D-02 -0.245229932098D-02
  0.258534155620D-02  0.648199050508D-03  0.106620294270D-03  0.347042101527D+00
 -0.397495125397D-02 -0.450907947006D-02 -0.647907813605D-02  0.709504663656D-02
  0.184934294458D-02  0.175709835253D-03 -0.334209705436D-02  0.312379277142D+00
 -0.347351980635D-02 -0.180851688030D-02 -0.699746813811D-03  0.174441434863D-02
  0.705597528256D-03 -0.373017410254D-03 -0.543841700752D-03 -0.120386766783D-02
  0.347468123056D+00  0.707333008881D-03  0.255036705700D-02  0.522166923385D-02
 -0.491604135415D-02 -0.107563796783D-02 -0.463035630833D-03  0.254352180931D-02
  0.696993279925D-02  0.167681298180D-02  0.420949414036D+00 -0.592989290291D-03
  0.337156819187D-03  0.138398536289D-02 -0.105220746434D-02 -0.155402012652D-03
 -0.223223935846D-03  0.627262540360D-03  0.178502545675D-02  0.665355408434D-03
 -0.105110447323D-02  0.422414699804D+00  0.114988822575D-02  0.609518914262D-03
  0.256832593983D-03 -0.600093282199D-03 -0.238205067830D-03  0.120812555485D-03
  0.192098720311D-03  0.431878712081D-03 -0.233168710590D-03 -0.577502442802D-03
 -0.224802134458D-03  0.347571463792D+00 -0.147574890509D-02 -0.168139545016D-02
 -0.242253303415D-02  0.264947400649D-02  0.689727993544D-03  0.670486804049D-04
 -0.124898288374D-02 -0.332527084531D-02 -0.453096210701D-03  0.260288019600D-02
  0.665794348787D-03  0.162443925275D-03  0.347045353443D+00 -0.397392522950D-02
 -0.450757666059D-02 -0.647661685983D-02  0.709250687483D-02  0.184872083974D-02
  0.175580765676D-03 -0.334085653335D-02 -0.889235519703D-02 -0.120327334366D-02
  0.696743196657D-02  0.178442249138D-02  0.431670164090D-03 -0.332402257809D-02
  0.312385955489D+00 -0.344450892411D-02 -0.180814070200D-02 -0.728185750367D-03
  0.176062940418D-02  0.705994830522D-03 -0.366263873431D-03 -0.555720189723D-03
 -0.123920363398D-02  0.713256630278D-03  0.169330432887D-02  0.665978530664D-03
 -0.227002789202D-03 -0.466257991275D-03 -0.123859821048D-02  0.347431319879D+00
  0.869414703484D-02  0.217462684496D-02 -0.372334525980D-02  0.549829343975D-03
 -0.761552155932D-03  0.151463284747D-02 -0.126104272218D-02 -0.423532548938D-02
 -0.379943400585D-02  0.672992061722D-03 -0.678438373321D-03  0.125728082420D-02
 -0.157207701264D-02 -0.423424789819D-02 -0.376702132386D-02  0.240830069057D-01
  0.209834535661D-02 -0.677077498633D-03 -0.369632107669D-02  0.264486803872D-02
  0.329531961735D-03  0.662445607520D-03 -0.164436412958D-02 -0.472631300678D-02
 -0.192268345588D-02  0.265106549415D-02  0.340591964247D-03  0.647697127965D-03
 -0.176230673633D-02 -0.472474209516D-02 -0.192187652621D-02  0.237690070291D-02
  0.615821856652D+00 -0.343758546665D-02 -0.352283146783D-02 -0.472641148698D-02
  0.534858823030D-02  0.143845917345D-02  0.589140027366D-04 -0.247033707167D-02
 -0.653226502765D-02 -0.725945577070D-03  0.524776179138D-02  0.138565705383D-02
  0.265608468048D-03 -0.244234918371D-02 -0.652978679871D-02 -0.754305809763D-03
 -0.368014467990D-02 -0.369732812273D-02  0.367531242126D+00  0.303121213184D-03
  0.469243995737D-02  0.106161454013D-01 -0.963010189685D-02 -0.199827495038D-02
 -0.108753923400D-02  0.510303323902D-02  0.140798879538D-01  0.373038356386D-02
 -0.953543619346D-02 -0.196080944846D-02 -0.127843701986D-02  0.525686885907D-02
  0.140748905908D-01  0.375846189645D-02  0.122278776834D-03  0.486335246978D-02
  0.106615681256D-01  0.478183601827D+00 -0.113059205809D-01 -0.478299707855D-02
  0.291039249698D-03  0.337138183101D-02  0.182533480523D-02 -0.148671052889D-02
 -0.539842333910D-03 -0.517603049636D-03  0.330492269928D-02  0.317294869135D-02
  0.170261400728D-02 -0.107500466890D-02 -0.205111972256D-03 -0.516872104951D-03
  0.325136069709D-02 -0.124176654056D-01 -0.511542860368D-02  0.216262684273D-03
  0.770389369506D-02  0.397681562207D+00  0.320524449699D-03  0.471255412616D-02
  0.106453790909D-01 -0.966194397215D-02 -0.200653084080D-02 -0.108840051708D-02
  0.511808087732D-02  0.141199829843D-01  0.373596596445D-02 -0.956672320226D-02
 -0.196878095396D-02 -0.128043454321D-02  0.527185611225D-02  0.141149705890D-01
  0.376420117966D-02  0.140804803614D-03  0.488443095390D-02  0.106910382220D-01
 -0.186257416448D-01  0.770681623311D-02  0.478057154574D+00 -0.114155127430D-01
 -0.472390635024D-02  0.539322133449D-03  0.318365085628D-02  0.179798982991D-02
 -0.152716979495D-02 -0.427506237982D-03 -0.197631252503D-03  0.342519459269D-02
  0.298535852644D-02  0.167486906171D-02 -0.111562870753D-02 -0.857695649860D-04
 -0.197008231648D-03  0.337172895428D-02 -0.125429010512D-01 -0.505581731391D-02
  0.464823885029D-03  0.735446154020D-02  0.130111161805D-01  0.735595533467D-02
  0.398294656937D+00 -0.153344224020D-02 -0.188528826529D-03  0.111066118961D-02
 -0.504599563187D-03  0.510265737187D-04 -0.315318142310D-03  0.439847373234D-03
  0.134803838912D-02  0.833312234639D-03 -0.522504909916D-03  0.378275405066D-04
 -0.277612548760D-03  0.501663191791D-03  0.134763563238D-02  0.828733802117D-03
 -0.170546943425D-02 -0.217283066863D-03  0.110489683224D-02 -0.805903342419D-03
  0.253391442875D-02 -0.811865571156D-03  0.254142612132D-02  0.407716921914D+00
  0.000000000000D+00  0.000000000000D+00  0.000000000000D+00  0.000000000000D+00
  0.000000000000D+00  0.000000000000D+00  0.000000000000D+00  0.000000000000D+00
  0.000000000000D+00  0.000000000000D+00  0.000000000000D+00  0.000000000000D+00
  0.000000000000D+00  0.000000000000D+00  0.000000000000D+00  0.000000000000D+00
  0.000000000000D+00  0.000000000000D+00  0.000000000000D+00  0.000000000000D+00
  0.000000000000D+00  0.000000000000D+00  0.000000000000D+00  0.000000000000D+00
$end
