$coord
    0.84177446360594      0.03854528305450     -4.71687277139738  h
   -0.37028737706067     -0.06710987926810     -3.36203483422559  o
    0.97622629797544      0.06763829865734     -1.03977177763231  c
    2.12020644709325      1.78652071683964     -0.91805986999834  h
    2.22080753328318     -1.56568827447256     -0.78700337978011  h
   -0.97622574921605      0.06764135164418      1.03977155630173  c
   -2.12020022056466      1.78652766550370      0.91805994946466  h
   -2.22081231513510     -1.56568095611591      0.78700185213316  h
    0.37028683791958     -0.06711135513546      3.36203484038230  o
   -0.84177985024505      0.03849702328067      4.71687212013083  h
$intdef
# definitions of internal coordinates
   1 f  1.0000000000000 tors    2    3    6    9 val= 174.00000
$user-defined bonds
$redundant
     number_of_atoms            10
     degrees_of_freedom         24
     internal_coordinates       25
     frozen_coordinates          1
# definitions of redundant internals
   1 k  1.0000000000000 tors   1    2    3    6 val= 176.43429
   2 k  1.0000000000000 stre   2    1           val=   1.82095
   3 k  1.0000000000000 bend   3    1    2      val= 107.84710
   4 k  1.0000000000000 stre   3    4           val=   2.06835
   5 k  1.0000000000000 stre   3    5           val=   2.06897
   6 k  0.0897862508519 bend   5    4    3      val=   1.07051
       -0.5099451124145 bend   2    4    3
       -0.5089071512943 bend   2    5    3
        0.4911569117020 bend   6    4    3
        0.4813240186520 bend   6    5    3
   7 k  0.0087540143841 bend   5    4    3      val=   0.22528
       -0.5422896584999 bend   2    4    3
        0.5388923655874 bend   2    5    3
       -0.4543175842071 bend   6    4    3
        0.4572043793623 bend   6    5    3
   8 k -0.8835755614347 bend   5    4    3      val=   3.01185
        0.1812405226149 bend   2    4    3
        0.1877536276066 bend   2    5    3
        0.2704739374921 bend   6    4    3
        0.2793537625589 bend   6    5    3
   9 k -0.0018521279008 bend   5    4    3      val=   0.25744
       -0.4522204802653 bend   2    4    3
        0.4593609775688 bend   2    5    3
        0.5385477803473 bend   6    4    3
       -0.5426296964053 bend   6    5    3
  10 k  1.0000000000000 stre   6    7           val=   2.06835
  11 k  1.0000000000000 stre   6    8           val=   2.06897
  12 k  0.0897866791742 bend   8    7    6      val=   1.07051
       -0.5099448113237 bend   9    7    6
       -0.5089074667200 bend   9    8    6
        0.4911568743966 bend   3    7    6
        0.4813239623128 bend   3    8    6
  13 k  0.0087536808455 bend   8    7    6      val=   0.22527
       -0.5422900101891 bend   9    7    6
        0.5388923285433 bend   9    8    6
       -0.4543172265149 bend   3    7    6
        0.4572043677063 bend   3    8    6
  14 k -0.8835755733593 bend   8    7    6      val=   3.01184
        0.1812405064332 bend   9    7    6
        0.1877531359511 bend   9    8    6
        0.2704741603014 bend   3    7    6
        0.2793538500546 bend   3    8    6
  15 k -0.0018522085164 bend   8    7    6      val=   0.25746
       -0.4522203801046 bend   9    7    6
        0.4593607093580 bend   9    8    6
        0.5385481338734 bend   3    7    6
       -0.5426296557886 bend   3    8    6
  16 k  1.0000000000000 tors  10    9    6    3 val= 176.43597
  17 k  1.0000000000000 stre   9   10           val=   1.82095
  18 k  1.0000000000000 bend   6   10    9      val= 107.84710
  19 k  1.0000000000000 tors   2    3    6    9 val= 174.00000
  20 k  1.0000000000000 stre   3    2           val=   2.68778
  21 k  1.0000000000000 bend   6    2    3      val= 106.67743
  22 k  1.0000000000000 stre   6    9           val=   2.68778
  23 k  1.0000000000000 bend   3    9    6      val= 106.67744
  24 k  1.0000000000000 stre   3    6           val=   2.85247
  25 f  1.0000000000000 tors   2    3    6    9 val= 174.00000
        24 non zero eigenvalues  of BmBt
           1           3.952965866    1    0
         1
           2           3.743956393    2    0
         2
           3           3.729068208    3    0
         3
           4           3.102717870    4    0
         4
           5           3.003719656    5    0
         5
           6           2.442000483    6    0
         6
           7           2.136703505    7    0
         7
           8           1.674024450    8    0
         8
           9           1.245717904    9    0
         9
          10           1.170493877   10    0
        10
          11           1.055873697   11    0
        11
          12           0.870280291   12    0
        12
          13           0.769948802   13    0
        13
          14           0.757494521   14    0
        14
          15           0.588572458   15    0
        15
          16           0.384622757   16    0
        16
          17           0.354415364   17    0
        17
          18           0.338402701   18    0
        18
          19           0.277602803   20    0
        20
          20           0.259536382   21    0
        21
          21           0.140252258   22    0
        22
          22           0.067657292   23    0
        23
          23           0.064790902   24    0
        24
          24           0.000000000    0    1
         0.000000000         0.000000000         0.000000000         0.000000000
         0.000000000         0.000000000         0.000000000         0.000000000
         0.000000000         0.000000000         0.000000000         0.000000000
         0.000000000         0.000000000         0.000000000         0.000000000
         0.000000000         0.000000000         0.000000000         0.000000000
         0.000000000         0.000000000         0.000000000         0.000000000
         1.000000000
$end
