$energy      SCF               SCFKIN            SCFPOT            MP2
     1 -229.0300833572      228.756013     -457.786096     -.8118290382824
     2 -229.0301408077      228.793189     -457.823330     -.8119432855111
     3 -229.0300598367      228.794008     -457.824068     -.8120435354960
     4 -229.0299983612      228.790735     -457.820734     -.8121092883813
     5 -229.0299886466      228.789943     -457.819931     -.8121191495995
     6 -229.0299842908      228.789872     -457.819857     -.8121234945177
     7 -229.0299842908      228.789871     -457.819855     -.8121234979370
     8 -229.0299842376      228.789883     -457.819867     -.8121235958365
     9 -229.0299840633      228.789878     -457.819862     -.8121237271881
    10 -229.0299840631      228.789879     -457.819863     -.8121237441437
    11 -229.0299839871      228.789875     -457.819859     -.8121238300521
    12 -229.0299839371      228.789874     -457.819858     -.8121238817400
$end
