$grad          cartesian gradients
  cycle =      1 MP2 energy =     -229.8419123955 |dE/dxyz| =  0.008677
    0.82603302876632     -0.06578190658560     -4.74772213765264      h
   -0.37044222292479     -0.06422732680764     -3.37909049515545      o
    0.97324534900929      0.07037753058063     -1.05014612221983      c
    2.10877811125801      1.79892385234251     -0.92835325355556      h
    2.23764247310366     -1.55298699124728     -0.80908771747239      h
   -0.97323351501626      0.07046470414483      1.05014377886010      c
   -2.10863922349745      1.79907629627663      0.92834092983939      h
   -2.23774730623973     -1.55282711499500      0.80907962279049      h
    0.37043546175591     -0.06416015536770      3.37909638210445      o
   -0.82610078004834     -0.06682451070975      4.74767703703081      h
  -.22954511743412D-02  -.34834683940928D-03  -.35071544845700D-03
  0.32819940321183D-02  -.39607506796746D-03  -.38815128889516D-02
  -.17060883738091D-02  0.29927690521508D-03  -.28166338031915D-03
  0.40707650029148D-03  0.91089720738502D-03  0.11040999021998D-03
  0.12913562894092D-02  -.46664064581314D-03  -.41511016088377D-03
  0.17059302338365D-02  0.30628083944501D-03  0.28246173420884D-03
  -.40358926244988D-03  0.90747143107928D-03  -.10880230508849D-03
  -.12948377666220D-02  -.46989783965090D-03  0.41321040987034D-03
  -.32805786817303D-02  -.39421625984865D-03  0.38800117634947D-02
  0.22941882032468D-02  -.34874974225375D-03  0.35171028497105D-03
  cycle =      2 MP2 energy =     -229.8420840932 |dE/dxyz| =  0.002511
    0.82003454518496     -0.02250274118316     -4.72393639883973      h
   -0.37995692803753     -0.07214411752854     -3.35661242693318      o
    0.97465857734164      0.06253181921469     -1.04155604360467      c
    2.11435367903739      1.78558265110923     -0.92056778026625      h
    2.22590500080742     -1.56713179138805     -0.79686596769643      h
   -0.97464342634565      0.06258545289938      1.04154949070382      c
   -2.11422475706406      1.78571077863662      0.92060256033264      h
   -2.22599525601872     -1.56699289966675      0.79680413389496      h
    0.37994888230315     -0.07220825448340      3.35661222360724      o
   -0.82010894104197     -0.02339651997841      4.72390823337096      h
  -.74991579626893D-03  -.18248834853650D-03  -.72939470052713D-04
  0.12213119403155D-02  -.53295414006260D-03  0.43839801740919D-03
  -.29457145679235D-03  0.41846050918726D-03  0.20926480149194D-03
  0.36712393722826D-04  0.29445132424044D-03  0.85849096254087D-04
  0.29785169089624D-03  0.12087162395424D-05  -.30588910790356D-03
  0.29443247653882D-03  0.42144543360323D-03  -.20952143735736D-03
  -.36019372539275D-04  0.29375379163321D-03  -.84776295570479D-04
  -.29835896205199D-03  0.68899690353064D-06  0.30481106734317D-03
  -.12211867791363D-02  -.53101679980549D-03  -.43810616880613D-03
  0.74974386555882D-03  -.18354950197023D-03  0.72909496758200D-04
  cycle =      3 MP2 energy =     -229.8421033722 |dE/dxyz| =  0.001692
    0.82186956362866      0.00705211125233     -4.72141132561709      h
   -0.38182311307270     -0.07796610292851     -3.35781673238715      o
    0.97311801523646      0.05665020485722     -1.04222460194720      c
    2.11651688842777      1.77623215268352     -0.92216659486846      h
    2.21955503923882     -1.57559317788922     -0.79515785197579      h
   -0.97310713011204      0.05666521656270      1.04221637260954      c
   -2.11639559066725      1.77632812263980      0.92225657279252      h
   -2.21964731324494     -1.57548303775211      0.79504214761226      h
    0.38181334952692     -0.07816225538161      3.35780750739181      o
   -0.82192833279509      0.00631114358750      4.72139253095892      h
  -.19403302068355D-03  -.65130825460252D-04  -.17492185639201D-03
  0.45908816424500D-03  -.65117399869186D-03  0.55311091841137D-03
  -.21666266375542D-03  0.57215312043907D-03  0.61204544661048D-04
  -.18039803215242D-04  0.19101456471216D-04  0.96506752330069D-04
  -.24744612838301D-04  0.12387426879146D-03  -.12295931731365D-03
  0.21667710088380D-03  0.57380122417910D-03  -.61331085984800D-04
  0.17781346643542D-04  0.19230611273180D-04  -.95844945737916D-04
  0.25089496602959D-04  0.12402538763867D-03  0.12225683282084D-03
  -.45919114706816D-03  -.64991562408179D-03  -.55278169126449D-03
  0.19403513955485D-03  -.65965602760176D-04  0.17475984871584D-03
  cycle =      4 MP2 energy =     -229.8421076496 |dE/dxyz| =  0.001415
    0.82368775597313      0.02439111464634     -4.72038693044773      h
   -0.38250469173571     -0.08161452240738     -3.36027583569977      o
    0.97234299712695      0.05296479671948     -1.04336688657544      c
    2.11743340096739      1.77127664124093     -0.92484978993193      h
    2.21731593724902     -1.58060206738289     -0.79492837693208      h
   -0.97233979191097      0.05294080672275      1.04335802793860      c
   -2.11731753002862      1.77133890413943      0.92499360375115      h
   -2.21741862095884     -1.58052190618932      0.79476428550338      h
    0.38249232195384     -0.08193457733379      3.36025760467250      o
   -0.82372040246958      0.02379518747608      4.72037232229068      h
  -.99212025812534D-05  0.67984200849414D-06  -.63169083215353D-04
  0.96410041988015D-04  -.67725877165858D-03  0.15414817399595D-03
  -.12640065691460D-03  0.68008076858611D-03  -.13998684093863D-03
  0.72607494057131D-05  -.37358959514400D-04  0.48716336308582D-04
  -.35136447384509D-04  0.33272789509819D-04  0.86926819082567D-05
  0.12649830150435D-03  0.68104840850325D-03  0.14034203182522D-03
  -.74641962517497D-05  -.37244561764460D-04  -.48524684735110D-04
  0.35369186837109D-04  0.33265085067846D-04  -.90435242276060D-05
  -.96445672791212D-04  -.67681414125409D-03  -.15426526419482D-03
  0.98298961126453D-05  0.32956837270337D-06  0.63090171093627D-04
  cycle =      5 MP2 energy =     -229.8421077962 |dE/dxyz| =  0.001330
    0.82411219161404      0.02468252418552     -4.72007423039684      h
   -0.38263087861887     -0.08181285166547     -3.36058995555845      o
    0.97237563810537      0.05276499593656     -1.04345073177021      c
    2.11706727926648      1.77146322053954     -0.92560470951756      h
    2.21779136734425     -1.58066631495364     -0.79507472522211      h
   -0.97237614742904      0.05272578752045      1.04344126543131      c
   -2.11695324124211      1.77151217004961      0.92576923540837      h
   -2.21790004285815     -1.58059738343199      0.79489333533064      h
    0.38261767572378     -0.08217791213245      3.36056824118782      o
   -0.82413246573913      0.02414014158350      4.72006029967639      h
  -.13740656277683D-04  0.10658436195021D-05  -.15878829580096D-05
  0.55555486434322D-04  -.65075072632792D-03  0.46790964225885D-04
  -.70463562916068D-04  0.66052147281842D-03  -.11381001278021D-03
  0.10433000761534D-04  -.47723223235430D-05  0.14082845283939D-04
  0.84254302028519D-05  -.63235899245839D-05  0.15800421204776D-04
  0.70512571148207D-04  0.66108172363727D-03  0.11409356386421D-03
  -.10441976107778D-04  -.48127104981255D-05  -.14020973965509D-04
  -.83940095203516D-05  -.63937035390538D-05  -.16024804458656D-04
  -.55554489930998D-04  -.65053794838843D-03  -.46903298492218D-04
  0.13668205952833D-04  0.92198878573480D-06  0.15791777210339D-05
  cycle =      6 MP2 energy =     -229.8421077853 |dE/dxyz| =  0.001292
    0.82432786287342      0.02398502893237     -4.71996015342392      h
   -0.38270791957887     -0.08170337832427     -3.36064511386139      o
    0.97237162739769      0.05287326175597     -1.04339144677178      c
    2.11682270675543      1.77173909309039     -0.92580783386495      h
    2.21789494077332     -1.58045301708288     -0.79522545233864      h
   -0.97237476088818      0.05282472556275      1.04338135104367      c
   -2.11671053803318      1.77178025947019      0.92598551371857      h
   -2.21800740461234     -1.58039077998383      0.79503433345300      h
    0.38269451838469     -0.08209616710913      3.36062061382128      o
   -0.82433965690534      0.02347535132007      4.71994621279353      h
  -.27166744587248D-06  -.29608455337504D-06  -.38160732929171D-06
  0.27074153522655D-04  -.64441476659871D-03  0.28314765846638D-04
  -.45187752077069D-04  0.64249854437842D-03  -.50275959109419D-04
  0.11537485704594D-05  0.12664188036027D-05  0.50155085212777D-06
  0.41143382158992D-05  0.87580233465445D-06  0.53977208883255D-05
  0.45241294643894D-04  0.64258559266139D-03  0.50467608439936D-04
  -.11571987159620D-05  0.12846335302186D-05  -.49552852349199D-06
  -.41071717298280D-05  0.87242935054022D-06  -.54693653468996D-05
  -.27114596157674D-04  -.64434427054016D-03  -.28433654264859D-04
  0.25485095278555D-06  -.32827159585080D-06  0.37446740508429D-06
  cycle =      7 MP2 energy =     -229.8421077887 |dE/dxyz| =  0.001292
    0.84175941826791      0.03853461577179     -4.71687652765908      h
   -0.37028564653716     -0.06711800375458     -3.36202336912181      o
    0.97622102988729      0.06763046051595     -1.03978767263214      c
    2.12017451710962      1.78653993643531     -0.91807260428495      h
    2.22087189389174     -1.56564168179455     -0.78693246903487      h
   -0.97622004094552      0.06763388488613      1.03978754642648      c
   -2.12016985026995      1.78654578127321      0.91807063210527      h
   -2.22087416273170     -1.56563576402640      0.78693149473495      h
    0.37028511706532     -0.06711518418614      3.36202369886683      o
   -0.84176519642388      0.03849212217495      4.71687574402035      h
  -.87770116063979D-07  0.14504160150697D-06  -.47737571140516D-06
  0.26914013078638D-04  -.64488901059956D-03  0.28468880072907D-04
  -.45010358980857D-04  0.64263440460455D-03  -.50423514161513D-04
  0.11279176534984D-05  0.11694696913089D-05  0.51055541647194D-06
  0.40242452961081D-05  0.86903432050534D-06  0.54118926159780D-05
  0.45025219204575D-04  0.64270833447044D-03  0.50545874447527D-04
  -.11296730813015D-05  0.11838487381510D-05  -.50302211795916D-06
  -.40249106865176D-05  0.85750684286623D-06  -.54918800321824D-05
  -.26906283047801D-04  -.64477107079708D-03  -.28511137140974D-04
  0.67600842701410D-07  0.92468807749713D-07  0.46973057310495D-06
  cycle =      8 MP2 energy =     -229.8421078334 |dE/dxyz| =  0.001297
    0.84176787435989      0.03851971883760     -4.71687522353829      h
   -0.37028483104942     -0.06710003957136     -3.36202695133079      o
    0.97622357081734      0.06764730328738     -1.03977994468860      c
    2.12020073621350      1.78653602113077     -0.91805895072559      h
    2.22083247302012     -1.56565608894522     -0.78696603044199      h
   -0.97622293673444      0.06764921870902      1.03977966302057      c
   -2.12019644287386      1.78654048996642      0.91805935430691      h
   -2.22083515359981     -1.56565131121051      0.78696317581311      h
    0.37028416199147     -0.06710233085666      3.36202691284581      o
   -0.84177237283112      0.03848318594824      4.71687446815990      h
  -.37968751342987D-06  -.24832919065521D-06  -.25733404918071D-06
  0.26459489976816D-04  -.64685682164956D-03  0.26325021120321D-04
  -.42296357053218D-04  0.64640747360917D-03  -.44136519492921D-04
  0.11198172606974D-05  0.86431326096204D-07  0.80093514440160D-06
  0.16337456174575D-05  0.56616667709619D-06  0.27343392835916D-05
  0.42304221474332D-04  0.64650910903180D-03  0.44214587854086D-04
  -.11284093401898D-05  0.98114136370953D-07  -.78231550226793D-06
  -.16240282763036D-05  0.56838837103612D-06  -.27973473564202D-05
  -.26469063826084D-04  -.64696407026299D-03  -.26359146519717D-04
  0.38027152937659D-06  -.16643427935836D-06  0.25778022560985D-06
  cycle =      9 MP2 energy =     -229.8421077905 |dE/dxyz| =  0.001301
    0.84177520208862      0.03857752902681     -4.71687290146532      h
   -0.37028079931740     -0.06711104957878     -3.36203270087303      o
    0.97622779562477      0.06764096078070     -1.03977142647427      c
    2.12021156847721      1.78652131703782     -0.91805623018841      h
    2.22080805510325     -1.56568443911560     -0.78699489719458      h
   -0.97622669831722      0.06764567406699      1.03977091140852      c
   -2.12020641300894      1.78652843400036      0.91805093633839      h
   -2.22081076508424     -1.56567736007009      0.78699779121397      h
    0.37028072336691     -0.06710277006190      3.36203294905918      o
   -0.84178158961929      0.03852787120937      4.71687204159658      h
  -.42923132026473D-06  0.60740477397792D-06  -.16987696183079D-06
  0.25964575272930D-04  -.64946234641761D-03  0.24465760819936D-04
  -.39350182593711D-04  0.64876963453692D-03  -.37918437413603D-04
  0.42937948263599D-06  -.19171840826004D-06  0.34645870751471D-06
  -.84804572253461D-07  0.28245151417750D-06  0.34019901784532D-06
  0.39352440596829D-04  0.64867020951787D-03  0.37894160506785D-04
  -.38290696968701D-06  -.18579947846931D-06  -.38746993102912D-06
  0.45400531778483D-07  0.30214738133694D-06  -.29751640574782D-06
  -.25963672050544D-04  -.64919995267410D-03  -.24440293904249D-04
  0.41900200642431D-06  0.40799725989360D-06  0.16701734839586D-06
  cycle =     10 MP2 energy =     -229.8421078072 |dE/dxyz| =  0.001301
    0.84176908309008      0.03857140789314     -4.71687386134069      h
   -0.37028524792655     -0.06711737625194     -3.36203218243399      o
    0.97622637778395      0.06763246476113     -1.03977253947960      c
    2.12021121790238      1.78651213768704     -0.91805772417551      h
    2.22080609261119     -1.56569375395303     -0.78699861937301      h
   -0.97622546619049      0.06763691142493      1.03977228641970      c
   -2.12020442382065      1.78652035469053      0.91805484592654      h
   -2.22081072182936     -1.56568530389172      0.78699972899819      h
    0.37028484324589     -0.06711370205390      3.36203252379784      o
   -0.84177568721059      0.03851673368179      4.71687322703947      h
  -.45124847725120D-06  0.39738339921436D-06  -.20232672293119D-06
  0.25980507331269D-04  -.64921598814960D-03  0.24619115868596D-04
  -.39424667877430D-04  0.64866775662920D-03  -.38116369271035D-04
  0.43237554825382D-06  -.13315766267397D-06  0.33800013105045D-06
  -.39507753513135D-07  0.29799440826039D-06  0.36933964138453D-06
  0.39431057158534D-04  0.64862450046943D-03  0.38096108245955D-04
  -.37641962613577D-06  -.11558571610948D-06  -.35923102262303D-06
  -.90314995482288D-08  0.33138551502887D-06  -.34543900047368D-06
  -.25991724512231D-04  -.64911718591809D-03  -.24600688147025D-04
  0.44866042614444D-06  0.26292472957157D-06  0.20149235124833D-06
  cycle =     11 MP2 energy =     -229.8421078172 |dE/dxyz| =  0.001300
    0.84177603147291      0.03850493830442     -4.71687355176044      h
   -0.37028855015708     -0.06709843694177     -3.36203414235256      o
    0.97622560848643      0.06764842763532     -1.03977255947556      c
    2.12020684499431      1.78653014319085     -0.91805884764214      h
    2.22080708887724     -1.56567794983807     -0.78700433304666      h
   -0.97622522819003      0.06765048326099      1.03977235174234      c
   -2.12020084149839      1.78653617250977      0.91806068194204      h
   -2.22081198285151     -1.56567141730992      0.78700113567667      h
    0.37028783351906     -0.06710340696368      3.36203401801447      o
   -0.84178073699708      0.03846092014008      4.71687293228079      h
  -.21404716754603D-06  -.82037953941239D-06  -.15217521420752D-06
  0.25390026906713D-04  -.64809952479172D-03  0.23874390873146D-04
  -.39089367283029D-04  0.64893232808266D-03  -.37163237996740D-04
  0.17661602935704D-06  -.92066282597614D-07  0.29124954295523D-06
  0.19470139234201D-06  0.78674553538605D-07  0.20502109546183D-06
  0.39094549498575D-04  0.64896852455637D-03  0.37184804314194D-04
  -.16874756969543D-06  -.67376937362695D-07  -.26716579966390D-06
  -.20203690853648D-06  0.10146450701853D-06  -.23656271483374D-06
  -.25410206674792D-04  -.64832627138722D-03  -.23891614315374D-04
  0.22851202174934D-06  -.67534494749277D-06  0.15529142016746D-06
  cycle =     12 MP2 energy =     -229.8421078188 |dE/dxyz| =  0.001301
    0.84177446360594      0.03854528305450     -4.71687277139738      h
   -0.37028737706067     -0.06710987926810     -3.36203483422559      o
    0.97622629797544      0.06763829865734     -1.03977177763231      c
    2.12020644709325      1.78652071683964     -0.91805986999834      h
    2.22080753328318     -1.56568827447256     -0.78700337978011      h
   -0.97622574921605      0.06764135164418      1.03977155630173      c
   -2.12020022056466      1.78652766550370      0.91805994946466      h
   -2.22081231513510     -1.56568095611591      0.78700185213316      h
    0.37028683791958     -0.06711135513546      3.36203484038230      o
   -0.84177985024505      0.03849702328067      4.71687212013083      h
  -.26624799520647D-06  0.62709654385928D-06  -.12119026937540D-06
  0.25340370576998D-04  -.64949130896530D-03  0.23702371276357D-04
  -.38855624995726D-04  0.64884552388128D-03  -.36792825625465D-04
  0.15118592466834D-06  -.37201284275312D-07  0.16232414273842D-06
  0.15883663895266D-06  0.31386775845021D-07  0.22702211235903D-06
  0.38860596568213D-04  0.64882107602393D-03  0.36800504413209D-04
  -.13721160962987D-06  -.18725101913475D-07  -.17592682835521D-06
  -.17184743050791D-06  0.46632503636346D-07  -.21998734349438D-06
  -.25334595521898D-04  -.64933895273545D-03  -.23700737721732D-04
  0.25453710783552D-06  0.51449991333996D-06  0.11844641711889D-06
$end
