$hessapprox internal
  0.326716096694D-01 -0.565191377093D-03  0.616435248400D+00  0.489041623152D-02
  0.103228338171D-02  0.365150458907D+00  0.216136712620D-03  0.195874643199D-03
 -0.139639774647D-02  0.425332706898D+00  0.137246065791D-02 -0.234866137589D-03
  0.174903625707D-02  0.252411990879D-03  0.424945912880D+00 -0.491751179356D-02
 -0.117833886214D-02  0.823488753043D-02  0.157650207475D-02 -0.192228208526D-02
  0.337920747605D+00  0.223565428876D-02 -0.630909015641D-03  0.463194119502D-02
  0.716170207820D-03 -0.485710795904D-03 -0.513530834424D-02  0.346578709085D+00
  0.312342645675D-02  0.712412790142D-03 -0.497185683608D-02 -0.957088942189D-03
  0.117897816191D-02  0.568809524267D-02  0.313913180470D-02  0.318233022121D+00
 -0.156481083662D-02  0.215536482526D-03 -0.161906071562D-02 -0.223616303132D-03
  0.765050636678D-04  0.177005637610D-02  0.375937443249D-03 -0.108781684046D-02
  0.346468878151D+00  0.258688203569D-03  0.176610367549D-03 -0.125614197509D-02
 -0.223718497710D-03  0.234710740654D-03  0.142020334392D-02  0.660322810202D-03
 -0.861732511590D-03 -0.209117597655D-03  0.425375912800D+00  0.142075715308D-02
 -0.232667725088D-03  0.173546283516D-02  0.248442786024D-03 -0.112552640092D-03
 -0.190548650132D-02 -0.467185821945D-03  0.116911806634D-02  0.686080322713D-04
  0.231256838059D-03  0.424961860839D+00 -0.499201047107D-02 -0.118121557261D-02
  0.825213174537D-02  0.158199287010D-02 -0.193395166173D-02 -0.943480094553D-02
 -0.516213260646D-02  0.570078031491D-02  0.178171717214D-02  0.142495522829D-02
 -0.191723743028D-02  0.337877378695D+00  0.526926257752D-04 -0.509146331048D-03
  0.365784468324D-02  0.623973550272D-03 -0.587504054741D-03 -0.410991263152D-02
 -0.172108638430D-02  0.249962089837D-02  0.509086065374D-03  0.568889512421D-03
 -0.575983565935D-03 -0.412610053628D-02  0.346653805051D+00  0.307942325724D-02
  0.716944260347D-03 -0.500640436452D-02 -0.961498511673D-03  0.117934694061D-02
  0.572552664800D-02  0.314449687358D-02 -0.345916338489D-02 -0.108723491809D-02
 -0.865900752608D-03  0.116929907540D-02  0.573849149086D-02  0.250923045284D-02
  0.318186894756D+00 -0.592126577679D-03  0.104601738499D-03 -0.778088760232D-03
 -0.112918548577D-03  0.558045185002D-04  0.855747390388D-03  0.220691650580D-03
 -0.524710893595D-03 -0.363187301012D-04 -0.104925644372D-03  0.522995571806D-04
  0.860885034578D-03  0.263538379338D-03 -0.524932781774D-03  0.346477443571D+00
  0.145464953315D-01 -0.399994107042D-03  0.353745128555D-02  0.109077389945D-03
  0.115777081358D-02 -0.351290611622D-02  0.196405207486D-02  0.224260383810D-02
 -0.130359753186D-02  0.148741945442D-03  0.119522107025D-02 -0.357083598315D-02
  0.201772334256D-03  0.220642720582D-02 -0.500531406837D-03  0.260912590468D-01
 -0.534531254326D-03 -0.153333627548D-03  0.107640263839D-02  0.202376763782D-03
 -0.238377413215D-03 -0.122695436836D-02 -0.644152291660D-03  0.742200129829D-03
  0.217956946471D-03  0.182640586762D-03 -0.235985552164D-03 -0.123011389358D-02
 -0.524433705164D-03  0.746753324416D-03  0.106215769147D-03 -0.373908942278D-03
  0.616423231371D+00  0.491090682979D-02  0.104505992797D-02 -0.727830916032D-02
 -0.141262891473D-02  0.176621426734D-02  0.833759469214D-02  0.468011710757D-02
 -0.503416311180D-02 -0.163439755145D-02 -0.127086613641D-02  0.175239445711D-02
  0.835517713658D-02  0.369917485552D-02 -0.506901753850D-02 -0.785766058208D-03
  0.354961455058D-02  0.108962009467D-02  0.364967818821D+00 -0.386600643024D-02
 -0.181026303656D-02  0.128199277998D-01  0.232503310949D-02 -0.254137233326D-02
 -0.145333533719D-01 -0.704598089262D-02  0.880944376962D-02  0.228609299013D-02
  0.210600563952D-02 -0.250834745855D-02 -0.145782749538D-01 -0.595073588340D-02
  0.885582937353D-02  0.113473346254D-02 -0.248370748219D-02 -0.187526254218D-02
  0.129725511776D-01  0.475197426334D+00  0.199116430220D-02  0.135201943242D-03
 -0.879566823100D-03 -0.218380138156D-03  0.379861757338D-03  0.105210045591D-02
  0.915448665371D-03 -0.625216289488D-03 -0.370680583605D-03 -0.192287375732D-03
  0.380728433944D-03  0.105014902469D-02  0.612091305436D-03 -0.633812677280D-03
 -0.167794982518D-03  0.152997757756D-02  0.144527654082D-03 -0.893349020078D-03
  0.188311617570D-02  0.384232974234D+00 -0.399281856100D-02 -0.180142581080D-02
  0.127506774322D-01  0.231751083938D-02 -0.254523004043D-02 -0.144595520837D-01
 -0.704489088381D-02  0.876363761826D-02  0.229204278651D-02  0.209871958345D-02
 -0.251265162130D-02 -0.145038002705D-01 -0.593603281191D-02  0.881023595164D-02
  0.113630063571D-02 -0.258663628211D-02 -0.186649062289D-02  0.129027596948D-01
 -0.216858377782D-01  0.186338636644D-02  0.475366802638D+00  0.162178734727D-02
  0.182488293330D-03 -0.123596428949D-02 -0.266753994020D-03  0.393735215293D-03
  0.144094217194D-02  0.991964050491D-03 -0.864372702622D-03 -0.375154785892D-03
 -0.237629467105D-03  0.392818318052D-03  0.144163026633D-02  0.721211442953D-03
 -0.872762820480D-03 -0.174490975436D-03  0.122339033721D-02  0.192276547130D-03
 -0.125307471765D-02  0.238072091238D-02 -0.100721101793D-03  0.236250221376D-02
  0.384066293462D+00  0.154766812661D-02  0.345439158885D-03 -0.240926741581D-02
 -0.464950592190D-03  0.575372392951D-03  0.275742962950D-02  0.152970325141D-02
 -0.166547013301D-02 -0.531362067156D-03 -0.418523954454D-03  0.570656295486D-03
  0.276347708177D-02  0.121529748720D-02 -0.167676316479D-02 -0.256042745393D-03
  0.111359688164D-02  0.359969723391D-03 -0.243952529620D-02  0.427658780560D-02
 -0.300760300253D-03  0.425411530895D-02 -0.417620863745D-03  0.402046032409D+00
  0.000000000000D+00  0.000000000000D+00  0.000000000000D+00  0.000000000000D+00
  0.000000000000D+00  0.000000000000D+00  0.000000000000D+00  0.000000000000D+00
  0.000000000000D+00  0.000000000000D+00  0.000000000000D+00  0.000000000000D+00
  0.000000000000D+00  0.000000000000D+00  0.000000000000D+00  0.000000000000D+00
  0.000000000000D+00  0.000000000000D+00  0.000000000000D+00  0.000000000000D+00
  0.000000000000D+00  0.000000000000D+00  0.000000000000D+00  0.000000000000D+00
$end
