$coord
    0.77864998973670     -0.01030255736468     -4.72280222848332  h
   -0.36993677329770     -0.26107335287185     -3.33172669606056  o
    0.96216891325246      0.27372986751306     -1.05727456707451  c
    1.94246568492936      2.09132632995555     -1.15728419935878  h
    2.35566559377318     -1.19876473151028     -0.64368781058856  h
   -0.96216876433322      0.27372995765348      1.05727445283965  c
   -1.94246557576447      2.09132641651330      1.15728386559974  h
   -2.35566542955290     -1.19876464238833      0.64368757504632  h
    0.36993665645732     -0.26107332881348      3.33172668378854  o
   -0.77865081376609     -0.01030437920245      4.72280196648237  h
$intdef
# definitions of internal coordinates
   1 f  1.0000000000000 tors    2    3    6    9 val= 156.00000
$user-defined bonds
$redundant
     number_of_atoms            10
     degrees_of_freedom         24
     internal_coordinates       25
     frozen_coordinates          1
# definitions of redundant internals
   1 k  1.0000000000000 tors   1    2    3    6 val= 171.26418
   2 k  1.0000000000000 stre   2    1           val=   1.82133
   3 k  1.0000000000000 bend   3    1    2      val= 107.82853
   4 k  1.0000000000000 stre   3    4           val=   2.06752
   5 k  1.0000000000000 stre   3    5           val=   2.06909
   6 k  0.0817235275889 bend   5    4    3      val=   0.94848
       -0.5102535460110 bend   2    4    3
       -0.5077443975229 bend   2    5    3
        0.5057409262027 bend   6    4    3
        0.4683848056560 bend   6    5    3
   7 k  0.0327589462819 bend   5    4    3      val=   0.85753
       -0.5462307762378 bend   2    4    3
        0.5324269157109 bend   2    5    3
       -0.4504600690173 bend   6    4    3
        0.4627808295259 bend   6    5    3
   8 k -0.8847145509045 bend   5    4    3      val=   2.69753
        0.1754485203188 bend   2    4    3
        0.1989746014966 bend   2    5    3
        0.2534655342293 bend   6    4    3
        0.2875105407683 bend   6    5    3
   9 k -0.0073524898466 bend   5    4    3      val=   1.00519
       -0.4436639255008 bend   2    4    3
        0.4704650832656 bend   2    5    3
        0.5320521720673 bend   6    4    3
       -0.5465266267334 bend   6    5    3
  10 k  1.0000000000000 stre   6    7           val=   2.06752
  11 k  1.0000000000000 stre   6    8           val=   2.06909
  12 k  0.0817236464239 bend   8    7    6      val=   0.94849
       -0.5102536919247 bend   9    7    6
       -0.5077442506295 bend   9    8    6
        0.5057409557292 bend   3    7    6
        0.4683847533207 bend   3    8    6
  13 k  0.0327591236580 bend   8    7    6      val=   0.85755
       -0.5462307167803 bend   9    7    6
        0.5324270831913 bend   9    8    6
       -0.4504600275724 bend   3    7    6
        0.4627807348051 bend   3    8    6
  14 k -0.8847145636737 bend   8    7    6      val=   2.69752
        0.1754483516828 bend   9    7    6
        0.1989746074075 bend   9    8    6
        0.2534655254808 bend   3    7    6
        0.2875106080046 bend   3    8    6
  15 k -0.0073524874356 bend   8    7    6      val=   1.00518
       -0.4436637843949 bend   9    7    6
        0.4704650887424 bend   9    8    6
        0.5320521187876 bend   3    7    6
       -0.5465267884680 bend   3    8    6
  16 k  1.0000000000000 tors  10    9    6    3 val= 171.26425
  17 k  1.0000000000000 stre   9   10           val=   1.82133
  18 k  1.0000000000000 bend   6   10    9      val= 107.82853
  19 k  1.0000000000000 tors   2    3    6    9 val= 156.00000
  20 k  1.0000000000000 stre   3    2           val=   2.68955
  21 k  1.0000000000000 bend   6    2    3      val= 106.98273
  22 k  1.0000000000000 stre   6    9           val=   2.68955
  23 k  1.0000000000000 bend   3    9    6      val= 106.98273
  24 k  1.0000000000000 stre   3    6           val=   2.85909
  25 f  1.0000000000000 tors   2    3    6    9 val= 156.00000
        24 non zero eigenvalues  of BmBt
           1           3.976588340    1    0
         1
           2           3.769162140    2    0
         2
           3           3.725581839    3    0
         3
           4           3.061223695    4    0
         4
           5           3.004580136    5    0
         5
           6           2.437911165    6    0
         6
           7           2.140793840    7    0
         7
           8           1.686063351    8    0
         8
           9           1.245489501    9    0
         9
          10           1.173845896   10    0
        10
          11           1.046228333   11    0
        11
          12           0.866434841   12    0
        12
          13           0.770204678   13    0
        13
          14           0.755783694   14    0
        14
          15           0.579549867   15    0
        15
          16           0.401405230   16    0
        16
          17           0.354905046   17    0
        17
          18           0.339445756   18    0
        18
          19           0.282508369   20    0
        20
          20           0.253573805   21    0
        21
          21           0.134477690   22    0
        22
          22           0.067341872   23    0
        23
          23           0.066405576   24    0
        24
          24           0.000000000    0    1
         0.000000000         0.000000000         0.000000000         0.000000000
         0.000000000         0.000000000         0.000000000         0.000000000
         0.000000000         0.000000000         0.000000000         0.000000000
         0.000000000         0.000000000         0.000000000         0.000000000
         0.000000000         0.000000000         0.000000000         0.000000000
         0.000000000         0.000000000         0.000000000         0.000000000
         1.000000000
$end
