$energy      SCF               SCFKIN            SCFPOT            MP2
     1 -229.0280475042      228.768873     -457.796920     -.8121832071053
     2 -229.0283256791      228.790093     -457.818419     -.8123281614895
     3 -229.0282098621      228.792208     -457.820418     -.8125468331108
     4 -229.0281891870      228.789409     -457.817598     -.8125706567976
     5 -229.0281715580      228.789178     -457.817349     -.8125891746742
     6 -229.0281710525      228.788876     -457.817047     -.8125897207483
     7 -229.0281712398      228.788921     -457.817093     -.8125895758110
     8 -229.0281712396      228.788918     -457.817089     -.8125895469167
     9 -229.0281712127      228.788916     -457.817087     -.8125895665009
    10 -229.0281710584      228.788914     -457.817085     -.8125897305104
    11 -229.0281710584      228.788914     -457.817085     -.8125897316067
    12 -229.0281710907      228.788913     -457.817084     -.8125897017479
    13 -229.0281710547      228.788913     -457.817084     -.8125897400365
$end
