$grad          cartesian gradients
  cycle =      1 MP2 energy =     -229.8402307113 |dE/dxyz| =  0.009109
    0.80768229827250     -0.26477403903167     -4.72152821931829      h
   -0.37263531955879     -0.25497837652793     -3.33897175245206      o
    0.96035099372943      0.27977883752517     -1.06196079712350      c
    1.88837777941371      2.13027663290634     -1.14298506797376      h
    2.40598292612480     -1.15290258446946     -0.67505760090360      h
   -0.96031839687409      0.27987717367118      1.06195698093748      c
   -1.88818774636794      2.13043816893440      1.14296785139251      h
   -2.40607308847065     -1.15269912727003      0.67504341079345      h
    0.37261840794797     -0.25491721387684      3.33898681533769      o
   -0.80790216271516     -0.26578156400051      4.72136600878937      h
  -.23301349832776D-02  -.11126849672421D-02  0.10622060081777D-03
  0.29838948502050D-02  -.12729866827419D-02  -.27985038519693D-02
  -.21143827752432D-02  0.81350880484332D-03  0.98534604402223D-03
  -.73532824200306D-03  0.14772888486441D-02  0.12613534923831D-02
  0.23261923382538D-02  0.93495710340896D-04  -.78981944408729D-03
  0.21141588124309D-02  0.82105158392531D-03  -.98403460821209D-03
  0.73868841068414D-03  0.14731783337143D-02  -.12597818410990D-02
  -.23301885956921D-02  0.91013818063423D-04  0.78766085332160D-03
  -.29817412254571D-02  -.12702546552943D-02  0.27967235084594D-02
  0.23288414107627D-02  -.11136107845479D-02  -.10516475372757D-03
  cycle =      2 MP2 energy =     -229.8406538406 |dE/dxyz| =  0.004834
    0.79396762102584     -0.13452363676910     -4.72165187436241      h
   -0.36950434315044     -0.27758490190826     -3.32885327465811      o
    0.96335480500513      0.25687978565219     -1.05752505286244      c
    1.91953835966767      2.09016442214822     -1.14530694019423      h
    2.37921526190040     -1.19748046789026     -0.65942999291135      h
   -0.96331607010174      0.25692553631082      1.05750802399842      c
   -1.91936049282758      2.09027648784395      1.14535663790172      h
   -2.37928561542272     -1.19730967230198      0.65932910458229      h
    0.36947031297292     -0.27771091422742      3.32883831466322      o
   -0.79418414756771     -0.13531873099751      4.72155268332219      h
  -.74206512567532D-03  -.52043070000968D-03  -.15155719475857D-03
  0.16169024499755D-02  -.18672709804179D-02  0.54958441437858D-03
  -.71673666159233D-03  0.13249001163949D-02  -.25026836193359D-03
  -.31957843259978D-03  0.65608637470582D-03  0.63986664556542D-03
  0.63344135791965D-03  0.40526576603428D-03  -.77259611258695D-03
  0.71690758831577D-03  0.13282985226755D-02  0.24898507286769D-03
  0.32022968056844D-03  0.65495301758656D-03  -.63860123277687D-03
  -.63398542295712D-03  0.40501404411453D-03  0.77156489808772D-03
  -.16172006120589D-02  -.18650362815436D-02  -.54827048719108D-03
  0.74208517839391D-03  -.52177981228094D-03  0.15129235786038D-03
  cycle =      3 MP2 energy =     -229.8407566952 |dE/dxyz| =  0.005521
    0.78050516413543     -0.03128569631391     -4.72291816912854      h
   -0.36406303968413     -0.29560865215763     -3.33055486263031      o
    0.96418368408020      0.23876045443486     -1.05576090240086      c
    1.94281639525545      2.05791082627565     -1.14875841364832      h
    2.35833693247103     -1.23226114491622     -0.64378727902758      h
   -0.96417469186664      0.23874460870989      1.05573995900665      c
   -1.94266787999565      2.05796501185561      1.14890264317640      h
   -2.35843788522519     -1.23212622686057      0.64360521843732      h
    0.36400646365461     -0.29594853538108      3.33049297254319      o
   -0.78060945132335     -0.03183273778595      4.72285646315134      h
  0.81457149043729D-04  0.41790206151415D-04  -.21777177527449D-03
  0.56050799329643D-03  -.26453215995876D-02  0.10742167776971D-02
  -.52534211793853D-03  0.23244506314852D-02  -.91715775678386D-03
  -.18111860682346D-05  0.69983423982123D-04  0.23285840398912D-03
  -.16642312034820D-03  0.20815139225716D-03  -.25309578880006D-03
  0.52588148655675D-03  0.23253449425307D-02  0.91794359707720D-03
  0.10750378882651D-05  0.70634674980141D-04  -.23251001696062D-03
  0.16723035140842D-03  0.20833736617121D-03  0.25246348790503D-03
  -.56086293835111D-03  -.26448686297593D-02  -.10744776656288D-02
  -.81712655246591D-04  0.41497676912916D-04  0.21753073402753D-03
  cycle =      4 MP2 energy =     -229.8407598438 |dE/dxyz| =  0.005434
    0.78154935507088     -0.03352995937449     -4.72312474786739      h
   -0.36484590520916     -0.29467488506159     -3.33216201866602      o
    0.96365509544682      0.23982264839068     -1.05614949412903      c
    1.94337580087947      2.05803690609342     -1.15167406392127      h
    2.35744113355024     -1.23212602472925     -0.64215103742060      h
   -0.96365725201107      0.23979428020371      1.05612702348100      c
   -1.94323172643124      2.05807842484535      1.15183497969316      h
   -2.35755974144969     -1.23199794511839      0.64196262154950      h
    0.36478871841861     -0.29504857622981      3.33208867769891      o
   -0.78161978676310     -0.03403696115899      4.72306568906103      h
  -.38068221899668D-04  0.77492965627202D-05  -.49869795501589D-04
  0.52288420916735D-03  -.25971852519562D-02  0.48336454302245D-03
  -.67149467965955D-03  0.25393238013165D-02  -.76261872935746D-03
  -.15550094085715D-05  0.16791106069558D-04  0.13887244194793D-03
  -.67949311728377D-05  0.32929542152171D-04  -.71064682693189D-04
  0.67180926518562D-03  0.25399068039293D-02  0.76349427920935D-03
  0.13862054046854D-05  0.16894988403404D-04  -.13878831487230D-03
  0.69976192222931D-05  0.32866340451410D-04  0.70579422445316D-04
  -.52304741039588D-03  -.25969519113622D-02  -.48368444549407D-03
  0.37882953260127D-04  0.76753709968846D-05  0.49715280252549D-04
  cycle =      5 MP2 energy =     -229.8407607327 |dE/dxyz| =  0.005303
    0.78286087901981     -0.03856883780237     -4.72203861944191      h
   -0.36606473477365     -0.29320330760068     -3.33199490846582      o
    0.96342228384916      0.24140664218478     -1.05610973552805      c
    1.94383233080044      2.05900913015798     -1.15447926811962      h
    2.35657477896184     -1.23110597232304     -0.64094913127162      h
   -0.96343364380897      0.24136934015394      1.05608506836623      c
   -1.94369308654240      2.05904226126142      1.15465248347829      h
   -2.35670737529548     -1.23098228834615      0.64075905094752      h
    0.36600800698701     -0.29360168064584      3.33191130984986      o
   -0.78290374769600     -0.03904737917940      4.72198137966442      h
  -.12069405390669D-04  0.73559867412309D-05  0.15100945090385D-04
  0.40855328254796D-03  -.25401396067806D-02  0.39066248145048D-03
  -.63653545690867D-03  0.25549225640784D-02  -.59704457514081D-03
  -.18755162078943D-05  -.60068251053202D-05  0.18366584393137D-04
  0.23907333176254D-04  -.16087138206444D-04  0.10644980150687D-04
  0.63669305357372D-03  0.25548082213298D-02  0.59761852346368D-03
  0.19434920399686D-05  -.60117042357533D-05  -.18525758036569D-04
  -.23955020627131D-04  -.16130601236064D-04  -.10751651270458D-04
  -.40867551371182D-03  -.25400356932268D-02  -.39102809224101D-03
  0.12013751265361D-04  0.73248957543903D-05  -.15043438351015D-04
  cycle =      6 MP2 energy =     -229.8407607732 |dE/dxyz| =  0.005255
    0.78354516001572     -0.04118928919694     -4.72203450056618      h
   -0.36636484055508     -0.29255446292589     -3.33217659312809      o
    0.96329223476408      0.24206322360996     -1.05625329739546      c
    1.94373223007839      2.05964046323950     -1.15512612156823      h
    2.35641836026929     -1.23042074254156     -0.64117840747437      h
   -0.96330501831211      0.24202418088472      1.05622797739073      c
   -1.94359423312913      2.05967166800068      1.15530335455046      h
   -2.35655297298300     -1.23029783657693      0.64098735731968      h
    0.36630781044457     -0.29295854347962      3.33209093650227      o
   -0.78358303909095     -0.04166075315329      4.72197692384849      h
  -.50192554170714D-05  0.21257504723149D-06  0.39425359426026D-05
  0.40078623190443D-03  -.25274370824375D-02  0.35512000087135D-03
  -.62982805867406D-03  0.25333833687984D-02  -.56470848246959D-03
  0.65812397953557D-06  -.25967988364073D-05  -.11937586549271D-05
  0.13103824201721D-04  -.35010684324988D-05  0.73422712577598D-05
  0.63001058339029D-03  0.25331809611486D-02  0.56515451880557D-03
  -.61323250366563D-06  -.25999433512780D-05  0.11117372746283D-05
  -.13119456814703D-04  -.34979096548149D-05  -.73606130621129D-05
  -.40099171069485D-03  -.25273440816593D-02  -.35548709530620D-03
  0.50129503676999D-05  0.20007823064994D-06  -.39211151090512D-05
  cycle =      7 MP2 energy =     -229.8407608156 |dE/dxyz| =  0.005251
    0.78364396184045     -0.04160367596841     -4.72200506100273      h
   -0.36641805711228     -0.29243525150600     -3.33215826956591      o
    0.96328218131927      0.24218267955473     -1.05626431297529      c
    1.94376024166768      2.05974646012307     -1.15515200646883      h
    2.35631820820476     -1.23035085325764     -0.64126373337062      h
   -0.96329497925461      0.24214337903577      1.05623873773742      c
   -1.94362259116204      2.05977724344573      1.15533049254786      h
   -2.35645280439161     -1.23022807453784      0.64107203894932      h
    0.36636075305851     -0.29284077223597      3.33207240773183      o
   -0.78368122266834     -0.04207322679281      4.72194733589624      h
  0.30504301440359D-06  -.26284572007818D-06  -.95692575419193D-06
  0.39822627620190D-03  -.25300536732398D-02  0.36434711537758D-03
  -.62069202314419D-03  0.25282637424306D-02  -.56197933238061D-03
  0.15997872631068D-05  -.20530228361793D-06  -.12853104659483D-05
  0.18498289691138D-05  0.22913146762171D-05  0.85904423846594D-06
  0.62091271398046D-03  0.25281034494204D-02  0.56233235956804D-03
  -.15943417956965D-05  -.19377164051093D-06  0.12553953739891D-05
  -.18481952883675D-05  0.22973743729615D-05  -.86244598856977D-06
  -.39846019683498D-03  -.25299731252688D-02  -.36467166598975D-03
  -.29889212838086D-06  -.26706408184918D-06  0.96176725206121D-06
  cycle =      8 MP2 energy =     -229.8407607865 |dE/dxyz| =  0.005251
    0.77863652453339     -0.01027681577865     -4.72280756915368      h
   -0.36993538267194     -0.26107752505817     -3.33172352834410      o
    0.96216406680287      0.27372345898680     -1.05727605211702      c
    1.94246126239313      2.09132210207976     -1.15730944717805      h
    2.35570177449743     -1.19872923804014     -0.64367531374543      h
   -0.96216383656725      0.27372370947517      1.05727610301442      c
   -1.94246051087414      2.09132272020130      1.15730876837752      h
   -2.35570188608819     -1.19872858708757      0.64367514834190      h
    0.36993522033391     -0.26107739143780      3.33172354956724      o
   -0.77863733121621     -0.01027897854743      4.72280746998277      h
  -.11033105629110D-06  0.37036870376150D-06  -.93265804634868D-06
  0.39893635088095D-03  -.25304785918547D-02  0.36419114833652D-03
  -.62125633871535D-03  0.25281071872945D-02  -.56142895024874D-03
  0.15263025994194D-05  -.22160136259330D-06  -.12998990361890D-05
  0.19171605756263D-05  0.22357902138559D-05  0.85800558058402D-06
  0.62124485798787D-03  0.25280139451425D-02  0.56148158711761D-03
  -.15149744907461D-05  -.23019617412245D-06  0.12697939221762D-05
  -.19206400776461D-05  0.22270520685375D-05  -.86141646510329D-06
  -.39894680645780D-03  -.25304214832111D-02  -.36422011975557D-03
  0.12441920205220D-06  0.39762780223995D-06  0.94250799520523D-06
  cycle =      9 MP2 energy =     -229.8407607792 |dE/dxyz| =  0.005253
    0.77864808674077     -0.01033877032591     -4.72280281821368      h
   -0.36994598107904     -0.26105641608621     -3.33172372461084      o
    0.96216297594168      0.27374556347343     -1.05727785301606      c
    1.94246447721318      2.09134086701282     -1.15730041253656      h
    2.35568062124224     -1.19872939609270     -0.64368758262042      h
   -0.96216253881549      0.27374601363232      1.05727786022315      c
   -1.94246373747110      2.09134160854743      1.15729960350961      h
   -2.35568041356448     -1.19872866638704      0.64368751682524      h
    0.36994576483530     -0.26105612441030      3.33172390894577      o
   -0.77864935390007     -0.01034122457057      4.72280263023936      h
  -.38046398476155D-07  -.95776269337655D-06  -.22018401057977D-06
  0.39843250124161D-03  -.25305996026166D-02  0.36287900245213D-03
  -.61975006966186D-03  0.25309113074106D-02  -.56150521601678D-03
  0.10248805732971D-05  -.31101948883006D-06  -.36538858616542D-06
  0.10638567959909D-05  0.95348188278166D-06  0.35592870367696D-06
  0.61977105239253D-03  0.25309004783860D-02  0.56153498778783D-03
  -.10379137627137D-05  -.30109772586329D-06  0.34258090103600D-06
  -.10502106619903D-05  0.95447851533592D-06  -.35223135563811D-06
  -.39845419051154D-03  -.25305913939504D-02  -.36289309209270D-03
  0.38139512437141D-07  -.95877087297191D-06  0.22361240414881D-06
  cycle =     10 MP2 energy =     -229.8407607889 |dE/dxyz| =  0.005258
    0.77863649083322     -0.01027039452554     -4.72280369488312      h
   -0.36994041375855     -0.26106719572630     -3.33172619865105      o
    0.96216756269669      0.27373585065571     -1.05727497965647      c
    1.94247141114601      2.09132891602852     -1.15727999474240      h
    2.35565893460080     -1.19876534410517     -0.64368973207532      h
   -0.96216712859228      0.27373633176739      1.05727491521743      c
   -1.94247079918526      2.09132960285995      1.15727947161524      h
   -2.35565869247052     -1.19876462304638      0.64368958128785      h
    0.36994018690847     -0.26106721299902      3.33172633119131      o
   -0.77863765103559     -0.01027247611590      4.72280342944210      h
  -.66309882118532D-06  0.84617815870880D-06  0.41651445936708D-06
  0.39861441821820D-03  -.25338116523415D-02  0.36179275764159D-03
  -.61735059972845D-03  0.25335538121349D-02  -.56156950909986D-03
  0.28995139511601D-06  -.10630370805842D-06  0.47823107235390D-06
  -.10197733857353D-06  -.49903555110475D-06  -.39065173873531D-08
  0.61737660283079D-03  0.25336004919292D-02  0.56157791186623D-03
  -.31768159947099D-06  -.94587508936428D-07  -.48629377241705D-06
  0.12094922574590D-06  -.50008714325145D-06  0.10866588961989D-07
  -.39863136891505D-03  -.25338404843760D-02  -.36179903110245D-03
  0.66280422661436D-06  0.85176748465532D-06  -.41754366630897D-06
  cycle =     11 MP2 energy =     -229.8407607900 |dE/dxyz| =  0.005258
    0.77864371062426     -0.01027974736054     -4.72280250769520      h
   -0.36993529620876     -0.26107666875006     -3.33172676890114      o
    0.96216912998310      0.27372656514492     -1.05727351467132      c
    1.94247291427761      2.09131974655525     -1.15727704964242      h
    2.35566004409904     -1.19877445779145     -0.64368611291948      h
   -0.96216880248914      0.27372684221709      1.05727343057679      c
   -1.94247284380826      2.09131999727278      1.15727646186807      h
   -2.35565955626498     -1.19877428441987      0.64368597892593      h
    0.36993509070623     -0.26107651503897      3.33172689502320      o
   -0.77864490948446     -0.01028189834482      4.72280222962645      h
  -.51063098638338D-06  0.31481399187516D-06  0.43685689288253D-06
  0.39854394635075D-03  -.25333328657844D-02  0.36185134216726D-03
  -.61751703544521D-03  0.25334486414406D-02  -.56166285003961D-03
  0.24139328402839D-06  -.28796680595633D-07  0.43551081263526D-06
  -.36802410008363D-07  -.41693208086002D-06  0.31584206472424D-07
  0.61754166055827D-03  0.25334876004934D-02  0.56167337405549D-03
  -.27225863918900D-06  -.17026521081931D-07  -.44518303632390D-06
  0.58358573529205D-07  -.41945266771037D-06  -.23635834345281D-07
  -.39855720485171D-03  -.25333466472537D-02  -.36185877633255D-03
  0.50857325417653D-06  0.31076390488716D-06  -.43822346640354D-06
  cycle =     12 MP2 energy =     -229.8407607924 |dE/dxyz| =  0.005256
    0.77865801015326     -0.01034748375869     -4.72280000656655      h
   -0.36994263462035     -0.26106168351588     -3.33172593985644      o
    0.96216707252978      0.27374146253913     -1.05727610248743      c
    1.94246467213478      2.09133743095130     -1.15728623670505      h
    2.35566372146671     -1.19875413327174     -0.64369202588846      h
   -0.96216693539313      0.27374152418062      1.05727599599147      c
   -1.94246461117361      2.09133747635019      1.15728598540390      h
   -2.35566354585957     -1.19875406411406      0.64369170537601      h
    0.36994246901420     -0.26106187586577      3.33172590514498      o
   -0.77865873681742     -0.01034907401079      4.72279976177846      h
  0.94174387843537D-07  -.91777328559139D-06  0.55539160381812D-07
  0.39796540851977D-03  -.25318521155819D-02  0.36229635751805D-03
  -.61720563854051D-03  0.25329151595854D-02  -.56168116591765D-03
  0.21945986583560D-07  -.53290005297413D-07  0.19789252014846D-06
  0.57057321534160D-07  -.97701235546310D-07  -.92848557842196D-07
  0.61721532914483D-03  0.25329412414927D-02  0.56169439547377D-03
  -.31566538938321D-07  -.53181476555864D-07  -.20267519967865D-06
  -.53148379919321D-07  -.10172590059199D-06  0.91744699726171D-07
  -.39797229697758D-03  -.25318713441207D-02  -.36230458762176D-03
  -.91264975576877D-07  -.90917037565141D-06  -.54650739933493D-07
  cycle =     13 MP2 energy =     -229.8407607947 |dE/dxyz| =  0.005257
    0.77864998973670     -0.01030255736468     -4.72280222848332      h
   -0.36993677329770     -0.26107335287185     -3.33172669606056      o
    0.96216891325246      0.27372986751306     -1.05727456707451      c
    1.94246568492936      2.09132632995555     -1.15728419935878      h
    2.35566559377318     -1.19876473151028     -0.64368781058856      h
   -0.96216876433322      0.27372995765348      1.05727445283965      c
   -1.94246557576447      2.09132641651330      1.15728386559974      h
   -2.35566542955290     -1.19876464238833      0.64368757504632      h
    0.36993665645732     -0.26107332881348      3.33172668378854      o
   -0.77865081376609     -0.01030437920245      4.72280196648237      h
  -.20916267340354D-06  0.60614893165889D-06  -.47480390286125D-07
  0.39836482029454D-03  -.25332014756292D-02  0.36241699432704D-03
  -.61706625786506D-03  0.25326481704877D-02  -.56158153018221D-03
  0.40174703563878D-07  -.20724590932275D-07  0.83046566012879D-07
  0.85367775071177D-08  -.36918737844616D-07  -.39929147210849D-08
  0.61707531560673D-03  0.25326674637458D-02  0.56159023194574D-03
  -.44921067754444D-07  -.22600794125083D-07  -.89180385076659D-07
  -.80267441582293D-08  -.40819921220958D-07  0.37411518882813D-08
  -.39836774580948D-03  -.25331994893261D-02  -.36241830450123D-03
  0.20726697202988D-06  0.60034476417892D-06  0.46473115578038D-07
$end
