$hessapprox internal
  0.306981175000D-01 -0.133301578568D-03  0.612952256663D+00  0.171589399993D-02
  0.307980157064D-03  0.372217986023D+00 -0.492446753151D-03  0.254062773036D-03
 -0.771219467659D-04  0.426259213088D+00  0.590606753223D-03  0.160617381567D-02
 -0.101202277135D-03 -0.144628855307D-03  0.424170372237D+00 -0.727557498949D-03
 -0.251740419865D-02  0.179283716207D-03  0.220575603524D-03  0.125338040646D-02
  0.344977804698D+00 -0.793440557314D-03 -0.682552198544D-02  0.609105308807D-03
  0.561713577144D-03  0.343612224989D-02 -0.539168874478D-02  0.333120012164D+00
  0.536660980482D-03 -0.277839775225D-03  0.841442464192D-04  0.533118381505D-05
  0.158104246561D-03 -0.241147311675D-03 -0.614224590124D-03  0.321570070918D+00
 -0.275347442993D-02 -0.269224524141D-02 -0.143236422405D-04  0.296771844396D-03
  0.127712615061D-02 -0.203372129230D-02 -0.570482011533D-02 -0.324243019084D-03
  0.344195758087D+00 -0.484638013829D-03  0.388267468994D-03 -0.899111034354D-04
 -0.156265713280D-04 -0.212440248066D-03  0.326884820515D-03  0.850110411555D-03
  0.171464718047D-04  0.410201362216D-03  0.426231871167D+00  0.617310636622D-03
  0.153278287314D-02 -0.909774033654D-04 -0.139674936532D-03 -0.757564778322D-03
  0.119406444734D-02  0.327744829850D-02  0.152683288672D-03  0.121008657119D-02
 -0.204380668272D-03  0.424244902085D+00 -0.770451520174D-03 -0.254015179314D-02
  0.177115115955D-03  0.223688039537D-03  0.126354217867D-02 -0.198844320316D-02
 -0.543928099920D-02 -0.244546221408D-03 -0.204622396774D-02  0.330953041628D-03
  0.120362396996D-02  0.344944878022D+00 -0.105446298569D-02 -0.722149584747D-02
  0.622015232026D-03  0.600926200525D-03  0.362857460813D-02 -0.569629099633D-02
 -0.154988124392D-01 -0.657078978460D-03 -0.600100541682D-02  0.906025361944D-03
  0.346030315397D-02 -0.574609195331D-02  0.331387233292D+00  0.551556873559D-03
 -0.255739249118D-03  0.834578583582D-04  0.313251559300D-05  0.147373378085D-03
 -0.224158990246D-03 -0.567154649896D-03 -0.349017057779D-05 -0.307764958276D-03
  0.140156386701D-04  0.142488683875D-03 -0.227435466588D-03 -0.607462284412D-03
  0.321574729645D+00 -0.274286664938D-02 -0.273256639955D-02 -0.912993881550D-05
  0.299618763200D-03  0.129791489160D-02 -0.206615483544D-02 -0.579186978984D-02
 -0.327357783597D-03 -0.189164766240D-02  0.414753997188D-03  0.122996586464D-02
 -0.207897794962D-02 -0.609326715118D-02 -0.310588574909D-03  0.344122905443D+00
  0.161612018134D-01 -0.113842431558D-03  0.169736885237D-02 -0.489088253940D-03
  0.575652802506D-03 -0.706055327512D-03 -0.746661818160D-03  0.533006462683D-03
 -0.271117946612D-02 -0.482123159227D-03  0.602515424220D-03 -0.748400210814D-03
 -0.100286997916D-02  0.547630457693D-03 -0.270044477522D-02  0.303821957727D-01
 -0.133788320188D-03 -0.317759626782D-02  0.308142402909D-03  0.254243190030D-03
  0.160722398909D-02 -0.251905500312D-02 -0.683002665260D-02 -0.278037031218D-03
 -0.269396247753D-02  0.388536647814D-03  0.153378375031D-02 -0.254181662789D-02
 -0.722625659888D-02 -0.255922220249D-03 -0.273431061996D-02 -0.114312401809D-03
  0.612948051832D+00  0.173078493909D-02  0.299057851623D-03  0.150229864137D-03
 -0.768785424387D-04 -0.962001382767D-04  0.171628969042D-03  0.589453382786D-03
  0.838763117151D-04 -0.243571598421D-04 -0.892885853540D-04 -0.861536229502D-04
  0.169357237979D-03  0.601022192075D-03  0.832650815356D-04 -0.192652465333D-04
  0.171216532376D-02  0.299213820155D-03  0.372222898338D+00 -0.785105440702D-04
  0.736314148645D-03 -0.828264751465D-04 -0.555384588056D-04 -0.375936253433D-03
  0.587888255101D-03  0.158605751337D-02  0.607486928333D-04  0.641958606357D-03
 -0.866715944332D-04 -0.359118442782D-03  0.593443919289D-03  0.167951155577D-02
  0.555305391233D-04  0.651225585931D-03 -0.819535871765D-04  0.736804102830D-03
 -0.808599411435D-04  0.495091267662D+00 -0.110167022255D-02  0.904436075783D-04
 -0.124086768435D-03  0.268316701536D-04 -0.811735047808D-04  0.113810248563D-03
  0.228728231199D-03 -0.292159777184D-04  0.255476390850D-03  0.228620043506D-04
 -0.811000507748D-04  0.117298013617D-03  0.256555616991D-03 -0.307912814491D-04
  0.255791896314D-03 -0.109142410670D-02  0.905304477416D-04 -0.124866335627D-03
 -0.135622386083D-04  0.383234939352D+00 -0.118631557489D-03  0.668060109496D-03
 -0.800930347655D-04 -0.489295024584D-04 -0.342607113569D-03  0.535198379925D-03
  0.144050666052D-02  0.535254963642D-04  0.590117228319D-03 -0.771830079154D-04
 -0.327434737465D-03  0.540360815501D-03  0.152600738381D-02  0.487504947927D-04
  0.598489475186D-03 -0.121292358697D-03  0.668505803505D-03 -0.783531135131D-04
 -0.153922583196D-03 -0.909549599720D-05  0.495122097079D+00 -0.115393264639D-02
  0.221598360346D-03 -0.142832990918D-03  0.181186043101D-04 -0.149363224896D-03
  0.219984988530D-03  0.512430684171D-03 -0.196808554878D-04  0.376015221466D-03
  0.859829985835D-05 -0.146363961189D-03  0.224560680566D-03  0.557477456030D-03
 -0.222183850164D-04  0.377952552145D-03 -0.114392584452D-02  0.221773407205D-03
 -0.143298064976D-03 -0.435864101093D-04  0.724560238275D-04 -0.361687985461D-04
  0.383230087184D+00 -0.157333598358D-03 -0.246475335256D-02  0.233428709934D-03
  0.198858340617D-03  0.124495259529D-02 -0.195190510199D-02 -0.529615635039D-02
 -0.217462740861D-03 -0.208095259019D-02  0.303018072719D-03  0.118788978597D-02
 -0.196942293169D-02 -0.560269664683D-02 -0.200354859065D-03 -0.211228962555D-02
 -0.141703527005D-03 -0.246638317927D-02  0.226453030916D-03  0.571872853466D-03
  0.738480638631D-04  0.519018409727D-03  0.175838281940D-03  0.395789123479D+00
  0.000000000000D+00  0.000000000000D+00  0.000000000000D+00  0.000000000000D+00
  0.000000000000D+00  0.000000000000D+00  0.000000000000D+00  0.000000000000D+00
  0.000000000000D+00  0.000000000000D+00  0.000000000000D+00  0.000000000000D+00
  0.000000000000D+00  0.000000000000D+00  0.000000000000D+00  0.000000000000D+00
  0.000000000000D+00  0.000000000000D+00  0.000000000000D+00  0.000000000000D+00
  0.000000000000D+00  0.000000000000D+00  0.000000000000D+00  0.000000000000D+00
$end
