$coord
    0.80095951837149     -1.31231399650587     -4.14035414780748  h
   -0.37604887893497     -0.91189969504266     -2.81408795853994  o
    0.66969562725945      1.02240962449052     -1.26097419125836  c
    0.41898565150221      2.87919558125745     -2.15385276542012  h
    2.69242243890762      0.72414001187567     -0.93449789313427  h
   -0.66969488321781      1.02241019220004      1.26097452967717  c
   -0.41898342998085      2.87919603588010      2.15385295703028  h
   -2.69242197369415      0.72414204180288      0.93449837001794  h
    0.37604831690066     -0.91190007435485      2.81408795180322  o
   -0.80095636676508     -1.31230695968930      4.14035971537163  h
$user-defined bonds
$intdef
# definitions of internal coordinates
   1 f  1.0000000000000 tors    2    3    6    9 val=  81.00000
$redundant
     number_of_atoms            10
     degrees_of_freedom         24
     internal_coordinates       25
     frozen_coordinates          1
# definitions of redundant internals
   1 k  1.0000000000000 tors   1    2    3    6 val= 199.64648
   2 k  1.0000000000000 stre   2    1           val=   1.81787
   3 k  1.0000000000000 bend   3    1    2      val= 109.12675
   4 k  1.0000000000000 stre   3    5           val=   2.07050
   5 k  1.0000000000000 stre   3    4           val=   2.07551
   6 k  0.0789023312162 bend   4    5    3      val=   1.00246
       -0.5179881671834 bend   2    5    3
       -0.4980010424990 bend   2    4    3
        0.4862445299851 bend   6    5    3
        0.4909418494243 bend   6    4    3
   7 k  0.0112566891058 bend   4    5    3      val=   0.17036
       -0.5342943030992 bend   2    5    3
        0.5464339384118 bend   2    4    3
       -0.4637421695566 bend   6    5    3
        0.4480580718532 bend   6    4    3
   8 k -0.8907538708813 bend   4    5    3      val=   0.88224
        0.1745326587356 bend   2    5    3
        0.1937847117814 bend   2    4    3
        0.2615271496925 bend   6    5    3
        0.2648526533721 bend   6    4    3
   9 k -0.0046477966716 bend   4    5    3      val=   0.64114
        0.4548833823162 bend   2    5    3
       -0.4568473292494 bend   2    4    3
       -0.5344176499053 bend   6    5    3
        0.5465782649412 bend   6    4    3
  10 k  1.0000000000000 stre   6    8           val=   2.07050
  11 k  1.0000000000000 stre   6    7           val=   2.07551
  12 k  0.0789024889723 bend   7    8    6      val=   1.00246
       -0.5179880582327 bend   9    8    6
       -0.4980011773480 bend   9    7    6
        0.4862445811009 bend   3    8    6
        0.4909417516084 bend   3    7    6
  13 k  0.0112566351305 bend   7    8    6      val=   0.17036
       -0.5342944351037 bend   9    8    6
        0.5464338769158 bend   9    7    6
       -0.4637420260438 bend   3    8    6
        0.4480581393327 bend   3    7    6
  14 k -0.8907538218856 bend   7    8    6      val=   0.88225
        0.1745327052709 bend   9    8    6
        0.1937845782659 bend   9    7    6
        0.2615272325908 bend   3    8    6
        0.2648528033205 bend   3    7    6
  15 k -0.0046477088186 bend   7    8    6      val=   0.64113
        0.4548833210855 bend   9    8    6
       -0.4568473160163 bend   9    7    6
       -0.5344177456595 bend   3    8    6
        0.5465782340836 bend   3    7    6
  16 k  1.0000000000000 tors  10    9    6    3 val= 199.64617
  17 k  1.0000000000000 stre   9   10           val=   1.81787
  18 k  1.0000000000000 bend   6   10    9      val= 109.12674
  19 k  1.0000000000000 tors   2    3    6    9 val=  81.00000
  20 k  1.0000000000000 stre   3    2           val=   2.69208
  21 k  1.0000000000000 bend   6    2    3      val= 109.10603
  22 k  1.0000000000000 stre   6    9           val=   2.69208
  23 k  1.0000000000000 bend   3    9    6      val= 109.10602
  24 k  1.0000000000000 stre   3    6           val=   2.85555
  25 f  1.0000000000000 tors   2    3    6    9 val=  81.00000
        24 non zero eigenvalues  of BmBt
           1           4.359591612    1    0
         1
           2           3.797807503    2    0
         2
           3           3.745871313    3    0
         3
           4           3.033769540    4    0
         4
           5           2.872597529    5    0
         5
           6           2.432879755    6    0
         6
           7           2.074866780    7    0
         7
           8           1.733883235    8    0
         8
           9           1.254065174    9    0
         9
          10           1.239580089   10    0
        10
          11           1.042831366   11    0
        11
          12           0.835043397   12    0
        12
          13           0.769638928   13    0
        13
          14           0.728146498   14    0
        14
          15           0.594064623   15    0
        15
          16           0.461268333   16    0
        16
          17           0.355068786   17    0
        17
          18           0.351279764   18    0
        18
          19           0.281133930   20    0
        20
          20           0.252799994   21    0
        21
          21           0.113116911   22    0
        22
          22           0.070759605   23    0
        23
          23           0.065794296   24    0
        24
          24           0.000000000    0    1
         0.000000000         0.000000000         0.000000000         0.000000000
         0.000000000         0.000000000         0.000000000         0.000000000
         0.000000000         0.000000000         0.000000000         0.000000000
         0.000000000         0.000000000         0.000000000         0.000000000
         0.000000000         0.000000000         0.000000000         0.000000000
         0.000000000         0.000000000         0.000000000         0.000000000
         1.000000000
$end
