$energy      SCF               SCFKIN            SCFPOT
     1 -230.2253212338      229.3000154092     -459.5253366430
     2 -230.2258719446      229.2831688968     -459.5090408414
     3 -230.2260411972      229.2902692379     -459.5163104351
     4 -230.2260852226      229.2939819452     -459.5200671678
     5 -230.2260984325      229.2920159029     -459.5181143355
     6 -230.2260993492      229.2926386914     -459.5187380406
     7 -230.2260993893      229.2925147033     -459.5186140926
     8 -230.2260990140      229.2925113330     -459.5186103470
     9 -230.2260990153      229.2924770539     -459.5185760692
    10 -230.2260990156      229.2924425403     -459.5185415559
    11 -230.2260990156      229.2924432077     -459.5185422233
    12 -230.2260990156      229.2924517617     -459.5185507772
    13 -230.2260990156      229.2924582589     -459.5185572745
$end
