$grad          cartesian gradients
  cycle =      1    SCF energy =     -230.2253212338   |dE/dxyz| =  0.011006
    0.49248556408172     -0.97253317733411     -4.36074668858978      h
   -0.36697590732238     -0.93236826265342     -2.75935420711071      o
    0.70071374120198      1.02352272130976     -1.24861382979562      c
    0.49079805651015      2.87756117209067     -2.14894332241143      h
    2.71677640221836      0.69779342391177     -0.90002675166346      h
   -0.70072735166784      1.02351740709070      1.24860952063430      c
   -0.49086787031153      2.87756784482477      2.14893222446805      h
   -2.71677640098352      0.69773258893377      0.90000792147024      h
    0.36701010144266     -0.93233145295858      2.75937053504067      o
   -0.49279632639440     -0.97283737796298      4.36056879397418      h
  -.67177120370568D-03  0.93018575733900D-03  0.63564817102455D-03
  -.16784693757825D-02  -.12959561006775D-02  0.27859769343816D-02
  0.62544828470779D-02  0.61692858178799D-03  -.13007267026099D-02
  0.12908216828357D-02  -.28300354488083D-03  0.15717932410611D-02
  0.49283022123377D-03  0.33050320451982D-04  -.96771113758431D-03
  -.62548318735762D-02  0.61715512061162D-03  0.13003316802246D-02
  -.12909070017589D-02  -.28291058770270D-03  -.15715385468100D-02
  -.49256359337969D-03  0.33176081755022D-04  0.96743062182569D-03
  0.16793088108656D-02  -.12957100701258D-02  -.27851609851522D-02
  0.67109921265078D-03  0.92988641578471D-03  -.63603950660083D-03
  cycle =      2    SCF energy =     -230.2258719446   |dE/dxyz| =  0.004569
    0.56980493031934     -1.03208526666921     -4.34430593895247      h
   -0.38660959597429     -0.91165105936613     -2.80132959440524      o
    0.67270802233938      1.02951167698481     -1.26333117264915      c
    0.43432845654862      2.88681181748579     -2.15562935937586      h
    2.69550614114990      0.72138914097207     -0.94331146482188      h
   -0.67274825629630      1.02949745021228      1.26332373443231      c
   -0.43439556299696      2.88679235053846      2.15564363979363      h
   -2.69553904311592      0.72135238573897      0.94328905294276      h
    0.38659348220465     -0.91166329521245      2.80130668850627      o
   -0.57000856540322     -1.03233031343225      4.34414861054608      h
  -.25238437097236D-03  0.25981235235618D-03  -.42350749409039D-03
  -.83455596089568D-03  -.50689462078218D-03  0.17918215129617D-03
  0.28240254148901D-02  0.21765292823999D-03  -.41274332440853D-03
  0.80778451030271D-03  -.10061074054628D-03  0.17491321279225D-03
  -.70513529150109D-04  0.13030288762772D-03  -.48367099953637D-03
  -.28245441600597D-02  0.21851253481236D-03  0.41327083586784D-03
  -.80783114375686D-03  -.10035860776695D-03  -.17441461022370D-03
  0.70773435157471D-04  0.13039515159280D-03  0.48326958896717D-03
  0.83543245167065D-03  -.50644210971176D-03  -.17965470696631D-03
  0.25181036790237D-03  0.25962966909910D-03  0.42335202314956D-03
  cycle =      3    SCF energy =     -230.2260411972   |dE/dxyz| =  0.002594
    0.63331628739481     -1.11793911434737     -4.27917165996563      h
   -0.41489254294082     -0.88714865931262     -2.81051120911405      o
    0.65094058460788      1.04585308635303     -1.27030328522461      c
    0.38505471253758      2.90417012921661     -2.15569977661566      h
    2.67959946414452      0.74905506921124     -0.97460373102026      h
   -0.65099805847990      1.04582310126974      1.27028754121835      c
   -0.38511729865781      2.90411814587662      2.15573154189161      h
   -2.67965487298528      0.74903044456612      0.97457309763806      h
    0.41483423658040     -0.88721225853908      2.81045455253129      o
   -0.63344250342619     -1.11812505704193      4.27904712467736      h
  0.43035450615581D-04  0.14869101446877D-03  -.35604602655324D-03
  -.68590830564855D-03  0.61355126281014D-03  -.32232135405705D-03
  0.91578722232537D-03  -.73739664316579D-03  0.92292101180821D-03
  0.46067118119796D-04  -.42545768097614D-04  -.15332673639429D-03
  0.16186506058667D-04  0.19427329688350D-04  0.22864930240710D-05
  -.91591417478239D-03  -.73708231753785D-03  -.92306810665370D-03
  -.46098726065918D-04  -.42620711217209D-04  0.15349778169183D-03
  -.16077109432551D-04  0.19500965069254D-04  -.25113887615383D-05
  0.68605827435342D-03  0.61374995349475D-03  0.32251061712519D-03
  -.43134467075270D-04  0.14848177442032D-03  0.35605885593740D-03
  cycle =      4    SCF energy =     -230.2260852226   |dE/dxyz| =  0.003033
    0.66859716803268     -1.19217273199082     -4.21470245486536      h
   -0.43687403832220     -0.86852277463287     -2.80769979469202      o
    0.63999342239877      1.06348405122894     -1.27486435126013      c
    0.36206250172385      2.92210634794744     -2.15684827685016      h
    2.67116667705661      0.76910450474246     -0.99473637986752      h
   -0.64006036274119      1.06344443961868      1.27484357800447      c
   -0.36212157400267      2.92203499687538      2.15689085221534      h
   -2.67123457393139      0.76908438436308      0.99470301243934      h
    0.43679571618049     -0.86861753773381      2.80761772118708      o
   -0.66868492761974     -1.19232079316612      4.21460028970543      h
  0.10639385139412D-03  0.14497829730212D-03  -.78701659891758D-04
  -.80151921448888D-03  0.88396887897161D-03  -.32408593830400D-03
  0.86301038816900D-03  -.10417815387547D-02  0.10491558089132D-02
  -.24729465304652D-03  0.61438622406890D-04  -.14083300070313D-04
  0.13867093429541D-03  -.46369286129223D-04  0.12557366901403D-03
  -.86296348040281D-03  -.10417524803953D-02  -.10494360278818D-02
  0.24729528857883D-03  0.61264189146520D-04  0.14121620886586D-04
  -.13863703354441D-03  -.46343877677098D-04  -.12563179104071D-03
  0.80128854814341D-03  0.88405753104497D-03  0.32442617183216D-03
  -.10624323612037D-03  0.14489445392377D-03  0.78661406087767D-04
  cycle =      5    SCF energy =     -230.2260984325   |dE/dxyz| =  0.002861
    0.68368052488794     -1.24204964974621     -4.17154256520367      h
   -0.45034891114173     -0.85661713982991     -2.80394576916920      o
    0.63583487033495      1.07733419045095     -1.27857217102231      c
    0.35871885542264      2.93534519003383     -2.16145176894748      h
    2.66680628676071      0.77998855542928     -1.00675275390469      h
   -0.63590571252378      1.07729180866675      1.27855062279204      c
   -0.35877642347520      2.93526854743013      2.16149841564203      h
   -2.66687940743493      0.77996984260810      1.00672088970947      h
    0.45026555686155     -0.85672343511609      2.80385158561611      o
   -0.68375563091693     -1.24218302267447      4.17144771050417      h
  0.28939346459972D-04  0.49858122223848D-04  0.16893898564275D-04
  -.81090640693487D-03  0.65772889306724D-03  -.37014162918682D-03
  0.14307545944298D-02  -.76054644247654D-03  0.46003677663202D-03
  -.90208742096027D-04  0.79213153927645D-04  0.10115012728596D-03
  0.48677483641381D-05  -.24477350932648D-04  0.70428431596799D-06
  -.14307401165077D-02  -.76050516412184D-03  -.46000673409927D-03
  0.90224009285047D-04  0.79230948824849D-04  -.10112280438073D-03
  -.48942857389542D-05  -.24495449233237D-04  -.70550449596476D-06
  0.81090154683325D-03  0.65775484654243D-03  0.37006525905952D-03
  -.28935663162917D-04  0.49868340324061D-04  -.16874213307419D-04
  cycle =      6    SCF energy =     -230.2260993492   |dE/dxyz| =  0.002692
    0.68653067204044     -1.25357933262858     -4.16112945043401      h
   -0.45355911884920     -0.85340478790040     -2.80289786360925      o
    0.63452332587830      1.08071151766023     -1.27908303650216      c
    0.35870678851268      2.93778511493134     -2.16391519717815      h
    2.66544379955561      0.78248969210580     -1.00872300061667      h
   -0.63459391584284      1.08066840761523      1.27906125252369      c
   -0.35876440211213      2.93770763187413      2.16396150483861      h
   -2.66551663674516      0.78247050121925      1.00869087720724      h
    0.45347544888978     -0.85351224607586      2.80280383831820      o
   -0.68660595255227     -1.25371161154879      4.16103527146898      h
  0.12567430452089D-04  0.16465841953419D-05  -.51094324926859D-05
  -.75063959450203D-03  0.73051844683034D-03  -.34515579331169D-03
  0.12574099543135D-02  -.72678553070504D-03  0.54433275876697D-03
  -.20895473597847D-04  0.82670164381420D-05  0.34319939818229D-04
  -.23654065833098D-04  -.11733919253281D-04  -.11997772668599D-05
  -.12573933514389D-02  -.72681752151574D-03  -.54440041211929D-03
  0.20891041139159D-04  0.82649514382269D-05  -.34363585965426D-04
  0.23646436553143D-04  -.11732701534694D-04  0.12243892543464D-05
  0.75062473583931D-03  0.73044682518546D-03  0.34521803104948D-03
  -.12555064298167D-04  0.16511463047600D-05  0.51333960387210D-05
  cycle =      8    SCF energy =     -230.2260990140   |dE/dxyz| =  0.002656
    0.80104929491117     -1.31255052544273     -4.14025065451297      h
   -0.37604865216771     -0.91185859521249     -2.81415236085481      o
    0.66966436659654      1.02239914890665     -1.26101106762614      c
    0.41892684516295      2.87921036364981     -2.15379273522836      h
    2.69236674246148      0.72408505180846     -0.93453447799710      h
   -0.66966338720809      1.02239982966360      1.26101150556021      c
   -0.41892292691446      2.87921063821793      2.15379330755982      h
   -2.69236634486498      0.72408863942688      0.93453535452425      h
    0.37604725914678     -0.91186030824639      2.81415130636357      o
   -0.80104317005109     -1.31253780085780      4.14026072498082      h
  -.31819726009523D-05  -.37223723118547D-05  -.15386387160431D-05
  -.72839494547974D-03  0.72448272915934D-03  -.39148234394917D-03
  0.11932745486110D-02  -.71383849738611D-03  0.62018930820125D-03
  -.17964469304781D-05  -.32688897760589D-05  0.45263480439830D-05
  -.72084625149466D-05  -.32498671914409D-05  0.70823022757040D-06
  -.11932750227040D-02  -.71384853257532D-03  -.62016366313799D-03
  0.17948245742331D-05  -.32559885583570D-05  -.45416520839768D-05
  0.72051376686989D-05  -.32528433376400D-05  -.69693130880001D-06
  0.72840060293304D-03  0.72445724086969D-03  0.39145479069913D-03
  0.31817425378262D-05  -.37057912402921D-05  0.15447871658260D-05
  cycle =      9    SCF energy =     -230.2260990153   |dE/dxyz| =  0.002664
    0.80101629205278     -1.31250654648350     -4.14025385093445      h
   -0.37605278110697     -0.91189701253491     -2.81410524016367      o
    0.66968349019380      1.02238970751422     -1.26099070099747      c
    0.41894315564521      2.87919135182163     -2.15381788535552      h
    2.69240502170355      0.72410766611156     -0.93450883049815      h
   -0.66968227987073      1.02239063874594      1.26099128516126      c
   -0.41893930488936      2.87919211185718      2.15381817300275      h
   -2.69240433115231      0.72411116145858      0.93450981120710      h
    0.37605178962436     -0.91189782067593      2.81410505037744      o
   -0.80101102512775     -1.31249481590085      4.14026309097000      h
  -.25874962680271D-05  -.18294721755197D-05  -.13392185978876D-06
  -.73471408482203D-03  0.72077585643512D-03  -.39187903959691D-03
  0.11957551130634D-02  -.71637926561772D-03  0.62731880028447D-03
  -.19014406675916D-05  -.56258566323407D-06  0.25955856822804D-05
  -.14343895034700D-05  -.16024765537489D-05  0.90394161324393D-06
  -.11957538991017D-02  -.71638746031589D-03  -.62729958802809D-03
  0.19004985902806D-05  -.55316182743247D-06  -.26069388004102D-05
  0.14296085146231D-05  -.16052626006009D-05  -.89599460156811D-06
  0.73472155508992D-03  0.72075796869615D-03  0.39185532912436D-03
  0.25845266514032D-05  -.18182532464827D-05  0.14203586552232D-06
  cycle =     11    SCF energy =     -230.2260990156   |dE/dxyz| =  0.002672
    0.80097137004024     -1.31236664884289     -4.14031391811712      h
   -0.37605666986043     -0.91188951284449     -2.81408549715852      o
    0.66969296821439      1.02241866648736     -1.26097761298064      c
    0.41896568181312      2.87920899944691     -2.15384995697630      h
    2.69242463443716      0.72416022084222     -0.93450236614190      h
   -0.66969238351285      1.02241905641598      1.26097785279013      c
   -0.41896340277495      2.87920911717156      2.15385033966365      h
   -2.69242438884736      0.72416230773879      0.93450277678230      h
    0.37605583592350     -0.91189052599917      2.81408487955553      o
   -0.80096762508423     -1.31235891850229      4.14032007032292      h
  -.10659042598236D-05  -.52077982319577D-06  0.14050414596412D-06
  -.74032043627078D-03  0.71730949690640D-03  -.39313435145955D-03
  0.11976048425304D-02  -.71771076518214D-03  0.63438003178837D-03
  -.98113470768343D-06  0.10894858303551D-05  0.94712317998912D-07
  0.83456960462429D-06  0.23770895119698D-06  0.33131477548312D-06
  -.11976029063861D-02  -.71771831094886D-03  -.63436930307784D-03
  0.97962762139104D-06  0.10927068504679D-05  -.97690724050999D-07
  -.83977514986217D-06  0.23416768072858D-06  -.32827424819283D-06
  0.74032763486685D-03  0.71729818241093D-03  0.39311534880934D-03
  0.10634841542973D-05  -.51802190476966D-06  -.13214804665424D-06
  cycle =     12    SCF energy =     -230.2260990156   |dE/dxyz| =  0.002671
    0.80096093323135     -1.31232050699448     -4.14035434924574      h
   -0.37604735558819     -0.91189853949781     -2.81409087102724      o
    0.66969533062633      1.02240902936921     -1.26097555361923      c
    0.41897977718248      2.87919697959694     -2.15385102585526      h
    2.69242316868151      0.72414458870340     -0.93449726473306      h
   -0.66969461897057      1.02240957288665      1.26097589074976      c
   -0.41897753738501      2.87919740169915      2.15385122525574      h
   -2.69242275578646      0.72414662428720      0.93449777998251      h
    0.37604675806185     -0.91189903237705      2.81409074210174      o
   -0.80095767970472     -1.31231335575921      4.14035999413084      h
  -.91352317768626D-06  -.21289836652910D-06  -.17695729759906D-06
  -.74006221078550D-03  0.71686165323542D-03  -.39324129058376D-03
  0.11971574758866D-02  -.71687692877944D-03  0.63484498644891D-03
  -.51126476630891D-06  0.39434503545364D-06  0.21289099598777D-07
  -.71180561490365D-07  0.23129923165926D-06  0.27382490482212D-08
  -.11971558539200D-02  -.71687768912252D-03  -.63483565750291D-03
  0.50990063119325D-06  0.39778228765368D-06  -.27245680604999D-07
  0.68146184163692D-07  0.22815226363474D-06  0.42918422799620D-09
  0.74006770009516D-03  0.71685747495923D-03  0.39323408521248D-03
  0.91080435077068D-06  -.21058777712067D-06  0.17774898816755D-06
$end
