$hessapprox internal
  0.151712296552D-01  0.505083987061D-03  0.619437505192D+00 -0.499958391567D-02
  0.407443837418D-02  0.357670718295D+00  0.840798410907D-03  0.124310167603D-02
 -0.930293316901D-02  0.423997729064D+00 -0.847145787526D-03  0.182776248195D-02
 -0.938617226371D-02 -0.238176231464D-02  0.415765647033D+00  0.325999987114D-02
 -0.365001126196D-02  0.155131293706D-01  0.676940021829D-02  0.816019001363D-02
  0.331497177499D+00  0.144818773072D-02 -0.257974571710D-02  0.127276492999D-01
  0.368579745047D-02  0.559310822614D-02 -0.113001644556D-01  0.339365517287D+00
  0.103760523211D-02 -0.142703794782D-02  0.655329892858D-02  0.234246397951D-02
  0.314211206203D-02 -0.604736412537D-02 -0.439823796639D-02  0.318051608379D+00
 -0.122984866639D-02  0.332755379051D-03  0.507158069699D-03 -0.181430643626D-02
 -0.933889399433D-03  0.559904814681D-03  0.110798509285D-02  0.416087380818D-03
  0.346325450411D+00  0.827537975333D-03  0.125623540161D-02 -0.935560136784D-02
  0.172633228122D-03 -0.241143652492D-02  0.682186340093D-02  0.372658612672D-02
  0.236400218309D-02 -0.181504784655D-02  0.423944853225D+00 -0.848256528237D-03
  0.183215947951D-02 -0.941066254369D-02 -0.238630185988D-02 -0.393556249587D-02
  0.818061874217D-02  0.560648606584D-02  0.314980539006D-02 -0.936907628162D-03
 -0.241605147446D-02  0.415747094350D+00  0.327979298123D-02 -0.366441777381D-02
  0.155600906314D-01  0.680500921928D-02  0.819380877230D-02 -0.149991049728D-01
 -0.113453436945D-01 -0.607022874443D-02  0.556351190108D-03  0.685764946080D-02
  0.821432671592D-02  0.331390965196D+00  0.143907366099D-02 -0.257536180916D-02
  0.127197270095D-01  0.367099391251D-02  0.558224844768D-02 -0.112866872672D-01
 -0.790129824942D-02 -0.439172841696D-02  0.111163870394D-02  0.371174210391D-02
  0.559559530849D-02 -0.113318495683D-01  0.339393538744D+00  0.103531217670D-02
 -0.142369968974D-02  0.653769236260D-02  0.233715654279D-02  0.313478908017D-02
 -0.603310207521D-02 -0.438796039975D-02 -0.239305105588D-02  0.415002349348D-03
  0.235864378067D-02  0.314246457758D-02 -0.605591200020D-02 -0.438146678060D-02
  0.318062851436D+00 -0.115124386109D-02  0.279762310697D-03  0.667956764448D-03
 -0.167587994664D-02 -0.809044942929D-03  0.369824064047D-03  0.941313672119D-03
  0.332822511738D-03  0.707178944075D-03 -0.167599518434D-02 -0.811727816968D-03
  0.365781780895D-03  0.944999237997D-03  0.331937329894D-03  0.346288075892D+00
  0.917679647628D-03  0.488451633941D-03 -0.486535111654D-02  0.832053989194D-03
 -0.816243606588D-03  0.316534910518D-02  0.139926806389D-02  0.100557668662D-02
 -0.120163052948D-02  0.819166270157D-03 -0.817299481879D-03  0.318462315872D-02
  0.139037686666D-02  0.100335573648D-02 -0.112505679983D-02  0.151394719550D-01
  0.498528691632D-03 -0.824545838407D-03  0.399459332918D-02  0.122383254506D-02
  0.179494765392D-02 -0.358110607002D-02 -0.253288678535D-02 -0.140060807714D-02
  0.324466761517D-03  0.123671503880D-02  0.179926770490D-02 -0.359522571163D-02
 -0.252859682327D-02 -0.139733135745D-02  0.272541394826D-03  0.482143957983D-03
  0.619467829091D+00 -0.495601640754D-02  0.404670970018D-02 -0.144350092901D-01
 -0.922737258345D-02 -0.932035082071D-02  0.154157671853D-01  0.126402349916D-01
  0.651008391237D-02  0.495765447929D-03 -0.927972369909D-02 -0.934466260527D-02
  0.154624946776D-01  0.126323166617D-01  0.649458135555D-02  0.655830242252D-03
 -0.482289756698D-02  0.396742857595D-02  0.357828618865D+00  0.205642996219D-02
 -0.178313603547D-02  0.662304923912D-02  0.390242544776D-02  0.408096031921D-02
 -0.690240833168D-02 -0.555914817432D-02 -0.288706248036D-02 -0.112450620288D-03
  0.392604534386D-02  0.409151516311D-02 -0.692414393264D-02 -0.555499223129D-02
 -0.288020206828D-02 -0.187792388067D-03  0.200044818572D-02 -0.174847581548D-02
  0.658556504490D-02  0.489825615187D+00 -0.564852660247D-02  0.981495350884D-03
  0.565945768632D-02 -0.794563672145D-02 -0.316622843163D-02 -0.878009140480D-04
  0.343669661108D-02  0.934273319236D-03  0.382046133310D-02 -0.793906618585D-02
 -0.317763558167D-02 -0.116459231818D-03  0.345805272771D-02  0.931539177986D-03
  0.369134493082D-02 -0.552284627997D-02  0.952698612817D-03  0.558193358837D-02
 -0.193890769438D-02  0.402821845192D+00  0.207217528971D-02 -0.179369475198D-02
  0.665491579708D-02  0.393011376953D-02  0.410585223480D-02 -0.694020947276D-02
 -0.559236394489D-02 -0.290364065285D-02 -0.116085925528D-03  0.395385806669D-02
  0.411647400070D-02 -0.696204168612D-02 -0.558820207231D-02 -0.289674044058D-02
 -0.191739052955D-03  0.201578707247D-02 -0.175882161573D-02  0.661728719097D-02
 -0.301810204496D-02 -0.196497528366D-02  0.489795699420D+00 -0.561046738020D-02
  0.944902695272D-03  0.580390562086D-02 -0.787086959578D-02 -0.308332454260D-02
 -0.233013378349D-03  0.332295996118D-02  0.874425896744D-03  0.382160037605D-02
 -0.786379639636D-02 -0.309452022422D-02 -0.262154995294D-03  0.334442304593D-02
  0.871833497140D-03  0.369078141385D-02 -0.548584889395D-02  0.916808325241D-03
  0.572552227828D-02 -0.200383092989D-02  0.195072198988D-01 -0.203023666549D-02
  0.402774747148D+00 -0.419926954536D-02  0.269569916149D-02 -0.776611477597D-02
 -0.729926451778D-02 -0.639158470352D-02  0.949644578231D-02  0.849513636198D-02
  0.420648879136D-02  0.107740411438D-02 -0.733024741304D-02 -0.640889259219D-02
  0.951949794749D-02  0.849456164364D-02  0.419636897182D-02  0.115012024424D-02
 -0.409173486129D-02  0.264095442952D-02 -0.773314440126D-02  0.367291775566D-02
  0.738854599295D-02  0.368723216911D-02  0.747254926436D-02  0.397159815634D+00
  0.000000000000D+00  0.000000000000D+00  0.000000000000D+00  0.000000000000D+00
  0.000000000000D+00  0.000000000000D+00  0.000000000000D+00  0.000000000000D+00
  0.000000000000D+00  0.000000000000D+00  0.000000000000D+00  0.000000000000D+00
  0.000000000000D+00  0.000000000000D+00  0.000000000000D+00  0.000000000000D+00
  0.000000000000D+00  0.000000000000D+00  0.000000000000D+00  0.000000000000D+00
  0.000000000000D+00  0.000000000000D+00  0.000000000000D+00  0.000000000000D+00
$end
