$coord
    0.76011231814091     -0.92517353634890     -4.46953937837881  h
   -0.38484052655031     -0.71034874579725     -3.07189760073688  o
    0.82028562779987      0.79210447571912     -1.18158844903837  c
    1.07169928552216      2.72869206032166     -1.87570302886601  h
    2.67694446407273      0.03271368604039     -0.67538549319288  h
   -0.82028564500353      0.79210445220055      1.18158844794385  c
   -1.07169934131321      2.72869202773391      1.87570304075747  h
   -2.67694446456634      0.03271362854732      0.67538548733412  h
    0.38484053929621     -0.71034875019911      3.07189759582193  o
   -0.76011235099944     -0.92517369178885      4.46953931252174  h
$user-defined bonds
$intdef
# definitions of internal coordinates
   1 f  1.0000000000000 tors    2    3    6    9 val= 108.00000
$redundant
     number_of_atoms            10
     degrees_of_freedom         24
     internal_coordinates       25
     frozen_coordinates          1
# definitions of redundant internals
   1 k  1.0000000000000 tors   1    2    3    6 val= 188.62109
   2 k  1.0000000000000 stre   2    1           val=   1.81947
   3 k  1.0000000000000 bend   3    1    2      val= 108.83130
   4 k  1.0000000000000 stre   3    5           val=   2.06884
   5 k  1.0000000000000 stre   3    4           val=   2.07253
   6 k  0.0659443857531 bend   4    5    3      val=   0.72225
       -0.5225377705109 bend   2    5    3
       -0.4932180204037 bend   2    4    3
        0.4754196989241 bend   6    5    3
        0.5033067758346 bend   6    4    3
   7 k  0.0036687985531 bend   4    5    3      val=   0.22693
        0.5233978135460 bend   2    5    3
       -0.5512936029794 bend   2    4    3
        0.4736413786272 bend   6    5    3
       -0.4447251695805 bend   6    4    3
   8 k -0.8907860821302 bend   4    5    3      val=   1.13043
        0.1844600131888 bend   2    5    3
        0.1973872785023 bend   2    4    3
        0.2670144317302 bend   6    5    3
        0.2494317841631 bend   6    4    3
   9 k -0.0114861894830 bend   4    5    3      val=   1.58459
        0.4653955091701 bend   2    5    3
       -0.4532817203002 bend   2    4    3
       -0.5319648841417 bend   6    5    3
        0.5429771004170 bend   6    4    3
  10 k  1.0000000000000 stre   6    8           val=   2.06884
  11 k  1.0000000000000 stre   6    7           val=   2.07253
  12 k  0.0659443792132 bend   7    8    6      val=   0.72225
       -0.5225377747767 bend   9    8    6
       -0.4932180155736 bend   9    7    6
        0.4754196982583 bend   3    8    6
        0.5033067776250 bend   3    7    6
  13 k  0.0036687881423 bend   7    8    6      val=   0.22693
        0.5233978102441 bend   9    8    6
       -0.5512936006044 bend   9    7    6
        0.4736413881626 bend   3    8    6
       -0.4447251663413 bend   3    7    6
  14 k -0.8907860819736 bend   7    8    6      val=   1.13043
        0.1844600091428 bend   9    8    6
        0.1973872903937 bend   9    7    6
        0.2670144249698 bend   3    8    6
        0.2494317855410 bend   3    7    6
  15 k -0.0114861915361 bend   7    8    6      val=   1.58459
        0.4653955116547 bend   9    8    6
       -0.4532817239324 bend   9    7    6
       -0.5319648789429 bend   3    8    6
        0.5429771003052 bend   3    7    6
  16 k  1.0000000000000 tors  10    9    6    3 val= 188.62109
  17 k  1.0000000000000 stre   9   10           val=   1.81947
  18 k  1.0000000000000 bend   6   10    9      val= 108.83130
  19 k  1.0000000000000 tors   2    3    6    9 val= 108.00000
  20 k  1.0000000000000 stre   3    2           val=   2.69870
  21 k  1.0000000000000 bend   6    2    3      val= 108.70709
  22 k  1.0000000000000 stre   6    9           val=   2.69870
  23 k  1.0000000000000 bend   3    9    6      val= 108.70709
  24 k  1.0000000000000 stre   3    6           val=   2.87682
  25 f  1.0000000000000 tors   2    3    6    9 val= 108.00000
        24 non zero eigenvalues  of BmBt
           1           4.041988539    1    0
         1
           2           3.848355528    2    0
         2
           3           3.774585801    3    0
         3
           4           3.003934844    4    0
         4
           5           2.932058278    5    0
         5
           6           2.458800673    6    0
         6
           7           2.098660423    7    0
         7
           8           1.718365962    8    0
         8
           9           1.255299288    9    0
         9
          10           1.221087883   10    0
        10
          11           1.049621665   11    0
        11
          12           0.844766381   12    0
        12
          13           0.769758176   13    0
        13
          14           0.731446552   14    0
        14
          15           0.517264283   15    0
        15
          16           0.516994241   16    0
        16
          17           0.353349429   17    0
        17
          18           0.345725014   18    0
        18
          19           0.281008914   20    0
        20
          20           0.254691668   21    0
        21
          21           0.090963343   22    0
        22
          22           0.087902596   23    0
        23
          23           0.066396640   24    0
        24
          24           0.000000000    0    1
         0.000000000         0.000000000         0.000000000         0.000000000
         0.000000000         0.000000000         0.000000000         0.000000000
         0.000000000         0.000000000         0.000000000         0.000000000
         0.000000000         0.000000000         0.000000000         0.000000000
         0.000000000         0.000000000         0.000000000         0.000000000
         0.000000000         0.000000000         0.000000000         0.000000000
         1.000000000
$end
