$energy      SCF               SCFKIN            SCFPOT
     1 -230.2227123993      229.3268610359     -459.5495734352
     2 -230.2233170149      229.2832265641     -459.5065435790
     3 -230.2233879878      229.2880512190     -459.5114392068
     4 -230.2234104421      229.2921236089     -459.5155340511
     5 -230.2234109826      229.2907040783     -459.5141150609
     6 -230.2234110165      229.2907377020     -459.5141487186
     7 -230.2234110208      229.2907324627     -459.5141434835
     8 -230.2234110314      229.2907328499     -459.5141438813
     9 -230.2234110319      229.2907400490     -459.5141510809
    10 -230.2234110319      229.2907187051     -459.5141297370
    11 -230.2234110319      229.2907192474     -459.5141302793
    12 -230.2234110320      229.2907208024     -459.5141318344
    13 -230.2234110320      229.2907197374     -459.5141307695
$end
