$grad          cartesian gradients
  cycle =      1    SCF energy =     -230.2227123993   |dE/dxyz| =  0.011060
    0.64891882301800     -0.75175245808761     -4.52118617526734      h
   -0.38133259596012     -0.72073169741388     -3.02373338900707      o
    0.83897212683030      0.79121117405647     -1.16021726069061      c
    1.09807176679013      2.73962944956301     -1.81493094319567      h
    2.69712950906524      0.02430970676682     -0.65898427712237      h
   -0.83905035073286      0.79113108953490      1.16021419857257      c
   -1.09837526815705      2.73952506180006      1.81491760741730      h
   -2.69711536449005      0.02401701008449      0.65897271205376      h
    0.38141955022342     -0.72065690489815      3.02374771442799      o
   -0.64907755199567     -0.75219381919015      4.52102017898403      h
  -.58599199547748D-03  0.81644119009346D-03  0.11778898194948D-02
  -.18603662630197D-02  -.17154201334846D-04  0.39335770042076D-02
  0.37211496761957D-02  -.10191356155457D-02  0.29649694129856D-02
  0.66374604448149D-04  0.54485324107766D-03  0.35411123250603D-02
  0.14688144557370D-02  -.32534960572745D-03  -.10258640568511D-02
  -.37216020608265D-02  -.10182797878903D-02  -.29653254678477D-02
  -.66507323111712D-04  0.54501363614990D-03  -.35406069621151D-02
  -.14684509292387D-02  -.32531316092034D-03  0.10255013073584D-02
  0.18612568592097D-02  -.15917849535011D-04  -.39328461180468D-02
  0.58531953198253D-03  0.81567168446162D-03  -.11784105702592D-02
  cycle =      2    SCF energy =     -230.2233170149   |dE/dxyz| =  0.004116
    0.70013385218950     -0.79809810956194     -4.53459775393217      h
   -0.38281255318179     -0.70315590064243     -3.07491278354547      o
    0.82077728938767      0.79838824093885     -1.18387541880187      c
    1.07349730073885      2.74337122059189     -1.85555758576665      h
    2.68362014243035      0.04218046867076     -0.69557450224881      h
   -0.82088240094504      0.79828498168286      1.18386453098816      c
   -1.07380355661684      2.74322797852984      1.85559067713900      h
   -2.68364443550643      0.04189947308584      0.69553644003222      h
    0.38285470291578     -0.70317579135181      3.07487385003088      o
   -0.70017969682071     -0.79843394972792      4.53447291227729      h
  -.20247795948525D-03  0.95640544423854D-05  -.48648267168869D-03
  -.34218322329561D-03  0.56054526748303D-03  -.33466902811540D-03
  0.17466643348307D-02  -.12329569673048D-02  0.52594646345005D-03
  0.50806837193111D-03  0.45466719952867D-03  0.11251476556549D-02
  0.25216432946580D-03  0.20731348173543D-03  -.98281747449452D-03
  -.17469297563007D-02  -.12322155327165D-02  -.52582359852310D-03
  -.50830921210714D-03  0.45486767477481D-03  -.11246761405954D-02
  -.25178456099404D-03  0.20741312719378D-03  0.98245082499373D-03
  0.34265061481720D-03  0.56102136014057D-03  0.33464012285555D-03
  0.20213913512325D-03  0.92378027587982D-05  0.48628171791737D-03
  cycle =      3    SCF energy =     -230.2233879878   |dE/dxyz| =  0.003964
    0.71579044276914     -0.84198992468598     -4.50779993184718      h
   -0.39428375338527     -0.69062147386014     -3.07386654500622      o
    0.81497264227611      0.80995101239496     -1.18661650256394      c
    1.06226553554732      2.75095714211584     -1.87105102979775      h
    2.67767445732433      0.05440020780044     -0.69680928439878      h
   -0.81508850794365      0.80983513582626      1.18660082797663      c
   -1.06257092643635      2.75079394101016      1.87110165507504      h
   -2.67771535547482      0.05412237426621      0.69676034236730      h
    0.39430692555775     -0.69068322655419      3.07380474309847      o
   -0.71579081564322     -0.84227657609762      4.50769609126901      h
  -.96948732091398D-04  0.10189928688972D-04  -.24341756104163D-03
  -.42450490049713D-03  0.13483571141969D-02  -.49642704561201D-03
  0.13324386695759D-02  -.16898619507074D-02  0.63520673935660D-03
  0.20473732487142D-03  0.19956043049039D-03  0.41856248617650D-03
  0.94622235721949D-04  0.13156271211562D-03  -.47394623143973D-03
  -.13323499844912D-02  -.16895517067643D-02  -.63528963944138D-03
  -.20485906662190D-03  0.19954532376771D-03  -.41833370253215D-03
  -.94473397038873D-04  0.13161278508279D-03  0.47368600143013D-03
  0.42449273888045D-03  0.13486005151486D-02  0.49658977078941D-03
  0.96846196229572D-04  0.10036723205853D-04  0.24337051510893D-03
  cycle =      4    SCF energy =     -230.2234104421   |dE/dxyz| =  0.004545
    0.72654934467228     -0.88824190539529     -4.47708054206712      h
   -0.40673675454598     -0.67844496823743     -3.06925157745125      o
    0.81103485632123      0.82315807571411     -1.18774066659360      c
    1.05542517326351      2.76037766518637     -1.88311467788266      h
    2.67244304718033      0.06585623418814     -0.69513179633588      h
   -0.81116020608376      0.82303244401768      1.18772119852471      c
   -1.05572949120439      2.76019918238259      1.88317868967210      h
   -2.67249826286922      0.06558063735641      0.69507726500833      h
    0.40674775193026     -0.67853911291655      3.06916880099945      o
   -0.72651481407291     -0.88848964008009      4.47699367229849      h
  0.37926221493712D-05  0.24497653140074D-04  0.22389024593577D-04
  -.86087386358151D-03  0.17822597398056D-02  -.54098969334114D-03
  0.13260570495719D-02  -.18567353589248D-02  0.95004627961541D-03
  -.43782453621616D-04  0.29116620069973D-04  -.22432813723294D-04
  0.47100259178944D-04  0.21463174964750D-04  0.44928999614221D-04
  -.13258136434818D-02  -.18568006450860D-02  -.95015334131987D-03
  0.43779542421300D-04  0.29022960547746D-04  0.22457514741815D-04
  -.47104818809959D-04  0.21462952464187D-04  -.45021530810802D-04
  0.86056467734201D-03  0.17823416652393D-02  0.54117231836502D-03
  -.37201062885713D-05  0.24507876810792D-04  -.22395052593233D-04
  cycle =      5    SCF energy =     -230.2234109826   |dE/dxyz| =  0.004454
    0.72640194833514     -0.89139237200650     -4.47577697585956      h
   -0.40762829964754     -0.67774597838331     -3.06907751218301      o
    0.81130734510654      0.82455515592990     -1.18778486580255      c
    1.05707332410218      2.76143176109270     -1.88330701007558      h
    2.67199131048862      0.06585497023697     -0.69526312524633      h
   -0.81143325870655      0.82443073678233      1.18776596897150      c
   -1.05737760327043      2.76125547068732      1.88336950582792      h
   -2.67204721579876      0.06557978130626      0.69521170564453      h
    0.40764098798133     -0.67783708280093      3.06899516123639      o
   -0.72636789399919     -0.89164383062880      4.47568751365925      h
  -.17208042866915D-05  0.71737449088262D-06  -.23694182938463D-05
  -.94957925121797D-03  0.16215044030278D-02  -.63970928527001D-03
  0.15017497580206D-02  -.16589589825087D-02  0.98528547319800D-03
  -.13627665661781D-05  0.20524412039122D-04  0.12013183671455D-04
  0.15589898041396D-04  0.16785170014772D-04  0.23259657498730D-04
  -.15016071864372D-02  -.16590242377292D-02  -.98527286151827D-03
  0.13630494619090D-05  0.20528050288826D-04  -.11994384469985D-04
  -.15592568118726D-04  0.16779767319488D-04  -.23304101320188D-04
  0.94944018311326D-03  0.16215853536751D-02  0.63971973567221D-03
  0.17187840974099D-05  0.72597679842794D-06  0.23737573812078D-05
  cycle =      6    SCF energy =     -230.2234110165   |dE/dxyz| =  0.004448
    0.72660718786467     -0.89272182572614     -4.47488133850503      h
   -0.40799009383031     -0.67732397246796     -3.06890759255988      o
    0.81130937235774      0.82513473381079     -1.18777300690797      c
    1.05742070115381      2.76175316858017     -1.88369141333115      h
    2.67173967313349      0.06586160517963     -0.69544106845011      h
   -0.81143503115075      0.82501032795063      1.18775402722367      c
   -1.05772487388237      2.76157705533604      1.88375309934189      h
   -2.67179533467508      0.06558622657084      0.69539032733103      h
    0.40800294160480     -0.67741441059680      3.06882594718605      o
   -0.72657389798465     -0.89297429642127      4.47479138484406      h
  0.24948125888016D-06  -.18760571321140D-05  -.78805593417757D-07
  -.95872918353325D-03  0.16033166149655D-02  -.64621603181690D-03
  0.15385168490089D-02  -.16047722988561D-02  0.10204260631042D-02
  0.91565200627818D-06  -.40503790983214D-06  0.32222191847131D-05
  -.14658424794839D-05  0.43562404707882D-05  0.80030521207572D-05
  -.15383617253274D-02  -.16048846395073D-02  -.10204849712982D-02
  -.91200144528905D-06  -.40743388549592D-06  -.32319119004236D-05
  0.14583384295147D-05  0.43562221408999D-05  -.80076370741604D-05
  0.95857846110167D-03  0.16033727600699D-02  0.64627920658677D-03
  -.25100682224316D-06  -.18764000492269D-05  0.90584329357448D-07
  cycle =      8    SCF energy =     -230.2234110314   |dE/dxyz| =  0.004442
    0.76010410493827     -0.92528280641544     -4.46950520079511      h
   -0.38485226052704     -0.71033261896730     -3.07188670257957      o
    0.82028367465702      0.79210895863845     -1.18160724295598      c
    1.07172808474318      2.72869910024053     -1.87569633823074      h
    2.67693161060126      0.03270659399037     -0.67539090321338      h
   -0.82028380393096      0.79210881190121      1.18160723768310      c
   -1.07172851455109      2.72869893079595      1.87569626541675      h
   -2.67693161329363      0.03270613943752      0.67539090926714      h
    0.38485238426334     -0.71033251665488      3.07188672085488      o
   -0.76010409603978     -0.92528325209925      4.46950504030589      h
  -.64331049110060D-06  -.10516433880361D-05  -.41343154055599D-06
  -.94806322178226D-03  0.15992430271573D-02  -.65711510800558D-03
  0.15250052551537D-02  -.15975947941776D-02  0.10477544203649D-02
  0.12577946754752D-05  -.50933332953280D-06  0.15680658757020D-05
  -.11024608733360D-05  0.86988984125688D-06  0.63571924443914D-06
  -.15250031479979D-02  -.15976011599913D-02  -.10477487292722D-02
  -.12551940717485D-05  -.51092240516882D-06  -.15726221494727D-05
  0.11003750387858D-05  0.86996940656134D-06  -.63567349419000D-06
  0.94806150146887D-03  0.15992452419989D-02  0.65711293708862D-03
  0.64239990473653D-06  -.10520376404412D-05  0.41442529928430D-06
  cycle =      9    SCF energy =     -230.2234110319   |dE/dxyz| =  0.004443
    0.76009693776678     -0.92521637364191     -4.46953750828834      h
   -0.38484293237185     -0.71035550552129     -3.07189148751239      o
    0.82028523653696      0.79209116708818     -1.18159639040790      c
    1.07171483506556      2.72868255937614     -1.87569454556154      h
    2.67693938358249      0.03269736542501     -0.67537854651040      h
   -0.82028537417494      0.79209102710004      1.18159637870203      c
   -1.07171527921147      2.72868238977562      1.87569450780601      h
   -2.67693938985072      0.03269692216009      0.67537854033833      h
    0.38484305195991     -0.71035542648369      3.07189148026408      o
   -0.76009689844216     -0.92521678441102      4.46953735692309      h
  -.47728318354559D-06  -.26901067595280D-06  -.50027355375274D-06
  -.94969653904923D-03  0.15975283893222D-02  -.65900248673419D-03
  0.15240166729497D-02  -.15972549967143D-02  0.10532396032359D-02
  0.75712516247190D-06  0.34316715527897D-06  0.91479611729012D-06
  -.57501785960930D-07  0.60764753649370D-06  0.10042061263346D-05
  -.15240171586102D-02  -.15972605474600D-02  -.10532360190997D-02
  -.75624865593715D-06  0.34402697677927D-06  -.91664574001260D-06
  0.58015390425062D-07  0.60856765150252D-06  -.10042230247034D-05
  0.94969515978714D-03  0.15975295836867D-02  0.65900196356921D-03
  0.47774835549230D-06  -.26908601489776D-06  0.49908668656789D-06
  cycle =     11    SCF energy =     -230.2234110319   |dE/dxyz| =  0.004447
    0.76011448333053     -0.92520846707757     -4.46951969778956      h
   -0.38484754241098     -0.71034092693122     -3.07189264683739      o
    0.82028341809893      0.79211209973629     -1.18158879266054      c
    1.07169553112006      2.72870179313410     -1.87570098840291      h
    2.67694417412673      0.03272342702724     -0.67538296775804      h
   -0.82028343709912      0.79211208968319      1.18158879223731      c
   -1.07169558962239      2.72870178025560      1.87570099115856      h
   -2.67694416929681      0.03272337326209      0.67538297293388      h
    0.38484756264983     -0.71034090585916      3.07189265157445      o
   -0.76011452449772     -0.92520865680173      4.46951961971039      h
  0.49908324687458D-07  -.18093091056436D-06  0.22379612014359D-06
  -.95192263802461D-03  0.15967750182674D-02  -.66090789242069D-03
  0.15247063491601D-02  -.15964281948965D-02  0.10584687437577D-02
  0.17077557318697D-06  0.57300902941931D-06  0.36855928339687D-06
  0.53114348538786D-06  0.21326582610776D-06  0.79197325941455D-06
  -.15247075643880D-02  -.15964255246158D-02  -.10584706967375D-02
  -.16987944620122D-06  0.57389305256681D-06  -.36769472203888D-06
  -.52974505421221D-06  0.21458803403354D-06  -.79171677074008D-06
  0.95192137640460D-03  0.15967733258446D-02  0.66090851922541D-03
  -.49727210626671D-07  -.18088790646872D-06  -.22358622743257D-06
  cycle =     12    SCF energy =     -230.2234110320   |dE/dxyz| =  0.004446
    0.76010971887269     -0.92516710176526     -4.46954517026089      h
   -0.38483857414501     -0.71035039265726     -3.07189847689390      o
    0.82028576950082      0.79210216807105     -1.18158848149551      c
    1.07169979761479      2.72869050929492     -1.87570188094853      h
    2.67694479736776      0.03271273951918     -0.67538284756517      h
   -0.82028578016188      0.79210216159844      1.18158848630350      c
   -1.07169985228204      2.72869050542673      1.87570186729822      h
   -2.67694478676405      0.03271268185194      0.67538286455878      h
    0.38483860610610     -0.71035033915127      3.07189850304414      o
   -0.76010978971013     -0.92516732575964      4.46954507012551      h
  0.13493210790076D-06  0.11667590332682D-06  -.10728952477377D-06
  -.95171576643829D-03  0.15963427348063D-02  -.66104869887580D-03
  0.15250453949921D-02  -.15961687708066D-02  0.10584756970906D-02
  0.22628716902677D-06  0.34370555383536D-06  0.12147353837386D-06
  0.13778586562878D-06  0.31885787380840D-06  0.46411195966208D-06
  -.15250465788466D-02  -.15961689055300D-02  -.10584767081229D-02
  -.22583295532281D-06  0.34405921964916D-06  -.12102070756497D-06
  -.13714292977179D-06  0.31918195570796D-06  -.46385136323899D-06
  0.95171632959863D-03  0.15963441363183D-02  0.66104882036640D-03
  -.13541326579597D-06  0.11566228274752D-06  0.10746740132642D-06
$end
