$hessapprox internal
  0.163104221315D-01 -0.472641838095D-03  0.618187979011D+00 -0.448245323102D-02
  0.289658587576D-02  0.363549358801D+00 -0.132598775932D-03  0.842558507926D-03
 -0.615540855604D-02  0.422597785729D+00 -0.115169916249D-02  0.894684063988D-03
 -0.313506272294D-02 -0.205682723486D-02  0.420937364741D+00  0.315019787051D-02
 -0.292436603291D-02  0.123139051675D-01  0.713339682012D-02  0.450942884036D-02
  0.328630795307D+00 -0.276645635734D-04  0.993996705548D-04 -0.685729852790D-03
 -0.295528718197D-03 -0.230900440904D-03  0.805100812345D-03  0.346016736764D+00
 -0.113746792698D-02  0.516789027507D-03 -0.222095547274D-03 -0.872524749329D-03
 -0.229197055048D-03  0.117285647362D-02 -0.946426445359D-04  0.320744745930D+00
 -0.243998683095D-02  0.127144966991D-02 -0.175262795591D-02 -0.238622319463D-02
 -0.914334824095D-03  0.397265673338D-02 -0.262252398867D-03  0.228385480797D-03
  0.344233810502D+00 -0.126455467577D-03  0.837720316764D-03 -0.613816992257D-02
 -0.256195161719D-02 -0.205027718175D-02  0.710875417151D-02 -0.294273125137D-03
 -0.871226861554D-03 -0.238114297049D-02  0.422620114112D+00 -0.115528239450D-02
  0.897275008116D-03 -0.314330729187D-02 -0.206261795706D-02 -0.119914588452D-02
  0.452173587535D-02 -0.231548773330D-03 -0.229689733213D-03 -0.916585382094D-03
 -0.205605024075D-02  0.420930911676D+00  0.314701829675D-02 -0.292173727585D-02
  0.123040062253D-01  0.712721691385D-02  0.450571523270D-02 -0.165882057092D-01
  0.804405621800D-03  0.117204209323D-02  0.396964286796D-02  0.710259458615D-02
  0.451801221216D-02  0.328658522223D+00 -0.442522352819D-04  0.104305909100D-03
 -0.668361667365D-03 -0.299944000197D-03 -0.227417736339D-03  0.798682242623D-03
 -0.343023398506D-04 -0.888139647539D-04 -0.250810039675D-03 -0.298706555586D-03
 -0.228053978574D-03  0.797995633222D-03  0.346015991334D+00 -0.113348946951D-02
  0.514503654797D-03 -0.217574896023D-03 -0.867963454827D-03 -0.227155437915D-03
  0.116448075125D-02 -0.941378514314D-04  0.193215020282D-03  0.229060409324D-03
 -0.866676842411D-03 -0.227642891040D-03  0.116367293590D-02 -0.883264464772D-04
  0.320744484804D+00 -0.244085831006D-02  0.127269210272D-02 -0.175943046545D-02
 -0.238956584451D-02 -0.916707072726D-03  0.398112596626D-02 -0.262632744331D-03
  0.227565123468D-03 -0.148973893353D-04 -0.238447269326D-02 -0.918964211810D-03
  0.397810489274D-02 -0.251191432153D-03  0.228244904554D-03  0.344228934826D+00
  0.241300904678D-02 -0.464588064756D-03 -0.447845253304D-02 -0.144714443855D-03
 -0.115310309873D-02  0.316175095901D-02 -0.289575972225D-04 -0.113292495308D-02
 -0.243287451439D-02 -0.138562582598D-03 -0.115668758481D-02  0.315856494341D-02
 -0.454365063808D-04 -0.112895466173D-02 -0.243375619548D-02  0.162706290125D-01
 -0.479372349457D-03 -0.164118828077D-03  0.289873303876D-02  0.838791295552D-03
  0.894474279869D-03 -0.292137712870D-02  0.990003147311D-04  0.518438507021D-03
  0.127416357863D-02  0.833954556605D-03  0.897065546346D-03 -0.291874975424D-02
  0.103943919152D-03  0.516149783436D-03  0.127540299089D-02 -0.471284554140D-03
  0.618193223345D+00 -0.448695886214D-02  0.290062804401D-02 -0.763039376178D-02
 -0.616516749751D-02 -0.314114791954D-02  0.123363943702D-01 -0.686830283224D-03
 -0.223612341470D-03 -0.175787670427D-02 -0.614789559848D-02 -0.314940906145D-02
  0.123264766839D-01 -0.669452002767D-03 -0.219080532361D-03 -0.176469074409D-02
 -0.448297241776D-02  0.290277164299D-02  0.363516304571D+00  0.209861536431D-02
 -0.169432108198D-02  0.621441231037D-02  0.395022863316D-02  0.234537740880D-02
 -0.878975007948D-02  0.444031965104D-03  0.490905979916D-03  0.186359543459D-02
  0.393739048897D-02  0.235171581427D-02 -0.878248509444D-02  0.438102843656D-03
  0.486811164269D-03  0.186818390773D-02  0.210220867900D-02 -0.169361471136D-02
  0.622628504119D-02  0.481937665356D+00 -0.580176625488D-02  0.151902449711D-02
  0.761827690505D-02 -0.921961274014D-03  0.172933920874D-02 -0.400686230296D-02
 -0.765600263101D-04  0.226405289982D-02  0.460971769675D-02 -0.931085991516D-03
  0.173501165724D-02 -0.400232863249D-02 -0.395565110978D-04  0.225685837784D-02
  0.461016914296D-02 -0.576054076966D-02  0.153309079372D-02  0.762422072044D-02
 -0.305411479858D-02  0.392945535344D+00  0.209989266547D-02 -0.169272202729D-02
  0.619758607613D-02  0.394432353694D-02  0.233997929745D-02 -0.877157576447D-02
  0.443345692908D-03  0.488195395375D-03  0.185661725544D-02  0.393151465729D-02
  0.234630228435D-02 -0.876432681647D-02  0.437395833260D-03  0.484113474155D-03
  0.186119760424D-02  0.210344565149D-02 -0.169202853930D-02  0.620943381629D-02
 -0.458209167861D-02 -0.305996083700D-02  0.481958236995D+00 -0.579690871275D-02
  0.151501745370D-02  0.763332935720D-02 -0.912548446575D-03  0.173498926408D-02
 -0.402797028659D-02 -0.755012322595D-04  0.226528676205D-02  0.461429433038D-02
 -0.921704082193D-03  0.174067700883D-02 -0.402341913682D-02 -0.385108853446D-04
  0.225808226306D-02  0.461475675129D-02 -0.575567353155D-02  0.152908581701D-02
  0.763930169847D-02 -0.306516898776D-02  0.132341753427D-01 -0.307099059013D-02
  0.392931628498D+00 -0.352890464671D-02  0.447754855342D-03  0.836476439921D-02
  0.943546123670D-03  0.228757068672D-02 -0.669596162088D-02  0.126602280024D-03
  0.192191833401D-02  0.427251974884D-02  0.931283385774D-03  0.229451072706D-02
 -0.668950017322D-02  0.152210664966D-03  0.191475668543D-02  0.427477076514D-02
 -0.349613234878D-02  0.458720737538D-03  0.837421224260D-02 -0.422728438344D-02
  0.877570231750D-02 -0.422743818175D-02  0.876583922091D-02  0.389129715988D+00
  0.000000000000D+00  0.000000000000D+00  0.000000000000D+00  0.000000000000D+00
  0.000000000000D+00  0.000000000000D+00  0.000000000000D+00  0.000000000000D+00
  0.000000000000D+00  0.000000000000D+00  0.000000000000D+00  0.000000000000D+00
  0.000000000000D+00  0.000000000000D+00  0.000000000000D+00  0.000000000000D+00
  0.000000000000D+00  0.000000000000D+00  0.000000000000D+00  0.000000000000D+00
  0.000000000000D+00  0.000000000000D+00  0.000000000000D+00  0.000000000000D+00
$end
