$coord
    0.82575571088154      0.00977718836620     -4.74975774988599  h
   -0.37023322378940     -0.03327925699441     -3.38135904608819  o
    0.97386619700305      0.03404774909343     -1.04966102929786  c
    2.14905837492394      1.73341135229378     -0.89933664253574  h
    2.20004586518544     -1.62206440428846     -0.83425040313019  h
   -0.97386569588262      0.03404944980651      1.04966104626840  c
   -2.14905387345267      1.73341610395379      0.89933808345767  h
   -2.20004954580338     -1.62205941037646      0.83424778638474  h
    0.37023280004633     -0.03328308955443      3.38135910668093  o
   -0.82575851201535      0.00973386989233      4.74975690799463  h
$user-defined bonds
$intdef
# definitions of internal coordinates
   1 f  1.0000000000000 tors    2    3    6    9 val= 177.00000
$redundant
     number_of_atoms            10
     degrees_of_freedom         24
     internal_coordinates       25
     frozen_coordinates          1
# definitions of redundant internals
   1 k  1.0000000000000 tors   1    2    3    6 val= 178.51942
   2 k  1.0000000000000 stre   2    1           val=   1.81790
   3 k  1.0000000000000 bend   3    1    2      val= 108.83770
   4 k  1.0000000000000 stre   3    4           val=   2.07160
   5 k  1.0000000000000 stre   3    5           val=   2.07187
   6 k  0.0842988810729 bend   5    4    3      val=   0.98311
       -0.5093375735642 bend   2    4    3
       -0.5088462429472 bend   2    5    3
        0.4894614316639 bend   6    4    3
        0.4847390460418 bend   6    5    3
   7 k  0.0042622046605 bend   5    4    3      val=   0.11441
       -0.5413197649539 bend   2    4    3
        0.5397019350689 bend   2    5    3
       -0.4551692076981 bend   6    4    3
        0.4566153297120 bend   6    5    3
   8 k -0.8856215939708 bend   5    4    3      val=   2.63679
        0.1841980762362 bend   2    4    3
        0.1873126085801 bend   2    5    3
        0.2685920171150 bend   6    4    3
        0.2729794424725 bend   6    5    3
   9 k -0.0009385027027 bend   5    4    3      val=   0.12609
       -0.4541715679757 bend   2    4    3
        0.4576272072369 bend   2    5    3
        0.5395473227159 bend   6    4    3
       -0.5414732974043 bend   6    5    3
  10 k  1.0000000000000 stre   6    7           val=   2.07160
  11 k  1.0000000000000 stre   6    8           val=   2.07187
  12 k  0.0842993490749 bend   8    7    6      val=   0.98312
       -0.5093372981127 bend   9    7    6
       -0.5088465428259 bend   9    8    6
        0.4894618864288 bend   3    7    6
        0.4847384800947 bend   3    8    6
  13 k  0.0042627076625 bend   8    7    6      val=   0.11443
       -0.5413203189087 bend   9    7    6
        0.5397017285817 bend   9    8    6
       -0.4551686452675 bend   3    7    6
        0.4566154730090 bend   3    8    6
  14 k -0.8856215846346 bend   8    7    6      val=   2.63679
        0.1841977691000 bend   9    7    6
        0.1873123920018 bend   9    8    6
        0.2685918288540 bend   3    7    6
        0.2729800138533 bend   3    8    6
  15 k -0.0009387969616 bend   8    7    6      val=   0.12612
       -0.4541710856774 bend   9    7    6
        0.4576272767694 bend   9    8    6
        0.5395475120910 bend   3    7    6
       -0.5414734539641 bend   3    8    6
  16 k  1.0000000000000 tors  10    9    6    3 val= 178.52081
  17 k  1.0000000000000 stre   9   10           val=   1.81790
  18 k  1.0000000000000 bend   6   10    9      val= 108.83768
  19 k  1.0000000000000 tors   2    3    6    9 val= 177.00000
  20 k  1.0000000000000 stre   3    2           val=   2.69220
  21 k  1.0000000000000 bend   6    2    3      val= 107.17843
  22 k  1.0000000000000 stre   6    9           val=   2.69220
  23 k  1.0000000000000 bend   3    9    6      val= 107.17844
  24 k  1.0000000000000 stre   3    6           val=   2.86371
  25 f  1.0000000000000 tors   2    3    6    9 val= 177.00000
        24 non zero eigenvalues  of BmBt
           1           3.926337272    1    0
         1
           2           3.752343256    2    0
         2
           3           3.721964612    3    0
         3
           4           3.101089544    4    0
         4
           5           2.995441951    5    0
         5
           6           2.449492708    6    0
         6
           7           2.135619874    7    0
         7
           8           1.672271029    8    0
         8
           9           1.249726946    9    0
         9
          10           1.176211023   10    0
        10
          11           1.066045089   11    0
        11
          12           0.880916584   12    0
        12
          13           0.766640494   13    0
        13
          14           0.753965082   14    0
        14
          15           0.585109252   15    0
        15
          16           0.385688687   16    0
        16
          17           0.353179886   17    0
        17
          18           0.340254750   18    0
        18
          19           0.277938770   20    0
        20
          20           0.260185849   21    0
        21
          21           0.140297826   22    0
        22
          22           0.067079050   23    0
        23
          23           0.064169382   24    0
        24
          24           0.000000000    0    1
         0.000000000         0.000000000         0.000000000         0.000000000
         0.000000000         0.000000000         0.000000000         0.000000000
         0.000000000         0.000000000         0.000000000         0.000000000
         0.000000000         0.000000000         0.000000000         0.000000000
         0.000000000         0.000000000         0.000000000         0.000000000
         0.000000000         0.000000000         0.000000000         0.000000000
         1.000000000
$end
