$energy      SCF               SCFKIN            SCFPOT
     1 -230.2271038561      229.2918216257     -459.5189254819
     2 -230.2271107056      229.2915656761     -459.5186763817
     3 -230.2271128631      229.2916340545     -459.5187469175
     4 -230.2271128919      229.2916002022     -459.5187130941
     5 -230.2271129041      229.2916020336     -459.5187149376
     6 -230.2271129044      229.2916012695     -459.5187141739
     7 -230.2271129071      229.2916137814     -459.5187266885
     8 -230.2271129072      229.2916140700     -459.5187269772
     9 -230.2271129072      229.2916134629     -459.5187263702
    10 -230.2271129078      229.2916119544     -459.5187248622
    11 -230.2271129078      229.2916111355     -459.5187240433
$end
