$grad          cartesian gradients
  cycle =      1    SCF energy =     -230.2271038561   |dE/dxyz| =  0.000640
    0.82697118131570     -0.03357472236088     -4.74913226243925      h
   -0.37031992221441     -0.03210593612070     -3.38120061297696      o
    0.97386674627427      0.03522273293802     -1.04958394939117      c
    2.14215387048016      1.73927492594623     -0.89652255256440      h
    2.20677448900980     -1.61608262841891     -0.83686256181505      h
   -0.97386463515522      0.03525701458804      1.04958353524540      c
   -2.14212296923084      1.73933068004030      0.89651325216040      h
   -2.20679898517763     -1.61602646461832      0.83686668201406      h
    0.37031875590555     -0.03207582113737      3.38120189513562      o
   -0.82698423017194     -0.03402084355910      4.74912202611165      h
  -.12116808503942D-06  -.10388385101706D-03  0.71200050498723D-05
  -.49301043836441D-05  -.19845601941522D-03  0.16331184142788D-04
  -.14640753257917D-04  0.13392781779565D-03  0.23180232924054D-04
  -.20648281634789D-03  0.85042585149137D-04  0.14152646466261D-03
  0.20750528766543D-03  0.85040331474795D-04  -.12547392635917D-03
  0.14432186469721D-04  0.13486604618903D-03  -.23061978765849D-04
  0.20597143060007D-03  0.85502278047051D-04  -.14114232078839D-03
  -.20689305227746D-03  0.85468820155554D-04  0.12501701594280D-03
  0.49593747262542D-05  -.19751231383299D-03  -.16161682796425D-04
  0.19985785442321D-06  -.10462241173693D-03  -.73350296383093D-05
  cycle =      2    SCF energy =     -230.2271107056   |dE/dxyz| =  0.000594
    0.82679826932791     -0.01507829991331     -4.74956102100246      h
   -0.37007717471705     -0.03535250322105     -3.38140311062814      o
    0.97390917021354      0.03195468772321     -1.04964745770197      c
    2.14634216159823      1.73333821036442     -0.89743189479318      h
    2.20278971462286     -1.62210736446663     -0.83603697226970      h
   -0.97390632170417      0.03196962431693      1.04964599121101      c
   -2.14630804254978      1.73337694788270      0.89744793452084      h
   -2.20281663141508     -1.62206698219485      0.83601478107734      h
    0.37007570483073     -0.03538157037711      3.38140276681618      o
   -0.82681254917176     -0.01545381281699      4.74955443425039      h
  0.10111375285647D-05  -.52537994245555D-04  -.85958964731959D-06
  0.74856019428385D-05  -.30252828167356D-03  0.24247082505374D-05
  -.10046094302977D-04  0.21439324391731D-03  -.98048730485716D-05
  -.57293485204341D-04  0.71220768314335D-04  0.98843052340060D-04
  0.58692926849350D-04  0.71353592629685D-04  -.96995590916864D-04
  0.10002749622108D-04  0.21538641567506D-03  0.97935522181809D-05
  0.57120536366450D-04  0.71301348652733D-04  -.98542770521842D-04
  -.58471753281766D-04  0.71446158601715D-04  0.96676006906602D-04
  -.75008798076377D-05  -.30184175228889D-03  -.23178974097238D-05
  -.10006105489268D-05  -.53055704731994D-04  0.78331216143726D-06
  cycle =      3    SCF energy =     -230.2271128631   |dE/dxyz| =  0.000688
    0.82635207368754      0.00303947992710     -4.74962358414640      h
   -0.36985550445622     -0.03873434838079     -3.38137060971167      o
    0.97399865285166      0.02854615482333     -1.04955366649647      c
    2.14953157423487      1.72772577794051     -0.89858026271265      h
    2.19978619148149     -1.62779584422854     -0.83450570932426      h
   -0.97399736324491      0.02853528227036      1.04955160337363      c
   -2.14949661497455      1.72774279161348      0.89863160720932      h
   -2.19981745511242     -1.62777590696885      0.83444909553393      h
    0.36985360529513     -0.03884347453203      3.38136733735153      o
   -0.82636085872717      0.00275902483274      4.74961964040334      h
  0.34922101297296D-05  -.28916587477350D-05  0.60068779917061D-06
  0.44311733286323D-05  -.35245016277327D-03  0.15271900859062D-04
  -.29494378282158D-05  0.32976722353365D-03  -.17195808653225D-04
  0.22892765623967D-04  0.15607275352160D-04  0.28649017037431D-04
  -.23406394138509D-04  0.12171415637490D-04  -.29450625919253D-04
  0.29806053009043D-05  0.33037076493761D-03  0.17235973557954D-04
  -.22888171405180D-04  0.15547016408795D-04  -.28529443049492D-04
  0.23400192315007D-04  0.12086924484661D-04  0.29295303503847D-04
  -.44192654573013D-05  -.35215056130717D-03  -.15290145531547D-04
  -.35327117934980D-05  -.31114793791328D-05  -.58470289514992D-06
  cycle =      4    SCF energy =     -230.2271128919   |dE/dxyz| =  0.000660
    0.82632569086491      0.00438187107705     -4.74967941060631      h
   -0.36981819762465     -0.03912848127561     -3.38142969416155      o
    0.97398748920558      0.02814209454195     -1.04955406886899      c
    2.14922791403500      1.72743782170911     -0.89896956057150      h
    2.20007438337999     -1.62804277566689     -0.83409079605259      h
   -0.97398735878965      0.02812188324296      1.04955189537151      c
   -2.14919362403734      1.72744723307023      0.89903421618575      h
   -2.20010731581990     -1.62802986148330      0.83402201752208      h
    0.36981613580879     -0.03926679733449      3.38142518446216      o
   -0.82633081598731      0.00413594941631      4.74967566819973      h
  0.25629753494323D-06  0.67673244526876D-05  -.67179098803706D-06
  0.70032163454294D-05  -.33006486524674D-03  0.22946922456882D-05
  -.11084577642099D-04  0.32891809431283D-03  -.10965747951917D-04
  -.10821422925623D-07  -.16296831499788D-05  0.42913441212469D-05
  -.23318602126924D-06  -.16448070981517D-05  -.22977186553209D-05
  0.11103602601885D-04  0.32920603033174D-03  0.11054056696235D-04
  -.16664988620589D-07  -.16171676065542D-05  -.42007945266153D-05
  0.25473960229202D-06  -.16507347072790D-05  0.21716017069253D-05
  -.70118896394606D-05  -.33023114075723D-03  -.23326392861227D-05
  -.25921433656392D-06  0.68778041813797D-05  0.66042881658254D-06
  cycle =      6    SCF energy =     -230.2271129044   |dE/dxyz| =  0.000646
    0.82578202106162      0.00905355759923     -4.74976364626053      h
   -0.37023870303018     -0.03321176819533     -3.38136809572069      o
    0.97386136671657      0.03411746742613     -1.04966780403730      c
    2.14901337158613      1.73349359402219     -0.89926858625530      h
    2.20007907940749     -1.62198369232435     -0.83432450866164      h
   -0.97386065908910      0.03412405883143      1.04966763906669      c
   -2.14900557800756      1.73350493497023      0.89926566796565      h
   -2.20008506037403     -1.62197228479790      0.83432577092630      h
    0.37023835714634     -0.03320612419004      3.38136837380510      o
   -0.82578677571147      0.00896981443896      4.74976285410053      h
  -.55058220798985D-07  -.24480341378915D-05  -.88364858982421D-06
  0.56607213428693D-05  -.31900506849768D-03  0.54911902737836D-05
  -.10087282197971D-04  0.32707096600141D-03  -.10950294888829D-04
  -.32316664405839D-05  -.15553227628248D-05  0.47252465089658D-05
  0.30832359038874D-05  -.17504884306532D-05  -.39014638156970D-05
  0.10044032434283D-04  0.32688664868776D-03  0.10920793690720D-04
  0.31983468003435D-05  -.16250129445071D-05  -.48760855769041D-05
  -.30107431401442D-05  -.18116281295327D-05  0.40439066887106D-05
  -.56530003129358D-05  -.31837579112024D-03  -.54595028646075D-05
  0.51094435267063D-07  -.24399906602295D-05  0.88910139023855D-06
  cycle =      7    SCF energy =     -230.2271129071   |dE/dxyz| =  0.000641
    0.82576781651350      0.00953254815348     -4.74975589150041      h
   -0.37023165793793     -0.03332177627974     -3.38136172836636      o
    0.97386553839422      0.03399985439543     -1.04966169575402      c
    2.14904238164294      1.73337074680163     -0.89929579022898      h
    2.20005729723256     -1.62210668510825     -0.83428654435563      h
   -0.97386531658245      0.03400082439023      1.04966155985244      c
   -2.14903570929590      1.73337702550991      0.89930345366306      h
   -2.20006329357990     -1.62209997178619      0.83427769178746      h
    0.37023096979089     -0.03333705108695      3.38136145370243      o
   -0.82577060647213      0.00947404279099      4.74975515612882      h
  0.49346949642880D-07  0.10363049846002D-05  0.54320552920431D-06
  0.66740583446841D-05  -.31995630840706D-03  0.48872732200275D-05
  -.94093554738169D-05  0.31995021904763D-03  -.91750208310881D-05
  -.66117124030545D-06  0.66439153159195D-06  0.26458731041091D-05
  0.41261167125909D-06  0.61233946501377D-06  -.18915527315375D-05
  0.93708773645181D-05  0.32032237678722D-03  0.91520179856386D-05
  0.59294003898397D-06  0.66065213208570D-06  -.25483840872930D-05
  -.30714484719499D-06  0.61053163170957D-06  0.17989580112572D-05
  -.66712983067328D-05  -.32010796202171D-03  -.48994155133710D-05
  -.50760500297031D-07  0.11488364440135D-05  -.51274808450944D-06
  cycle =      9    SCF energy =     -230.2271129072   |dE/dxyz| =  0.000637
    0.82576180752400      0.00955163569972     -4.74975608287389      h
   -0.37023751467751     -0.03322740295465     -3.38135839719612      o
    0.97386490850839      0.03410206934114     -1.04966238924121      c
    2.14905026005228      1.73347032116402     -0.89932431446987      h
    2.20005016574797     -1.62200638762193     -0.83426703879813      h
   -0.97386433820054      0.03410617938938      1.04966232713517      c
   -2.14904579673904      1.73347707269051      0.89932242127532      h
   -2.20005349291348     -1.62199958941011      0.83426763919628      h
    0.37023722403607     -0.03322388784215      3.38135857322859      o
   -0.82576512624125      0.00949954173635      4.74975532159225      h
  0.38131546884791D-06  -.12080509590974D-05  0.34420882541018D-06
  0.64193420963139D-05  -.31700620784140D-03  0.54601659215774D-05
  -.91880878959459D-05  0.31923509209303D-03  -.89931225639862D-05
  -.34767056892040D-06  0.69975258099202D-06  0.17361013776042D-05
  0.26902150200299D-06  0.66416108032407D-06  -.12214731044108D-05
  0.91807409952923D-05  0.31933907587296D-03  0.89848330516207D-05
  0.33710806686225D-06  0.68587216970445D-06  -.17349780774502D-05
  -.24860069956616D-06  0.64208970291053D-06  0.12215401874804D-05
  -.64196516151371D-05  -.31682710135171D-03  -.54541849388805D-05
  -.38371513126957D-06  -.12823013226484D-05  -.34356434144748D-06
  cycle =     10    SCF energy =     -230.2271129078   |dE/dxyz| =  0.000637
    0.82575442840421      0.00983627819392     -4.74975743328985      h
   -0.37023230365734     -0.03329395334712     -3.38135917838937      o
    0.97386644323087      0.03403238706526     -1.04966087763502      c
    2.14905776646204      1.73339717418644     -0.89933148665883      h
    2.20004636083325     -1.62207903294453     -0.83425408805614      h
   -0.97386607517217      0.03403382997309      1.04966082566241      c
   -2.14905353861584      1.73340162737226      0.89933392236030      h
   -2.20004990985347     -1.62207433270013      0.83425050831978      h
    0.37023185530659     -0.03329937140403      3.38135915132777      o
   -0.82575692984126      0.00979494579712      4.74975671620734      h
  0.48463651192148D-06  0.97000820027890D-06  0.15423992860117D-06
  0.63637521463300D-05  -.31817885054597D-03  0.56464301499506D-05
  -.92256486509747D-05  0.31789642578363D-03  -.89408467301669D-05
  0.18792290182196D-06  0.90631499641412D-06  0.83779207783240D-06
  -.13104458354194D-06  0.80670808535544D-06  -.36322098698747D-06
  0.91771655528233D-05  0.31806674689619D-03  0.88756803274170D-05
  -.18892902525587D-06  0.89606945731466D-06  -.78538020374828D-06
  0.17277652967018D-06  0.80846103346871D-06  0.33200490574471D-06
  -.63587579858520D-05  -.31822604030944D-03  -.56346494816629D-05
  -.48189306019350D-06  0.99354480434244D-06  -.12212093057744D-06
$end
