$hessapprox internal
  0.162510551044D-01  0.307698032421D-04  0.620226790197D+00  0.369163318818D-03
 -0.338034458680D-04  0.372149932549D+00 -0.990622527855D-03  0.696198797417D-04
 -0.140981112135D-05  0.422999157139D+00  0.960819244651D-03 -0.752908452970D-04
 -0.150975075517D-04 -0.614739023615D-04  0.422701974679D+00  0.216661222791D-03
 -0.256041509900D-04 -0.216945270514D-04  0.254344738321D-04 -0.367400386271D-04
  0.346122390738D+00 -0.879426615852D-04  0.387603931653D-04  0.689526887591D-04
 -0.139550575734D-03  0.152098485503D-03  0.529003867888D-04  0.346964423040D+00
  0.238293619645D-03 -0.259919719316D-04 -0.192625864948D-04  0.180950370766D-04
 -0.299209621932D-04 -0.204886812553D-04  0.535055787841D-04  0.320789000236D+00
  0.283812801889D-02 -0.409453172715D-03 -0.441200031699D-03  0.670525886245D-03
 -0.839398952685D-03 -0.399283905356D-03  0.852661423516D-03 -0.386356813769D-03
  0.338182556144D+00 -0.954925976315D-03  0.669903709629D-04 -0.161512360723D-05
  0.968052942273D-04 -0.598428801546D-04  0.243301933853D-04 -0.134261453428D-03
  0.172505697424D-04  0.643423202340D-03  0.422993075516D+00  0.100218035223D-02
 -0.779205694319D-04 -0.144511415845D-04 -0.669052970921D-04  0.259772452676D-04
 -0.373712844281D-04  0.157327545636D-03 -0.302350785289D-04 -0.860649614373D-03
 -0.650997325600D-04  0.422709990278D+00  0.168895573185D-03 -0.222610767661D-04
 -0.217918578748D-04  0.303122408381D-04 -0.397711248391D-04 -0.204887260152D-04
  0.462014180915D-04 -0.196382313799D-04 -0.367289637117D-03  0.290586353807D-04
 -0.406666874421D-04  0.346125039143D+00  0.206822413930D-03  0.211249194332D-04
  0.759032191473D-04 -0.183294478092D-03  0.185286650141D-03  0.501202615156D-04
 -0.477658910657D-04  0.530281633253D-04  0.728130603346D-03 -0.176572792528D-03
  0.192671825266D-03  0.412955855581D-04  0.347050874869D+00  0.292857707650D-03
 -0.304161854691D-04 -0.204348450291D-04  0.152805224346D-04 -0.293857972038D-04
 -0.228059643754D-04  0.624633859803D-04 -0.210155661079D-04 -0.437640975010D-03
  0.145033361157D-04 -0.295040895093D-04 -0.220951367906D-04  0.636939924765D-04
  0.320785100905D+00  0.258627550140D-02 -0.390143283782D-03 -0.438144908280D-03
  0.688578146947D-03 -0.847242094100D-03 -0.390314985438D-03  0.813710659295D-03
 -0.379191743798D-03 -0.682351697793D-02  0.660975315869D-03 -0.869591389050D-03
 -0.357433044624D-03  0.679974134230D-03 -0.430736451916D-03  0.338604469053D+00
  0.213253593007D-02  0.342965251451D-04  0.393520950411D-03 -0.105392284555D-02
  0.102297427008D-02  0.231520228588D-03 -0.967470294782D-04  0.254424218950D-03
  0.304001107628D-02 -0.101593349272D-02  0.106695124601D-02  0.180703729569D-03
  0.216552279976D-03  0.312532554625D-03  0.277190791674D-02  0.164815410688D-01
 -0.204204938343D-04 -0.146619433589D-04 -0.341590589689D-04  0.753872986824D-04
 -0.791124362209D-04 -0.244971260015D-04  0.318367290062D-04 -0.252693557843D-04
 -0.378050427987D-03  0.725775326716D-04 -0.820462052079D-04 -0.208727998705D-04
  0.117821160810D-04 -0.298766994178D-04 -0.357641690752D-03 -0.201517711814D-04
  0.620234072604D+00  0.278400318734D-03 -0.273742945615D-04 -0.161601079488D-04
  0.750924481086D-05 -0.204860221372D-04 -0.192857826514D-04  0.560580166592D-04
 -0.175243521739D-04 -0.378537401884D-03  0.703328310513D-05 -0.203284528019D-04
 -0.189472404203D-04  0.590606336487D-04 -0.189402314299D-04 -0.373891057771D-03
  0.296953307517D-03 -0.272129927694D-04  0.372150712676D+00  0.142107902971D-03
 -0.117552985859D-04 -0.354661048687D-05 -0.626977171425D-05  0.268073634283D-06
 -0.639701827298D-05  0.238319000777D-04 -0.541235695846D-05 -0.139232468285D-03
 -0.613426709876D-05  0.737275790761D-06 -0.670969619223D-05  0.280033394275D-04
 -0.550830575177D-05 -0.139621292324D-03  0.151361374659D-03 -0.121791194586D-04
 -0.408331312094D-05  0.492709800088D+00 -0.236079338671D-04  0.711322263761D-06
 -0.204321889599D-05  0.669735136015D-05 -0.604864366856D-05 -0.867156551110D-06
 -0.128171485473D-05 -0.107862726480D-05 -0.709441280698D-05  0.646297240021D-05
 -0.634423336402D-05 -0.543427657408D-06 -0.345194198546D-05 -0.141357167231D-05
 -0.548441874195D-05 -0.250238151259D-04  0.106508735352D-05 -0.143249695436D-05
 -0.858930736320D-06  0.382222822482D+00  0.453678112320D-04 -0.499578935649D-05
 -0.376757018182D-05  0.366041242679D-05 -0.592516943747D-05 -0.397424975723D-05
  0.102886760169D-04 -0.370784262430D-05 -0.747079283327D-04  0.349156974985D-05
 -0.599326050857D-05 -0.380198650580D-05  0.101415305896D-04 -0.408974643629D-05
 -0.732849504203D-04  0.484434759859D-04 -0.484742321291D-05 -0.341677374696D-05
 -0.106582849743D-05 -0.202633030790D-06  0.492709703757D+00  0.170665332780D-04
 -0.154662935202D-05 -0.711891401606D-06 -0.138583428253D-06 -0.620033854982D-06
 -0.977896421810D-06  0.315295336682D-05 -0.864845464455D-06 -0.200045206434D-04
 -0.145325209904D-06 -0.587327330924D-06 -0.985923603862D-06  0.349345189917D-05
 -0.914485140587D-06 -0.198833394087D-04  0.181910187787D-04 -0.156674720298D-05
 -0.719689660908D-06 -0.151898116392D-06 -0.953866569447D-07 -0.169247776127D-06
  0.382222603871D+00 -0.167226960200D-03  0.110241071192D-04 -0.178243655008D-05
  0.201744853211D-04 -0.139000500888D-04  0.316132629746D-05 -0.219866823623D-04
  0.189425766850D-05  0.954584894044D-04  0.195356671029D-04 -0.149446157472D-04
  0.414419951247D-05 -0.302377932041D-04  0.121327401134D-05  0.994125852512D-04
 -0.177841477427D-03  0.121639520220D-04  0.291917305536D-07 -0.160367944738D-05
  0.117252951182D-05  0.395144645899D-06 -0.941632406226D-07  0.394151577024D+00
  0.000000000000D+00  0.000000000000D+00  0.000000000000D+00  0.000000000000D+00
  0.000000000000D+00  0.000000000000D+00  0.000000000000D+00  0.000000000000D+00
  0.000000000000D+00  0.000000000000D+00  0.000000000000D+00  0.000000000000D+00
  0.000000000000D+00  0.000000000000D+00  0.000000000000D+00  0.000000000000D+00
  0.000000000000D+00  0.000000000000D+00  0.000000000000D+00  0.000000000000D+00
  0.000000000000D+00  0.000000000000D+00  0.000000000000D+00  0.000000000000D+00
$end
