$coord
    0.75264305650025     -0.60059733395103     -4.59643125939566  h
   -0.38293659208936     -0.58154186887023     -3.17095993452735  o
    0.88413819054859      0.64169568154220     -1.13274685753064  c
    1.41401991319215      2.56896156333535     -1.66372728946053  h
    2.59428121044461     -0.38495629746673     -0.58916619198576  h
   -0.88413674121419      0.64169769382008      1.13274665105239  c
   -1.41401390052346      2.56896481434745      1.66372720269347  h
   -2.59428218952658     -0.38495012856411      0.58916581262084  h
    0.38293504775842     -0.58154301293756      3.17095967313923  o
   -0.75264603695926     -0.60059898760553      4.59642985212785  h
$intdef
# definitions of internal coordinates
   1 f  1.0000000000000 tors    2    3    6    9 val= 123.00000
$user-defined bonds
$redundant
     number_of_atoms            10
     degrees_of_freedom         24
     internal_coordinates       25
     frozen_coordinates          1
# definitions of redundant internals
   1 k  1.0000000000000 tors   1    2    3    6 val= 180.83746
   2 k  1.0000000000000 stre   2    1           val=   1.82260
   3 k  1.0000000000000 bend   3    1    2      val= 107.66557
   4 k  1.0000000000000 stre   3    5           val=   2.06739
   5 k  1.0000000000000 stre   3    4           val=   2.06811
   6 k  0.0656541053445 bend   4    5    3      val=   0.68801
       -0.5175360449870 bend   2    5    3
       -0.4988610419758 bend   2    4    3
        0.4654080592443 bend   6    5    3
        0.5122294210409 bend   6    4    3
   7 k  0.0284029133353 bend   4    5    3      val=   0.79983
        0.5214475410953 bend   2    5    3
       -0.5522093973257 bend   2    4    3
        0.4736679258011 bend   6    5    3
       -0.4449597891633 bend   6    4    3
   8 k -0.8882595072339 bend   4    5    3      val=   1.79262
        0.1979125260265 bend   2    5    3
        0.1871045476738 bend   2    4    3
        0.2802703700881 bend   6    5    3
        0.2413836940245 bend   6    4    3
   9 k -0.0128334212507 bend   4    5    3      val=   1.79552
        0.4739116153079 bend   2    5    3
       -0.4461399049342 bend   2    4    3
       -0.5383685081016 bend   6    5    3
        0.5351276659685 bend   6    4    3
  10 k  1.0000000000000 stre   6    8           val=   2.06739
  11 k  1.0000000000000 stre   6    7           val=   2.06811
  12 k  0.0656540651397 bend   7    8    6      val=   0.68801
       -0.5175358682790 bend   9    8    6
       -0.4988612136695 bend   9    7    6
        0.4654080619148 bend   3    8    6
        0.5122294350936 bend   3    7    6
  13 k  0.0284031057196 bend   7    8    6      val=   0.79985
        0.5214476818303 bend   9    8    6
       -0.5522092828083 bend   9    7    6
        0.4736678451972 bend   3    8    6
       -0.4449598398798 bend   3    7    6
  14 k -0.8882595323395 bend   7    8    6      val=   1.79261
        0.1979126355134 bend   9    8    6
        0.1871044269797 bend   9    7    6
        0.2802703640189 bend   3    8    6
        0.2413836124708 bend   3    7    6
  15 k -0.0128333907862 bend   7    8    6      val=   1.79551
        0.4739116576633 bend   9    8    6
       -0.4461398340453 bend   9    7    6
       -0.5383686336101 bend   3    8    6
        0.5351275620210 bend   3    7    6
  16 k  1.0000000000000 tors  10    9    6    3 val= 180.83757
  17 k  1.0000000000000 stre   9   10           val=   1.82260
  18 k  1.0000000000000 bend   6   10    9      val= 107.66556
  19 k  1.0000000000000 tors   2    3    6    9 val= 123.00000
  20 k  1.0000000000000 stre   3    2           val=   2.69372
  21 k  1.0000000000000 bend   6    2    3      val= 107.88164
  22 k  1.0000000000000 stre   6    9           val=   2.69372
  23 k  1.0000000000000 bend   3    9    6      val= 107.88164
  24 k  1.0000000000000 stre   3    6           val=   2.87389
  25 f  1.0000000000000 tors   2    3    6    9 val= 123.00000
        24 non zero eigenvalues  of BmBt
           1           3.916371071    1    0
         1
           2           3.894949726    2    0
         2
           3           3.770277111    3    0
         3
           4           2.999010839    4    0
         4
           5           2.969013035    5    0
         5
           6           2.454335027    6    0
         6
           7           2.122417090    7    0
         7
           8           1.711976493    8    0
         8
           9           1.247045477    9    0
         9
          10           1.199398744   10    0
        10
          11           1.041024209   11    0
        11
          12           0.844206262   12    0
        12
          13           0.771006392   13    0
        13
          14           0.741481889   14    0
        14
          15           0.546509636   15    0
        15
          16           0.471847114   16    0
        16
          17           0.351764436   17    0
        17
          18           0.340745347   18    0
        18
          19           0.280695179   20    0
        20
          20           0.255394971   21    0
        21
          21           0.106515242   22    0
        22
          22           0.077830410   23    0
        23
          23           0.067101880   24    0
        24
          24           0.000000000    0    1
         0.000000000         0.000000000         0.000000000         0.000000000
         0.000000000         0.000000000         0.000000000         0.000000000
         0.000000000         0.000000000         0.000000000         0.000000000
         0.000000000         0.000000000         0.000000000         0.000000000
         0.000000000         0.000000000         0.000000000         0.000000000
         0.000000000         0.000000000         0.000000000         0.000000000
         1.000000000
$end
