$energy      SCF               SCFKIN            SCFPOT            MP2
     1 -229.0237748976      228.796052     -457.819827     -.8130337039684
     2 -229.0242496833      228.782522     -457.806771     -.8129692067857
     3 -229.0242441367      228.788053     -457.812297     -.8130846804261
     4 -229.0241160168      228.786523     -457.810639     -.8132263407442
     5 -229.0240927521      228.785279     -457.809371     -.8132500044140
     6 -229.0240893854      228.785175     -457.809265     -.8132534493490
     7 -229.0240893854      228.785174     -457.809264     -.8132534617795
     8 -229.0240897568      228.785220     -457.809310     -.8132531265439
     9 -229.0240900024      228.785264     -457.809354     -.8132528094833
    10 -229.0240900024      228.785267     -457.809357     -.8132528238924
    11 -229.0240894107      228.785219     -457.809309     -.8132533864400
    12 -229.0240892249      228.785213     -457.809303     -.8132536042985
$end
