$grad          cartesian gradients
  cycle =      1 MP2 energy =     -229.8368086016 |dE/dxyz| =  0.009814
    0.71553485751068     -0.60931864453392     -4.60038461651567      h
   -0.38019229116918     -0.58505247277584     -3.15003942104287      o
    0.89243131927129      0.64207679939833     -1.11972428627712      c
    1.38242289791955      2.59636596500868     -1.60222055991372      h
    2.63456109426444     -0.35360219168996     -0.60423538535170      h
   -0.89219729154177      0.64240206633502      1.11971721998113      c
   -1.38151773367450      2.59684838624960      1.60219538672497      h
   -2.63467529986926     -0.35268871235274      0.60420958780680      h
    0.38000840882783     -0.58509690448715      3.15006924186797      o
   -0.71619578751048     -0.61002777317844      4.60004644772344      h
  -.25454244470928D-02  -.72479595361952D-03  0.11415884901735D-02
  0.15451906818962D-02  -.57258390478365D-03  -.20466520700158D-03
  -.23949469302398D-04  -.43730616185789D-03  0.38023907826881D-02
  -.53343517191773D-03  0.17871714953852D-02  0.33052902301847D-02
  0.26422010034022D-02  -.54361992318563D-04  -.10353297813329D-02
  0.25264247478507D-04  -.42928872639703D-03  -.38005614714330D-02
  0.53663617999078D-03  0.17818392404925D-02  -.33048595639794D-02
  -.26472845583116D-02  -.54870139978958D-04  0.10328156194632D-02
  -.15424403352249D-02  -.56869625274514D-03  0.20408093444235D-03
  0.25432418686260D-02  -.72710767007650D-03  -.11407500338660D-02
  cycle =      2 MP2 energy =     -229.8372188901 |dE/dxyz| =  0.004306
    0.73266827545710     -0.58255254556792     -4.61747720463286      h
   -0.37680951742356     -0.58143218522610     -3.17246614402944      o
    0.88532349078605      0.63989669702316     -1.13308774628615      c
    1.39450848131401      2.58156944580419     -1.63810262134116      h
    2.61400610290801     -0.36694956506859     -0.61293905846358      h
   -0.88513660131322      0.64014807313136      1.13306040850231      c
   -1.39363622789001      2.58196474606874      1.63820466726707      h
   -2.61417243969925     -0.36604560365228      0.61281644961615      h
    0.37654402577276     -0.58175048170131      3.17237661963841      o
   -0.73311541588331     -0.58294206283766      4.61724824473248      h
  -.93967564436714D-03  -.51933922076003D-03  -.47400342137482D-03
  0.17174048334629D-02  -.13492242852653D-03  0.79411562824205D-04
  -.20113439865277D-03  -.54035522508755D-03  0.46304379482620D-03
  -.41462291485495D-04  0.74076656091737D-03  0.13519717291300D-02
  0.61754904014899D-03  0.45236488121869D-03  -.11903472637215D-02
  0.20097300611521D-03  -.53772027428645D-03  -.46292903337375D-03
  0.41867740398382D-04  0.73983318531168D-03  -.13509737768582D-02
  -.61774596486375D-03  0.45261895007154D-03  0.11889530758103D-02
  -.17166713526864D-02  -.13273824085580D-03  -.78793100092511D-04
  0.93889503201838D-03  -.52050818109661D-03  0.47366643079227D-03
  cycle =      3 MP2 energy =     -229.8373288171 |dE/dxyz| =  0.002460
    0.73759873507749     -0.57719712677150     -4.60888997770770      h
   -0.38460995535224     -0.57595738287515     -3.17232713442384      o
    0.88167619341394      0.64456152802979     -1.13606775800022      c
    1.40607343015477      2.57532424361953     -1.66085023496902      h
    2.59731133186031     -0.37615826212342     -0.60309355371789      h
   -0.88152214971976      0.64476705588693      1.13602848252861      c
   -1.40521480757817      2.57566610089498      1.66102393124383      h
   -2.59752585504861     -0.37525988882521      0.60292435130274      h
    0.38429891683824     -0.57644615434047      3.17216002356570      o
   -0.73790566561739     -0.57739359552190      4.60872548518101      h
  -.62059940608705D-04  -.10993237033347D-03  -.40581758245573D-03
  0.99263966206564D-03  0.34531386072345D-04  0.76564163615966D-03
  -.43606058999401D-03  -.28341035875590D-03  -.74465171869020D-03
  0.13581319575184D-04  0.52816468785633D-04  0.22388683285990D-03
  -.18728670407597D-03  0.30537506972927D-03  -.51678341372285D-03
  0.43564698553800D-03  -.28361824277034D-03  0.74453522333751D-03
  -.14272107646374D-04  0.53618075747774D-04  -.22326814356322D-03
  0.18856942155310D-03  0.30565797133253D-03  0.51626648254494D-03
  -.99293701340386D-03  0.34784820051037D-04  -.76531864046281D-03
  0.62178967352278D-04  -.10982285157962D-03  0.40550932453876D-03
  cycle =      4 MP2 energy =     -229.8373423575 |dE/dxyz| =  0.001256
    0.73796040142967     -0.58614844247767     -4.60060892623823      h
   -0.39109799593267     -0.57274614584375     -3.16990721213611      o
    0.88090785070968      0.64951974920054     -1.13550950648035      c
    1.41021443807157      2.57693587546676     -1.66685638459095      h
    2.59245698040978     -0.37698128066573     -0.59590913220319      h
   -0.88076001744230      0.64971960783834      1.13546822343416      c
   -1.40935108192030      2.57727251682625      1.66703166602658      h
   -2.59268921068554     -0.37608444870977      0.59574796950458      h
    0.39078845899801     -0.57325045736249      3.16972815829828      o
   -0.73824964960932     -0.58633045629890      4.60044875938845      h
  -.78523811484210D-05  0.85936667814646D-05  -.19276917277100D-04
  0.31282694443391D-03  -.27274757449591D-03  0.31525553472811D-03
  -.45921374822200D-03  0.22064081741568D-03  -.50369616643398D-03
  0.26275091428607D-04  0.11492398717117D-04  0.17073211261209D-04
  -.12130036628477D-04  0.32042646920249D-04  0.33628848792322D-04
  0.45934036008299D-03  0.22045077412569D-03  0.50398178743583D-03
  -.26384486909725D-04  0.11579292385822D-04  -.17074370254333D-04
  0.12301069499454D-04  0.32000033835189D-04  -.33803128749121D-04
  -.31309449770500D-03  -.27283936464695D-03  -.31535615988432D-03
  0.79316854155742D-05  0.87873033311481D-05  0.19267359963937D-04
  cycle =      5 MP2 energy =     -229.8373427565 |dE/dxyz| =  0.001019
    0.73866779328164     -0.59010227244605     -4.59911979193421      h
   -0.39207922084565     -0.57200535363338     -3.16983426593265      o
    0.88095293122983      0.65076258365831     -1.13538370524052      c
    1.41005944478682      2.57802101392958     -1.66731660729452      h
    2.59247986740576     -0.37610074869989     -0.59610071241234      h
   -0.88080262579009      0.65096751740568      1.13534329630797      c
   -1.40919372303257      2.57836515674074      1.66748194169818      h
   -2.59271045685031     -0.37520342535641      0.59595022429137      h
    0.39177684807081     -0.57249003323966      3.16966227496407      o
   -0.73897068422767     -0.59030792038534      4.59895096055585      h
  -.15524838426373D-04  -.20842235439189D-05  0.39471606760877D-05
  0.18739137042356D-03  -.35691717583841D-03  0.15488423644339D-03
  -.32816153677917D-03  0.34472738647340D-03  -.31935437563613D-03
  0.19165627589190D-04  0.10578251330884D-04  0.21439651251898D-04
  0.27376701271287D-04  0.37554190188693D-05  0.42948773259721D-04
  0.32828384687456D-03  0.34458434200602D-03  0.31954875425311D-03
  -.19106493884369D-04  0.10529212072452D-04  -.21487930916830D-04
  -.27445353146582D-04  0.37258719889355D-05  -.43002702612038D-04
  -.18750834179748D-03  -.35684518507040D-03  -.15499265828467D-03
  0.15529017726390D-04  -.20538917123170D-05  -.39309095032358D-05
  cycle =      6 MP2 energy =     -229.8373428347 |dE/dxyz| =  0.000927
    0.73918655537285     -0.59119659011830     -4.59865273729905      h
   -0.39224960122190     -0.57177784491392     -3.16989283100631      o
    0.88095708660258      0.65111132454512     -1.13533961385822      c
    1.40977889683777      2.57829132898590     -1.66767460823591      h
    2.59245755665152     -0.37585457019470     -0.59659477080350      h
   -0.88080510340775      0.65131813531958      1.13529942141396      c
   -1.40891287766678      2.57863811951237      1.66783652295991      h
   -2.59268590980184     -0.37495723991229      0.59644730351699      h
    0.39194909887115     -0.57225583207268      3.16972405481281      o
   -0.73949552820904     -0.59141031317750      4.59848087350253      h
  -.17008867749801D-05  -.33289689428950D-05  -.27007970424542D-05
  0.15974171996636D-03  -.36842454766006D-03  0.12977733959119D-03
  -.25507901392352D-03  0.36916433555900D-03  -.22402351101691D-03
  0.58059405703137D-05  -.17908761091867D-05  0.53921944271895D-05
  0.38753116800017D-05  0.44250495536691D-05  0.85990425943150D-05
  0.25519288794307D-03  0.36898030327448D-03  0.22404609036186D-03
  -.57831529030050D-05  -.17759265427131D-05  -.54158016398187D-05
  -.38849538630537D-05  0.44376130110546D-05  -.85727900782651D-05
  -.15986367056975D-03  -.36833069394548D-03  -.12982459899913D-03
  0.16958177884163D-05  -.33562947199806D-05  0.27228330097273D-05
  cycle =      7 MP2 energy =     -229.8373428472 |dE/dxyz| =  0.000927
    0.75260388593288     -0.60079155310076     -4.59641521674021      h
   -0.38295305676143     -0.58150675624067     -3.17092643724959      o
    0.88415293564407      0.64172455604908     -1.13277346341449      c
    1.41415254054860      2.56897424998534     -1.66368292722120      h
    2.59428157394221     -0.38489679307531     -0.58903873043425      h
   -0.88415265580994      0.64172520916409      1.13277349497206      c
   -1.41415036856296      2.56897557529611      1.66368248712159      h
   -2.59428228194788     -0.38489474971305      0.58903939827566      h
    0.38295285183041     -0.58150666061909      3.17092646453369      o
   -0.75260543161791     -0.60079509108385      4.59641417987519      h
  -.14778796155746D-05  -.33499442481100D-05  -.27331653447149D-05
  0.15930588402124D-03  -.36846639093469D-03  0.13024948164819D-03
  -.25452875577781D-03  0.36922263339578D-03  -.22478930308867D-03
  0.57785664113741D-05  -.18299191699711D-05  0.54243931506548D-05
  0.37924550673196D-05  0.44519523729747D-05  0.85993518020855D-05
  0.25448084217139D-03  0.36911328821576D-03  0.22475243231823D-03
  -.57528672561258D-05  -.18300810675775D-05  -.54441970536168D-05
  -.38049280091101D-05  0.44561400271981D-05  -.85849536941573D-05
  -.15926635564245D-03  -.36836868187562D-03  -.13022665836715D-03
  0.14730383797179D-05  -.33990026443442D-05  0.27526185779614D-05
  cycle =      8 MP2 energy =     -229.8373428833 |dE/dxyz| =  0.000925
    0.75260209390409     -0.60053096044766     -4.59648516946051      h
   -0.38289611188825     -0.58156681255058     -3.17094778391589      o
    0.88415506080234      0.64165813559897     -1.13275211966328      c
    1.41410875287467      2.56891779754918     -1.66368605509011      h
    2.59428382051431     -0.38497368057495     -0.58906572586175      h
   -0.88415521518348      0.64165793669953      1.13275195334506      c
   -1.41410699507271      2.56891769301681      1.66368760734973      h
   -2.59428498468346     -0.38497170164513      0.58906477307190      h
    0.38289473554456     -0.58157051909382      3.17094623812730      o
   -0.75260116361401     -0.60052990189046      4.59648553181601      h
  -.24081316314373D-05  0.20807766045738D-05  -.21364359228393D-05
  0.16402462443477D-03  -.37208636377528D-03  0.12941492266361D-03
  -.25691318859700D-03  0.36749122423529D-03  -.21176839139481D-03
  0.30863732600750D-05  -.32245926817609D-06  0.21435547048476D-05
  0.13221977139821D-05  0.28535161564758D-05  0.45176178588013D-05
  0.25692216170903D-03  0.36748761852623D-03  0.21178278014411D-03
  -.30929499033050D-05  -.31188688964789D-06  -.21406443571070D-05
  -.13086662256079D-05  0.28565512737444D-05  -.45138758458796D-05
  -.16408993062633D-03  -.37222580099794D-03  -.12948040252159D-03
  0.24575099719648D-05  0.21768180157311D-05  0.21808748522645D-05
  cycle =      9 MP2 energy =     -229.8373428119 |dE/dxyz| =  0.000913
    0.75271617275135     -0.60071677932038     -4.59636978667435      h
   -0.38292277907637     -0.58152004901387     -3.17095023912048      o
    0.88413215733848      0.64170741790543     -1.13274407395726      c
    1.41400777365150      2.56897768491813     -1.66373195413603      h
    2.59427470965417     -0.38494464968851     -0.58917256443331      h
   -0.88413118346095      0.64170833839772      1.13274428905739      c
   -1.41400582709826      2.56897909008227      1.66373154326386      h
   -2.59427429486829     -0.38494283497905      0.58917293002265      h
    0.38292235782381     -0.58151980286389      3.17095081830105      o
   -0.75271909351737     -0.60072042877597      4.59636828739495      h
  -.99951980025992D-07  -.17154100743211D-05  0.12504752815445D-05
  0.16380520070580D-03  -.36666049163747D-03  0.12794319803433D-03
  -.25663662211439D-03  0.36747177593277D-03  -.19586129103222D-03
  -.43875663813253D-06  0.12361202212929D-05  -.12253257546391D-05
  -.10894098636527D-05  -.34288041783626D-06  -.12037784277164D-05
  0.25667507919280D-03  0.36750072347935D-03  0.19587347939631D-03
  0.41933550809503D-06  0.12465077330326D-05  0.12127010884377D-05
  0.10998340487234D-05  -.35560189992623D-06  0.12238932134423D-05
  -.16381802890919D-03  -.36663093693834D-03  -.12793192589911D-03
  0.83320387478381D-07  -.17498126599347D-05  -.12814247476456D-05
  cycle =     10 MP2 energy =     -229.8373428263 |dE/dxyz| =  0.000914
    0.75267833481210     -0.60070488343459     -4.59637606954605      h
   -0.38294904055803     -0.58150725894252     -3.17094731108938      o
    0.88412342123722      0.64171913592306     -1.13275139732332      c
    1.41399629807579      2.56898898296956     -1.66374353552051      h
    2.59426954732174     -0.38493433336386     -0.58919377890450      h
   -0.88412154534612      0.64172144777669      1.13275130704897      c
   -1.41399031531363      2.56899261942538      1.66374289826601      h
   -2.59426990010089     -0.38492832390596      0.58919379704079      h
    0.38294753206252     -0.58150776553672      3.17094753476590      o
   -0.75268237405954     -0.60070749726115      4.59637421399591      h
  -.46124009456250D-06  -.12589081883618D-05  0.92433452980600D-06
  0.16388292193703D-03  -.36702522307142D-03  0.12844548274948D-03
  -.25651101998525D-03  0.36742842250659D-03  -.19611399701847D-03
  -.37886263237752D-06  0.12184012070371D-05  -.12258972263979D-05
  -.10355136272899D-05  -.38779724342852D-06  -.11781651761966D-05
  0.25657007992175D-03  0.36750310623823D-03  0.19613029354781D-03
  0.37827992649397D-06  0.12341556052675D-05  0.12177543040615D-05
  0.10365981442106D-05  -.38044848005292D-06  0.11969572858428D-05
  -.16393561090933D-03  -.36707332175334D-03  -.12844981996896D-03
  0.45436730999882D-06  -.12583929664967D-05  -.94694146923757D-06
  cycle =     11 MP2 energy =     -229.8373427971 |dE/dxyz| =  0.000917
    0.75262788064556     -0.60052057709841     -4.59646169645672      h
   -0.38291932956217     -0.58155929813524     -3.17096393378007      o
    0.88414002024283      0.64167511264656     -1.13274424036220      c
    1.41402299762754      2.56894223818629     -1.66372375879902      h
    2.59428125976108     -0.38497591562281     -0.58915812039655      h
   -0.88413841142322      0.64167735359572      1.13274410914753      c
   -1.41401694820165      2.56894583167307      1.66372325439641      h
   -2.59428201958102     -0.38496976026717      0.58915810852185      h
    0.38291800440784     -0.58155967086198      3.17096401193174      o
   -0.75263149578563     -0.60052319046615      4.59645992453086      h
  -.87770238987872D-06  0.52793857713285D-06  -.30659499694607D-06
  0.16169958501422D-03  -.37174536071305D-03  0.12493354246956D-03
  -.25338550622633D-03  0.37077167707178D-03  -.19599000596238D-03
  0.11533754173954D-07  0.45191730757566D-06  -.44179145763934D-06
  -.22745458538864D-06  -.12145033867483D-07  0.46856396429540D-07
  0.25338634161276D-03  0.37077154484022D-03  0.19599898573730D-03
  -.10591216348388D-07  0.45925863867424D-06  0.43891376555472D-06
  0.22764566054434D-06  -.83791329430483D-08  -.40881866891773D-07
  -.16169152721357D-03  -.37173283804615D-03  -.12494022719345D-03
  0.86767553542089D-06  0.51638038411905D-06  0.30120095617647D-06
  cycle =     12 MP2 energy =     -229.8373428292 |dE/dxyz| =  0.000915
    0.75264305650025     -0.60059733395103     -4.59643125939566      h
   -0.38293659208936     -0.58154186887023     -3.17095993452735      o
    0.88413819054859      0.64169568154220     -1.13274685753064      c
    1.41401991319215      2.56896156333535     -1.66372728946053      h
    2.59428121044461     -0.38495629746673     -0.58916619198576      h
   -0.88413674121419      0.64169769382008      1.13274665105239      c
   -1.41401390052346      2.56896481434745      1.66372720269347      h
   -2.59428218952658     -0.38495012856411      0.58916581262084      h
    0.38293504775842     -0.58154301293756      3.17095967313923      o
   -0.75264603695926     -0.60059898760553      4.59642985212785      h
  0.13521908082126D-06  -.15408838628383D-05  0.27569147054152D-06
  0.15941266841146D-03  -.37037920664629D-03  0.12417854980828D-03
  -.25193934722045D-03  0.37178904371027D-03  -.19621657500846D-03
  0.53861940907396D-07  0.17886067205097D-06  -.33095670648464D-08
  0.15023260990787D-06  -.48724080548013D-07  0.85762456469851D-07
  0.25193882876051D-03  0.37178735811372D-03  0.19622255955054D-03
  -.52182429044478D-07  0.18201140683516D-06  0.52632147529152D-08
  -.15055988278334D-06  -.43420416817597D-07  -.87085732625169D-07
  -.15941609631298D-03  -.37039686655804D-03  -.12419056320034D-03
  -.13262509090950D-06  -.15281779718879D-05  -.27029305105231D-06
$end
