$hessapprox internal
  0.191379818821D-01  0.343502012276D-03  0.614011933164D+00 -0.212843339215D-02
  0.720633997090D-03  0.371082585771D+00 -0.163393848679D-04 -0.531125715828D-03
  0.753114190437D-03  0.425922139153D+00 -0.785994873390D-03  0.898027229396D-03
 -0.100514300461D-02  0.821831286468D-03  0.424426287279D+00  0.356174412313D-03
  0.118039645566D-02 -0.177920001495D-02  0.993393021616D-03 -0.184282168084D-02
  0.343879166187D+00  0.407019207689D-04  0.220413872167D-03 -0.323720324516D-03
  0.187108162002D-03 -0.342788659257D-03 -0.405448155434D-03  0.346745749994D+00
  0.133500678259D-03 -0.680309331345D-03  0.913740402730D-03 -0.593709606810D-03
  0.104477563266D-02  0.130339403233D-02  0.244679295434D-03  0.320525884141D+00
 -0.134234562004D-02 -0.223305967721D-04  0.473961345425D-03  0.646989218883D-04
  0.103127937170D-03 -0.227338504201D-03 -0.357099840189D-04  0.425341395332D-04
  0.345379573446D+00 -0.887391534965D-05 -0.533694807221D-03  0.754269898577D-03
 -0.458656706182D-03  0.825420925384D-03  0.999711378590D-03  0.188258260602D-03
 -0.596960968802D-03  0.630412233916D-04  0.425916797967D+00 -0.797667996188D-03
  0.903630225319D-03 -0.100918277959D-02  0.827382031532D-03 -0.135603054532D-02
 -0.185567718795D-02 -0.345147255001D-03  0.105163476543D-02  0.105539494832D-03
  0.830986271280D-03  0.424410084841D+00  0.365747896942D-03  0.118901305039D-02
 -0.179448664109D-02  0.100020860954D-02 -0.185663024176D-02 -0.215785160367D-02
 -0.408181326518D-03  0.131255765606D-02 -0.230819521325D-03  0.100658112004D-02
 -0.186959091230D-02  0.343850586854D+00 -0.206399895772D-04  0.174076607458D-03
 -0.238263685639D-03  0.151072426087D-03 -0.268026772804D-03 -0.330798871710D-03
 -0.621690729463D-04  0.195896260776D-03 -0.144150435779D-04  0.151919950528D-03
 -0.269803827860D-03 -0.333105680979D-03  0.346772384322D+00  0.131255538957D-03
 -0.675506819607D-03  0.907719489486D-03 -0.589436993267D-03  0.103746682635D-02
  0.129393168114D-02  0.242909717486D-03 -0.762752142985D-03  0.425741524295D-04
 -0.592666903191D-03  0.104427965336D-02  0.130302695782D-02  0.194493205162D-03
  0.320536820568D+00 -0.132713150152D-02 -0.460658061211D-04  0.502360612680D-03
  0.433251709971D-04  0.139039395053D-03 -0.179747218999D-03 -0.268305347438D-04
  0.152000261893D-04  0.351892841561D-03  0.415661936680D-04  0.141673121591D-03
 -0.182878883853D-03 -0.741705195954D-05  0.154326350581D-04  0.345376078274D+00
  0.492156638401D-02  0.356041194021D-03 -0.212370742601D-02 -0.130663579453D-05
 -0.801907843416D-03  0.319028501241D-03  0.340671697800D-04  0.150951871708D-03
 -0.132604086914D-02  0.614341630123D-05 -0.813601176693D-03  0.328249368505D-03
 -0.252633116762D-04  0.148598756908D-03 -0.131034121457D-02  0.190026613006D-01
  0.329861513873D-03 -0.600268489694D-03  0.736324331510D-03 -0.537114358080D-03
  0.911014802121D-03  0.119258073320D-02  0.222779801073D-03 -0.688523292948D-03
 -0.178629924056D-04 -0.539738955334D-03  0.916722641382D-03  0.120126174022D-02
  0.176130826960D-03 -0.683658213932D-03 -0.419219105071D-04  0.342782222550D-03
  0.613996020987D+00 -0.211724952367D-02  0.708742834509D-03 -0.299797609061D-03
  0.742183450537D-03 -0.987333678759D-03 -0.175464274302D-02 -0.319156103340D-03
  0.899867034102D-03  0.472393044809D-03  0.743292520623D-03 -0.991267931231D-03
 -0.176974434450D-02 -0.234702614592D-03  0.893942980664D-03  0.500317009906D-03
 -0.211232191404D-02  0.724258464670D-03  0.371108470518D+00  0.143006006623D-03
 -0.427443734225D-02  0.597048039981D-02 -0.368682907922D-02  0.659997117204D-02
  0.804976911773D-02  0.151474030287D-02 -0.479191482982D-02  0.448988031270D-03
 -0.370805895798D-02  0.664419725966D-02  0.810539101367D-02  0.122006200280D-02
 -0.475750077099D-02  0.277051275036D-03  0.260781165776D-03 -0.432359881888D-02
  0.588273793586D-02  0.461486447119D+00 -0.543465992999D-02  0.142247091562D-02
 -0.210962862065D-03  0.156368113447D-02 -0.192103068164D-02 -0.375936397794D-02
 -0.679054349127D-03  0.186569200856D-02  0.125770520571D-02  0.156454204719D-02
 -0.192700257686D-02 -0.379300180886D-02 -0.489402157272D-03  0.185367888318D-02
  0.131341846141D-02 -0.541092422378D-02  0.145778058662D-02 -0.186215245233D-03
  0.123404465030D-01  0.381400236742D+00  0.159412707249D-03 -0.428826189911D-02
  0.598453413240D-02 -0.369974987644D-02  0.662050212357D-02  0.807900202616D-02
  0.152015719995D-02 -0.480821515135D-02  0.446275488036D-03 -0.372103005542D-02
  0.666484536359D-02  0.813484859024D-02  0.122425476664D-02 -0.477368812989D-02
  0.273787100849D-03  0.277382526010D-03 -0.433763846069D-02  0.589652106433D-02
 -0.298982861351D-01  0.123661932716D-01  0.461279126765D+00 -0.538576690007D-02
  0.143970014693D-02 -0.251336768000D-03  0.157544941191D-02 -0.195016206773D-02
 -0.378188827726D-02 -0.683553148251D-03  0.188251836398D-02  0.124297384394D-02
  0.157645286928D-02 -0.195639254135D-02 -0.381561138933D-02 -0.493554226912D-03
  0.187037167201D-02  0.129939395411D-02 -0.536308379947D-02  0.147503396335D-02
 -0.226194601421D-03  0.124382714875D-01  0.585589437654D-03  0.124645155921D-01
  0.381213030944D+00 -0.346706480310D-03 -0.194312548480D-02  0.284986146497D-02
 -0.165026612637D-02  0.302133846130D-02  0.357678116312D-02  0.675216558374D-03
 -0.215765411236D-02  0.311648083114D-03 -0.166039121929D-02  0.304211171243D-02
  0.360091028049D-02  0.548257859006D-03 -0.214205259945D-02  0.233371982925D-03
 -0.288357323388D-03 -0.196402566100D-02  0.280963419649D-02 -0.133591069579D-01
  0.597564793286D-02 -0.134068416742D-01  0.601544593897D-02  0.380471991661D+00
  0.000000000000D+00  0.000000000000D+00  0.000000000000D+00  0.000000000000D+00
  0.000000000000D+00  0.000000000000D+00  0.000000000000D+00  0.000000000000D+00
  0.000000000000D+00  0.000000000000D+00  0.000000000000D+00  0.000000000000D+00
  0.000000000000D+00  0.000000000000D+00  0.000000000000D+00  0.000000000000D+00
  0.000000000000D+00  0.000000000000D+00  0.000000000000D+00  0.000000000000D+00
  0.000000000000D+00  0.000000000000D+00  0.000000000000D+00  0.000000000000D+00
$end
