$grad          cartesian gradients
  cycle =      1    SCF energy =     -230.2246455391   |dE/dxyz| =  0.006298
    0.79687053184624     -0.33109946026242     -4.70597435734105      h
   -0.37384971374263     -0.31735258599230     -3.31530176792505      o
    0.95244627561103      0.34835841591612     -1.06906602230052      c
    1.80675786181550      2.22955408571043     -1.22194156817644      h
    2.45559888589288     -1.01256609480358     -0.64416852217012      h
   -0.95243132145238      0.34839971030572      1.06906468868164      c
   -1.80669581844127      2.22961995372828      1.22192921534605      h
   -2.45561542157889     -1.01248694188102      0.64416743889283      h
    0.37384254061679     -0.31732646325272      3.31530892727342      o
   -0.79698037769243     -0.33152277494778      4.70589004551788      h
  -.12445357333851D-03  -.58691160828395D-03  0.62484996022867D-03
  -.38351025254986D-03  -.13225305951078D-02  0.16850106770461D-02
  -.72024995539192D-03  0.64314966200073D-03  0.18154685071307D-02
  -.15553886737016D-02  0.68507205937237D-03  0.19533133074189D-02
  0.16207773338316D-02  0.58114873653982D-03  -.67091959714772D-03
  0.71951850067461D-03  0.64451055872981D-03  -.18153664871749D-02
  0.15550752788182D-02  0.68545049360746D-03  -.19527017617322D-02
  -.16202281547904D-02  0.58157427564315D-03  0.67055497288321D-03
  0.38406993835281D-03  -.13212953026281D-02  -.16850137605352D-02
  0.12439096135380D-03  -.58783912054087D-03  -.62519602240703D-03
  cycle =      2    SCF energy =     -230.2250392274   |dE/dxyz| =  0.004585
    0.79063351407475     -0.21526590808085     -4.73933595825101      h
   -0.35808802922893     -0.33595103072670     -3.33439325376858      o
    0.95356739823579      0.32832689964917     -1.07623516446836      c
    1.84172004297804      2.19344508779729     -1.23822035172675      h
    2.43272672131953     -1.05362889161527     -0.64267795692353      h
   -0.95355243835470      0.32833960140112      1.07622716769569      c
   -1.84165746989913      2.19347862215977      1.23824289302118      h
   -2.43274612644709     -1.05356742488673      0.64263523353121      h
    0.35807053495719     -0.33601108595879      3.33438292725568      o
   -0.79073070476061     -0.21558802521827      4.73928254143312      h
  -.27117815947813D-04  -.30286073460493D-03  -.15610098129534D-03
  0.63029121703205D-03  -.21708712574704D-02  0.23705079134703D-03
  -.80319639683116D-03  0.13180433763672D-02  -.55548451361668D-03
  -.38716837793510D-03  0.58010784504571D-03  0.92171045087720D-03
  0.49969696132699D-03  0.57642660850272D-03  -.78874660683175D-03
  0.80326609430450D-03  0.13191218823549D-02  0.55482997728718D-03
  0.38700120283908D-03  0.58006577616882D-03  -.92128397830859D-03
  -.49941144617830D-03  0.57659975698210D-03  0.78850571797047D-03
  -.63054055969864D-03  -.21701840135398D-02  -.23642440307101D-03
  0.27175338078676D-04  -.30344160795976D-03  0.15594566025710D-03
  cycle =      3    SCF energy =     -230.2251325922   |dE/dxyz| =  0.005393
    0.77473584302677     -0.13503906532514     -4.74650442084742      h
   -0.35073963551702     -0.34823654882198     -3.33386062668156      o
    0.95688587640496      0.31615086039605     -1.07387827447159      c
    1.86857828207085      2.16807817066494     -1.24445196342394      h
    2.41515580775991     -1.08400561488058     -0.62602949580871      h
   -0.95688275432964      0.31614126537023      1.07386816217541      c
   -1.86852225281100      2.16808887765732      1.24450803840318      h
   -2.41519196437095     -1.08395565005481      0.62595950073799      h
    0.35071411493918     -0.34836865616219      3.33383011002382      o
   -0.77478987429822     -0.13527579432311      4.74646704769148      h
  0.52991303164016D-04  -.21909827664423D-05  -.67591911811616D-04
  0.64642922864006D-03  -.26140858298426D-02  0.65661775596591D-03
  -.54012008406998D-03  0.21994408762203D-02  -.11858193182779D-02
  0.60874911889586D-04  0.24585239722775D-03  0.25750989068824D-03
  -.37789128404516D-04  0.17145146367058D-03  -.39463930332383D-03
  0.54039957613618D-03  0.21999623261291D-02  0.11859929437043D-02
  -.60958224294024D-04  0.24584784020539D-03  -.25739019703241D-03
  0.37848135635270D-04  0.17136270081533D-03  0.39440406753924D-03
  -.64659103138102D-03  -.26138464917861D-02  -.65661192079934D-03
  -.53083040395730D-04  -.23417670078232D-05  0.67530521449769D-04
  cycle =      4    SCF energy =     -230.2251379221   |dE/dxyz| =  0.005495
    0.77129434495119     -0.12451939465846     -4.74678259419184      h
   -0.35052135413503     -0.34954461688624     -3.33325421747273      o
    0.95701038832359      0.31507289382589     -1.07262540357992      c
    1.87236225668577      2.16409111347742     -1.24647968540616      h
    2.41159615848141     -1.08814595876668     -0.61938193260213      h
   -0.95701386189888      0.31505627460404      1.07261456792611      c
   -1.87230985004765      2.16409494178295      1.24654723657283      h
   -2.41164129490745     -1.08809868179018      0.61930584791657      h
    0.35049407332177     -0.34969923046984      3.33321576241878      o
   -0.77132741789988     -0.12472949659817      4.74674849621715      h
  0.53768898529243D-05  0.27013329494390D-04  -.10571657216109D-04
  0.54811874370177D-03  -.26039849934221D-02  0.53878565715558D-03
  -.71607146797392D-03  0.25155155535401D-02  -.92544719897942D-03
  0.23457696696786D-04  0.50531989521857D-04  0.11401921792436D-03
  -.26008671517217D-04  0.11402032465076D-04  -.98839700953341D-04
  0.71619674966247D-03  0.25156809526529D-02  0.92583044162811D-03
  -.23478204949688D-04  0.50550916740616D-04  -.11401794244506D-03
  0.26033359145407D-04  0.11344191734870D-04  0.98669301913645D-04
  -.54816270641436D-03  -.26038883873995D-02  -.53897145283575D-03
  -.54604919258186D-05  0.26984732709256D-04  0.10545590948845D-04
  cycle =      5    SCF energy =     -230.2251387274   |dE/dxyz| =  0.005357
    0.77221624669905     -0.13057910924989     -4.74608476525800      h
   -0.35161895818349     -0.34805363265069     -3.33303738572320      o
    0.95660336185479      0.31666414618471     -1.07244766050790      c
    1.87183370958500      2.16528199006124     -1.24850240367026      h
    2.41126547013513     -1.08635688103268     -0.61782356910126      h
   -0.95660972661999      0.31664476956493      1.07243600205259      c
   -1.87178285519484      2.16528299985368      1.24857445957188      h
   -2.41131488441277     -1.08631041604115      0.61774641420435      h
    0.35159131629204     -0.34821670513228      3.33299548303125      o
   -0.77224023728009     -0.13077931703714      4.74605150319922      h
  -.19120003211914D-04  0.37532300494565D-05  0.54737362862506D-06
  0.51372495092151D-03  -.25092249964908D-02  0.43527997093061D-03
  -.81769237080874D-03  0.25344925936609D-02  -.70923628955448D-03
  -.19602228835421D-04  -.15647075963102D-04  0.36235599628087D-04
  0.20338986483833D-04  -.12710345889961D-04  0.85502986528259D-05
  0.81774690747922D-03  0.25344446988429D-02  0.70947496056293D-03
  0.19611428312515D-04  -.15639215762577D-04  -.36260800781057D-04
  -.20324521421104D-04  -.12708406439211D-04  -.86081876745611D-05
  -.51378185192925D-03  -.25091723583681D-02  -.43542215451248D-03
  0.19100525729910D-04  0.37451691641633D-05  -.55859740284273D-06
  cycle =      6    SCF energy =     -230.2251388057   |dE/dxyz| =  0.005282
    0.77294019115591     -0.13348721025800     -4.74570285984376      h
   -0.35202948358254     -0.34728904005212     -3.33296522833492      o
    0.95652615276568      0.31743653610692     -1.07257785715481      c
    1.87200219167484      2.16594359655325     -1.24942902516663      h
    2.41104116092639     -1.08564667705002     -0.61801482114754      h
   -0.95653323968646      0.31741642872472      1.07256581094044      c
   -1.87195182220986      2.16594377643594      1.24950255305524      h
   -2.41109177400364     -1.08560048472605      0.61793749748014      h
    0.35200171789746     -0.34745458845787      3.33292227476947      o
   -0.77296165206294     -0.13368449275605      4.74566973320103      h
  -.56532910754249D-05  -.58796545137116D-06  -.26061595239873D-05
  0.50805629103237D-03  -.24871866152744D-02  0.45186361639790D-03
  -.79019218626229D-03  0.24884238436190D-02  -.69566833256986D-03
  -.15080635348998D-05  -.14901175591254D-05  -.22732253469975D-05
  0.49723562387111D-05  0.15702523970541D-05  0.25663429572847D-06
  0.79026431299267D-03  0.24883429331354D-02  0.69581898768793D-03
  0.15132813331331D-05  -.14843180447112D-05  0.22619607424121D-05
  -.49687995819936D-05  0.15745121002995D-05  -.26304270936535D-06
  -.50813384775538D-03  -.24871477362306D-02  -.45199694493916D-03
  0.56517535683932D-05  -.59135005617896D-06  0.26086542027764D-05
  cycle =      8    SCF energy =     -230.2251388522   |dE/dxyz| =  0.005285
    0.74587286014103     -0.10844011360369     -4.74999177445107      h
   -0.37113960248215     -0.32187773986612     -3.33089569527289      o
    0.95035971074754      0.34292445151012     -1.07804972694268      c
    1.86485208405888      2.19141287510672     -1.26019460458324      h
    2.40740093431125     -1.06019107128782     -0.63179949044873      h
   -0.95035966642515      0.34292450369062      1.07804973925398      c
   -1.86485189991590      2.19141301716716      1.26019454166265      h
   -2.40740097719592     -1.06019090217647      0.63179945714023      h
    0.37113957024415     -0.32187771818549      3.33089569428690      o
   -0.74587301784240     -0.10844054708164      4.74999173962702      h
  -.27679776247705D-05  -.22676069477331D-06  -.30269141583439D-05
  0.50453904627705D-03  -.24914693182720D-02  0.44686209131217D-03
  -.79062829966820D-03  0.24893192495669D-02  -.69332158966505D-03
  0.12332525568930D-05  0.12650756469282D-05  -.21506469183727D-05
  0.84824400551505D-06  0.18123382521456D-05  -.65146806141385D-06
  0.79067592752503D-03  0.24892781210383D-02  0.69340204704194D-03
  -.12466914536597D-05  0.12779659556862D-05  0.21342748518342D-05
  -.86727971552523D-06  0.18085007533739D-05  0.63830566352447D-06
  -.50455370659044D-03  -.24914495556173D-02  -.44688260754590D-03
  0.27674863179509D-05  -.22152644696751D-06  0.29965079781728D-05
  cycle =      9    SCF energy =     -230.2251388527   |dE/dxyz| =  0.005288
    0.74588920851984     -0.10848018316729     -4.74997827380067      h
   -0.37115537350982     -0.32186361643605     -3.33090216769519      o
    0.95035417280590      0.34293999727469     -1.07805352907607      c
    1.86484872456010      2.19142352188122     -1.26018715825303      h
    2.40738357041624     -1.06019129167929     -0.63181024012184      h
   -0.95035429207968      0.34294003510137      1.07805343577321      c
   -1.86484863485875      2.19142361677347      1.26018724192912      h
   -2.40738373296867     -1.06019113239782      0.63181014785842      h
    0.37115533103078     -0.32186385063046      3.33090203469648      o
   -0.74588897827461     -0.10848034144645      4.74997838896174      h
  -.31711140008962D-05  -.54512294554475D-06  0.83196020927216D-08
  0.50400894737661D-03  -.24927479006486D-02  0.44209677961763D-03
  -.78866412558238D-03  0.24932834963751D-02  -.69300268403540D-03
  0.28198284652828D-06  -.31626477315181D-06  -.74151848036629D-06
  0.41466155126523D-06  0.10216767853479D-05  -.40561720525302D-06
  0.78863817364114D-03  0.24932900830550D-02  0.69297296745710D-03
  -.27666903466806D-06  -.32118304016000D-06  0.74323736899332D-06
  -.39982724628462D-06  0.10290987891637D-05  0.40940815677438D-06
  -.50400162559639D-03  -.24927520985703D-02  -.44209782951848D-03
  0.31695988849724D-05  -.54593188376785D-06  0.16933439187784D-07
  cycle =     11    SCF energy =     -230.2251388528   |dE/dxyz| =  0.005290
    0.74593331211068     -0.10849037081756     -4.74996347040457      h
   -0.37114194275715     -0.32187620519032     -3.33090774056086      o
    0.95035949585215      0.34292880972948     -1.07804883767590      c
    1.86485467854078      2.19141272488992     -1.26016917075956      h
    2.40737508633030     -1.06021652447027     -0.63180079214569      h
   -0.95035952827611      0.34292880992963      1.07804883444210      c
   -1.86485470481545      2.19141271072988      1.26016922732978      h
   -2.40737508345749     -1.06021657928634      0.63180086079616      h
    0.37114196436384     -0.32187619456171      3.33090773267659      o
   -0.74593324529970     -0.10849049421215      4.74996350886457      h
  -.13485772799558D-05  0.10757296357058D-06  -.31482562912096D-06
  0.50121071360578D-03  -.24944107935675D-02  0.44229357931062D-03
  -.78735406109042D-03  0.24949263566721D-02  -.69357523517157D-03
  -.80266396484316D-07  -.25355541215221D-07  -.10987679470414D-06
  0.11425935730873D-06  0.99409134418720D-07  -.30277092261987D-06
  0.78734312330826D-03  0.24949345486663D-02  0.69355444261066D-03
  0.84641828949254D-07  -.28694053252243D-07  0.11406819068305D-06
  -.10870546884821D-06  0.97362876538495D-07  0.30778477294420D-06
  -.50121501878964D-03  -.24944090520402D-02  -.44228598987020D-03
  0.13538885213873D-05  0.10477717591994D-06  0.31881796808958D-06
  cycle =     12    SCF energy =     -230.2251388528   |dE/dxyz| =  0.005290
    0.74593824907820     -0.10850385842296     -4.74996078061757      h
   -0.37114390406924     -0.32187332956119     -3.33090784363569      o
    0.95035928803033      0.34293176869606     -1.07804968133302      c
    1.86485205645400      2.19141682127576     -1.26017297837914      h
    2.40737537315844     -1.06021294532711     -0.63180403344081      h
   -0.95035929496407      0.34293173927641      1.07804970539437      c
   -1.86485208366260      2.19141677586440      1.26017306318916      h
   -2.40737535828509     -1.06021300419851      0.63180405147463      h
    0.37114391158334     -0.32187339091515      3.33090784843134      o
   -0.74593820473145     -0.10850388994716      4.74996080147935      h
  -.12444530823311D-05  0.27857967883840D-07  -.23813250005248D-06
  0.50099773137202D-03  -.24942618167038D-02  0.44235866513824D-03
  -.78681201181093D-03  0.24946998756808D-02  -.69360490820955D-03
  -.15845539548340D-06  0.53140714762819D-07  -.27439056996379D-06
  -.11501612488065D-07  0.17868621964719D-06  -.47212687660434D-06
  0.78680855526947D-03  0.24947049822218D-02  0.69359575669941D-03
  0.16032099056341D-06  0.52342794229730D-07  0.27733390126386D-06
  0.13562548682454D-07  0.17678439929258D-06  0.47424551572782D-06
  -.50100091356768D-03  -.24942629574594D-02  -.44235562514695D-03
  0.12471652489567D-05  0.27715135884726D-07  0.23918024273419D-06
$end
