$coord
    0.75505747435545     -0.12783194638146     -4.71533152381182  h
   -0.37223602496661     -0.35297423606902     -3.30211956130687  o
    0.94786255867892      0.37696349404822     -1.07389725835064  c
    1.82935733148153      2.23419822681931     -1.29220872220444  h
    2.42187511521294     -0.99558860328183     -0.60144235195047  h
   -0.94786260505572      0.37696332642949      1.07389715313792  c
   -1.82935776003417      2.23419785467637      1.29220848252386  h
   -2.42187490005642     -0.99558910153663      0.60144227199279  h
    0.37223607847839     -0.35297402483078      3.30211953769525  o
   -0.75505740442522     -0.12783159945720      4.71533149540384  h
$intdef
# definitions of internal coordinates
   1 f  1.0000000000000 tors    2    3    6    9 val= 147.00000
$user-defined bonds
$redundant
     number_of_atoms            10
     degrees_of_freedom         24
     internal_coordinates       25
     frozen_coordinates          1
# definitions of redundant internals
   1 k  1.0000000000000 tors   1    2    3    6 val= 171.99981
   2 k  1.0000000000000 stre   2    1           val=   1.82172
   3 k  1.0000000000000 bend   3    1    2      val= 107.77531
   4 k  1.0000000000000 stre   3    4           val=   2.06737
   5 k  1.0000000000000 stre   3    5           val=   2.06877
   6 k  0.0758468918396 bend   5    4    3      val=   0.85477
       -0.5088008596840 bend   2    4    3
       -0.5086407425372 bend   2    5    3
        0.5108654915848 bend   6    4    3
        0.4644028194596 bend   6    5    3
   7 k  0.0394884675522 bend   5    4    3      val=   1.04172
       -0.5480550342909 bend   2    4    3
        0.5288773992644 bend   2    5    3
       -0.4486609649144 bend   6    4    3
        0.4659059727328 bend   6    5    3
   8 k -0.8856247606642 bend   5    4    3      val=   2.44192
        0.1756275013900 bend   2    4    3
        0.2027154132641 bend   2    5    3
        0.2460175181111 bend   6    4    3
        0.2884538196344 bend   6    5    3
   9 k -0.0096504294861 bend   5    4    3      val=   1.31687
       -0.4417067494331 bend   2    4    3
        0.4742791209475 bend   2    5    3
        0.5304091504836 bend   6    4    3
       -0.5463766697366 bend   6    5    3
  10 k  1.0000000000000 stre   6    7           val=   2.06737
  11 k  1.0000000000000 stre   6    8           val=   2.06877
  12 k  0.0758468345431 bend   8    7    6      val=   0.85476
       -0.5088010816855 bend   9    7    6
       -0.5086405063957 bend   9    8    6
        0.5108655523225 bend   3    7    6
        0.4644027774133 bend   3    8    6
  13 k  0.0394887676888 bend   8    7    6      val=   1.04175
       -0.5480548781106 bend   9    7    6
        0.5288775523636 bend   9    8    6
       -0.4486610230301 bend   3    7    6
        0.4659059012559 bend   3    8    6
  14 k -0.8856247778639 bend   8    7    6      val=   2.44192
        0.1756273468790 bend   9    7    6
        0.2027155866634 bend   9    8    6
        0.2460173950671 bend   3    7    6
        0.2884538439853 bend   3    8    6
  15 k -0.0096504044312 bend   8    7    6      val=   1.31686
       -0.4417066405029 bend   9    7    6
        0.4742792190875 bend   9    8    6
        0.5304089832610 bend   3    7    6
       -0.5463768353872 bend   3    8    6
  16 k  1.0000000000000 tors  10    9    6    3 val= 171.99980
  17 k  1.0000000000000 stre   9   10           val=   1.82172
  18 k  1.0000000000000 bend   6   10    9      val= 107.77531
  19 k  1.0000000000000 tors   2    3    6    9 val= 147.00000
  20 k  1.0000000000000 stre   3    2           val=   2.69081
  21 k  1.0000000000000 bend   6    2    3      val= 107.22923
  22 k  1.0000000000000 stre   6    9           val=   2.69081
  23 k  1.0000000000000 bend   3    9    6      val= 107.22923
  24 k  1.0000000000000 stre   3    6           val=   2.86475
  25 f  1.0000000000000 tors   2    3    6    9 val= 147.00000
        24 non zero eigenvalues  of BmBt
           1           3.975818878    1    0
         1
           2           3.791881137    2    0
         2
           3           3.728589112    3    0
         3
           4           3.033989380    4    0
         4
           5           3.002218409    5    0
         5
           6           2.440606886    6    0
         6
           7           2.140699775    7    0
         7
           8           1.693519536    8    0
         8
           9           1.245398593    9    0
         9
          10           1.178486654   10    0
        10
          11           1.042848365   11    0
        11
          12           0.861497693   12    0
        12
          13           0.770193212   13    0
        13
          14           0.753591518   14    0
        14
          15           0.572827935   15    0
        15
          16           0.415415135   16    0
        16
          17           0.354315003   17    0
        17
          18           0.339608757   18    0
        18
          19           0.282898118   20    0
        20
          20           0.253318870   21    0
        21
          21           0.128737161   22    0
        22
          22           0.068141434   23    0
        23
          23           0.067218657   24    0
        24
          24           0.000000000    0    1
         0.000000000         0.000000000         0.000000000         0.000000000
         0.000000000         0.000000000         0.000000000         0.000000000
         0.000000000         0.000000000         0.000000000         0.000000000
         0.000000000         0.000000000         0.000000000         0.000000000
         0.000000000         0.000000000         0.000000000         0.000000000
         0.000000000         0.000000000         0.000000000         0.000000000
         1.000000000
$end
