$energy      SCF               SCFKIN            SCFPOT            MP2
     1 -229.0265471967      228.778424     -457.804971     -.8124440941129
     2 -229.0269244345      228.787807     -457.814732     -.8125560781076
     3 -229.0268290746      228.791397     -457.818226     -.8127761473533
     4 -229.0267865707      228.787326     -457.814113     -.8128246520027
     5 -229.0267735817      228.787528     -457.814302     -.8128386025579
     6 -229.0267741037      228.787839     -457.814613     -.8128381509458
     7 -229.0267736639      228.787758     -457.814531     -.8128385652107
     8 -229.0267736635      228.787761     -457.814534     -.8128386097858
     9 -229.0267735059      228.787752     -457.814525     -.8128387796028
    10 -229.0267730351      228.787731     -457.814504     -.8128392056545
    11 -229.0267730350      228.787733     -457.814506     -.8128392297391
    12 -229.0267730212      228.787739     -457.814512     -.8128392548983
    13 -229.0267729929      228.787741     -457.814514     -.8128392866352
$end
