$grad          cartesian gradients
  cycle =      1 MP2 energy =     -229.8389912908 |dE/dxyz| =  0.009430
    0.79018205660888     -0.36213010730004     -4.69715602378551      h
   -0.37452608346834     -0.34828671129369     -3.30145859013559      o
    0.94783358224783      0.38220900608872     -1.07315484688065      c
    1.76457289602839      2.27673743408659     -1.26246800623402      h
    2.47907082314470     -0.94158070925956     -0.63154991679886      h
   -0.94778561944882      0.38232038743355      1.07315022789994      c
   -1.76433664655968      2.27691551265182      1.26244847129914      h
   -2.47915690731684     -0.94133335932719      0.63153260710259      h
    0.37449960789695     -0.34823240526745      3.30147803024795      o
   -0.79048351124580     -0.36310371762254      4.69693933818892      h
  -.23710052044588D-02  -.12265528033662D-02  0.44433883168837D-03
  0.26907039407451D-02  -.13733131831493D-02  -.19665638329665D-02
  -.21625262027980D-02  0.70067070108282D-03  0.19516767565747D-02
  -.10351202861008D-02  0.16677567074961D-02  0.19345359762462D-02
  0.26087920933811D-02  0.22978469694612D-03  -.85304666969310D-03
  0.21624977285262D-02  0.70859175037352D-03  -.19501709273216D-02
  0.10384291843824D-02  0.16632514069679D-02  -.19331288467334D-02
  -.26130385789815D-02  0.22774430977091D-03  0.85077668191152D-03
  -.26883028671358D-02  -.13701018468106D-02  0.19649530370502D-02
  0.23695701926738D-02  -.12278317463535D-02  -.44337100838510D-03
  cycle =      2 MP2 energy =     -229.8394805126 |dE/dxyz| =  0.005485
    0.77643353854582     -0.22869674594062     -4.71236541872793      h
   -0.36538374880580     -0.36982774739278     -3.30101781873674      o
    0.95056939724240      0.35947109721943     -1.07296040045134      c
    1.80174743950074      2.23519845020920     -1.27314367040649      h
    2.45085096219011     -0.98912976502348     -0.61810769362848      h
   -0.95052589653064      0.35951883415910      1.07293940646594      c
   -1.80153215005172      2.23531206049794      1.27321098798694      h
   -2.45092979626542     -0.98891749836974      0.61798994232738      h
    0.36532603124501     -0.36999677686193      3.30098548337930      o
   -0.77668557918325     -0.22941657830692      4.71223047269534      h
  -.78180882825896D-03  -.56563584372446D-03  -.23674601897294D-03
  0.18844023791056D-02  -.20328679395529D-02  0.58802200163566D-03
  -.98472128260818D-03  0.13058291294554D-02  -.36483599184062D-03
  -.39998548551545D-03  0.75088384356992D-03  0.89504729685153D-03
  0.72697564326552D-03  0.54037649484640D-03  -.93427116331646D-03
  0.98512975388365D-03  0.13091163044605D-02  0.36368169313317D-03
  0.40051988554213D-03  0.74971170157090D-03  -.89385887418236D-03
  -.72746314738659D-03  0.54022051741187D-03  0.93308713894624D-03
  -.18846953620146D-02  -.20306487288031D-02  -.58662256200837D-03
  0.78164644426026D-03  -.56698540900466D-03  0.23649648063984D-03
  cycle =      3 MP2 energy =     -229.8396052220 |dE/dxyz| =  0.006360
    0.76095314099951     -0.13685599547564     -4.71610840768631      h
   -0.36051990882747     -0.38354409342908     -3.30151476502339      o
    0.95179649772412      0.34571732269265     -1.07100896645674      c
    1.83046344316853      2.20570925949499     -1.28001907459960      h
    2.42734432709491     -1.02395708395616     -0.59888803174579      h
   -0.95179358337648      0.34570709716685      1.07098275427489      c
   -1.83028045164444      2.20576612379656      1.28018137530989      h
   -2.42747078017874     -1.02377070078982      0.59869990898864      h
    0.36043268470430     -0.38392111162243      3.30141843321708      o
   -0.76105517177698     -0.13733548768773      4.71601806462525      h
  0.35744788261738D-04  0.46658623277462D-04  -.19700204924344D-03
  0.90449505149959D-03  -.29082202815172D-02  0.13368470673232D-02
  -.84621206907620D-03  0.25419481974600D-02  -.13024636033088D-02
  -.23348104207566D-04  0.10513139218871D-03  0.26980886020367D-03
  -.10911294688754D-03  0.21364067977681D-03  -.32030970906355D-03
  0.84670561580635D-03  0.25425130347292D-02  0.13036816498695D-02
  0.22609774725124D-04  0.10588884040308D-03  -.26946848292331D-03
  0.10994449685153D-03  0.21374635127458D-03  0.31962298421773D-03
  -.90485357747738D-03  -.29079040922246D-02  -.13373884180883D-02
  -.35973029759884D-04  0.46597335074394D-04  0.19667169761073D-03
  cycle =      4 MP2 energy =     -229.8396112227 |dE/dxyz| =  0.006409
    0.76310581604996     -0.14273675462832     -4.71596077226275      h
   -0.36268550851332     -0.38104087309314     -3.30379399913949      o
    0.95061288873738      0.34850506083706     -1.07175688729943      c
    1.83259309870915      2.20614106226035     -1.28471552969490      h
    2.42400965181526     -1.02378781931730     -0.59642381781726      h
   -0.95062018443762      0.34848424052681      1.07172776042093      c
   -1.83241137970205      2.20618654892226      1.28488822190943      h
   -2.42415530149918     -1.02360560946421      0.59623514289862      h
    0.36259779913415     -0.38144357815965      3.30368640882600      o
   -0.76317668240646     -0.14318694769366      4.71587476306278      h
  -.59783316082029D-04  0.83670186473150D-05  -.33679884504423D-04
  0.77026203158148D-03  -.29436757213213D-02  0.54393021300214D-03
  -.11070141307283D-02  0.29235014399065D-02  -.10893366257157D-02
  0.12633973133891D-04  0.60691099847965D-05  0.13186239053031D-03
  0.20494983278052D-04  0.56736594595819D-05  -.36529778079886D-04
  0.11073331516069D-02  0.29236522517386D-02  0.10901855391307D-02
  -.12627664166098D-04  0.60115556750340D-05  -.13195879930161D-03
  -.20485833175599D-04  0.55690166127498D-05  0.36191886431947D-04
  -.77048257219658D-03  -.29435641156081D-02  -.54430497288216D-03
  0.59669376692995D-04  0.83958768785086D-05  0.33640030089099D-04
  cycle =      5 MP2 energy =     -229.8396121843 |dE/dxyz| =  0.006278
    0.76473302454574     -0.15019034547811     -4.71420394856394      h
   -0.36440160832676     -0.37903984710062     -3.30319627078637      o
    0.95032085778086      0.35068034087647     -1.07171433322411      c
    1.83272199869034      2.20777391303170     -1.28714500081234      h
    2.42321256648131     -1.02214122166337     -0.59562634364510      h
   -0.95033174077557      0.35065717246483      1.07168373689620      c
   -1.83254117742048      2.20781718401705      1.28732070859042      h
   -2.42336473731534     -1.02195960125397      0.59544072776253      h
    0.36431527050546     -0.37944767506275      3.30308413765993      o
   -0.76479425627829     -0.15063458964104      4.71411787702671      h
  -.44490444986778D-04  -.21406372877619D-05  0.30072572022810D-04
  0.66967900256909D-03  -.28886762213687D-02  0.49560518096037D-03
  -.10712522522169D-02  0.29415164374682D-02  -.92724326508697D-03
  0.60779016881618D-05  -.13195172641201D-04  0.38857922319169D-04
  0.45970447591692D-04  -.37361895217192D-04  0.32158788519754D-04
  0.10714976045327D-02  0.29413055360994D-02  0.92776104156100D-03
  -.59241795196119D-05  -.13348139758840D-04  -.38995973798750D-04
  -.46094743490599D-04  -.37420846735969D-04  -.32231590754661D-04
  -.66993777124758D-03  -.28885565558245D-02  -.49593115671698D-03
  0.44474435475728D-04  -.21224129894137D-05  -.30053517451112D-04
  cycle =      6 MP2 energy =     -229.8396122546 |dE/dxyz| =  0.006148
    0.76557347288482     -0.15329080603555     -4.71362887453094      h
   -0.36485237365041     -0.37834748037538     -3.30291516937148      o
    0.95027654816181      0.35138837733386     -1.07176047372373      c
    1.83241574475827      2.20856674281637     -1.28794095157226      h
    2.42319450044361     -1.02123506047715     -0.59597840133472      h
   -0.95028751275811      0.35136600071953      1.07172952318258      c
   -1.83223566750905      2.20861099863163      1.28811699546271      h
   -2.42334647891054     -1.02105293533927      0.59579436951720      h
    0.36476677728511     -0.37875388154202      3.30280242578770      o
   -0.76563481281824     -0.15373662554182      4.71354184748687      h
  -.26677044644430D-05  -.11948467635858D-05  0.10184279308767D-05
  0.63937454979346D-03  -.28578669527559D-02  0.57766908382639D-03
  -.10019764101723D-02  0.28636054178095D-02  -.88753881081044D-03
  0.30854323336271D-05  -.28297641985198D-05  0.28119427083473D-05
  0.88441955319318D-05  -.16398444291355D-05  0.56043316317145D-05
  0.10022463113795D-02  0.28632913148658D-02  0.88790726905252D-03
  -.30598670242021D-05  -.28157179023935D-05  -.28489703948198D-05
  -.88420539428036D-05  -.16254354289202D-05  -.55910973629225D-05
  -.63968076538412D-03  -.28577311392644D-02  -.57801872157359D-03
  0.26763116673933D-05  -.11929405280275D-05  -.10134545300744D-05
  cycle =      7 MP2 energy =     -229.8396122291 |dE/dxyz| =  0.006143
    0.76562329430751     -0.15321484311556     -4.71367677091838      h
   -0.36482997568519     -0.37836532189220     -3.30299245041823      o
    0.95026933318438      0.35137179518223     -1.07178175409049      c
    1.83240111111850      2.20855445104416     -1.28798960795721      h
    2.42315230896903     -1.02126451480706     -0.59603626125695      h
   -0.95028009208643      0.35134964772471      1.07175074964816      c
   -1.83222109678917      2.20859881557837      1.28816566540853      h
   -2.42330400208021     -1.02108230610746      0.59585220416790      h
    0.36474439073748     -0.37877140555536      3.30287986668876      o
   -0.76568507378864     -0.15366098786162      4.71358964963184      h
  -.65288442474554D-06  -.21321895526949D-07  -.15297717759211D-05
  0.63795809754197D-03  -.28611301815480D-02  0.56788071489766D-03
  -.99530782075341D-03  0.28603507571148D-02  -.88347374840086D-03
  0.28115374539617D-05  -.77359246608566D-06  0.43257156123744D-06
  0.16595359584315D-05  0.16253535299882D-05  0.21967138351675D-05
  0.99559749008815D-03  0.28600989837277D-02  0.88381115912894D-03
  -.28051828382392D-05  -.76250403457934D-06  -.44866592241455D-06
  -.16536757967422D-05  0.16328945835475D-05  -.21892879841223D-05
  -.63826486594820D-03  -.28609961544932D-02  -.56821256929851D-03
  0.65776879232260D-06  -.24143621768502D-07  0.15328864879649D-05
  cycle =      8 MP2 energy =     -229.8396122733 |dE/dxyz| =  0.006143
    0.75502360530384     -0.12784069584640     -4.71534760537156      h
   -0.37223418576996     -0.35297051373482     -3.30210522580729      o
    0.94785547352897      0.37695860730831     -1.07390631338994      c
    1.82940187983888      2.23417448868622     -1.29220617694691      h
    2.42187813329998     -0.99557553067854     -0.60140688233107      h
   -0.94785556962376      0.37695846571323      1.07390637719566      c
   -1.82940192210447      2.23417441860953      1.29220606974745      h
   -2.42187821673322     -0.99557566831285      0.60140704423863      h
    0.37223422034465     -0.35297058726178      3.30210515733617      o
   -0.75502288332286     -0.12783950731173      4.71534787717804      h
  -.12743829875816D-05  -.17344403302477D-07  -.16391930723891D-05
  0.63952678105839D-03  -.28608553164662D-02  0.56717099640213D-03
  -.99727804884520D-03  0.28600548128355D-02  -.88169516399650D-03
  0.27912981110934D-05  -.69121497769942D-06  0.42785989440297D-06
  0.18313170020434D-05  0.15256261289842D-05  0.22650626391174D-05
  0.99724706623805D-03  0.28599533072990D-02  0.88169876572491D-03
  -.27804547415577D-05  -.70132543372736D-06  -.44338705040836D-06
  -.18307896518799D-05  0.15182453947382D-05  -.22620359261261D-05
  -.63952013900792D-03  -.28607964926883D-02  -.56717526128924D-03
  0.12873529469104D-05  0.97935110576763D-08  0.16523560542048D-05
  cycle =      9 MP2 energy =     -229.8396122855 |dE/dxyz| =  0.006141
    0.75505343722705     -0.12792085951406     -4.71533543888641      h
   -0.37224759773160     -0.35295318531922     -3.30211327397887      o
    0.94785252092087      0.37697894479534     -1.07390791287036      c
    1.82937813724576      2.23420262564236     -1.29221335726961      h
    2.42187393507834     -0.99556129744047     -0.60143118379708      h
   -0.94785236808223      0.37697902915543      1.07390799823689      c
   -1.82937820195246      2.23420271911346      1.29221301616470      h
   -2.42187362972884     -0.99556138626851      0.60143145579787      h
    0.37224757475847     -0.35295304456766      3.30211341005179      o
   -0.75505327297330     -0.12792006842551      4.71533560840026      h
  -.44799301424092D-06  -.16278586320029D-05  -.61299426512562D-06
  0.63774589967558D-03  -.28604347389907D-02  0.56345705892902D-03
  -.99484153585161D-03  0.28614680991734D-02  -.87826686617254D-03
  0.16436850556190D-05  -.39160477971478D-06  0.51082069507657D-06
  0.11351153630379D-05  0.98570012818655D-06  0.12472129592433D-05
  0.99485448140024D-03  0.28614580288244D-02  0.87827560240722D-03
  -.16570254608439D-05  -.38239972655063D-06  -.52582168230675D-06
  -.11216749311593D-05  0.98193014208547D-06  -.12345269589931D-05
  -.63776049001607D-03  -.28604310264218D-02  -.56346234787608D-03
  0.44953701960893D-06  -.16260382001976D-05  0.61186171196326D-06
  cycle =     10 MP2 energy =     -229.8396122408 |dE/dxyz| =  0.006141
    0.75505627142449     -0.12783549136350     -4.71533667295178      h
   -0.37223757945540     -0.35297904017313     -3.30212817341211      o
    0.94785955471098      0.37695860559001     -1.07389965971195      c
    1.82934986038085      2.23419617129240     -1.29220777610776      h
    2.42187219133078     -0.99559413657535     -0.60144768625837      h
   -0.94785920939613      0.37695889183710      1.07389975638550      c
   -1.82935001874195      2.23419635386316      1.29220739708902      h
   -2.42187156656179     -0.99559418088900      0.60144794284487      h
    0.37223749358358     -0.35297889755254      3.30212844052403      o
   -0.75505646251335     -0.12783479885801      4.71533675344773      h
  -.70979785560255D-06  0.31406386619137D-06  0.67366268918789D-06
  0.63621438168227D-03  -.28638103624248D-02  0.55897910459546D-03
  -.98942512335931D-03  0.28633621738023D-02  -.87257224556303D-03
  -.38985188455243D-06  0.28052094291908D-06  0.18975443760727D-06
  -.24615443061649D-06  -.16740837738283D-06  -.10423653806768D-06
  0.98946241521780D-03  0.28634356966482D-02  0.87258270352875D-03
  0.35162436895497D-06  0.29427333592125D-06  -.19856868849200D-06
  0.26753976722915D-06  -.17797450002632D-06  0.11892949303149D-06
  -.63623361506693D-03  -.28638470835074D-02  -.55898659089859D-03
  0.70858175726940D-06  0.31619154755580D-06  -.68251399287789D-06
  cycle =     11 MP2 energy =     -229.8396122647 |dE/dxyz| =  0.006141
    0.75506019490355     -0.12783129474197     -4.71533612926367      h
   -0.37223482575434     -0.35297497634696     -3.30212858399416      o
    0.94786037818629      0.37696270504740     -1.07389893841979      c
    1.82935072040431      2.23420034721449     -1.29220625672215      h
    2.42187272634952     -0.99558993510956     -0.60144576865458      h
   -0.94786019081938      0.37696277503966      1.07389888461319      c
   -1.82935133050111      2.23420016061008      1.29220584191377      h
   -2.42187204241055     -0.99559039966983      0.60144579000122      h
    0.37223469740004     -0.35297497876222      3.30212865554937      o
   -0.75506046408923     -0.12783101286464      4.71533602810623      h
  -.64864969973044D-06  0.13253912745093D-07  0.65946020644247D-06
  0.63620475695636D-03  -.28634966455234D-02  0.55911874978687D-03
  -.98954124004180D-03  0.28633676422951D-02  -.87276067095776D-03
  -.34094079870428D-06  0.28648562455658D-06  0.18487593744787D-06
  -.23792620229557D-06  -.18942680890532D-06  -.51728819727703D-07
  0.98957560158963D-03  0.28634373212157D-02  0.87277205922948D-03
  0.30101431458540D-06  0.30011532592411D-06  -.19287167396520D-06
  0.26092761729046D-06  -.20059528793581D-06  0.66547515775728D-07
  -.63622122265006D-03  -.28635307806533D-02  -.55912864047958D-03
  0.64767882657080D-06  0.12721225128853D-07  -.66778040563875D-06
  cycle =     12 MP2 energy =     -229.8396122761 |dE/dxyz| =  0.006141
    0.75506329958083     -0.12785516666164     -4.71532992240888      h
   -0.37223929919721     -0.35296864151091     -3.30212171497266      o
    0.94786090190203      0.37696914054540     -1.07389853673457      c
    1.82935344311288      2.23420508347717     -1.29220936511354      h
    2.42187362797522     -0.99558350364647     -0.60144601692374      h
   -0.94786087053367      0.37696905652015      1.07389845186921      c
   -1.82935395548847      2.23420476805071      1.29220908006883      h
   -2.42187324872606     -0.99558399298360      0.60144596045956      h
    0.37223927588289     -0.35296856981196      3.30212171138146      o
   -0.75506331083935     -0.12785478356239      4.71532987550375      h
  0.28026589493635D-07  -.34561208805961D-06  0.16333912489230D-06
  0.63560660418194D-03  -.28628838698070D-02  0.56103851736466D-03
  -.98920601402552D-03  0.28633002841310D-02  -.87325612980499D-03
  -.22324558424103D-06  0.78871746467257D-07  0.43329094201461D-07
  -.11486735829180D-06  -.15505999284571D-06  -.13072384130730D-06
  0.98921663579654D-03  0.28633326685397D-02  0.87326167036939D-03
  0.21118543602761D-06  0.77075458904119D-07  -.48836780952577D-07
  0.11768627050657D-06  -.16238544198188D-06  0.13480717270253D-06
  -.63560859868250D-03  -.28628982601560D-02  -.56104136057655D-03
  -.27412256908832D-07  -.34362125028720D-06  -.16460914453731D-06
  cycle =     13 MP2 energy =     -229.8396122795 |dE/dxyz| =  0.006141
    0.75505747435545     -0.12783194638146     -4.71533152381182      h
   -0.37223602496661     -0.35297423606902     -3.30211956130687      o
    0.94786255867892      0.37696349404822     -1.07389725835064      c
    1.82935733148153      2.23419822681931     -1.29220872220444      h
    2.42187511521294     -0.99558860328183     -0.60144235195047      h
   -0.94786260505572      0.37696332642949      1.07389715313792      c
   -1.82935776003417      2.23419785467637      1.29220848252386      h
   -2.42187490005642     -0.99558910153663      0.60144227199279      h
    0.37223607847839     -0.35297402483078      3.30211953769525      o
   -0.75505740442522     -0.12783159945720      4.71533149540384      h
  0.15879337533775D-06  0.39875712659621D-06  -.18927846268113D-06
  0.63563934022515D-03  -.28634358578636D-02  0.56197835512783D-03
  -.98913314815618D-03  0.28631263897172D-02  -.87347544753025D-03
  -.10508154524302D-06  -.21111975279098D-07  -.77853459234944D-07
  -.52631624392063D-07  -.64496339380327D-07  -.10300369179816D-06
  0.98913109929866D-03  0.28631309652187D-02  0.87347517877312D-03
  0.11021682810863D-06  -.31409141509897D-07  0.74311894193713D-07
  0.44423633216439D-07  -.68715879653070D-07  0.10049579929339D-06
  -.63563360393726D-03  -.28634325221022D-02  -.56197387553691D-03
  -.15940789577229D-06  0.39809296370485D-06  0.19111650928494D-06
$end
