$hessapprox internal
  0.268652496455D-01  0.557731133339D-02  0.601443747785D+00 -0.176001045719D-02
 -0.499865040299D-04  0.372078803356D+00 -0.123280941798D-02  0.888427718768D-03
  0.109854130773D-03  0.426387078902D+00  0.433092129525D-03 -0.729967617988D-03
 -0.202797513957D-04  0.368072693919D-04  0.425190740938D+00  0.293853065532D-02
 -0.258618064345D-02 -0.241316071486D-03  0.461913080704D-04 -0.113615768124D-03
  0.346400271154D+00 -0.500885925219D-03  0.308962909090D-02 -0.749497685115D-04
 -0.235686356371D-03  0.165690363268D-03  0.654725678363D-03  0.346785099490D+00
 -0.337930313832D-03 -0.138308850149D-01  0.646920663880D-03  0.120980563945D-02
 -0.767403482073D-03 -0.326760332215D-02  0.272740331836D-02  0.310290019976D+00
 -0.104938018902D-02 -0.944254001080D-02  0.540468181783D-03  0.875050347945D-03
 -0.532065873820D-03 -0.233766811963D-02  0.182256124771D-02 -0.732706653252D-02
  0.340931937367D+00 -0.143070493580D-02  0.133236649808D-02  0.114282865238D-03
 -0.287862631060D-04  0.593613761164D-04  0.123834628804D-03 -0.333294898741D-03
  0.165091362798D-02  0.117752037819D-02  0.426320572053D+00  0.572164317729D-03
 -0.885624817472D-03 -0.302429019800D-04  0.418539913179D-04 -0.432282215718D-04
 -0.131746438292D-03  0.203274729410D-03 -0.949303522010D-03 -0.660583172874D-03
  0.691422061474D-04  0.425175034255D+00  0.287774664197D-02 -0.243053219921D-02
 -0.240801232797D-03  0.364500785358D-04 -0.105622522017D-03 -0.190953254584D-03
  0.620918021343D-03 -0.311630847532D-02 -0.223439187290D-02  0.109233398519D-03
 -0.122047875416D-03  0.346455255091D+00 -0.193784572751D-03  0.122794825910D-02
 -0.304264605419D-04 -0.939888224739D-04  0.659049433574D-04  0.260905565269D-03
 -0.252937978891D-03  0.108191758211D-02  0.722657562115D-03 -0.132791076545D-03
  0.808705292078D-04  0.247469079706D-03  0.347321729276D+00 -0.319932045124D-03
 -0.136859705661D-01  0.638397587518D-03  0.119626270329D-02 -0.759219032426D-03
 -0.323148010295D-02  0.269952381231D-02 -0.110892240864D-01 -0.725495690319D-02
  0.163272563953D-02 -0.939136702014D-03 -0.308177019995D-02  0.107086393848D-02
  0.310512334335D+00 -0.103605250791D-02 -0.976014104730D-02  0.552778442003D-03
  0.901566615585D-03 -0.549477996856D-03 -0.240995091609D-02  0.188620791133D-02
 -0.759251736127D-02 -0.491344188339D-02  0.121413190042D-02 -0.682060723873D-03
 -0.230320007610D-02  0.747913516673D-03 -0.751773552377D-02  0.340575580554D+00
  0.124951147517D-01  0.556985747397D-02 -0.175214844208D-02 -0.122842386301D-02
  0.432058914779D-03  0.292864620127D-02 -0.502417814997D-03 -0.319636022052D-03
 -0.103326163177D-02 -0.142598132662D-02  0.570703692502D-03  0.286794259383D-02
 -0.194416851568D-03 -0.301893517286D-03 -0.101960732734D-02  0.267406672741D-01
  0.560788190095D-02 -0.143107684212D-01 -0.496559029217D-04  0.894483905727D-03
 -0.734730834372D-03 -0.260357139579D-02  0.310930077942D-02 -0.139179994739D-01
 -0.950171384192D-02  0.134129545825D-02 -0.891420880453D-03 -0.244691889050D-02
  0.123576467286D-02 -0.137721775804D-01 -0.982132304179D-02  0.560040393870D-02
  0.601259704950D+00 -0.169538345053D-02 -0.230774337395D-03  0.214731536300D-03
  0.121527017718D-03 -0.296234853666D-04 -0.275018276314D-03 -0.359697871447D-04
  0.473524646498D-03  0.422437266593D-03  0.131610339301D-03 -0.415989959865D-04
 -0.272524560642D-03 -0.149364345479D-04  0.466812180778D-03  0.430756814303D-03
 -0.168758834595D-02 -0.231607774642D-03  0.372076758927D+00 -0.103444709164D-01
  0.209504021559D-01  0.330340162754D-03 -0.118145946869D-02  0.105436860152D-02
  0.353295967260D-02 -0.465482954096D-02  0.212097468988D-01  0.145982769504D-01
 -0.183213357956D-02  0.127246170609D-02  0.330358777465D-02 -0.185078741130D-02
  0.209854343617D-01  0.150822784315D-01 -0.103240611057D-01  0.210863433001D-01
  0.597620563428D-03  0.463481876484D+00 -0.164910688646D-01  0.125874258922D-01
  0.143868615166D-02 -0.935571368678D-04  0.531203925378D-03  0.781758742264D-03
 -0.329220885502D-02  0.167594614894D-01  0.120833971497D-01 -0.467934374323D-03
  0.607868953861D-03  0.643760735297D-03 -0.131260582253D-02  0.165725342318D-01
  0.124517241912D-01 -0.164332579281D-01  0.126728731521D-01  0.160365410792D-02
 -0.168798830372D-01  0.380177316894D+00 -0.102346679505D-01  0.207370355170D-01
  0.326438653681D-03 -0.116969399643D-02  0.104367482591D-02  0.349755952858D-02
 -0.460720841155D-02  0.209919993560D-01  0.144481678975D-01 -0.181374857511D-02
  0.125957034018D-02  0.327052371970D-02 -0.183185141089D-02  0.207699938922D-01
  0.149272065465D-01 -0.102144857303D-01  0.208715905529D-01  0.590995074543D-03
 -0.302510540293D-01 -0.167114597312D-01  0.464099969722D+00 -0.166726813158D-01
  0.128559989943D-01  0.144883502446D-02 -0.105763986927D-03  0.544232630928D-03
  0.820655117227D-03 -0.335424412795D-02  0.170505110324D-01  0.122863351807D-01
 -0.488403550449D-03  0.623434229788D-03  0.679715793125D-03 -0.133728859713D-02
  0.168604594959D-01  0.126612365724D-01 -0.166143915341D-01  0.129432069307D-01
  0.161725026324D-02 -0.172645994786D-01 -0.226799395935D-02 -0.170922811004D-01
  0.379816651762D+00 -0.188390726190D-02 -0.305545472728D-02  0.361275691739D-03
  0.375772914935D-03 -0.187539765451D-03 -0.957955395213D-03  0.515284980323D-03
 -0.176733231805D-02 -0.103544512203D-02  0.476136284090D-03 -0.237297022504D-03
 -0.924564918331D-03  0.203690347172D-03 -0.175183717904D-02 -0.108043691194D-02
 -0.187184619070D-02 -0.307403568520D-02  0.323741111203D-03  0.494652297853D-02
  0.512007926022D-02  0.489521529802D-02  0.519373457018D-02  0.393336566124D+00
  0.000000000000D+00  0.000000000000D+00  0.000000000000D+00  0.000000000000D+00
  0.000000000000D+00  0.000000000000D+00  0.000000000000D+00  0.000000000000D+00
  0.000000000000D+00  0.000000000000D+00  0.000000000000D+00  0.000000000000D+00
  0.000000000000D+00  0.000000000000D+00  0.000000000000D+00  0.000000000000D+00
  0.000000000000D+00  0.000000000000D+00  0.000000000000D+00  0.000000000000D+00
  0.000000000000D+00  0.000000000000D+00  0.000000000000D+00  0.000000000000D+00
$end
