$coord
    0.82298787101090      0.05401919984349     -4.71931961990794  h
   -0.36969583841409     -0.13324569962065     -3.35605526136431  o
    0.97357754590956      0.13583617990847     -1.04313635751300  c
    2.06583849409403      1.89112969255436     -0.99236222128051  h
    2.26728660955157     -1.44856845294232     -0.73123593163374  h
   -0.97357715021173      0.13583689990494      1.04313616503905  c
   -2.06583702044012      1.89113110552218      0.99236166950482  h
   -2.26728714548647     -1.44856690324493      0.73123527352670  h
    0.36969551836958     -0.13324583336660      3.35605528374194  o
   -0.82299057562489      0.05400773534746      4.71931912779971  h
$intdef
# definitions of internal coordinates
   1 f  1.0000000000000 tors    2    3    6    9 val= 168.00000
$user-defined bonds
$redundant
     number_of_atoms            10
     degrees_of_freedom         24
     internal_coordinates       25
     frozen_coordinates          1
# definitions of redundant internals
   1 k  1.0000000000000 tors   1    2    3    6 val= 173.62942
   2 k  1.0000000000000 stre   2    1           val=   1.82100
   3 k  1.0000000000000 bend   3    1    2      val= 107.85149
   4 k  1.0000000000000 stre   3    4           val=   2.06801
   5 k  1.0000000000000 stre   3    5           val=   2.06913
   6 k  0.0880225458264 bend   5    4    3      val=   1.04440
       -0.5103394844410 bend   2    4    3
       -0.5083137155587 bend   2    5    3
        0.4962504053023 bend   6    4    3
        0.4766113131883 bend   6    5    3
   7 k  0.0174688742785 bend   5    4    3      val=   0.45176
       -0.5437007677480 bend   2    4    3
        0.5369071439471 bend   2    5    3
       -0.4530171636836 bend   6    4    3
        0.4589013856682 bend   6    5    3
   8 k -0.8838267388917 bend   5    4    3      val=   2.94756
        0.1786351190599 bend   2    4    3
        0.1915573770992 bend   2    5    3
        0.2650555580967 bend   6    4    3
        0.2828270005843 bend   6    5    3
   9 k -0.0037232462908 bend   5    4    3      val=   0.51443
       -0.4489492593963 bend   2    4    3
        0.4632076568313 bend   2    5    3
        0.5362396489649 bend   6    4    3
       -0.5443495250805 bend   6    5    3
  10 k  1.0000000000000 stre   6    7           val=   2.06801
  11 k  1.0000000000000 stre   6    8           val=   2.06913
  12 k  0.0880229685063 bend   8    7    6      val=   1.04441
       -0.5103395465333 bend   9    7    6
       -0.5083136715445 bend   9    8    6
        0.4962504171990 bend   3    7    6
        0.4766112031942 bend   3    8    6
  13 k  0.0174689946769 bend   8    7    6      val=   0.45177
       -0.5437008808662 bend   9    7    6
        0.5369073338467 bend   9    8    6
       -0.4530169658595 bend   3    7    6
        0.4589012201721 bend   3    8    6
  14 k -0.8838267383715 bend   8    7    6      val=   2.94755
        0.1786348357016 bend   9    7    6
        0.1915571756023 bend   9    8    6
        0.2650556790087 bend   3    7    6
        0.2828272043385 bend   3    8    6
  15 k -0.0037232738027 bend   8    7    6      val=   0.51443
       -0.4489490186712 bend   9    7    6
        0.4632075360756 bend   9    8    6
        0.5362397467696 bend   3    7    6
       -0.5443497298369 bend   3    8    6
  16 k  1.0000000000000 tors  10    9    6    3 val= 173.62983
  17 k  1.0000000000000 stre   9   10           val=   1.82100
  18 k  1.0000000000000 bend   6   10    9      val= 107.85149
  19 k  1.0000000000000 tors   2    3    6    9 val= 168.00000
  20 k  1.0000000000000 stre   3    2           val=   2.68819
  21 k  1.0000000000000 bend   6    2    3      val= 106.74168
  22 k  1.0000000000000 stre   6    9           val=   2.68819
  23 k  1.0000000000000 bend   3    9    6      val= 106.74169
  24 k  1.0000000000000 stre   3    6           val=   2.85376
  25 f  1.0000000000000 tors   2    3    6    9 val= 168.00000
        24 non zero eigenvalues  of BmBt
           1           3.961559151    1    0
         1
           2           3.746770832    2    0
         2
           3           3.729952457    3    0
         3
           4           3.092640049    4    0
         4
           5           3.004843763    5    0
         5
           6           2.439850494    6    0
         6
           7           2.138046342    7    0
         7
           8           1.677096212    8    0
         8
           9           1.245676729    9    0
         9
          10           1.170912338   10    0
        10
          11           1.052929325   11    0
        11
          12           0.869747526   12    0
        12
          13           0.770066768   13    0
        13
          14           0.757208632   14    0
        14
          15           0.586460253   15    0
        15
          16           0.388405758   16    0
        16
          17           0.354735566   17    0
        17
          18           0.338800379   18    0
        18
          19           0.279748524   20    0
        20
          20           0.256907996   21    0
        21
          21           0.139145951   22    0
        22
          22           0.067563792   23    0
        23
          23           0.065107202   24    0
        24
          24           0.000000000    0    1
         0.000000000         0.000000000         0.000000000         0.000000000
         0.000000000         0.000000000         0.000000000         0.000000000
         0.000000000         0.000000000         0.000000000         0.000000000
         0.000000000         0.000000000         0.000000000         0.000000000
         0.000000000         0.000000000         0.000000000         0.000000000
         0.000000000         0.000000000         0.000000000         0.000000000
         1.000000000
$end
