$energy      SCF               SCFKIN            SCFPOT            MP2
     1 -229.0296361159      228.758829     -457.788465     -.8119078813605
     2 -229.0297519080      228.792505     -457.822257     -.8120377408338
     3 -229.0296507053      228.795035     -457.824686     -.8121853430328
     4 -229.0296109747      228.790553     -457.820164     -.8122289945881
     5 -229.0295969834      228.789830     -457.819427     -.8122432419828
     6 -229.0295940871      228.789748     -457.819342     -.8122461750341
     7 -229.0295928446      228.789768     -457.819361     -.8122473531988
     8 -229.0295928446      228.789774     -457.819367     -.8122474067478
     9 -229.0295928908      228.789767     -457.819360     -.8122473580229
    10 -229.0295928563      228.789762     -457.819355     -.8122473974487
    11 -229.0295928563      228.789761     -457.819354     -.8122473933531
    12 -229.0295928848      228.789762     -457.819355     -.8122473635288
    13 -229.0295928375      228.789762     -457.819355     -.8122474118142
$end
