$grad          cartesian gradients
  cycle =      1 MP2 energy =     -229.8415439973 |dE/dxyz| =  0.008767
    0.82235609742207     -0.13253581195446     -4.74245106132441      h
   -0.37089668411434     -0.12822091776796     -3.37101488033802      o
    0.97069068230635      0.14062810498346     -1.05251101100688      c
    2.03909501396627      1.91472539900929     -0.99566455404910      h
    2.29702433842881     -1.42340268856490     -0.75794637816059      h
   -0.97067270181732      0.14071753616794      1.05250819248467      c
   -2.03894274369804      1.91487830166419      0.99565056413306      h
   -2.29712331692475     -1.42323244319750      0.75793627570806      h
    0.37088723475042     -0.12815493528800      3.37102386653848      o
   -0.82247365916050     -0.13357101933761      4.74236610270689      h
  -.23013418463882D-02  -.66651913958604D-03  -.25007374858443D-03
  0.32239524972795D-02  -.76028392228167D-03  -.36478330248437D-02
  -.18192822733956D-02  0.55849092742555D-03  -.73545527453089D-05
  -.24566672850224D-04  0.11208800369813D-02  0.44987927280982D-03
  0.16937858795774D-02  -.25354523975007D-03  -.58969557918981D-03
  0.18190407034910D-02  0.56556682509656D-03  0.83241560527303D-05
  0.28025301360035D-04  0.11172102084607D-02  -.44829340295649D-03
  -.16974191084840D-02  -.25654890900739D-03  0.58771500057106D-03
  -.32222971911278D-02  -.75821578045931D-03  0.36461954977449D-02
  0.23001027103668D-02  -.66703501305761D-03  0.25113637929852D-03
  cycle =      2 MP2 energy =     -229.8417896488 |dE/dxyz| =  0.003227
    0.81397071450305     -0.05053701923208     -4.72412726225635      h
   -0.37722640284445     -0.14311720828863     -3.35119950446081      o
    0.97261720903529      0.12584494783070     -1.04468638455995      c
    2.05407210166023      1.88943850061468     -0.99051121851775      h
    2.27853321748930     -1.45039872950938     -0.74387527683159      h
   -0.97259198225750      0.12589650917998      1.04467599229723      c
   -2.05392771921279      1.88956116011042      0.99054681316302      h
   -2.27861277125088     -1.45025244028927      0.74380199732080      h
    0.37721245127377     -0.14319507904834      3.35119655903126      o
   -0.81410255723705     -0.05140911565362      4.72407540150630      h
  -.74022885039060D-03  -.33837612836525D-03  -.87001424734723D-04
  0.13066782948394D-02  -.10501408730690D-02  0.46282949740384D-03
  -.38533381100647D-03  0.80773341079576D-03  0.81635901315574D-04
  -.95043075259760D-04  0.43376069204815D-03  0.27654320958889D-03
  0.42137218640903D-03  0.14561110775180D-03  -.48345712057693D-03
  0.38521819316717D-03  0.81089681000179D-03  -.82374212760722D-04
  0.95735930128349D-04  0.43289297815363D-03  -.27529668183324D-03
  -.42190874285053D-03  0.14519319136186D-03  0.48236030796767D-03
  -.13067069898351D-02  -.10480556673704D-02  -.46218376784601D-03
  0.74021686502412D-03  -.33951545885370D-03  0.86944289171331D-04
  cycle =      3 MP2 energy =     -229.8418360483 |dE/dxyz| =  0.002976
    0.81133100375031      0.01573866466016     -4.72108627290800      h
   -0.37724338313028     -0.15589736145698     -3.35190927917923      o
    0.97171975717948      0.11298696276612     -1.04436038425326      c
    2.06311026159437      1.86897421089121     -0.99238889502762      h
    2.26640618137760     -1.47052219419115     -0.73755905767920      h
   -0.97170328977022      0.11298973752089      1.04434718872879      c
   -2.06297894816974      1.86905436488055      0.99249336714862      h
   -2.26649158340783     -1.47041004632584      0.73741801917754      h
    0.37722135762351     -0.15614266034967      3.35188796867507      o
   -0.81142709588825      0.01505984731917      4.72105446200945      h
  -.81906450324354D-05  -.43492014861923D-04  -.18834826398040D-03
  0.32465249628544D-03  -.13828342062547D-02  0.84943959346617D-03
  -.20066149053521D-03  0.12066022790340D-02  -.18162224299037D-03
  -.22297411826688D-04  0.17430868783475D-04  0.16845343804453D-03
  -.14255638255456D-03  0.20114431756602D-03  -.18167421486484D-03
  0.20091904385078D-03  0.12079044213139D-02  0.18148418474487D-03
  0.21705348212553D-04  0.17859354059180D-04  -.16794171215173D-03
  0.14323759687507D-03  0.20149621734200D-03  0.18116130248380D-03
  -.32502951661240D-03  -.13818627860602D-02  -.84900752327677D-03
  0.82209608818218D-05  -.44248331513619D-04  0.18805543680367D-03
  cycle =      4 MP2 energy =     -229.8418399693 |dE/dxyz| =  0.002823
    0.81180646405782      0.02920444186238     -4.72168025592948      h
   -0.37673559421492     -0.15875275003951     -3.35485818847935      o
    0.97133085497047      0.11012756692523     -1.04528393902318      c
    2.06408569493866      1.86515397971545     -0.99517475729963      h
    2.26543273915992     -1.47442433799289     -0.73654327355910      h
   -0.97132610472604      0.11010273652097      1.04527025207006      c
   -2.06396157215682      1.86520872823112      0.99531871802881      h
   -2.26553427805406     -1.47433209963487      0.73637146402193      h
    0.37671056377430     -0.15908190107910      3.35482458483918      o
   -0.81186450659037      0.02862516120567      4.72165251202293      h
  -.24912973175972D-04  -.40193347453088D-05  -.62076549942613D-04
  0.20232793012376D-03  -.13734683595601D-02  0.23520169403035D-03
  -.23403443633452D-03  0.13615183755812D-02  -.27958179761414D-03
  0.10930769364759D-04  -.14786027094260D-04  0.79369411603858D-04
  -.33255530792253D-04  0.30197112415919D-04  -.25265800770752D-04
  0.23425294695345D-03  0.13624651869900D-02  0.28006101203293D-03
  -.11108910037638D-04  -.14684136198539D-04  -.79204838620589D-04
  0.33451302125176D-04  0.30144133257082D-04  0.24854773627347D-04
  -.20239607591588D-03  -.13730242915266D-02  -.23535833762178D-03
  0.24744977599855D-04  -.43425409088638D-05  0.62000434921661D-04
  cycle =      5 MP2 energy =     -229.8418402254 |dE/dxyz| =  0.002726
    0.81220023710158      0.03030868486452     -4.72124477833727      h
   -0.37690366589313     -0.15910597259846     -3.35519560018355      o
    0.97131995041349      0.10979100936561     -1.04531395792496      c
    2.06381353327836      1.86500309434206     -0.99639998086259      h
    2.26572590944947     -1.47467167450906     -0.73614512570186      h
   -0.97132298627027      0.10975011882429      1.04529937323250      c
   -2.06369472542605      1.86504317024898      0.99656746119472      h
   -2.26583797846992     -1.47459024970370      0.73595709501974      h
    0.37687709905502     -0.15948315831304      3.35515436055835      o
   -0.81223311207960      0.02978650319324      4.72121826969709      h
  -.17566911879818D-04  0.23224954501244D-05  0.25830738774602D-05
  0.13417349945222D-03  -.13356141644283D-02  0.11442121250038D-03
  -.18619418622823D-03  0.13472983673758D-02  -.22153814200665D-03
  0.57344657369285D-05  -.29350935610850D-05  0.19455865894719D-04
  0.13533208723882D-04  -.11284766900044D-04  0.11994583485248D-04
  0.18630490139371D-03  0.13477274511152D-02  0.22212681838094D-03
  -.57435749258872D-05  -.29478973182506D-05  -.19438454225446D-04
  -.13512783827885D-04  -.11364665615687D-04  -.12253496802894D-04
  -.13418389845832D-03  -.13354336192479D-02  -.11468481784505D-03
  0.17455280509893D-04  0.22320113618468D-05  -.26666444066237D-05
  cycle =      6 MP2 energy =     -229.8418402621 |dE/dxyz| =  0.002675
    0.81257890219533      0.02853994152670     -4.72117279926983      h
   -0.37705756354469     -0.15873035370450     -3.35525706698299      o
    0.97127874204742      0.11017310804555     -1.04530058460759      c
    2.06359317246128      1.86551013100504     -0.99678907704321      h
    2.26578601912927     -1.47416097867134     -0.73628685137605      h
   -0.97128500839822      0.11012562715469      1.04528485494933      c
   -2.06347681243648      1.86554429318701      0.99696591928606      h
   -2.26590259251640     -1.47408375259334      0.73609311907141      h
    0.37703032202797     -0.15912705159030      3.35521256505694      o
   -0.81260091980654      0.02804056135492      4.72114703760809      h
  -.43610359123925D-05  -.99682058335437D-06  -.76265601256509D-06
  0.11068444297901D-03  -.13252467656208D-02  0.96963179700538D-04
  -.16726259907651D-03  0.13215713402120D-02  -.16059263185314D-03
  -.30320148391993D-06  0.25126159299838D-05  0.15299998775420D-05
  0.78225260038423D-05  0.21186842986687D-05  0.36720311004101D-05
  0.16734411488883D-03  0.13216136748647D-02  0.16086312846283D-03
  0.31746919582076D-06  0.25075721183931D-05  -.15595940856816D-05
  -.78284026630016D-05  0.21138917905006D-05  -.37652122047427D-05
  -.11073337430911D-03  -.13251549971283D-02  -.97115408804527D-04
  0.43200601766991D-05  -.10390778032998D-05  0.76716560348800D-06
  cycle =      7 MP2 energy =     -229.8418401978 |dE/dxyz| =  0.002685
    0.81260418647056      0.02865385740589     -4.72112505184983      h
   -0.37708120783418     -0.15871732246646     -3.35525437794953      o
    0.97127512216246      0.11018676410203     -1.04528399618158      c
    2.06368655072117      1.86545421451704     -0.99681308756956      h
    2.26564737730457     -1.47424353956728     -0.73629693867680      h
   -0.97128255539013      0.11013716944056      1.04526794228267      c
   -2.06357129054428      1.86548646620686      0.99699369427238      h
   -2.26576534716482     -1.47416779577209      0.73610115436901      h
    0.37705377243669     -0.15912100287117      3.35520849021911      o
   -0.81262234700310      0.02816271471904      4.72109928777629      h
  0.10755962067677D-05  0.11553930819863D-05  -.71279077706876D-06
  0.10192208619486D-03  -.13312153515654D-02  0.97746634613927D-04
  -.16050055966677D-03  0.13279484097064D-02  -.14973547143657D-03
  0.45297339346106D-06  -.22943752675531D-07  -.14853588037322D-06
  0.50908210091904D-06  0.21240506646869D-05  0.12799609263869D-05
  0.16059056934381D-03  0.13279449810542D-02  0.14996940207435D-03
  -.45292179118306D-06  -.11224084328632D-07  0.13492532038861D-06
  -.50075878332834D-06  0.21307615489796D-05  -.13242535729652D-05
  -.10201896027073D-03  -.13312592759684D-02  -.97928897607957D-04
  -.10771056393466D-05  0.12053175109106D-05  0.71902741805019D-06
  cycle =      8 MP2 energy =     -229.8418402513 |dE/dxyz| =  0.002684
    0.82298487304405      0.05407804594102     -4.71931521861189      h
   -0.36969299992256     -0.13325715121240     -3.35605185097782      o
    0.97357415684687      0.13582382072969     -1.04313893840552      c
    2.06581603003847      1.89113172270597     -0.99236650080103      h
    2.26731873218899     -1.44854435220387     -0.73121845151699      h
   -0.97357327099843      0.13582509809746      1.04313875996749      c
   -2.06581366840920      1.89113395095772      0.99236491869184      h
   -2.26731896524801     -1.44854200487089      0.73121731891309      h
    0.36969246504917     -0.13325619004783      3.35605219847435      o
   -0.82298906755395      0.05406351089705      4.71931454384905      h
  0.14387055911058D-05  0.62201772443871D-06  -.85732144938788D-06
  0.10189375554503D-03  -.13309111351754D-02  0.98082891607731D-04
  -.16050693815872D-03  0.13277385899444D-02  -.15039540489470D-03
  0.30341595236294D-06  0.13351233985048D-06  -.13579986773982D-07
  0.69015935988403D-06  0.23935772368588D-05  0.12489994290765D-05
  0.16049841073373D-03  0.13277081368478D-02  0.15047053036349D-03
  -.29782832156044D-06  0.12599691423532D-06  -.53362519125688D-08
  -.68558355081905D-06  0.23834347970819D-05  -.12939765960951D-05
  -.10188121647392D-03  -.13308353344959D-02  -.98100862515160D-04
  -.14528802925184D-05  0.64132207727718D-06  0.86405998178662D-06
  cycle =      9 MP2 energy =     -229.8418402488 |dE/dxyz| =  0.002687
    0.82298944344671      0.05401413118900     -4.71931656402590      h
   -0.36969668369264     -0.13323370943979     -3.35605180826357      o
    0.97357632594566      0.13584751622601     -1.04313768555088      c
    2.06583115496124      1.89114655682040     -0.99236190364204      h
    2.26730192720710     -1.44854213021400     -0.73122822241325      h
   -0.97357562104353      0.13584859623484      1.04313740176678      c
   -2.06582906971501      1.89114857053593      0.99236081672024      h
   -2.26730234112223     -1.44853995641395      0.73122704106963      h
    0.36969616076786     -0.13323380374870      3.35605187839879      o
   -0.82299301171976      0.05400067980419      4.71931582552277      h
  0.17221169645865D-06  -.64044811609598D-06  -.24656250374733D-08
  0.10236340977166D-03  -.13307218145779D-02  0.96540131417022D-04
  -.15929679752968D-03  0.13306694434287D-02  -.14923489102744D-03
  0.44892277673014D-06  0.31547120027398D-07  0.28834675375178D-06
  0.71072984075826D-06  0.63691978979818D-06  0.59773889715675D-06
  0.15930583478241D-03  0.13307042354432D-02  0.14929370960398D-03
  -.46364363726070D-06  0.42285436929745D-07  -.30164720277170D-06
  -.69422515514006D-06  0.63802661154355D-06  -.61781542079475D-06
  -.10237189934248D-03  -.13307369033144D-02  -.96563685105799D-04
  -.17454306222575D-06  -.62317400367773D-06  0.57803584141425D-09
  cycle =     10 MP2 energy =     -229.8418402537 |dE/dxyz| =  0.002690
    0.82298320828512      0.05407115220202     -4.71931880391195      h
   -0.36969111008415     -0.13324255826979     -3.35605461324749      o
    0.97357983560382      0.13583921901270     -1.04313495149020      c
    2.06584342289397      1.89113172974043     -0.99235602375257      h
    2.26728883391214     -1.44856715114120     -0.73123204554884      h
   -0.97357921196362      0.13584032295639      1.04313454350003      c
   -2.06584139341319      1.89113376363079      0.99235489528148      h
   -2.26728943281454     -1.44856496610159      0.73123124591267      h
    0.36969070846134     -0.13324252948548      3.35605452438757      o
   -0.82298657584548      0.05405746844965      4.71931800845187      h
  -.75301786583992D-06  0.99278673948433D-06  0.42155708257496D-06
  0.10306471260346D-03  -.13330279484789D-02  0.95280727014924D-04
  -.15832657622106D-03  0.13324368050484D-02  -.14805288603939D-03
  0.44373755692106D-06  0.36036703843223D-07  0.29647539681599D-06
  0.42676307998590D-06  -.45465110831699D-06  0.14942708301269D-06
  0.15833982358915D-03  0.13324704170836D-02  0.14807694539754D-03
  -.45469738241266D-06  0.43612700117990D-07  -.31264203365078D-06
  -.41628789126946D-06  -.45282910976496D-06  -.14437920742294D-06
  -.10307626971873D-03  -.13330197700525D-02  -.95288039116070D-04
  0.75181222802811D-06  0.97565846901571D-06  -.42718554427168D-06
  cycle =     11 MP2 energy =     -229.8418402497 |dE/dxyz| =  0.002690
    0.82298037538332      0.05405846584621     -4.71931915930423      h
   -0.36969310000679     -0.13325523343779     -3.35605422960870      o
    0.97357920577254      0.13582696502752     -1.04313540675007      c
    2.06584261393702      1.89111961196328     -0.99235733434533      h
    2.26728858110400     -1.44857921541925     -0.73123310094837      h
   -0.97357858598751      0.13582807152386      1.04313526031081      c
   -2.06584100769524      1.89112137598980      0.99235607171010      h
   -2.26728880530763     -1.44857740724204      0.73123292005317      h
    0.36969275881950     -0.13325435973386      3.35605446296237      o
   -0.82298372726088      0.05404564938868      4.71931864383297      h
  -.71179806315769D-06  0.60405823282261D-06  0.42046254344896D-06
  0.10301204465168D-03  -.13326545592975D-02  0.95382402902189D-04
  -.15839190012068D-03  0.13323073160036D-02  -.14821291927566D-03
  0.39222470249456D-06  0.11611604566752D-06  0.27795995921620D-06
  0.48250747308742D-06  -.38910955746374D-06  0.15422162313872D-06
  0.15840786221277D-03  0.13323322519019D-02  0.14823710079612D-03
  -.40571521831012D-06  0.12272557015081D-06  -.29741827098362D-06
  -.46948882115316D-06  -.38894327714090D-06  -.14811794182834D-06
  -.10302429737852D-03  -.13326325469174D-02  -.95386456783864D-04
  0.70856073186576D-06  0.58280943809885D-06  -.42723561577418D-06
  cycle =     12 MP2 energy =     -229.8418402483 |dE/dxyz| =  0.002688
    0.82299614158405      0.05394338589730     -4.71931972013998      h
   -0.36970140455303     -0.13322645359716     -3.35605457013834      o
    0.97357575467562      0.13585503552372     -1.04313790078796      c
    2.06583649877113      1.89114859335393     -0.99236432710473      h
    2.26728599084956     -1.44854937768222     -0.73124002080267      h
   -0.97357544736616      0.13585548611905      1.04313772488258      c
   -2.06583514831793      1.89114973531721      0.99236430296600      h
   -2.26728657993928     -1.44854802813635      0.73123887269878      h
    0.36970098223044     -0.13322762304398      3.35605451701414      o
   -0.82299847917606      0.05393317015491      4.71931924932490      h
  -.30723362076657D-07  -.14191671636188D-05  0.17030564070097D-07
  0.10239859841654D-03  -.13307617055571D-02  0.95583402979216D-04
  -.15848087733650D-03  0.13323245316038D-02  -.14777665530372D-03
  -.47975329042771D-07  -.13477787019767D-06  0.32329850085944D-06
  0.26795088814424D-06  -.18947299729177D-07  -.63397410238197D-07
  0.15848975658006D-03  0.13323636316495D-02  0.14780482684446D-03
  0.39994568545865D-07  -.13056534431399D-06  -.32468114802287D-06
  -.26235660488538D-06  -.19991877042713D-07  0.51278797874588D-07
  -.10241005725931D-03  -.13308229971116D-02  -.95599243072897D-04
  0.35689706301412D-07  -.13798927889219D-05  -.15860141644453D-07
  cycle =     13 MP2 energy =     -229.8418402493 |dE/dxyz| =  0.002690
    0.82298787101090      0.05401919984349     -4.71931961990794      h
   -0.36969583841409     -0.13324569962065     -3.35605526136431      o
    0.97357754590956      0.13583617990847     -1.04313635751300      c
    2.06583849409403      1.89112969255436     -0.99236222128051      h
    2.26728660955157     -1.44856845294232     -0.73123593163374      h
   -0.97357715021173      0.13583689990494      1.04313616503905      c
   -2.06583702044012      1.89113110552218      0.99236166950482      h
   -2.26728714548647     -1.44856690324493      0.73123527352670      h
    0.36969551836958     -0.13324583336660      3.35605528374194      o
   -0.82299057562489      0.05400773534746      4.71931912779971      h
  -.34684685878972D-06  0.11579286463004D-05  -.32943545669184D-07
  0.10281501041121D-03  -.13331477304386D-02  0.95636762859286D-04
  -.15823339171916D-03  0.13319396267681D-02  -.14774498352932D-03
  0.11520344989080D-06  0.11862553606079D-07  0.11902036176070D-06
  0.16043878225958D-06  0.25649319113086D-07  0.47782217071912D-07
  0.15824200032055D-03  0.13319596128816D-02  0.14776241549999D-03
  -.11682054212869D-06  0.13533399734200D-07  -.13031376147610D-06
  -.15916332030130D-06  0.24252156727300D-07  -.49003009927606D-07
  -.10281538434409D-03  -.13331107830696D-02  -.95639352655219D-04
  0.33895415718632D-06  0.11261656858719D-05  0.30615681545498D-07
$end
