$hessapprox internal
  0.293192024723D-01 -0.861849357045D-03  0.614651843737D+00  0.194042166934D-02
  0.865227931435D-03  0.372032603034D+00 -0.815627239737D-03  0.668546127662D-03
 -0.423992585228D-03  0.425700691654D+00  0.962923845933D-03  0.170804408920D-02
 -0.775820111161D-03 -0.625664797401D-03  0.423366234698D+00 -0.186556687140D-02
 -0.128773205457D-02  0.469919878760D-03  0.555687404081D-03  0.116623725995D-02
  0.346473469476D+00  0.133520481229D-02 -0.781417913464D-03  0.534107923583D-03
  0.155370729832D-03  0.735619202442D-03 -0.681274382069D-03  0.347985564355D+00
  0.133149022159D-02  0.112494202936D-02 -0.440607455433D-03 -0.463460258593D-03
 -0.102218183231D-02  0.710090148539D-03  0.561998830432D-03  0.321015810749D+00
 -0.309928116757D-02 -0.891891422375D-03  0.143121129750D-03  0.518056250076D-03
  0.787288299496D-03 -0.392966730478D-03 -0.672736438152D-03  0.395784229704D-03
  0.346459554603D+00 -0.790668527665D-03  0.706485428029D-03 -0.440864970394D-03
 -0.171166544341D-03 -0.660364223140D-03  0.581295009836D-03  0.172107246397D-03
 -0.485975389191D-03  0.534915203511D-03  0.425671548337D+00  0.978637466470D-03
  0.168597191647D-02 -0.762953483317D-03 -0.619654740205D-03 -0.154347324652D-02
  0.114882410613D-02  0.729243037123D-03 -0.100747651447D-02  0.772158501223D-03
 -0.653892098358D-03  0.423407079878D+00 -0.194533789440D-02 -0.134089440083D-02
  0.489042074825D-03  0.578831163180D-03  0.121435268487D-02 -0.816600875057D-03
 -0.709705984735D-03  0.739258983832D-03 -0.408705189163D-03  0.605494609394D-03
  0.119621597498D-02  0.346407842960D+00  0.924843907302D-03 -0.890663793913D-03
  0.548537136834D-03  0.221091529096D-03  0.831704568733D-03 -0.726850965883D-03
 -0.224972726073D-03  0.608844336814D-03 -0.661701581649D-03  0.239878146265D-03
  0.823422983235D-03 -0.757099228649D-03  0.347816011846D+00  0.131935539650D-02
  0.111927632843D-02 -0.438936147359D-03 -0.460725979074D-03 -0.101709512481D-02
  0.706965467667D-03  0.558564899591D-03 -0.633255429470D-03  0.394746452055D-03
 -0.483130348277D-03 -0.100247308984D-02  0.736007020807D-03  0.605302448596D-03
  0.321021624446D+00 -0.298046613310D-02 -0.923665226036D-03  0.171349430265D-03
  0.519618717648D-03  0.817930173661D-03 -0.426036427544D-03 -0.671222430947D-03
  0.422064674541D-03  0.720898855965D-05  0.537189520449D-03  0.802650696795D-03
 -0.443164210886D-03 -0.665198148778D-03  0.420847050584D-03  0.346382756627D+00
  0.144448642026D-01 -0.807426557405D-03  0.187019563647D-02 -0.802325640762D-03
  0.907985877518D-03 -0.179088779462D-02  0.130851216444D-02  0.127495614320D-02
 -0.299481392414D-02 -0.778691415136D-03  0.923587647079D-03 -0.186749542513D-02
  0.911844302493D-03  0.126326449437D-02 -0.287896742701D-02  0.284899960824D-01
 -0.851721910756D-03 -0.187566145807D-02  0.872709878788D-03  0.671904548175D-03
  0.171981299873D-02 -0.129779755441D-02 -0.784943687065D-03  0.113342296253D-02
 -0.900754175856D-03  0.710108997466D-03  0.169761821050D-02 -0.135137832349D-02
 -0.895307315032D-03  0.112770886627D-02 -0.932603815912D-03 -0.797396116163D-03
  0.614626491909D+00  0.193291044475D-02  0.849126600365D-03 -0.238953509787D-03
 -0.418210001856D-03 -0.761058898428D-03  0.458795750266D-03  0.527347490247D-03
 -0.430888372104D-03  0.135423900931D-03 -0.434754523665D-03 -0.748383137627D-03
  0.477458712423D-03  0.540834012424D-03 -0.429265991322D-03  0.163377045847D-03
  0.186315659320D-02  0.856499243918D-03  0.372047422689D+00 -0.502988441828D-03
 -0.693156751575D-03  0.303519729072D-03  0.262176624143D-03  0.633431894115D-03
 -0.463945659848D-03 -0.311001869732D-03  0.408857965334D-03 -0.299744816103D-03
  0.276203851419D-03  0.624910042674D-03 -0.483066163157D-03 -0.347349822766D-03
  0.406863625679D-03 -0.313161426638D-03 -0.477418459775D-03 -0.698050239399D-03
  0.297529808750D-03  0.496309740445D+00  0.149877384528D-03 -0.818333045060D-03
  0.433372991772D-03  0.254714299777D-03  0.756240330207D-03 -0.609599820471D-03
 -0.284497437258D-03  0.522211383859D-03 -0.484778350643D-03  0.271635609471D-03
  0.747442639236D-03 -0.634861686210D-03 -0.344941023780D-03  0.519393348074D-03
 -0.494112671091D-03  0.158359494860D-03 -0.823331913296D-03  0.426298308568D-03
 -0.310781674345D-03  0.383687447291D+00 -0.575114029547D-03 -0.744919526783D-03
  0.322698046326D-03  0.284302416186D-03  0.680343381722D-03 -0.495716178425D-03
 -0.338068563703D-03  0.437553557127D-03 -0.316045009046D-03  0.299360378689D-03
  0.671126441126D-03 -0.516139595007D-03 -0.376316074166D-03  0.435431829829D-03
 -0.330765862892D-03 -0.546625781567D-03 -0.750214618320D-03  0.316260959304D-03
 -0.274401644234D-03 -0.335186503440D-03  0.496271213193D+00  0.117439911294D-03
 -0.737150489786D-03  0.388607572274D-03  0.230740199022D-03  0.681018810663D-03
 -0.547662984826D-03 -0.258226847861D-03  0.469471948097D-03 -0.433593608604D-03
  0.245974307462D-03  0.673064053440D-03 -0.570355242332D-03 -0.312259980486D-03
  0.466944425487D-03 -0.442155595968D-03  0.125593319743D-03 -0.741671833334D-03
  0.382234803580D-03 -0.279740782248D-03 -0.307921723534D-03 -0.301669080016D-03
  0.383750720064D+00 -0.102779294193D-02  0.719636727950D-03 -0.471512996956D-03
 -0.157962164513D-03 -0.675174337995D-03  0.610618557157D-03  0.150588928094D-03
 -0.506839951147D-03  0.584019704339D-03 -0.173277485369D-03 -0.668959471607D-03
  0.636072614698D-03  0.224864277312D-03 -0.503803325984D-03  0.584390961572D-03
 -0.100910176216D-02  0.723094988715D-03 -0.465287891268D-03  0.284002075392D-03
  0.268992297173D-03  0.308291677934D-03  0.243873160325D-03  0.401685804701D+00
  0.000000000000D+00  0.000000000000D+00  0.000000000000D+00  0.000000000000D+00
  0.000000000000D+00  0.000000000000D+00  0.000000000000D+00  0.000000000000D+00
  0.000000000000D+00  0.000000000000D+00  0.000000000000D+00  0.000000000000D+00
  0.000000000000D+00  0.000000000000D+00  0.000000000000D+00  0.000000000000D+00
  0.000000000000D+00  0.000000000000D+00  0.000000000000D+00  0.000000000000D+00
  0.000000000000D+00  0.000000000000D+00  0.000000000000D+00  0.000000000000D+00
$end
