$coord
    0.77434899533229     -1.31039576378226     -4.12300463509721  h
   -0.36822079271159     -0.95205284039284     -2.75547971330430  o
    0.62971398297717      1.06334149581460     -1.28042244891457  c
    0.27004185438375      2.89102782431371     -2.19678325008002  h
    2.67388529025923      0.86081385559250     -1.01349213533681  h
   -0.62971349261282      1.06334182283464      1.28042269150723  c
   -0.27004035439552      2.89102798128173      2.19678346536024  h
   -2.67388494863925      0.86081519406181      1.01349248572568  h
    0.36822035946156     -0.95205322097993      2.75547958107340  o
   -0.77434558314573     -1.31039020663223      4.12300930991875  h
$user-defined bonds
$intdef
# definitions of internal coordinates
   1 f  1.0000000000000 tors    2    3    6    9 val=  75.00000
$redundant
     number_of_atoms            10
     degrees_of_freedom         24
     internal_coordinates       25
     frozen_coordinates          1
# definitions of redundant internals
   1 k  1.0000000000000 tors   1    2    3    6 val= 198.77206
   2 k  1.0000000000000 stre   2    1           val=   1.81769
   3 k  1.0000000000000 bend   3    1    2      val= 109.09378
   4 k  1.0000000000000 stre   3    5           val=   2.07145
   5 k  1.0000000000000 stre   3    4           val=   2.07594
   6 k  0.0825719170896 bend   4    5    3      val=   1.06854
       -0.5138446275398 bend   2    5    3
       -0.5024125806821 bend   2    4    3
        0.4881257701314 bend   6    5    3
        0.4883240814895 bend   6    4    3
   7 k  0.0094445151334 bend   4    5    3      val=   0.13376
       -0.5391729988789 bend   2    5    3
        0.5443609268621 bend   2    4    3
       -0.4588651158193 bend   6    5    3
        0.4497969155117 bend   6    4    3
   8 k -0.8906319103909 bend   4    5    3      val=   0.86280
        0.1752989938744 bend   2    5    3
        0.1890671509458 bend   2    4    3
        0.2621928281942 bend   6    5    3
        0.2674950396116 bend   6    4    3
   9 k -0.0021031469096 bend   4    5    3      val=   0.28188
        0.4528530429845 bend   2    5    3
       -0.4557891108124 bend   2    4    3
       -0.5379648535988 bend   6    5    3
        0.5456828758446 bend   6    4    3
  10 k  1.0000000000000 stre   6    8           val=   2.07145
  11 k  1.0000000000000 stre   6    7           val=   2.07594
  12 k  0.0825720194301 bend   7    8    6      val=   1.06854
       -0.5138445501709 bend   9    8    6
       -0.5024126739826 bend   9    7    6
        0.4881258038165 bend   3    8    6
        0.4883240159330 bend   3    7    6
  13 k  0.0094444765209 bend   7    8    6      val=   0.13376
       -0.5391730863523 bend   9    8    6
        0.5443608800354 bend   9    7    6
       -0.4588650201793 bend   3    8    6
        0.4497969657073 bend   3    7    6
  14 k -0.8906318760139 bend   7    8    6      val=   0.86281
        0.1752990295625 bend   9    8    6
        0.1890670631408 bend   9    7    6
        0.2621928847311 bend   3    8    6
        0.2674951373279 bend   3    7    6
  15 k -0.0021030896227 bend   7    8    6      val=   0.28187
        0.4528530065804 bend   9    8    6
       -0.4557891027473 bend   9    7    6
       -0.5379649165016 bend   3    8    6
        0.5456828509998 bend   3    7    6
  16 k  1.0000000000000 tors  10    9    6    3 val= 198.77178
  17 k  1.0000000000000 stre   9   10           val=   1.81769
  18 k  1.0000000000000 bend   6   10    9      val= 109.09378
  19 k  1.0000000000000 tors   2    3    6    9 val=  75.00000
  20 k  1.0000000000000 stre   3    2           val=   2.68951
  21 k  1.0000000000000 bend   6    2    3      val= 109.17170
  22 k  1.0000000000000 stre   6    9           val=   2.68951
  23 k  1.0000000000000 bend   3    9    6      val= 109.17170
  24 k  1.0000000000000 stre   3    6           val=   2.85378
  25 f  1.0000000000000 tors   2    3    6    9 val=  75.00000
        24 non zero eigenvalues  of BmBt
           1           4.403872107    1    0
         1
           2           3.794665074    2    0
         2
           3           3.744667055    3    0
         3
           4           3.041335969    4    0
         4
           5           2.847289019    5    0
         5
           6           2.433979613    6    0
         6
           7           2.076194291    7    0
         7
           8           1.731927395    8    0
         8
           9           1.252093071    9    0
         9
          10           1.241511778   10    0
        10
          11           1.045072883   11    0
        11
          12           0.836646397   12    0
        12
          13           0.769639031   13    0
        13
          14           0.728631808   14    0
        14
          15           0.606681817   15    0
        15
          16           0.449829310   16    0
        16
          17           0.354105697   17    0
        17
          18           0.349451405   18    0
        18
          19           0.282295890   20    0
        20
          20           0.251902695   21    0
        21
          21           0.118683824   22    0
        22
          22           0.068407987   23    0
        23
          23           0.065404040   24    0
        24
          24           0.000000000    0    1
         0.000000000         0.000000000         0.000000000         0.000000000
         0.000000000         0.000000000         0.000000000         0.000000000
         0.000000000         0.000000000         0.000000000         0.000000000
         0.000000000         0.000000000         0.000000000         0.000000000
         0.000000000         0.000000000         0.000000000         0.000000000
         0.000000000         0.000000000         0.000000000         0.000000000
         1.000000000
$end
