$energy      SCF               SCFKIN            SCFPOT
     1 -230.2255491843      229.2948430026     -459.5203921869
     2 -230.2260294092      229.2833569188     -459.5093863279
     3 -230.2261837014      229.2910634443     -459.5172471456
     4 -230.2262217906      229.2939741580     -459.5201959486
     5 -230.2262366943      229.2921719775     -459.5184086718
     6 -230.2262386278      229.2927650843     -459.5190037121
     7 -230.2262387034      229.2926245210     -459.5188632244
     8 -230.2262387047      229.2925464055     -459.5187851102
     9 -230.2262387067      229.2925410036     -459.5187797104
    10 -230.2262385183      229.2925390207     -459.5187775390
    11 -230.2262385187      229.2925590562     -459.5187975749
    12 -230.2262385188      229.2925641311     -459.5188026499
    13 -230.2262385187      229.2925587125     -459.5187972312
    14 -230.2262385190      229.2925706186     -459.5188091377
    15 -230.2262385191      229.2925579845     -459.5187965036
$end
