$grad          cartesian gradients
  cycle =      1    SCF energy =     -230.2255491843   |dE/dxyz| =  0.010667
    0.45319371758876     -1.01466734569174     -4.32441318230616      h
   -0.35865010787537     -0.97276472364276     -2.69840614224128      o
    0.66208752056305      1.06786860696519     -1.26951933125230      c
    0.33938124899839      2.88672563566623     -2.20746183457035      h
    2.70066475931899      0.84352378198468     -0.97627297923298      h
   -0.66209804261692      1.06786629862083      1.26951477509772      c
   -0.33944078756787      2.88673732128523      2.20745160583692      h
   -2.70066557065438      0.84347299892987      0.97625264817604      h
    0.35868280311544     -0.97273067676628      2.69842251325287      o
   -0.45352695306508     -1.01494941264635      4.32423817872978      h
  -.63641922915935D-03  0.75955628228793D-03  0.54233463090467D-03
  -.13715992050382D-02  -.19221882150538D-02  0.26049826133260D-02
  0.57549583734381D-02  0.13307510279604D-02  -.21615946012108D-02
  0.12701950746014D-02  -.51747735386450D-03  0.10165402861349D-02
  0.22105992384006D-03  0.34908833236045D-03  -.78086167244300D-03
  -.57553313956312D-02  0.13309026539783D-02  0.21612281829587D-02
  -.12702791050333D-02  -.51737984629986D-03  -.10163109047534D-02
  -.22079709017081D-03  0.34922775392167D-03  0.78060299395326D-03
  0.13724423007371D-02  -.19221234356612D-02  -.26042366834467D-02
  0.63577480592789D-03  0.75936124189825D-03  -.54268336135682D-03
  cycle =      2    SCF energy =     -230.2260294092   |dE/dxyz| =  0.004044
    0.52610209695474     -1.05602238270444     -4.31594225209896      h
   -0.37632177681970     -0.95519130277006     -2.73961074705448      o
    0.63493635735229      1.06944112471965     -1.28141336192954      c
    0.28687006320339      2.89393800359100     -2.20504055799269      h
    2.67858642557176      0.85851961775379     -1.01599571286791      h
   -0.63497144359515      1.06943199375188      1.28140626322389      c
   -0.28692658968157      2.89392596110854      2.20505089431029      h
   -2.67861627435804      0.85849236367608      1.01597421429342      h
    0.37630585801433     -0.95519762936012      2.73959272211201      o
   -0.52633612883704     -1.05625526506142      4.31578478949424      h
  -.25977702537126D-03  0.21253706403111D-03  -.38417887471952D-03
  -.37111773737135D-03  -.11162015945577D-02  0.46088164385300D-03
  0.19495499578761D-02  0.93555925729476D-03  -.89077625935247D-03
  0.76393581093278D-03  -.25089673546321D-03  -.99388999268767D-04
  -.17087498196042D-03  0.21728083240995D-03  -.34094448015558D-03
  -.19500210048602D-02  0.93633780910956D-03  0.89126466189865D-03
  -.76395968920721D-03  -.25067390156273D-03  0.99855424684887D-04
  0.17109577871152D-03  0.21736928517525D-03  0.34055993068499D-03
  0.37195482462713D-03  -.11158117585209D-02  -.46131485808535D-03
  0.25921150731990D-03  0.21239303054076D-03  0.38404343117984D-03
  cycle =      3    SCF energy =     -230.2261837014   |dE/dxyz| =  0.001131
    0.59290643392129     -1.12633067295089     -4.26126617640564      h
   -0.40354580765527     -0.93328068625588     -2.75192397222549      o
    0.61213718559527      1.08125989737267     -1.28788832610523      c
    0.23748890934928      2.90926201793681     -2.19747150107310      h
    2.66089720202502      0.87978669008212     -1.04939186884860      h
   -0.61219088267316      1.08123662821054      1.28787340392844      c
   -0.23754069588814      2.90921816470145      2.19749725222402      h
   -2.66094979101843      0.87977412305864      1.04936468293109      h
    0.40348426574225     -0.93333433753149      2.75187318419623      o
   -0.59305823159310     -1.12650933991905      4.26113957286855      h
  0.18403596488982D-04  0.13537760313586D-03  -.33356436903672D-03
  0.34813886082534D-04  -.74619508333462D-04  0.17059923073095D-04
  -.34777560795276D-03  0.48500475180263D-04  0.55928395869258D-03
  0.24043328375459D-04  -.97794671718464D-04  -.23293070373056D-03
  0.14408502990319D-04  -.13028085998623D-04  0.42168880254917D-04
  0.34764126071498D-03  0.48804488654604D-04  -.55936644398772D-03
  -.24060484025168D-04  -.97854209483877D-04  0.23310824938458D-03
  -.14313735553628D-04  -.12962326757671D-04  -.42397394199709D-04
  -.34634247891489D-04  -.74391470393052D-04  -.16929019135638D-04
  -.18526126239862D-04  0.13516857550632D-03  0.33356383229076D-03
  cycle =      4    SCF energy =     -230.2262217906   |dE/dxyz| =  0.001136
    0.62981501749691     -1.18801461098168     -4.20689711965208      h
   -0.42431787361619     -0.91764516860170     -2.75029024882975      o
    0.60117621758811      1.09537504599287     -1.29246375747699      c
    0.21491201207866      2.92488391103705     -2.19518283281898      h
    2.65206672101776      0.89610612895889     -1.07064679050286      h
   -0.60124008622188      1.09534286449496      1.29244393687160      c
   -0.21496022475762      2.92482078214185      2.19521818143006      h
   -2.65213182928253      0.89609969472702      1.07061775591004      h
    0.42423340195015     -0.91772808064981      2.75021511787091      o
   -0.62992476844835     -1.18815808241451      4.20679200868832      h
  0.76891985073547D-04  0.14573239446100D-03  -.86501056383323D-04
  0.28987128008420D-04  0.98838475096248D-04  0.32914195018713D-04
  -.42339702869883D-03  -.20760264963794D-03  0.53139343216976D-03
  -.23302190669429D-03  0.46160282033405D-04  0.13195848256490D-05
  0.15504737173706D-03  -.82791664537368D-04  0.85133969856514D-04
  0.42341498309423D-03  -.20755705986594D-03  -.53161271910517D-03
  0.23301989830948D-03  0.46012756980781D-04  -.12640092555821D-05
  -.15500037667176D-03  -.82770057761217D-04  -.85212095182323D-04
  -.29168389579600D-04  0.98976718784141D-04  -.32621715075470D-04
  -.76774691917670D-04  0.14561960940365D-03  0.86449012557645D-04
  cycle =      5    SCF energy =     -230.2262366943   |dE/dxyz| =  0.000506
    0.65029189980022     -1.23924548543457     -4.16157543021705      h
   -0.44012016321086     -0.90566876714378     -2.74588816179095      o
    0.59562958772590      1.10918088979661     -1.29675461887840      c
    0.20839454849685      2.93856039860717     -2.19894010852027      h
    2.64648267763658      0.90788173097477     -1.08518621430413      h
   -0.59569887748196      1.10914436149157      1.29673292988738      c
   -0.20844058126493      2.93848827385680      2.19898063820408      h
   -2.64655465738160      0.90787788083704      1.08515814641265      h
    0.44002600307705     -0.90576760903317      2.74579720191771      o
   -0.65038184959224     -1.23936918924750      4.16148186877925      h
  0.30598869887006D-04  0.64433993657297D-04  0.13065192517505D-04
  0.33053923634399D-05  -.11467652891733D-03  0.49818170204963D-04
  0.17120164179999D-03  -.14683594792090D-04  -.18230190364888D-03
  -.10581717350120D-03  0.10171940860912D-03  0.14435267904084D-03
  0.13411508837375D-04  -.36083277633766D-04  -.22108051095577D-04
  -.17117134937003D-03  -.14686922663422D-04  0.18230869604773D-03
  0.10583268721756D-03  0.10170785437189D-03  -.14433063828556D-03
  -.13433959473389D-04  -.36099187373030D-04  0.22112714091926D-04
  -.33570673316949D-05  -.11462191130857D-03  -.49856413064155D-04
  -.30571911890869D-04  0.64433201573437D-04  -.13063002799241D-04
  cycle =      6    SCF energy =     -230.2262386278   |dE/dxyz| =  0.000266
    0.65660749198737     -1.25758093186595     -4.14465681590918      h
   -0.44597244226144     -0.90070825751834     -2.74427123902875      o
    0.59311781838217      1.11440551182258     -1.29785817428856      c
    0.20708712658016      2.94255819154750     -2.20253963347275      h
    2.64395585873826      0.91203582988670     -1.08904854659709      h
   -0.59318775607966      1.11436760568541      1.29783596163012      c
   -0.20713290323559      2.94248385512289      2.20258075903260      h
   -2.64402865128779      0.91203196211979      1.08902023572337      h
    0.44587653170271     -0.90081089708688      2.74417762583052      o
   -0.65669448672118     -1.25770038500875      4.14456607856998      h
  0.10991419011684D-04  -.79119476381320D-06  -.11067218457831D-04
  0.72282305487672D-04  -.30520016286676D-04  0.69157571545596D-04
  -.51754573412618D-04  0.22387884779445D-04  -.13004370357875D-03
  -.17456323011832D-04  0.18274567647446D-04  0.46569698863079D-04
  -.33404248224552D-04  -.86516705527818D-05  -.21905859820072D-05
  0.51770986616730D-04  0.22318034728587D-04  0.13000771619561D-03
  0.17453923986234D-04  0.18280649028860D-04  -.46614187292928D-04
  0.33395417016498D-04  -.86505064657106D-05  0.22215129096743D-05
  -.72293414272041D-04  -.30573671283162D-04  -.69135675922616D-04
  -.10986737624392D-04  -.78491711012913D-06  0.11092276620413D-04
  cycle =      7    SCF energy =     -230.2262387034   |dE/dxyz| =  0.000247
    0.65693123183741     -1.25936815811626     -4.14299366958712      h
   -0.44659648424235     -0.90024917196390     -2.74398191956220      o
    0.59291726876156      1.11502384353467     -1.29790338652093      c
    0.20731724363228      2.94279355827385     -2.20347660027768      h
    2.64383424910912      0.91250938571855     -1.08923287155173      h
   -0.59298691655780      1.11498656258356      1.29788162559889      c
   -0.20736319099235      2.94272025363866      2.20351759216700      h
   -2.64390664812792      0.91250546971629      1.08920486078257      h
    0.44650149767832     -0.90035028801692      2.74388932151024      o
   -0.65701966329325     -1.25948897066357      4.14290129893122      h
  -.56433145252179D-05  -.76617685160803D-05  -.30231124642364D-05
  0.81415544991327D-04  -.33702985815496D-04  0.38513892334702D-04
  -.11541066993651D-03  0.41309520745728D-04  -.78124641602666D-04
  0.13046300691885D-05  -.29215963430105D-06  0.60372954515076D-05
  -.77356923038062D-05  0.10007887875747D-05  0.39001418678476D-05
  0.11540872620599D-03  0.41292679442340D-04  0.78151259256785D-04
  -.13063233048418D-05  -.27450101433337D-06  -.60545855020067D-05
  0.77335804709787D-05  0.99862075437581D-06  -.38835159502498D-05
  -.81405496496766D-04  -.33733087290963D-04  -.38550220610087D-04
  0.56377632175809D-05  -.76430072729933D-05  0.30309027554803D-05
  cycle =      8    SCF energy =     -230.2262387047   |dE/dxyz| =  0.000226
    0.65651160678573     -1.25834408040278     -4.14388790528704      h
   -0.44632041550381     -0.90054669348507     -2.74398478074184      o
    0.59307283976145      1.11478647349254     -1.29780497818868      c
    0.20751543974219      2.94251808683186     -2.20349540111037      h
    2.64400836881255      0.91229517550644     -1.08897505256651      h
   -0.59314200334380      1.11474965543956      1.29778348293646      c
   -0.20756155954298      2.94244570735035      2.20353594053946      h
   -2.64408018526579      0.91229104064957      1.08894709007419      h
    0.44622635372231     -0.90064617021112      2.74389377773250      o
   -0.65660185736282     -1.25846671046642      4.14379407810208      h
  -.47203080714816D-05  -.25450611159730D-05  -.61799651530702D-06
  0.70343870286340D-04  -.45989481450905D-04  0.30646975503699D-04
  -.11045546839899D-03  0.46777456803935D-04  -.55918589866052D-04
  -.22188207728242D-06  0.75772703992297D-06  0.46180259736429D-06
  0.23750221663702D-05  0.16596161858025D-05  0.20383135654306D-05
  0.11045773713347D-03  0.46765402067961D-04  0.55939817354408D-04
  0.22142347757153D-06  0.76582065829216D-06  -.47231629494667D-06
  -.23802236628047D-05  0.16580966733966D-05  -.20309736796434D-05
  -.70337235705051D-04  -.46004683350517D-04  -.30677657137954D-04
  0.47158058871324D-05  -.25339990300724D-05  0.62806526853829D-06
  cycle =     10    SCF energy =     -230.2262385183   |dE/dxyz| =  0.000217
    0.77423696022694     -1.31018329650686     -4.12320079724322      h
   -0.36818677976816     -0.95207981088109     -2.75549255795200      o
    0.62972726258318      1.06331350916441     -1.28041522889813      c
    0.27005462380822      2.89100915798159     -2.19676239117827      h
    2.67389441462760      0.86080340328014     -1.01345478705067      h
   -0.62972680123882      1.06331375287842      1.28041543974756      c
   -0.27005280155532      2.89100909836147      2.19676272419475      h
   -2.67389418134172      0.86080503574192      1.01345519796239      h
    0.36818602304150     -0.95208071067955      2.75549197980397      o
   -0.77423250178598     -1.31017622803819      4.12320671767753      h
  -.18624967615718D-05  0.12040479661021D-06  0.42534603480893D-06
  0.63032647984457D-04  -.56589853953463D-04  0.29110866141851D-04
  -.10101140434145D-03  0.52719197885617D-04  -.50217684656552D-04
  -.48401824796938D-06  0.35248722671544D-06  0.14921816446455D-06
  -.14996399357665D-05  0.35173004293019D-06  0.31225239108009D-06
  0.10101661253053D-03  0.52710896459558D-04  0.50224052864006D-04
  0.48345142793173D-06  0.35737185678027D-06  -.15404743635586D-06
  0.14933609693312D-05  0.35025493787894D-06  -.30828032554602D-06
  -.63030845602564D-04  -.56600486175974D-04  -.29121753143931D-04
  0.18623245428874D-05  0.12831038720369D-06  -.41984849966149D-06
  cycle =     11    SCF energy =     -230.2262385187   |dE/dxyz| =  0.000217
    0.77426816967511     -1.31026433433307     -4.12311236127679      h
   -0.36821259451226     -0.95205640975756     -2.75547634887126      o
    0.62971871763280      1.06333790331023     -1.28041949929308      c
    0.27004167995246      2.89102842556969     -2.19677095663147      h
    2.67389093221450      0.86081721471229     -1.01348202646584      h
   -0.62971813770324      1.06333828954361      1.28041980329015      c
   -0.27003989698232      2.89102865564625      2.19677114018055      h
   -2.67389054521356      0.86081879327811      1.01348251682254      h
    0.36821209893104     -0.95205684743173      2.75547620461090      o
   -0.77426420539709     -1.31025777923555      4.12311782469821      h
  -.67989706690325D-06  -.36658930125000D-06  -.21377912246240D-06
  0.62120555692297D-04  -.54852843099796D-04  0.31679647872641D-04
  -.10166598759487D-03  0.52877641952920D-04  -.51085790946669D-04
  -.59059793345696D-06  -.34845383902933D-06  0.50624348827169D-06
  -.95593495654441D-07  -.35764993168224D-06  -.34381749031920D-06
  0.10166900417766D-03  0.52871527115827D-04  0.51094138198363D-04
  0.58937237169933D-06  -.34389470252955D-06  -.51158072234958D-06
  0.91763413936215D-07  -.35947338389393D-06  0.34677366966807D-06
  -.62114689857289D-04  -.54855322487233D-04  -.31686552834616D-04
  0.67606462552893D-06  -.36373006534868D-06  0.21483933714236D-06
  cycle =     13    SCF energy =     -230.2262385187   |dE/dxyz| =  0.000218
    0.77431376442405     -1.31030928573990     -4.12308828005934      h
   -0.36819433835643     -0.95207482121088     -2.75548208706335      o
    0.62972616310365      1.06331843925008     -1.28041636283495      c
    0.27005916941690      2.89100724492717     -2.19677485545973      h
    2.67389634110579      0.86079312788792     -1.01346749049038      h
   -0.62972577125696      1.06331864942134      1.28041653717007      c
   -0.27005763901006      2.89100716921892      2.19677518257885      h
   -2.67389612146412      0.86079451150964      1.01346778421088      h
    0.36819369366831     -0.95207558127187      2.75548159933541      o
   -0.77430995072202     -1.31030331188068      4.12309332346494      h
  -.84116613879031D-06  -.60054181175268D-07  -.60088822628588D-06
  0.62841310211214D-04  -.55033772715526D-04  0.31749042504324D-04
  -.10222680663321D-03  0.53034717757938D-04  -.50822454034286D-04
  -.47107346521900D-06  -.45209011863457D-06  0.17544698927253D-06
  -.76318572795906D-07  -.53614870645916D-06  -.42406236416373D-06
  0.10222625695981D-03  0.53030410023365D-04  0.50826615992611D-04
  0.47046867622660D-06  -.45065047484741D-06  -.17645411875069D-06
  0.76092889924940D-07  -.53657662807698D-06  0.42583828783171D-06
  -.62842265371214D-04  -.55040769755399D-04  -.31757504571647D-04
  0.84349341154686D-06  -.56050680848938D-07  0.60451990546688D-06
  cycle =     14    SCF energy =     -230.2262385190   |dE/dxyz| =  0.000218
    0.77434278400842     -1.31038401790929     -4.12301360375682      h
   -0.36821747196969     -0.95205659568222     -2.75547573854755      o
    0.62971674859295      1.06333837815998     -1.28042076612908      c
    0.27004391771908      2.89102569296969     -2.19677967329664      h
    2.67388854276271      0.86081111925045     -1.01348784832000      h
   -0.62971624857257      1.06333870261154      1.28042102077653      c
   -0.27004241410868      2.89102586726535      2.19677985775481      h
   -2.67388819836380      0.86081244355214      1.01348822704508      h
    0.36821705515473     -0.95205697044240      2.75547562346142      o
   -0.77433940431405     -1.31037847766350      4.12301825186465      h
  -.50785244860369D-06  -.49970077821018D-06  -.41605869010386D-06
  0.62297447071886D-04  -.54621170780875D-04  0.32022481512771D-04
  -.10217465376827D-03  0.53100276423196D-04  -.50888192561131D-04
  -.56038137847585D-06  -.39442346461494D-06  0.30307165715240D-06
  0.90309903874680D-07  -.63297868561435D-06  -.56149032277964D-06
  0.10217709168658D-03  0.53096463960336D-04  0.50893501853735D-04
  0.55918882669208D-06  -.39308216606941D-06  -.30780131563014D-06
  -.92795627373893D-07  -.63438534025233D-06  0.56293215693444D-06
  -.62294144894613D-04  -.54623269058389D-04  -.32024308441872D-04
  0.50578683774339D-06  -.49819458574188D-06  0.41597017662432D-06
$end
