$hessapprox internal
  0.135817807123D-01  0.225447048802D-02  0.620490883155D+00 -0.202428540663D-02
  0.449207558865D-03  0.371754948828D+00  0.174156720051D-02  0.668244436885D-04
  0.289193834074D-03  0.423125648953D+00  0.332746036833D-03 -0.459308799492D-04
  0.103847216262D-03 -0.256712932787D-04  0.419332255408D+00 -0.259623506283D-02
  0.469627688932D-03 -0.902364671110D-03  0.287463513578D-03  0.118228919117D-03
  0.345553185573D+00 -0.144982425694D-02  0.845156997090D-04 -0.356768508326D-03
  0.212749613695D-04  0.410565909103D-04 -0.390454502564D-03  0.347383267271D+00
 -0.594688390599D-03 -0.362417043984D-04 -0.876377587572D-04 -0.468280853688D-04
  0.688039103644D-05 -0.836824576735D-04  0.119468395426D-05  0.320384672484D+00
 -0.368127253154D-02 -0.158130427799D-03 -0.597316048494D-03 -0.238000253272D-03
  0.518923005678D-04 -0.589427980637D-03 -0.343332754224D-04  0.103535028602D-03
  0.346265936978D+00  0.175486031876D-02  0.691889414762D-04  0.289866012066D-03
  0.108603525301D-03 -0.256067536007D-04  0.287657684355D-03  0.202686834070D-04
 -0.476855466686D-04 -0.242892885272D-03  0.423130174253D+00  0.326881814459D-03
 -0.490267003620D-04  0.105250037238D-03 -0.282785551247D-04 -0.134667165783D-04
  0.120357111869D-03  0.427941376990D-04  0.781215466819D-05  0.574555965952D-04
 -0.282396451989D-04  0.419331628831D+00 -0.261757311043D-02  0.468113269297D-03
 -0.905332022665D-03  0.285615586819D-03  0.118445731084D-03 -0.104523398984D-02
 -0.390276754926D-03 -0.829211292728D-04 -0.585358017900D-03  0.285777648680D-03
  0.120608017699D-03  0.345547669253D+00 -0.145039618095D-02  0.833926666202D-04
 -0.355951943176D-03  0.203773689857D-04  0.409103561513D-04 -0.389361390143D-03
 -0.105344075042D-03  0.150695909432D-05 -0.324287078520D-04  0.193634417954D-04
  0.426521607503D-04 -0.389172345637D-03  0.347384640730D+00 -0.591454859446D-03
 -0.385016138352D-04 -0.851272412296D-04 -0.484984289015D-04  0.649786015395D-05
 -0.805776268344D-04  0.273656998936D-05  0.201655976665D-04  0.107047521843D-03
 -0.493666369320D-04  0.743214777777D-05 -0.797965843433D-04  0.304820451463D-05
  0.320385775444D+00 -0.372718849371D-02 -0.156516016990D-03 -0.607735569799D-03
 -0.238158680497D-03  0.530433605120D-04 -0.600648105248D-03 -0.370218785092D-04
  0.103859276261D-03  0.531749965917D-03 -0.243089843020D-03  0.586649661469D-04
 -0.596562200744D-03 -0.350950990788D-04  0.107419453908D-03  0.346267219989D+00
 -0.791797779170D-03  0.228048953201D-02 -0.204453442896D-02  0.176215464397D-02
  0.336269464776D-03 -0.262294928039D-02 -0.146598396162D-02 -0.601812099060D-03
 -0.372490755916D-02  0.177561785713D-02  0.330315866265D-03 -0.264454442926D-02
 -0.146657033806D-02 -0.598556996816D-03 -0.377134271945D-02  0.135950896503D-01
  0.226216413104D-02 -0.392488853712D-05  0.450747397338D-03  0.670459925315D-04
 -0.460887893106D-04  0.471239292059D-03  0.848093456427D-04 -0.363631473050D-04
 -0.158656310389D-03  0.694185074329D-04 -0.491951489513D-04  0.469719784805D-03
  0.836824836415D-04 -0.386307779022D-04 -0.157036223314D-03  0.228827191012D-02
  0.620490801077D+00 -0.205547701516D-02  0.447636177418D-03 -0.777187000352D-03
  0.286995845363D-03  0.104254379723D-03 -0.907109216412D-03 -0.356913502930D-03
 -0.866980703960D-04 -0.592432166628D-03  0.287625115752D-03  0.105705054068D-03
 -0.910039835094D-03 -0.356080700645D-03 -0.841580413870D-04 -0.602841312517D-03
 -0.207609737666D-02  0.449170770226D-03  0.371745253215D+00 -0.255825416958D-02
  0.463305825417D-04 -0.544425051330D-03 -0.430003437215D-04  0.580056416720D-04
 -0.578098979792D-03 -0.122310197078D-03  0.298269105691D-04  0.109934992921D-03
 -0.454206637735D-04  0.613891693649D-04 -0.576787299391D-03 -0.121053870270D-03
  0.324365890398D-04  0.107259763520D-03 -0.258748650815D-02  0.464980469277D-04
 -0.543232358384D-03  0.495193657130D+00 -0.427211095912D-02 -0.218163079968D-02
  0.960958853742D-03 -0.184166926814D-02 -0.220446468468D-03  0.147092607857D-02
  0.121937232457D-02  0.658924691016D-03  0.393065701033D-02 -0.185987851511D-02
 -0.207817471415D-03  0.149504820115D-02  0.122244244661D-02  0.660843010793D-03
  0.397165281677D-02 -0.433670711407D-02 -0.218905730077D-02  0.994781912512D-03
  0.238178284792D-02  0.392889599401D+00 -0.256062393783D-02  0.476401950728D-04
 -0.545977997671D-03 -0.420477562694D-04  0.582373008535D-04 -0.580000606243D-03
 -0.123221767486D-03  0.295129886511D-04  0.107935721042D-03 -0.444623741479D-04
  0.616200495775D-04 -0.578700008631D-03 -0.121964822026D-03  0.321264525267D-04
  0.105232520771D-03 -0.258987450654D-02  0.478121356797D-04 -0.544802048787D-03
 -0.101366532083D-03  0.238115302898D-02  0.495190631489D+00 -0.426531954511D-02
 -0.216521207644D-02  0.948710090279D-03 -0.182859515293D-02 -0.218276912682D-03
  0.145462065898D-02  0.120927242885D-02  0.654385207353D-03  0.390292690478D-02
 -0.184669423211D-02 -0.205708000284D-03  0.147857870267D-02  0.121233209712D-02
  0.656314463863D-03  0.394359690460D-02 -0.432972254541D-02 -0.217258259313D-02
  0.982296895091D-03  0.236338617325D-02  0.899193279517D-02  0.236274639987D-02
  0.392803024134D+00 -0.129036768684D-02 -0.555129961143D-03  0.204305301508D-03
 -0.474926373309D-03 -0.520015469910D-04  0.332316529643D-03  0.302877555546D-03
  0.171030698845D-03  0.101502450265D-02 -0.479775264167D-03 -0.485077580985D-04
  0.338594541851D-03  0.303760191157D-03  0.171722239588D-03  0.102531764971D-02
 -0.130915337406D-02 -0.557018933718D-03  0.213058458363D-03  0.602279073883D-03
  0.249660941602D-02  0.602001013108D-03  0.248409370852D-02  0.402509499237D+00
  0.000000000000D+00  0.000000000000D+00  0.000000000000D+00  0.000000000000D+00
  0.000000000000D+00  0.000000000000D+00  0.000000000000D+00  0.000000000000D+00
  0.000000000000D+00  0.000000000000D+00  0.000000000000D+00  0.000000000000D+00
  0.000000000000D+00  0.000000000000D+00  0.000000000000D+00  0.000000000000D+00
  0.000000000000D+00  0.000000000000D+00  0.000000000000D+00  0.000000000000D+00
  0.000000000000D+00  0.000000000000D+00  0.000000000000D+00  0.000000000000D+00
$end
