$coord
    0.79615953875195     -1.08351049481317     -4.31894140828883  h
   -0.38722760817319     -0.78305263467617     -2.96653073109327  o
    0.78030522263838      0.87722768606850     -1.19753540002109  c
    0.86999692568717      2.79155855656036     -1.98120356398967  h
    2.69646798684794      0.26786794335806     -0.71818403609643  h
   -0.78030517078557      0.87722771773255      1.19753542000251  c
   -0.86999678777010      2.79155860585639      1.98120355545742  h
   -2.69646796734383      0.26786806714239      0.71818405624650  h
    0.38722757559406     -0.78305266121522      2.96653073768276  o
   -0.79615939373860     -1.08351007681296      4.31894166807460  h
$intdef
# definitions of internal coordinates
   1 f  1.0000000000000 tors    2    3    6    9 val=  99.00000
$user-defined bonds
$redundant
     number_of_atoms            10
     degrees_of_freedom         24
     internal_coordinates       25
     frozen_coordinates          1
# definitions of redundant internals
   1 k  1.0000000000000 tors   1    2    3    6 val= 193.09892
   2 k  1.0000000000000 stre   2    1           val=   1.82200
   3 k  1.0000000000000 bend   3    1    2      val= 107.92275
   4 k  1.0000000000000 stre   3    5           val=   2.06707
   5 k  1.0000000000000 stre   3    4           val=   2.07047
   6 k  0.0721661626290 bend   4    5    3      val=   0.84245
       -0.5250386152217 bend   2    5    3
       -0.4910703342658 bend   2    4    3
        0.4754099056606 bend   6    5    3
        0.5019580120901 bend   6    4    3
   7 k  0.0003210288896 bend   4    5    3      val=  -0.09761
       -0.5220547404351 bend   2    5    3
        0.5524943527796 bend   2    4    3
       -0.4745513973832 bend   6    5    3
        0.4438577545994 bend   6    4    3
   8 k -0.8890257852300 bend   4    5    3      val=   1.43398
        0.1809378149508 bend   2    5    3
        0.1977421100482 bend   2    4    3
        0.2694133129710 bend   6    5    3
        0.2553608917290 bend   6    4    3
   9 k -0.0110695366544 bend   4    5    3      val=   1.59980
        0.4639542473162 bend   2    5    3
       -0.4546800321802 bend   2    4    3
       -0.5304884522933 bend   6    5    3
        0.5444924169128 bend   6    4    3
  10 k  1.0000000000000 stre   6    8           val=   2.06707
  11 k  1.0000000000000 stre   6    7           val=   2.07047
  12 k  0.0721662144590 bend   7    8    6      val=   0.84245
       -0.5250386074740 bend   9    8    6
       -0.4910703488398 bend   9    7    6
        0.4754099161585 bend   3    8    6
        0.5019579885417 bend   3    7    6
  13 k  0.0003210441508 bend   7    8    6      val=  -0.09761
       -0.5220547739469 bend   9    8    6
        0.5524943559157 bend   9    7    6
       -0.4745513656585 bend   3    8    6
        0.4438577451873 bend   3    7    6
  14 k -0.8890257805578 bend   7    8    6      val=   1.43398
        0.1809377894857 bend   9    8    6
        0.1977420868206 bend   9    7    6
        0.2694133244334 bend   3    8    6
        0.2553609319320 bend   3    7    6
  15 k -0.0110695254691 bend   7    8    6      val=   1.59980
        0.4639542173401 bend   9    8    6
       -0.4546800201140 bend   9    7    6
       -0.5304884728954 bend   3    8    6
        0.5444924326861 bend   3    7    6
  16 k  1.0000000000000 tors  10    9    6    3 val= 193.09890
  17 k  1.0000000000000 stre   9   10           val=   1.82200
  18 k  1.0000000000000 bend   6   10    9      val= 107.92275
  19 k  1.0000000000000 tors   2    3    6    9 val=  99.00000
  20 k  1.0000000000000 stre   3    2           val=   2.69240
  21 k  1.0000000000000 bend   6    2    3      val= 108.28530
  22 k  1.0000000000000 stre   6    9           val=   2.69240
  23 k  1.0000000000000 bend   3    9    6      val= 108.28530
  24 k  1.0000000000000 stre   3    6           val=   2.85865
  25 f  1.0000000000000 tors   2    3    6    9 val=  99.00000
        24 non zero eigenvalues  of BmBt
           1           4.154324485    1    0
         1
           2           3.839279923    2    0
         2
           3           3.759149410    3    0
         3
           4           3.014438630    4    0
         4
           5           2.922151645    5    0
         5
           6           2.445494827    6    0
         6
           7           2.089530360    7    0
         7
           8           1.726664250    8    0
         8
           9           1.250368636    9    0
         9
          10           1.222640855   10    0
        10
          11           1.038004129   11    0
        11
          12           0.832595486   12    0
        12
          13           0.772878124   13    0
        13
          14           0.730319697   14    0
        14
          15           0.544856525   15    0
        15
          16           0.501806511   16    0
        16
          17           0.352092935   17    0
        17
          18           0.345986689   18    0
        18
          19           0.279414657   20    0
        20
          20           0.254624995   21    0
        21
          21           0.096396812   22    0
        22
          22           0.083550569   23    0
        23
          23           0.066838545   24    0
        24
          24           0.000000000    0    1
         0.000000000         0.000000000         0.000000000         0.000000000
         0.000000000         0.000000000         0.000000000         0.000000000
         0.000000000         0.000000000         0.000000000         0.000000000
         0.000000000         0.000000000         0.000000000         0.000000000
         0.000000000         0.000000000         0.000000000         0.000000000
         0.000000000         0.000000000         0.000000000         0.000000000
         1.000000000
$end
