$energy      SCF               SCFKIN            SCFPOT            MP2
     1 -229.0251803572      228.783930     -457.809110     -.8131297317112
     2 -229.0257771647      228.781377     -457.807154     -.8130931095210
     3 -229.0258177700      228.792848     -457.818666     -.8132138499310
     4 -229.0257518062      228.789512     -457.815264     -.8132886684589
     5 -229.0257252713      228.787541     -457.813266     -.8133164643832
     6 -229.0257250414      228.787724     -457.813449     -.8133167954381
     7 -229.0257245850      228.787709     -457.813433     -.8133172025970
     8 -229.0257245849      228.787712     -457.813437     -.8133172848752
     9 -229.0257245456      228.787711     -457.813435     -.8133172767852
    10 -229.0257243595      228.787714     -457.813439     -.8133174759298
    11 -229.0257243594      228.787715     -457.813439     -.8133174897116
    12 -229.0257243300      228.787711     -457.813435     -.8133175254249
    13 -229.0257242552      228.787711     -457.813435     -.8133175912155
$end
