$grad          cartesian gradients
  cycle =      1 MP2 energy =     -229.8383100889 |dE/dxyz| =  0.009993
    0.60071518363671     -0.82964022417530     -4.46967265382028      h
   -0.37970471420286     -0.79638148550403     -2.93918949556784      o
    0.79923026893102      0.87418390827120     -1.18792703051733      c
    0.90971606337923      2.80295324129591     -1.93611303190985      h
    2.71858799189347      0.25075716699605     -0.71939032735385      h
   -0.79931989995853      0.87410657751308      1.18791702914629      c
   -0.91004205639179      2.80285426605288      1.93608348880467      h
   -2.71861094960873      0.25044337935139      0.71935596843981      h
    0.37982814502002     -0.79625703270975      2.93922673841072      o
   -0.60125737778422     -0.83052770532912      4.46926458229604      h
  -.26499730518523D-02  -.17416462405628D-03  0.11558488417887D-02
  0.60269144336988D-03  -.26935235100467D-03  -.54088656423357D-03
  0.44490062297342D-02  -.43755700851644D-03  0.20266590468030D-02
  0.10528594931083D-02  0.13219883608229D-02  0.27200200972173D-02
  0.20967710197537D-02  -.44100199284081D-03  -.13805620448352D-02
  -.44452462584252D-02  -.43255619941185D-03  -.20247004501890D-02
  -.10515768985191D-02  0.13163099134017D-02  -.27209975875864D-02
  -.21023945661747D-02  -.44169966657159D-03  0.13782371736744D-02
  -.59990647872610D-03  -.26736426794027D-03  0.54112889936597D-03
  0.26477690678361D-02  -.17460222372556D-03  -.11547474119817D-02
  cycle =      2 MP2 energy =     -229.8388702742 |dE/dxyz| =  0.006219
    0.66711757000534     -0.91180360491873     -4.42880592731061      h
   -0.40375255186674     -0.76998981669588     -2.96186957108819      o
    0.77575150905343      0.89034795385689     -1.20368275450973      c
    0.86559118691884      2.81338510334517     -1.96723743918017      h
    2.69904327557566      0.27994636833618     -0.75286328891296      h
   -0.77591249144126      0.89023302540241      1.20366012137831      c
   -0.86593162204689      2.81322170237307      1.96731194862981      h
   -2.69914441915731      0.27967870007812      0.75278832022968      h
    0.40374913407132     -0.77006373583186      2.96177729514592      o
   -0.66736893619808     -0.91246360418308      4.42847656354632      h
  -.94178468706585D-03  -.23685931754969D-03  -.47976441088338D-03
  0.97812667422481D-04  0.13982594969395D-02  -.56693456166901D-03
  0.29259306560787D-02  -.16928153476803D-02  0.11956918278329D-02
  0.62123896978816D-03  0.48074583671731D-03  0.10679753965603D-02
  0.35076766926645D-03  0.48975159221643D-04  -.10697092620617D-02
  -.29265460877590D-02  -.16901883993978D-02  -.11939742961772D-02
  -.62114743926001D-03  0.47999843301927D-03  -.10669524279734D-02
  -.35123034703766D-03  0.49287633830830D-04  0.10683101424959D-02
  -.95544709656892D-04  0.13999377368945D-02  0.56596615544624D-03
  0.94050330768658D-03  -.23734131376163D-03  0.47939143616071D-03
  cycle =      3 MP2 energy =     -229.8390316199 |dE/dxyz| =  0.006963
    0.71140901350394     -1.00674309348928     -4.35547243800823      h
   -0.43281996205059     -0.74383172945348     -2.96132412217204      o
    0.75928794622356      0.91324654130683     -1.21055373831658      c
    0.83206994663424      2.83034031825469     -1.98964534285674      h
    2.68527755765496      0.30892258929174     -0.76700384395153      h
   -0.75948167989368      0.91308265912004      1.21050809760723      c
   -0.83240989468015      2.83009865411083      1.98978162140048      h
   -2.68542095860640      0.30866335810831      0.76688485601049      h
    0.43272975050407     -0.74407244936785      2.96113810547511      o
   -0.71149906437563     -1.00721475611953      4.35524207274020      h
  0.13689225730706D-03  -.18590656839290D-04  -.33925829282744D-03
  -.11877384280394D-02  0.27685778649751D-02  -.26896657176145D-03
  0.21109940491439D-02  -.28791788080209D-02  0.14521739282911D-02
  -.25766413208284D-04  0.15431470536953D-04  0.15238289076858D-03
  -.13570712682842D-03  0.11365360551718D-03  -.21741838353811D-03
  -.21115046749269D-02  -.28793477097615D-02  -.14538877056824D-02
  0.25439380311298D-04  0.15844873394233D-04  -.15177678053946D-03
  0.13689319791643D-03  0.11400177025356D-03  0.21714317440907D-03
  0.11870418005513D-02  0.27684215259685D-02  0.27042278659106D-03
  -.13654404240127D-03  -.18814029811742D-04  0.33918495568885D-03
  cycle =      4 MP2 energy =     -229.8390404747 |dE/dxyz| =  0.006866
    0.71701962857001     -1.03118077246930     -4.33718942568171      h
   -0.43991947676238     -0.73824384635552     -2.96028956853693      o
    0.75749022531792      0.92051987200649     -1.21180440489843      c
    0.82997873248267      2.83625999092010     -1.99446041539574      h
    2.68340531574903      0.31458130934672     -0.76819268373461      h
   -0.75769234391669      0.92035191169723      1.21175821552922      c
   -0.83031496015822      2.83601028739747      1.99460295620782      h
   -2.68356347303472      0.31432469841175      0.76807963586611      h
    0.43982518761139     -0.73850102715009      2.96008461052900      o
   -0.71708618094469     -1.03163033204255      4.33696634804366      h
  0.64667690121478D-04  0.19468418447799D-04  -.46794653846938D-04
  -.15343326276041D-02  0.24653694713086D-02  -.82098130534458D-03
  0.23244378243006D-02  -.26134797084745D-02  0.14881613828317D-02
  -.48960590386726D-04  0.61839734515790D-04  0.43206564918741D-04
  0.92693194275739D-05  0.66651220268721D-04  0.16657009512366D-04
  -.23243610848787D-02  -.26133206322339D-02  -.14886373299379D-02
  0.48831049582532D-04  0.61926374749888D-04  -.42909940203062D-04
  -.89184266776066D-05  0.66680094004012D-04  -.16871297677024D-04
  0.15338198619830D-02  0.24653831868742D-02  0.82144600796497D-03
  -.64453015286237D-04  0.19481744486294D-04  0.46723563072781D-04
  cycle =      5 MP2 energy =     -229.8390417357 |dE/dxyz| =  0.006758
    0.71702626884625     -1.03774632456478     -4.33263705139354      h
   -0.44187562421247     -0.73674091221497     -2.95936716566766      o
    0.75777855862100      0.92325260608614     -1.21194972693716      c
    0.83204552890622      2.83812349810635     -1.99618414569153      h
    2.68293232501821      0.31504623090238     -0.76806266588565      h
   -0.75798242851050      0.92308543506900      1.21190454250183      c
   -0.83237977803932      2.83787570686135      1.99632286697871      h
   -2.68309474851654      0.31479044072304      0.76795699749472      h
    0.44178446724564     -0.73699441144691      2.95916199238703      o
   -0.71709191444416     -1.03820017775930      4.33240962414164      h
  -.51232866331574D-05  0.85800438511807D-05  0.25750910523925D-04
  -.16214385621325D-02  0.22383420488010D-02  -.10297015925920D-02
  0.25487525605019D-02  -.23141016185861D-02  0.15104376534942D-02
  -.89896275072832D-05  0.40113136367204D-04  0.30722415244266D-04
  0.32776583499761D-04  0.26992569617690D-04  0.30287318709132D-04
  -.25485103769181D-02  -.23139249743864D-02  -.15104386094658D-02
  0.89860930186370D-05  0.40049193560598D-04  -.30692084398654D-04
  -.32868310185563D-04  0.26942250034856D-04  -.30419733573706D-04
  0.16213107825696D-02  0.22384079419062D-02  0.10297632512417D-02
  0.51041438915433D-05  0.85993122984629D-05  -.25709530611095D-04
  cycle =      6 MP2 energy =     -229.8390418368 |dE/dxyz| =  0.006726
    0.71646975465780     -1.03730272582377     -4.33286744040405      h
   -0.44186536679235     -0.73665412649756     -2.95897415813436      o
    0.75802109039608      0.92356604835941     -1.21176856008849      c
    0.83316655629989      2.83800141171930     -1.99669789790130      h
    2.68271503815680      0.31432420500841     -0.76782342861302      h
   -0.75822430372234      0.92339933133454      1.21172345978026      c
   -0.83350057064345      2.83775523547302      1.99683392447233      h
   -2.68287658624393      0.31406810329974      0.76772025888770      h
    0.44177552239852     -0.73690440279513      2.95877175981967      o
   -0.71653847959269     -1.03776098831567      4.33263735010964      h
  0.89516685308766D-06  -.23423284871704D-05  -.26386851281757D-05
  -.16093367405983D-02  0.22272206278462D-02  -.99564036001443D-03
  0.25748330315625D-02  -.22312851861561D-02  0.15710439221450D-02
  0.15378838827962D-05  0.13086565298082D-05  0.11223372861746D-04
  -.39550310586556D-05  0.51192267535027D-05  -.23864953108133D-06
  -.25746870257799D-02  -.22313330701782D-02  -.15712231678326D-02
  -.15320378809469D-05  0.13027116216868D-05  -.11248834401512D-04
  0.39504705173776D-05  0.51220483542336D-05  0.22311454217494D-06
  0.16091941696290D-02  0.22272301388169D-02  0.99585643468370D-03
  -.89988697205001D-06  -.23429215674220D-05  0.26428509314336D-05
  cycle =      7 MP2 energy =     -229.8390417876 |dE/dxyz| =  0.006721
    0.71646655743887     -1.03719318333599     -4.33290558722913      h
   -0.44186611846096     -0.73665573919409     -2.95899430052015      o
    0.75800580271198      0.92357684598410     -1.21174034705889      c
    0.83319280524473      2.83795273516886     -1.99682598681904      h
    2.68268692518485      0.31425400515906     -0.76778308452738      h
   -0.75820908669351      0.92341021278968      1.21169517856535      c
   -0.83352681644846      2.83770661806384      1.99696211793185      h
   -2.68284858142216      0.31399796810836      0.76768020016318      h
    0.44177630825484     -0.73690595870033      2.95879170203236      o
   -0.71653514089586     -1.03765141228120      4.33267537539023      h
  -.11989076442731D-05  -.94534406525071D-06  -.28810586316652D-06
  -.16067768725998D-02  0.22247990422661D-02  -.10058462817168D-02
  0.25595433588741D-02  -.22244171189452D-02  0.15958338836979D-02
  0.47403400027513D-06  0.51067640294278D-06  0.50038758114823D-06
  -.85726098308925D-06  0.56055265096333D-07  0.13191877866192D-05
  -.25593973840947D-02  -.22244589525457D-02  -.15960284256007D-02
  -.46761518607275D-06  0.52159870689295D-06  -.49932940804354D-06
  0.85452974563083D-06  0.55953455868618D-07  -.13146509552642D-05
  0.16066227479090D-02  0.22248146031352D-02  0.10060469346094D-02
  0.12033697807112D-05  -.93661021405289D-06  0.27640045319188D-06
  cycle =      8 MP2 energy =     -229.8390418698 |dE/dxyz| =  0.006723
    0.79620137155198     -1.08367974720994     -4.31885484876315      h
   -0.38723537853112     -0.78303752413178     -2.96653045003690      o
    0.78030203273378      0.87723669475366     -1.19754566960664      c
    0.87000698367778      2.79157281661943     -1.98120237154664      h
    2.69645618510407      0.26786891578178     -0.71817736358926      h
   -0.78030188049098      0.87723681999715      1.19754572562376      c
   -0.87000633083313      2.79157299911452      1.98120238426590      h
   -2.69645617719922      0.26786951138566      0.71817742871157      h
    0.38723519618429     -0.78303772345695      2.96653035378137      o
   -0.79620095208213     -1.08367839910929      4.31885563126535      h
  -.66375785667816D-06  -.20272644347674D-05  0.13786064423371D-06
  -.15884342080588D-02  0.22258638995156D-02  -.10356404881611D-02
  0.25297780105915D-02  -.22248264959308D-02  0.16424645123232D-02
  0.34912902668882D-06  0.77872102144383D-06  0.54402716220814D-06
  -.96838887619910D-06  0.21445865305836D-06  0.11629516567524D-05
  -.25297898623160D-02  -.22248329194481D-02  -.16424601557338D-02
  -.34707162310799D-06  0.78314530016499D-06  -.54909423141680D-06
  0.97168491031141D-06  0.21497128466219D-06  -.11629049266881D-05
  0.15884383897351D-02  0.22258506088955D-02  0.10356347423244D-02
  0.66607414961339D-06  -.20192120762097D-05  -.13144928523445D-06
  cycle =      9 MP2 energy =     -229.8390418224 |dE/dxyz| =  0.006721
    0.79616254980278     -1.08349013117908     -4.31898228204265      h
   -0.38719683507879     -0.78308704624993     -2.96653650960970      o
    0.78031608371485      0.87718904666630     -1.19753173367955      c
    0.87002230082857      2.79152189255332     -1.98119296228510      h
    2.69647045489587      0.26782721550479     -0.71814948682198      h
   -0.78031578144999      0.87718935051688      1.19753188129351      c
   -0.87002166408772      2.79152238544553      1.98119271411583      h
   -2.69647025895631      0.26782776004597      0.71814975186442      h
    0.38719686375480     -0.78308660619753      2.96653687669680      o
   -0.79616266330874     -1.08348950336202      4.31898257057378      h
  -.14706526605401D-05  0.32123000970330D-06  -.70356190695620D-06
  -.15877905335024D-02  0.22232627620973D-02  -.10357982663978D-02
  0.25292172431541D-02  -.22237865717862D-02  0.16456401096658D-02
  0.20954323276534D-06  -.11052958104329D-07  0.18910940191574D-06
  -.41811188244978D-06  0.21520399218211D-06  0.95533683114324D-06
  -.25292130744683D-02  -.22238035351800D-02  -.16456249591091D-02
  -.20815484191861D-06  -.70837553600711D-08  -.19380424887139D-06
  0.41793889238306D-06  0.21383106219020D-06  -.95387298004734D-06
  0.15877907489426D-02  0.22232793291943D-02  0.10357897432165D-02
  0.14650530646421D-05  0.31579959025585D-06  0.70016605491219D-06
  cycle =     10 MP2 energy =     -229.8390418354 |dE/dxyz| =  0.006724
    0.79618384251348     -1.08356415665702     -4.31892060831134      h
   -0.38721521186341     -0.78307045507223     -2.96652897116211      o
    0.78031095085949      0.87720840478419     -1.19753292754495      c
    0.87000915512574      2.79154000168205     -1.98119804158959      h
    2.69647001166680      0.26784726094589     -0.71816635270495      h
   -0.78031070146510      0.87720863491607      1.19753301794778      c
   -0.87000852606287      2.79154033768386      1.98119793502736      h
   -2.69646988566896      0.26784783257759      0.71816649626415      h
    0.38721513823305     -0.78307030440416      2.96652914261319      o
   -0.79618372322289     -1.08356319271202      4.31892112956583      h
  -.11885880724094D-06  -.14578951803568D-05  0.52595866550931D-06
  -.15900040633028D-02  0.22250013630938D-02  -.10361672374781D-02
  0.25298641255302D-02  -.22236214290894D-02  0.16466302345449D-02
  0.50978604670959D-07  0.37982348377597D-07  0.31139962897164D-06
  0.68729494984154D-07  0.42689841439625D-07  0.56971455525412D-06
  -.25298604894490D-02  -.22236313345694D-02  -.16466200592105D-02
  -.50054397737753D-07  0.39764906922812D-07  -.31285566270967D-06
  -.68526017749093D-07  0.43110499170496D-07  -.56962126149251D-06
  0.15899956391721D-02  0.22249969068060D-02  0.10361539556518D-02
  0.12251901093663D-06  -.14512459838301D-05  -.52148908169514D-06
  cycle =     11 MP2 energy =     -229.8390418491 |dE/dxyz| =  0.006724
    0.79615924196997     -1.08353807223993     -4.31892526871987      h
   -0.38723212003948     -0.78304451514499     -2.96652686836246      o
    0.78030401476688      0.87723434830073     -1.19753740966617      c
    0.86999761345758      2.79156598665253     -1.98120294958733      h
    2.69646585293213      0.26787331889620     -0.71818179135142      h
   -0.78030397675250      0.87723436049838      1.19753743713282      c
   -0.86999746728646      2.79156602180598      1.98120295155327      h
   -2.69646585188803      0.26787344375932      0.71818181739474      h
    0.38723207050776     -0.78304457526714      2.96652682816818      o
   -0.79615905595963     -1.08353760806035      4.31892555141273      h
  -.46078622961687D-06  -.79567227828647D-06  0.75233381746642D-07
  -.15896685296060D-02  0.22244337741322D-02  -.10356597689132D-02
  0.25298949292232D-02  -.22237310135722D-02  0.16465352712384D-02
  0.41678763995634D-07  0.54297895513145D-07  0.32867084631683D-06
  0.79941254949034D-07  0.42807807187906D-07  0.57322963720186D-06
  -.25298929229614D-02  -.22237443707676D-02  -.16465248840737D-02
  -.42536997701959D-07  0.56114885182978D-07  -.33022259060544D-06
  -.79358294602372D-07  0.41289577312753D-07  -.57300628925061D-06
  0.15896654116476D-02  0.22244388213020D-02  0.10356496375294D-02
  0.46217315041730D-06  -.79613665815437D-06  -.74161562668706D-07
  cycle =     12 MP2 energy =     -229.8390418554 |dE/dxyz| =  0.006723
    0.79614749578522     -1.08346585487833     -4.31897625986016      h
   -0.38721713062432     -0.78306317013379     -2.96653381406647      o
    0.78030847994126      0.87721603082573     -1.19753377183280      c
    0.87000345632267      2.79154734641582     -1.98120040556466      h
    2.69646944799043      0.26785669403765     -0.71817457534480      h
   -0.78030841519166      0.87721607313263      1.19753380314129      c
   -0.87000331718317      2.79154742364112      1.98120036713250      h
   -2.69646941227959      0.26785681071060      0.71817461556615      h
    0.38721711403227     -0.78306314478851      2.96653386001010      o
   -0.79614739708489     -1.08346549976219      4.31897647879334      h
  -.77847130164344D-06  0.63585359555418D-06  -.60535502610648D-06
  -.15892047211956D-02  0.22226263886491D-02  -.10360273991159D-02
  0.25299656390665D-02  -.22234434319470D-02  0.16478525165350D-02
  0.98129765424559D-07  0.16848470618669D-07  0.45272755988535D-07
  -.11240449682148D-06  0.16647691303273D-06  0.42860390903066D-06
  -.25299626698829D-02  -.22234496437443D-02  -.16478491182499D-02
  -.98738810017096D-07  0.17943734498260D-07  -.47914003653560D-07
  0.11187557813486D-06  0.16574998440433D-06  -.42836445030003D-06
  0.15892030143432D-02  0.22226300053942D-02  0.10360279993753D-02
  0.77834663869680D-06  0.63372153857877D-06  0.60375796584466D-06
  cycle =     13 MP2 energy =     -229.8390418464 |dE/dxyz| =  0.006725
    0.79615953875195     -1.08351049481317     -4.31894140828883      h
   -0.38722760817319     -0.78305263467617     -2.96653073109327      o
    0.78030522263838      0.87722768606850     -1.19753540002109      c
    0.86999692568717      2.79155855656036     -1.98120356398967      h
    2.69646798684794      0.26786794335806     -0.71818403609643      h
   -0.78030517078557      0.87722771773255      1.19753542000251      c
   -0.86999678777010      2.79155860585639      1.98120355545742      h
   -2.69646796734383      0.26786806714239      0.71818405624650      h
    0.38722757559406     -0.78305266121522      2.96653073768276      o
   -0.79615939373860     -1.08351007681296      4.31894166807460      h
  -.84676194944677D-08  -.81100827942215D-06  0.27871531083079D-06
  -.15903753570461D-02  0.22240148425103D-02  -.10364813413268D-02
  0.25303082598960D-02  -.22233190646133D-02  0.16479425460767D-02
  0.55195810255704D-07  0.46643977125171D-07  0.11000073429912D-06
  0.23902457790825D-08  0.70315404721022D-07  0.25252996560532D-06
  -.25303060264283D-02  -.22233226707433D-02  -.16479400383635D-02
  -.55519033814733D-07  0.47317372686706D-07  -.11158713064674D-06
  -.28037661081726D-08  0.70246446437494D-07  -.25251980179108D-06
  0.15903721358468D-02  0.22240130519773D-02  0.10364796317095D-02
  0.10192498400841D-07  -.80976163574498D-06  -.27793674606258D-06
$end
