$hessapprox internal
  0.294086485120D-01  0.876022954790D-03  0.615007043130D+00 -0.386958061267D-02
  0.191454098510D-02  0.359932938174D+00  0.595157444322D-03  0.267230796745D-03
 -0.153356315694D-02  0.426510207118D+00 -0.980874205188D-04 -0.100465794919D-03
  0.587534897177D-03  0.574455579066D-04  0.423803374959D+00  0.350475577238D-02
 -0.149796858883D-02  0.919468806078D-02  0.123637129927D-02 -0.470020079353D-03
  0.339558985745D+00 -0.174668022961D-02  0.657921269348D-03 -0.405652401775D-02
 -0.558882123295D-03  0.210923405310D-03  0.317697046120D-02  0.346139452745D+00
 -0.220899150005D-03 -0.171615950364D-03  0.998963452528D-03  0.940493188478D-04
 -0.403816871165D-04 -0.800680192059D-03  0.359955714640D-03  0.321223456218D+00
 -0.379529722645D-02  0.492145172607D-03 -0.325205173738D-02 -0.608372834669D-03
  0.211622288447D-03  0.247954574527D-02 -0.106082761044D-02  0.368751457223D-03
  0.345474035922D+00  0.591186575039D-03  0.266410871911D-03 -0.152904540617D-02
 -0.127013907389D-03  0.573157057528D-04  0.123266666130D-02 -0.557181185892D-03
  0.938464979823D-04 -0.606214411330D-03  0.426510658817D+00 -0.979327246084D-04
 -0.979966020290D-04  0.572897489584D-03  0.558611740014D-04 -0.236691075019D-04
 -0.458374747182D-03  0.205724888309D-03 -0.392990168739D-04  0.206728085457D-03
  0.557353165090D-04  0.423804645334D+00  0.352535414813D-02 -0.150336651623D-02
  0.922851802134D-02  0.124143594701D-02 -0.471886210058D-03 -0.724016262943D-02
  0.318847009181D-02 -0.803884023949D-03  0.248739660878D-02  0.123771512216D-02
 -0.460195694132D-03  0.339506244744D+00 -0.174355998154D-02  0.655309734930D-03
 -0.404075562230D-02 -0.556955288849D-03  0.210168667892D-03  0.316451780389D-02
 -0.139117265973D-02  0.358679350458D-03 -0.105609803830D-02 -0.555259745552D-03
  0.204989245132D-03  0.317597063726D-02  0.346150472982D+00 -0.223115397058D-03
 -0.172295965921D-03  0.100280450070D-02  0.943194404025D-04 -0.405126842849D-04
 -0.803797290528D-03  0.361373359692D-03 -0.670587316864D-04  0.370395042991D-03
  0.941162932975D-04 -0.394262658434D-04 -0.807014222126D-03  0.360092261783D-03
  0.321223032751D+00 -0.377105385194D-02  0.486567689049D-03 -0.321683761362D-02
 -0.602913380986D-03  0.209630045487D-03  0.245222238193D-02 -0.104892635794D-02
  0.365322726692D-03 -0.447232628846D-03 -0.600772736766D-03  0.204783725135D-03
  0.245997860631D-02 -0.104424585434D-02  0.366952083478D-03  0.345489359202D+00
  0.151511783848D-01  0.873423875600D-03 -0.385742898122D-02  0.593978341403D-03
 -0.979623925179D-04  0.349403973679D-02 -0.174144848453D-02 -0.220550471338D-03
 -0.378508069902D-02  0.590016521836D-03 -0.978050557578D-04  0.351457931482D-02
 -0.173833934635D-02 -0.222761940647D-03 -0.376090557419D-02  0.293339599248D-01
  0.880300939740D-03 -0.308966029043D-03  0.191023292496D-02  0.267047810396D-03
 -0.100350696045D-03 -0.149442207522D-02  0.656287199612D-03 -0.171438995336D-03
  0.490005779613D-03  0.266227656682D-03 -0.978851633099D-04 -0.149980428630D-02
  0.653680746400D-03 -0.172118803842D-03  0.484445625802D-03  0.877691995180D-03
  0.615008621488D+00 -0.386886008710D-02  0.191530647355D-02 -0.117028012895D-01
 -0.153400290979D-02  0.587720747512D-03  0.919827044047D-02 -0.405813129941D-02
  0.999272209545D-03 -0.325366051920D-02 -0.152948416007D-02  0.573078403710D-03
  0.923211461171D-02 -0.404235714684D-02  0.100311426212D-02 -0.321843122862D-02
 -0.385670934031D-02  0.191099752653D-02  0.359923983417D+00  0.167447887441D-02
 -0.180586178532D-02  0.108615056386D-01  0.129544877918D-02 -0.511443432126D-03
 -0.859093378105D-02  0.381350760198D-02 -0.863283406259D-03  0.333620625891D-02
  0.129189080363D-02 -0.498435084378D-03 -0.862343965777D-02  0.379911127277D-02
 -0.866443542142D-03  0.330204398575D-02  0.166802009996D-02 -0.180252619478D-02
  0.108654077430D-01  0.482664270065D+00 -0.134429438223D-01 -0.950265639479D-03
  0.446276018151D-02 -0.413675858701D-03  0.407826652218D-04 -0.392739363287D-02
  0.191428138301D-02  0.118373801484D-03  0.370433026998D-02 -0.410448256547D-03
  0.418402628304D-04 -0.394882226226D-02  0.191016441280D-02  0.120067234520D-03
  0.367948631247D-02 -0.134100649392D-01 -0.953788621307D-03  0.446247395021D-02
 -0.240570609100D-02  0.394663714060D+00  0.168271848711D-02 -0.182144610830D-02
  0.109546956782D-01  0.130615336797D-02 -0.515722737566D-03 -0.866481504762D-02
  0.384637753669D-02 -0.870485118404D-03  0.336584221834D-02  0.130256689890D-02
 -0.502604639151D-03 -0.869760332002D-02  0.383185846888D-02 -0.873671070496D-03
  0.333138215209D-02  0.167621970428D-02 -0.181808402073D-02  0.109586304427D-01
 -0.994499372877D-02 -0.242079598243D-02  0.482495808867D+00 -0.134913840328D-01
 -0.954045159734D-03  0.448094966551D-02 -0.414936785578D-03  0.408361130727D-04
 -0.394322236862D-02  0.192192754949D-02  0.118643652591D-03  0.371837972020D-02
 -0.411698135900D-03  0.418999481482D-04 -0.396473470943D-02  0.191779299100D-02
  0.120342643115D-03  0.369343936006D-02 -0.134583871107D-01 -0.957580301316D-03
  0.448066311681D-02 -0.241625114269D-02  0.118554082602D-01 -0.243141124822D-02
  0.394748659556D+00 -0.449830793490D-02  0.778158078981D-03 -0.501058782891D-02
 -0.847025251938D-03  0.302097054582D-03  0.385831280335D-02 -0.166763713142D-02
  0.522981020951D-03 -0.923768053926D-03 -0.844147441707D-03  0.294965693027D-03
  0.387117980711D-02 -0.166052175623D-02  0.525227694157D-03 -0.910857986953D-03
 -0.448595966408D-02  0.775329069096D-03 -0.501288613444D-02  0.498308064825D-02
  0.448509574352D-02  0.502689167300D-02  0.450228067980D-02  0.396384771614D+00
  0.000000000000D+00  0.000000000000D+00  0.000000000000D+00  0.000000000000D+00
  0.000000000000D+00  0.000000000000D+00  0.000000000000D+00  0.000000000000D+00
  0.000000000000D+00  0.000000000000D+00  0.000000000000D+00  0.000000000000D+00
  0.000000000000D+00  0.000000000000D+00  0.000000000000D+00  0.000000000000D+00
  0.000000000000D+00  0.000000000000D+00  0.000000000000D+00  0.000000000000D+00
  0.000000000000D+00  0.000000000000D+00  0.000000000000D+00  0.000000000000D+00
$end
