$coord
    0.80012729038545      0.03711964101186     -4.72198359605576  h
   -0.36944781836550     -0.19792704775919     -3.34598921043841  o
    0.96893844869062      0.20464410090917     -1.04896810134342  c
    2.00727020529532      1.99261063012134     -1.07228276290593  h
    2.31186374234119     -1.32644253072005     -0.68320224693792  h
   -0.96893806741767      0.20464466484133      1.04896785111061  c
   -2.00726868354920      1.99261189322423      1.07228236512078  h
   -2.31186436847779     -1.32644097093185      0.68320134083357  h
    0.36944725826645     -0.19792803380686      3.34598914087378  o
   -0.80013140710557      0.03710579333119      4.72198270843481  h
$intdef
# definitions of internal coordinates
   1 f  1.0000000000000 tors    2    3    6    9 val= 162.00000
$user-defined bonds
$redundant
     number_of_atoms            10
     degrees_of_freedom         24
     internal_coordinates       25
     frozen_coordinates          1
# definitions of redundant internals
   1 k  1.0000000000000 tors   1    2    3    6 val= 171.91473
   2 k  1.0000000000000 stre   2    1           val=   1.82113
   3 k  1.0000000000000 bend   3    1    2      val= 107.84717
   4 k  1.0000000000000 stre   3    4           val=   2.06773
   5 k  1.0000000000000 stre   3    5           val=   2.06917
   6 k  0.0852435960863 bend   5    4    3      val=   1.00261
       -0.5105026475449 bend   2    4    3
       -0.5078525847493 bend   2    5    3
        0.5012314872670 bend   6    4    3
        0.4722005130360 bend   6    5    3
   7 k  0.0257068916635 bend   5    4    3      val=   0.66906
       -0.5449920751971 bend   2    4    3
        0.5347392615917 bend   2    5    3
       -0.4517310584322 bend   6    4    3
        0.4607773504128 bend   6    5    3
   8 k -0.8842156640793 bend   5    4    3      val=   2.84060
        0.1766338908892 bend   2    4    3
        0.1954326267137 bend   2    5    3
        0.2592393133685 bend   6    4    3
        0.2855944586403 bend   6    5    3
   9 k -0.0055829460580 bend   5    4    3      val=   0.76665
       -0.4460172998228 bend   2    4    3
        0.4670178733433 bend   2    5    3
        0.5339748844390 bend   6    4    3
       -0.5457128619872 bend   6    5    3
  10 k  1.0000000000000 stre   6    7           val=   2.06773
  11 k  1.0000000000000 stre   6    8           val=   2.06917
  12 k  0.0852438320123 bend   8    7    6      val=   1.00262
       -0.5105030604732 bend   9    7    6
       -0.5078521693562 bend   9    8    6
        0.5012314522502 bend   3    7    6
        0.4722005079484 bend   3    8    6
  13 k  0.0257072656227 bend   8    7    6      val=   0.66909
       -0.5449918611975 bend   9    7    6
        0.5347396869058 bend   9    8    6
       -0.4517311102278 bend   3    7    6
        0.4607770382984 bend   3    8    6
  14 k -0.8842156923824 bend   8    7    6      val=   2.84059
        0.1766334813650 bend   9    7    6
        0.1954327163549 bend   9    8    6
        0.2592393204407 bend   3    7    6
        0.2855945565329 bend   3    8    6
  15 k -0.0055828663284 bend   8    7    6      val=   0.76664
       -0.4460170518221 bend   9    7    6
        0.4670178550325 bend   9    8    6
        0.5339747319135 bend   3    7    6
       -0.5457132304117 bend   3    8    6
  16 k  1.0000000000000 tors  10    9    6    3 val= 171.91520
  17 k  1.0000000000000 stre   9   10           val=   1.82113
  18 k  1.0000000000000 bend   6   10    9      val= 107.84716
  19 k  1.0000000000000 tors   2    3    6    9 val= 162.00000
  20 k  1.0000000000000 stre   3    2           val=   2.68880
  21 k  1.0000000000000 bend   6    2    3      val= 106.84555
  22 k  1.0000000000000 stre   6    9           val=   2.68880
  23 k  1.0000000000000 bend   3    9    6      val= 106.84557
  24 k  1.0000000000000 stre   3    6           val=   2.85599
  25 f  1.0000000000000 tors   2    3    6    9 val= 162.00000
        24 non zero eigenvalues  of BmBt
           1           3.970594292    1    0
         1
           2           3.756052629    2    0
         2
           3           3.727681869    3    0
         3
           4           3.078193783    4    0
         4
           5           3.005258513    5    0
         5
           6           2.438167357    6    0
         6
           7           2.139612663    7    0
         7
           8           1.681303182    8    0
         8
           9           1.245594184    9    0
         9
          10           1.171951620   10    0
        10
          11           1.049427493   11    0
        11
          12           0.868543360   12    0
        12
          13           0.770164692   13    0
        13
          14           0.756665547   14    0
        14
          15           0.583354614   15    0
        15
          16           0.394092330   16    0
        16
          17           0.354950812   17    0
        17
          18           0.339187199   18    0
        18
          19           0.281480058   20    0
        20
          20           0.254767473   21    0
        21
          21           0.137237574   22    0
        22
          22           0.067449974   23    0
        23
          23           0.065635159   24    0
        24
          24           0.000000000    0    1
         0.000000000         0.000000000         0.000000000         0.000000000
         0.000000000         0.000000000         0.000000000         0.000000000
         0.000000000         0.000000000         0.000000000         0.000000000
         0.000000000         0.000000000         0.000000000         0.000000000
         0.000000000         0.000000000         0.000000000         0.000000000
         0.000000000         0.000000000         0.000000000         0.000000000
         1.000000000
$end
