$energy      SCF               SCFKIN            SCFPOT            MP2
     1 -229.0289360004      228.763247     -457.792183     -.8120298102168
     2 -229.0291315096      228.791435     -457.820566     -.8121734489130
     3 -229.0290151442      228.793866     -457.822882     -.8123674621426
     4 -229.0289924964      228.790133     -457.819125     -.8123928601244
     5 -229.0289758787      228.789529     -457.818505     -.8124099862614
     6 -229.0289738603      228.789367     -457.818341     -.8124120434234
     7 -229.0289735672      228.789462     -457.818436     -.8124123539098
     8 -229.0289735527      228.789463     -457.818437     -.8124123298738
     9 -229.0289735649      228.789458     -457.818432     -.8124123453760
    10 -229.0289735392      228.789452     -457.818426     -.8124123786134
    11 -229.0289735392      228.789452     -457.818425     -.8124123806605
    12 -229.0289735989      228.789453     -457.818427     -.8124123198632
    13 -229.0289735577      228.789454     -457.818427     -.8124123654071
$end
