$grad          cartesian gradients
  cycle =      1 MP2 energy =     -229.8409658106 |dE/dxyz| =  0.008915
    0.81624568193871     -0.19892712536483     -4.73369230278927      h
   -0.37163683281581     -0.19186277743138     -3.35761336476900      o
    0.96640523951299      0.21049244163270     -1.05645054064387      c
    1.96569327668450      2.02527740641534     -1.06738276227826      h
    2.35313282511632     -1.28991902694238     -0.71312320142255      h
   -0.96638047980956      0.21058545705190      1.05644723231129      c
   -1.96552442875636      2.02543317459013      1.06736714076999      h
   -2.35322693656224     -1.28973470512529      0.71311106630472      h
    0.37162412752366     -0.19179873821469      3.35762541580486      o
   -0.81641378971236     -0.19995073943415      4.73356819729218      h
  -.23123526241933D-02  -.92762899741497D-03  -.92985837764736D-04
  0.31250807666066D-02  -.10622656268267D-02  -.32767412073103D-02
  -.19724477222338D-02  0.73910437368974D-03  0.42658768458084D-03
  -.41468722460558D-03  0.13117316497211D-02  0.83671149113523D-03
  0.20436552626819D-02  -.62100623554606D-04  -.71170978083648D-03
  0.19721965626931D-02  0.74643203352043D-03  -.42550494643373D-03
  0.41813348159114D-03  0.13078078128443D-02  -.83505239492460D-03
  -.20474778418924D-02  -.64884086262484D-04  0.70967564771515D-03
  -.31232080432586D-02  -.10598917021225D-02  0.32750319256802D-02
  0.23111073829729D-02  -.92830480642514D-03  0.93987420643593D-04
  cycle =      2 MP2 energy =     -229.8413049585 |dE/dxyz| =  0.004073
    0.80490037706645     -0.08702131491906     -4.72371726916401      h
   -0.37343564622303     -0.21183737332892     -3.34202192302961      o
    0.96895501909313      0.19052880552549     -1.04999044964945      c
    1.98952671703076      1.99082902266530     -1.06549644709836      h
    2.32958090645154     -1.32739351697862     -0.69778478467108      h
   -0.96892189474416      0.19057755733293      1.04997663697081      c
   -1.98936666155323      1.99094618990841      1.06553621528407      h
   -2.32965338185779     -1.32723723988364      0.69769817886534      h
    0.37341343467181     -0.21193563580013      3.34201453315061      o
   -0.80508018681563     -0.08786112734440      4.72364218992175      h
  -.73525379493855D-03  -.45113667475594D-03  -.11170470053479D-03
  0.14433571272239D-02  -.15161660582819D-02  0.50245891304446D-03
  -.53162950804797D-03  0.11258536473950D-02  -.88797828857873D-04
  -.21805637242123D-03  0.55721384678264D-03  0.46130089901442D-03
  0.53599182209174D-03  0.28278603062670D-03  -.63937083197579D-03
  0.53160088906123D-03  0.11291407788400D-02  0.87713627352798D-04
  0.21874555022805D-03  0.55618580684813D-03  -.46001174660992D-03
  -.53652325290221D-03  0.28249366207289D-03  0.63832120286822D-03
  -.14435102011188D-02  -.15139790558774D-02  -.50149858723181D-03
  0.73527774057114D-03  -.45239193840518D-03  0.11158905185971D-03
  cycle =      3 MP2 energy =     -229.8413826063 |dE/dxyz| =  0.004372
    0.79610147681361      0.00753770736629     -4.72233100244121      h
   -0.37017113809672     -0.22938646881340     -3.34335534321536      o
    0.96901576945328      0.17288041829089     -1.04879754767273      c
    2.00650342446308      1.96159377681496     -1.06787108068080      h
    2.31216628536440     -1.35746129434182     -0.68630338987278      h
   -0.96900079748346      0.17287125747493      1.04878024012384      c
   -2.00636492084797      1.96165833353690      1.06799511716095      h
   -2.31225486871740     -1.35734277690722      0.68613767924718      h
    0.37013294443002     -0.22968390084703      3.34331617258877      o
   -0.79620949225899      0.00692831460287      4.72228603534221      h
  0.86890902256886D-04  0.14978469337346D-04  -.21508503776246D-03
  0.36830718054670D-03  -.21038872358243D-02  0.98882067615857D-03
  -.30881471513089D-03  0.18378608480967D-02  -.56147933732620D-03
  -.91319550277191D-06  0.32171056945973D-04  0.20095494311861D-03
  -.20061407555305D-03  0.21780645078806D-03  -.21757948836870D-03
  0.30927588994967D-03  0.18389099450714D-02  0.56167483950681D-03
  0.11695416279878D-06  0.32837490429038D-04  -.20058309475945D-03
  0.20144757825724D-03  0.21813581706365D-03  0.21704059266914D-03
  -.36872756034789D-03  -.21032310393638D-02  -.98854184721997D-03
  -.86968959152944D-04  0.14418284632112D-04  0.21477775587941D-03
  cycle =      4 MP2 energy =     -229.8413853565 |dE/dxyz| =  0.004230
    0.79669873349788      0.01036926429865     -4.72307429900691      h
   -0.37010807600265     -0.22987299930193     -3.34560736644843      o
    0.96865699850432      0.17245073698757     -1.04938157450592      c
    2.00673599114239      1.96065064322489     -1.07047950286850      h
    2.31201994622792     -1.35841494740623     -0.68507587798645      h
   -0.96865441494443      0.17242351805237      1.04936348538156      c
   -2.00660367918448      1.96069752450155      1.07062988057833      h
   -2.31212663534979     -1.35830815642830      0.68489490987227      h
    0.37006828262531     -0.23022204374421      3.34555542183992      o
   -0.79676846339662      0.00982182699301      4.72303180372420      h
  -.30827795733490D-04  0.11692132148022D-05  -.58320825337521D-04
  0.34723642520440D-03  -.20510824731839D-02  0.35356392825481D-03
  -.41929851491052D-03  0.20099578182109D-02  -.50252096877870D-03
  0.38129375323770D-05  0.47935232054819D-05  0.11406567348260D-03
  -.24886188231044D-04  0.34660315496815D-04  -.55987965587145D-04
  0.41959802083502D-03  0.20107915563070D-02  0.50327816242918D-03
  -.40096407065704D-05  0.49107294133321D-05  -.11397065326085D-03
  0.25082610672467D-04  0.34591169491893D-04  0.55518402820420D-04
  -.34735717573486D-03  -.20507526738645D-02  -.35381116820510D-03
  0.30649321642429D-04  0.96092310059026D-06  0.58185415431566D-04
  cycle =      5 MP2 energy =     -229.8413858650 |dE/dxyz| =  0.004120
    0.79738897685287      0.00899888745639     -4.72245678852626      h
   -0.37064202208373     -0.22947835946982     -3.34579925946130      o
    0.96856107005343      0.17290182952678     -1.04936029328631      c
    2.00680815617927      1.96091682963408     -1.07245560011402      h
    2.31183684946425     -1.35814280722955     -0.68415721254439      h
   -0.96856813683834      0.17286090354944      1.04934050001430      c
   -2.00668180954482      1.96095077812254      1.07262613807836      h
   -2.31195710420525     -1.35804410453603      0.68396607003024      h
    0.37060088471172     -0.22986705705112      3.34573726329478      o
   -0.79742818146956      0.00849846717466      4.72241606309467      h
  -.19079138450895D-04  0.36247576831183D-05  0.11073083058477D-04
  0.25666881618047D-03  -.20012893277723D-02  0.22550990292558D-03
  -.38410117495813D-03  0.20158902269082D-02  -.38879858009083D-03
  -.65688812833642D-06  -.21147905937546D-05  0.23123542196690D-04
  0.24515898595645D-04  -.16187762451825D-04  0.97880730665079D-05
  0.38424932330994D-03  0.20160528022152D-02  0.38943661122776D-03
  0.72111183380130D-06  -.21577463260591D-05  -.23190127118156D-04
  -.24545386892338D-04  -.16261774880011D-04  -.10010625496881D-04
  -.25672380922792D-03  -.20011301400686D-02  -.22586927387813D-03
  0.18951247380272D-04  0.35738569977295D-05  -.11062604520884D-04
  cycle =      6 MP2 energy =     -229.8413859037 |dE/dxyz| =  0.004061
    0.79803217369373      0.00633341930592     -4.72241641223178      h
   -0.37092378688037     -0.22882224287747     -3.34591549855997      o
    0.96845524875409      0.17356675805898     -1.04943476961780      c
    2.00673264676210      1.96156730077533     -1.07313356690886      h
    2.31165921752107     -1.35744425102000     -0.68432872102664      h
   -0.96846596273552      0.17352109951378      1.04941381357324      c
   -2.00660951516357      1.96159677702530      1.07331260005002      h
   -2.31178418786263     -1.35734821468159      0.68413423719570      h
    0.37088222338693     -0.22922615683492      3.34584933368920      o
   -0.79805937435598      0.00585087791204      4.72237586441697      h
  -.18857674874972D-05  -.38885017994428D-06  -.20052325586661D-05
  0.23550036869313D-03  -.19899049490075D-02  0.20582374677058D-03
  -.36747298684059D-03  0.19854414133503D-02  -.33440089051087D-03
  -.16386870749230D-06  0.12286661501548D-05  -.17717070388557D-05
  0.75050954051470D-05  0.36370446330203D-05  0.28493635373383D-05
  0.36760602527641D-03  0.19853209312187D-02  0.33477197969975D-03
  0.17177553424119D-06  0.12482948217318D-05  0.17267118709863D-05
  -.74944929755461D-05  0.36550005915181D-05  -.28833921000837D-05
  -.23565030936723D-03  -.19898305241932D-02  -.20609162066521D-03
  0.18841600155639D-05  -.40692586705804D-06  0.19810405595955D-05
  cycle =      7 MP2 energy =     -229.8413859211 |dE/dxyz| =  0.004071
    0.79802082868104      0.00632169644656     -4.72235552574720      h
   -0.37095406849761     -0.22878135865411     -3.34585687826496      o
    0.96846250590845      0.17360940309964     -1.04941020312432      c
    2.00683007323783      1.96155381617351     -1.07310325988094      h
    2.31153673032268     -1.35750196328190     -0.68432103258725      h
   -0.96847352445018      0.17356313055042      1.04938899692419      c
   -2.00670732933019      1.96158260552909      1.07328366820887      h
   -2.31166211349400     -1.35740634190816      0.68412573278550      h
    0.37091225620473     -0.22918761323360      3.34579030644900      o
   -0.79804667546291      0.00584199245593      4.72231507581718      h
  0.12056834446383D-05  -.91549602343477D-07  -.11071700400933D-05
  0.23107993364579D-03  -.19942052396036D-02  0.21643002101523D-03
  -.36090578736481D-03  0.19919743625388D-02  -.33105826607904D-03
  0.12106349926988D-05  -.21957928719729D-06  -.10278743418080D-05
  0.25384239510373D-06  0.25559198046921D-05  0.42770659697267D-06
  0.36105395962549D-03  0.19918916590457D-02  0.33135977548321D-03
  -.12115243301913D-05  -.20454539129133D-06  0.10123563343734D-05
  -.24060134862225D-06  0.25715786788894D-05  -.45696719935817D-06
  -.23125160943760D-03  -.19942342393120D-02  -.21669362964172D-03
  -.11945312627937D-05  -.38265366264500D-07  0.11140499980300D-05
  cycle =      8 MP2 energy =     -229.8413858826 |dE/dxyz| =  0.004071
    0.80013194374946      0.03713286849372     -4.72198025845320      h
   -0.36944598251483     -0.19793576704008     -3.34598807306276      o
    0.96893465041729      0.20463489853645     -1.04896901408383      c
    2.00724612156775      1.99261662720148     -1.07230175715912      h
    2.31190341759410     -1.32640578505990     -0.68319612477614      h
   -0.96893416176646      0.20463535141994      1.04896895848167      c
   -2.00724501311260      1.99261751899263      1.07230083010219      h
   -2.31190328351484     -1.32640481090838      0.68319536343283      h
    0.36944565496119     -0.19793549040792      3.34598824201250      o
   -0.80013380991022      0.03712853584249      4.72197992769752      h
  0.15725100475095D-05  0.38948873221090D-06  -.80715881267679D-06
  0.23205384155389D-03  -.19952246147796D-02  0.21590024561213D-03
  -.36164739235955D-03  0.19913754740161D-02  -.33106658984175D-03
  0.71593651851387D-06  0.25582921114875D-06  -.90530223695318D-06
  0.76947693283813D-06  0.31876380250928D-05  0.50412759133867D-06
  0.36155147951256D-03  0.19910033353714D-02  0.33107106182079D-03
  -.72312609233904D-06  0.17404845920055D-06  0.83183194521386D-06
  -.73916935727780D-06  0.31096695654043D-05  -.49300655363682D-06
  -.23199257364492D-03  -.19948136697499D-02  -.21586403185214D-03
  -.15609834442820D-05  0.54290255507849D-06  0.82882330199041D-06
  cycle =      9 MP2 energy =     -229.8413859103 |dE/dxyz| =  0.004075
    0.80013032511773      0.03710229062097     -4.72197894943012      h
   -0.36945109856476     -0.19791818418561     -3.34598468773311      o
    0.96893731413996      0.20465161751131     -1.04896760324947      c
    2.00726249862685      1.99262406288200     -1.07228848642981      h
    2.31188303505793     -1.32641628510513     -0.68319960894351      h
   -0.96893688151245      0.20465172721115      1.04896756260454      c
   -2.00726220308087      1.99262431255803      1.07228897186758      h
   -2.31188248795287     -1.32641572421613      0.68319773392357      h
    0.36945006445734     -0.19792176320527      3.34598457525083      o
   -0.80013102881804      0.03710189299911      4.72197858633117      h
  0.34651088443027D-06  -.29199358259069D-06  -.76746717869725D-07
  0.23193065064486D-03  -.19954952661532D-02  0.21546492951252D-03
  -.36020774467183D-03  0.19947821311768D-02  -.33157366626521D-03
  0.61947657403749D-06  0.53539117139678D-07  -.19101093040597D-06
  0.86321942704970D-06  0.88904548434243D-06  0.23948212818370D-06
  0.36025334105361D-03  0.19949244344715D-02  0.33165156116916D-03
  -.71143736724011D-06  0.63056571519837D-07  0.16216509407530D-06
  -.78081127741214D-06  0.86280138589245D-06  -.23680496186174D-06
  -.23197949818776D-03  -.19956446069700D-02  -.21552223915755D-03
  -.33370707708258D-06  -.14303975826024D-06  0.82329513428903D-07
  cycle =     10 MP2 energy =     -229.8413859178 |dE/dxyz| =  0.004079
    0.80012039190672      0.03715587532548     -4.72198365383746      h
   -0.36944505848051     -0.19792866323672     -3.34598843901166      o
    0.96894007218662      0.20464483165633     -1.04896702154184      c
    2.00727311808145      1.99261112115965     -1.07228074321366      h
    2.31186668183811     -1.32644188886967     -0.68319826282389      h
   -0.96893861423614      0.20464733137628      1.04896684083345      c
   -2.00727155193774      1.99261385707515      1.07227646635234      h
   -2.31186542704520     -1.32643981602932      0.68320070014781      h
    0.36944534672172     -0.19792315108299      3.34598931731228      o
   -0.80012542156421      0.03714444969624      4.72198288997430      h
  -.53591792914531D-06  0.95931194588061D-06  0.24629435202428D-06
  0.23267786620007D-03  -.19975986980350D-02  0.21432663417364D-03
  -.35950176830069D-03  0.19969743710414D-02  -.33182804223320D-03
  0.32120620119258D-06  -.24431251244295D-07  0.18115624400572D-06
  0.42048760340307D-06  -.36208349785127D-06  0.13741903076570D-06
  0.35953695206015D-03  0.19970531090012D-02  0.33181276131361D-03
  -.35988518032326D-06  -.27647664602171D-07  -.24899757472552D-06
  -.39495110781829D-06  -.38389042522624D-06  -.67472273546088D-07
  -.23264713307292D-03  -.19973209929247D-02  -.21429036218290D-03
  0.48314320233445D-06  0.73105319092770D-06  -.26939389075054D-06
  cycle =     11 MP2 energy =     -229.8413859199 |dE/dxyz| =  0.004078
    0.80012036788332      0.03715008978443     -4.72198373075083      h
   -0.36944521127730     -0.19793508640746     -3.34598873431680      o
    0.96893985459363      0.20463672244781     -1.04896698360023      c
    2.00727323965171      1.99260283036375     -1.07227952600637      h
    2.31186615260725     -1.32645047996838     -0.68319909786396      h
   -0.96893896046115      0.20463827921323      1.04896675995751      c
   -2.00727156186071      1.99260498649976      1.07227743741151      h
   -2.31186604005260     -1.32644838630560      0.68319958161228      h
    0.36944478361520     -0.19793388927901      3.34598906731399      o
   -0.80012602463605      0.03713307387262      4.72198271493502      h
  -.43846107411483D-06  0.52056936061806D-06  0.25112359791635D-06
  0.23254827124219D-03  -.19971128130760D-02  0.21436813570919D-03
  -.35955870219029D-03  0.19967986207722D-02  -.33189369278916D-03
  0.26716833545493D-06  0.60412377766994D-07  0.16885607712069D-06
  0.47461838859064D-06  -.29067233908719D-06  0.12239039171025D-06
  0.35960516468947D-03  0.19969338634587D-02  0.33189751140067D-03
  -.30197775169327D-06  0.70017793341037D-07  -.20062379085806D-06
  -.45293275752201D-06  -.29204124230020D-06  -.80840770411150D-07
  -.23256927315618D-03  -.19971085248311D-02  -.21436928308294D-03
  0.42612427231248D-06  0.42066920291628D-06  -.26357758819984D-06
  cycle =     12 MP2 energy =     -229.8413859188 |dE/dxyz| =  0.004076
    0.80013710273692      0.03705884430433     -4.72198258533556      h
   -0.36945404918998     -0.19791061569129     -3.34598873303966      o
    0.96893636204989      0.20465918685342     -1.04896977071825      c
    2.00726802323894      1.99262575407930     -1.07228483689982      h
    2.31186280634529     -1.32642743573623     -0.68320737390644      h
   -0.96893646779707      0.20465877344124      1.04896954337921      c
   -2.00726704706851      1.99262598707859      1.07228637353194      h
   -2.31186387175345     -1.32642651146999      0.68320484407098      h
    0.36945303281417     -0.19791529215205      3.34598817927328      o
   -0.80013929131290      0.03704944951383      4.72198184833644      h
  0.75899651896805D-07  -.11802598787747D-05  0.25451576401991D-07
  0.23212592396682D-03  -.19955089494590D-02  0.21451514479942D-03
  -.35945996408548D-03  0.19967456475453D-02  -.33180750190329D-03
  0.44326818660068D-07  -.63375007908206D-07  0.16632296928609D-06
  0.22822715362025D-06  0.67260197411656D-08  -.10231309144348D-06
  0.35948090923554D-03  0.19968346818171D-02  0.33185402072222D-03
  -.63904590508201D-07  -.58754641596437D-07  -.16217727488721D-06
  -.22095468787953D-06  0.18426069559041D-08  0.86032639068367D-07
  -.23216726144515D-03  -.19957292139772D-02  -.21455469675402D-03
  -.43202068589210D-07  -.10482435180426D-05  -.20282313162312D-07
  cycle =     13 MP2 energy =     -229.8413859231 |dE/dxyz| =  0.004078
    0.80012729038545      0.03711964101186     -4.72198359605576      h
   -0.36944781836550     -0.19792704775919     -3.34598921043841      o
    0.96893844869062      0.20464410090917     -1.04896810134342      c
    2.00727020529532      1.99261063012134     -1.07228276290593      h
    2.31186374234119     -1.32644253072005     -0.68320224693792      h
   -0.96893806741767      0.20464466484133      1.04896785111061      c
   -2.00726868354920      1.99261189322423      1.07228236512078      h
   -2.31186436847779     -1.32644097093185      0.68320134083357      h
    0.36944725826645     -0.19792803380686      3.34598914087378      o
   -0.80013140710557      0.03710579333119      4.72198270843481      h
  -.30252362037686D-06  0.91349705538812D-06  -.25657144409053D-07
  0.23260451218032D-03  -.19974969595882D-02  0.21461114997745D-03
  -.35933726326265D-03  0.19965305207948D-02  -.33173425042834D-03
  0.79214379500314D-07  -.23147044281302D-08  0.60762654074953D-07
  0.14625001965030D-06  0.40631697562077D-07  0.11695018120594D-07
  0.35935701792544D-03  0.19965614984885D-02  0.33174094160041D-03
  -.84387919319084D-07  -.46406483100725D-08  -.88918576279795D-07
  -.14918073620862D-06  0.31974134895307D-07  0.62151049307069D-08
  -.23259514025398D-03  -.19974038449697D-02  -.21459780177668D-03
  0.28150113573489D-06  0.82973917525653D-06  0.15863228064461D-07
$end
