$hessapprox internal
  0.312404775235D-01 -0.742930606836D-03  0.615411666748D+00  0.181677495707D-02
  0.240515090411D-03  0.372279055084D+00 -0.231156229786D-03  0.410036497692D-03
 -0.155352317019D-03  0.425932124858D+00  0.966286931683D-03  0.136583190264D-02
 -0.354953926190D-03 -0.585825824327D-03  0.422937785955D+00 -0.783506831635D-03
 -0.671031351464D-03  0.145485594586D-03  0.297602357986D-03  0.965453270295D-03
  0.346658895221D+00  0.158997379124D-02 -0.195626461880D-03  0.212625409388D-03
  0.291239645969D-04  0.270910701684D-03 -0.164023550047D-03  0.348109468196D+00
  0.205903941728D-02  0.995456956762D-03 -0.131885032477D-03 -0.469908109890D-03
 -0.143742607107D-02  0.683471206733D-03  0.333137762858D-03  0.320672853005D+00
 -0.279803366590D-02 -0.509166032145D-03 -0.958707714866D-04  0.295658772518D-03
  0.745351002266D-03 -0.323600189669D-03 -0.345155407459D-03  0.356363838448D-03
  0.346319302927D+00 -0.195026877200D-03  0.480283098218D-03 -0.174878135287D-03
 -0.189048997911D-03 -0.686627616679D-03  0.347459025299D-03  0.416983368575D-04
 -0.544835890567D-03  0.335864681134D-03  0.425867469666D+00  0.105534740019D-02
  0.132024539290D-02 -0.331751384498D-03 -0.570118222261D-03 -0.189669615320D-02
  0.931423099627D-03  0.274018845338D-03 -0.138051805927D-02  0.703741025051D-03
 -0.667686401954D-03  0.423066031305D+00 -0.815836763499D-03 -0.653218449999D-03
  0.136650458336D-03  0.291386319387D-03  0.940132985344D-03 -0.456466482007D-03
 -0.164990629157D-03  0.661416325543D-03 -0.307681864469D-03  0.339976791172D-03
  0.906625491770D-03  0.346685206801D+00 -0.459438840645D-04 -0.588230146500D-03
  0.187523900710D-03  0.240566371671D-03  0.842604279413D-03 -0.421310967393D-03
 -0.795953798073D-04  0.646322017855D-03 -0.372068749786D-03  0.283580096937D-03
  0.817365232257D-03 -0.411390094439D-03  0.347621080126D+00  0.206419016900D-02
  0.102123021498D-02 -0.139807668534D-03 -0.480547961229D-03 -0.147436291481D-02
  0.701884180015D-03  0.336939492017D-03 -0.975974249596D-03  0.372233206374D-03
 -0.557363767697D-03 -0.141632657393D-02  0.679386277102D-03  0.661910933638D-03
  0.320615982911D+00 -0.251900883773D-02 -0.690366544720D-03 -0.106621277586D-04
  0.360471034280D-03  0.100320904212D-02 -0.457748983488D-03 -0.340310585835D-03
  0.577045295409D-03 -0.966555575710D-04  0.413610971685D-03  0.955924992602D-03
 -0.439553804633D-03 -0.474173244861D-03  0.597464207592D-03  0.345984831297D+00
  0.147655468127D-01 -0.617034570804D-03  0.158335827154D-02 -0.217195259345D-03
  0.797927088541D-03 -0.662581302177D-03  0.140020088331D-02  0.176867922480D-02
 -0.243359083929D-02 -0.188045825744D-03  0.877594441453D-03 -0.691546591747D-03
 -0.192493256189D-04  0.177227206206D-02 -0.218262374975D-02  0.273802643224D-01
 -0.739376251860D-03 -0.976492212650D-03  0.249228641545D-03  0.420370595964D-03
  0.140261315086D-02 -0.689521330067D-03 -0.198546960455D-03  0.102410436065D-02
 -0.526188908688D-03  0.492490476891D-03  0.135596379312D-02 -0.671289765871D-03
 -0.603568067926D-03  0.105055391065D-02 -0.711715948754D-03 -0.613002182621D-03
  0.615359618685D+00  0.183132477232D-02  0.237012998996D-03  0.941315690772D-04
 -0.154389925431D-03 -0.350023384553D-03  0.142756491764D-03  0.213636185790D-03
 -0.126945669398D-03 -0.100130550505D-03 -0.173675637804D-03 -0.326864895103D-03
  0.133941022998D-03  0.185768207742D-03 -0.134788262880D-03 -0.151714932253D-04
  0.159623262124D-02  0.245655368589D-03  0.372284084846D+00  0.321654692782D-03
  0.548378112247D-04  0.122258794350D-04 -0.324863468290D-04 -0.803930067894D-04
  0.345497424154D-04  0.392071443448D-04 -0.368859533855D-04 -0.908984640028D-05
 -0.368384614241D-04 -0.757660872059D-04  0.327813577653D-04  0.405549417188D-04
 -0.386125914080D-04  0.810022540540D-05  0.279891245360D-03  0.566987734766D-04
  0.127048319722D-04  0.495980343949D+00 -0.212872522748D-03 -0.476261892185D-03
  0.135385060907D-03  0.200343341656D-03  0.683235618017D-03 -0.338498862284D-03
 -0.820394882278D-04  0.510361563450D-03 -0.277015096713D-03  0.235358896139D-03
  0.661542039542D-03 -0.329999498338D-03 -0.290864254161D-03  0.523134477255D-03
 -0.363930552201D-03 -0.169519498085D-03 -0.488918891990D-03  0.133789045010D-03
  0.300206985919D-04  0.383422914084D+00  0.192080363382D-03  0.315623522702D-05
  0.169505693560D-04 -0.737122907966D-05 -0.563398768160D-05 -0.596615981698D-06
  0.196405064346D-04  0.106564332917D-04 -0.244638149938D-04 -0.780884020816D-05
 -0.412405036222D-05 -0.115970397713D-05  0.646050656407D-05  0.104075575083D-04
 -0.192790322514D-04  0.168197623275D-03  0.349909935672D-05  0.171505581158D-04
  0.285601872921D-05  0.331649917132D-05  0.495981219305D+00 -0.664239243780D-03
 -0.387149314286D-03  0.640745125145D-04  0.178426585133D-03  0.558246069782D-03
 -0.267846886233D-03 -0.115885831221D-03  0.378702735082D-03 -0.157431023578D-03
  0.207419992762D-03  0.537092053424D-03 -0.259632320760D-03 -0.248118684802D-03
  0.389508809936D-03 -0.239956875055D-03 -0.568212135059D-03 -0.398105272300D-03
  0.622891679634D-04  0.165334630793D-04 -0.197238006979D-03 -0.265646710021D-05
  0.383509915306D+00 -0.301316971720D-03 -0.564727947179D-04 -0.978897570294D-05
  0.325063207488D-04  0.826162977813D-04 -0.360255918487D-04 -0.373786323198D-04
  0.401892339475D-04  0.523282706818D-05  0.369559282103D-04  0.780658636699D-04
 -0.342840251787D-04 -0.410525883539D-04  0.419415739365D-04 -0.117463623281D-04
 -0.262011930116D-03 -0.583485906587D-04 -0.102524777691D-04 -0.863663129743D-06
 -0.306418379861D-04 -0.261505638766D-05 -0.176485370792D-04  0.400102105248D+00
  0.000000000000D+00  0.000000000000D+00  0.000000000000D+00  0.000000000000D+00
  0.000000000000D+00  0.000000000000D+00  0.000000000000D+00  0.000000000000D+00
  0.000000000000D+00  0.000000000000D+00  0.000000000000D+00  0.000000000000D+00
  0.000000000000D+00  0.000000000000D+00  0.000000000000D+00  0.000000000000D+00
  0.000000000000D+00  0.000000000000D+00  0.000000000000D+00  0.000000000000D+00
  0.000000000000D+00  0.000000000000D+00  0.000000000000D+00  0.000000000000D+00
$end
