$coord
    0.74593988709127     -0.10850021384947     -4.74996005993169  h
   -0.37114370082871     -0.32187471470537     -3.33090878108027  o
    0.95035950212379      0.34293055835320     -1.07804981915730  c
    1.86485005864140      2.19141668855727     -1.26017530279343  h
    2.40737554570058     -1.06021386933975     -0.63180523776486  h
   -0.95035947024214      0.34293053296808      1.07804986970842  c
   -1.86485007269378      2.19141664993477      1.26017534322568  h
   -2.40737550260407     -1.06021391398999      0.63180526089252  h
    0.37114372054855     -0.32187472076390      3.33090882317942  o
   -0.74593993514504     -0.10850031042430      4.74996005628412  h
$user-defined bonds
$intdef
# definitions of internal coordinates
   1 f  1.0000000000000 tors    2    3    6    9 val= 150.00000
$redundant
     number_of_atoms            10
     degrees_of_freedom         24
     internal_coordinates       25
     frozen_coordinates          1
# definitions of redundant internals
   1 k  1.0000000000000 tors   1    2    3    6 val= 172.25210
   2 k  1.0000000000000 stre   2    1           val=   1.81855
   3 k  1.0000000000000 bend   3    1    2      val= 108.79194
   4 k  1.0000000000000 stre   3    4           val=   2.07035
   5 k  1.0000000000000 stre   3    5           val=   2.07144
   6 k  0.0728564984779 bend   5    4    3      val=   0.80409
       -0.5084794683564 bend   2    4    3
       -0.5085941081646 bend   2    5    3
        0.5087061654266 bend   6    4    3
        0.4676437012157 bend   6    5    3
   7 k  0.0351537165456 bend   5    4    3      val=   0.95822
       -0.5471400858401 bend   2    4    3
        0.5301882147664 bend   2    5    3
       -0.4494215387739 bend   6    4    3
        0.4651050204941 bend   6    5    3
   8 k -0.8871984910880 bend   5    4    3      val=   2.16480
        0.1778048906407 bend   2    4    3
        0.2014244124609 bend   2    5    3
        0.2453657145879 bend   6    4    3
        0.2837043010688 bend   6    5    3
   9 k -0.0089760014511 bend   5    4    3      val=   1.19053
       -0.4433495914667 bend   2    4    3
        0.4723139633924 bend   2    5    3
        0.5317607397694 bend   6    4    3
       -0.5454453288541 bend   6    5    3
  10 k  1.0000000000000 stre   6    7           val=   2.07035
  11 k  1.0000000000000 stre   6    8           val=   2.07144
  12 k  0.0728564307593 bend   8    7    6      val=   0.80408
       -0.5084794673533 bend   9    7    6
       -0.5085941047638 bend   9    8    6
        0.5087061788129 bend   3    7    6
        0.4676437019935 bend   3    8    6
  13 k  0.0351537348717 bend   8    7    6      val=   0.95822
       -0.5471400688824 bend   9    7    6
        0.5301881838098 bend   9    8    6
       -0.4494215667359 bend   3    7    6
        0.4651050473270 bend   3    8    6
  14 k -0.8871984920167 bend   8    7    6      val=   2.16480
        0.1778049161824 bend   9    7    6
        0.2014244583668 bend   9    8    6
        0.2453656766027 bend   3    7    6
        0.2837042824167 bend   3    8    6
  15 k -0.0089759998134 bend   8    7    6      val=   1.19053
       -0.4433496154378 bend   9    7    6
        0.4723139952240 bend   9    8    6
        0.5317607122235 bend   3    7    6
       -0.5454453086879 bend   3    8    6
  16 k  1.0000000000000 tors  10    9    6    3 val= 172.25210
  17 k  1.0000000000000 stre   9   10           val=   1.81855
  18 k  1.0000000000000 bend   6   10    9      val= 108.79194
  19 k  1.0000000000000 tors   2    3    6    9 val= 150.00000
  20 k  1.0000000000000 stre   3    2           val=   2.69513
  21 k  1.0000000000000 bend   6    2    3      val= 107.62527
  22 k  1.0000000000000 stre   6    9           val=   2.69513
  23 k  1.0000000000000 bend   3    9    6      val= 107.62527
  24 k  1.0000000000000 stre   3    6           val=   2.87428
  25 f  1.0000000000000 tors   2    3    6    9 val= 150.00000
        24 non zero eigenvalues  of BmBt
           1           3.952481812    1    0
         1
           2           3.794891657    2    0
         2
           3           3.716901632    3    0
         3
           4           3.040536546    4    0
         4
           5           2.996889615    5    0
         5
           6           2.446241742    6    0
         6
           7           2.139497397    7    0
         7
           8           1.688898024    8    0
         8
           9           1.249785723    9    0
         9
          10           1.182879573   10    0
        10
          11           1.054187067   11    0
        11
          12           0.873951340   12    0
        12
          13           0.767389244   13    0
        13
          14           0.751262109   14    0
        14
          15           0.571504038   15    0
        15
          16           0.411066061   16    0
        16
          17           0.354822859   17    0
        17
          18           0.341460837   18    0
        18
          19           0.283558265   20    0
        20
          20           0.253580177   21    0
        21
          21           0.130245377   22    0
        22
          22           0.066962386   23    0
        23
          23           0.066708005   24    0
        24
          24           0.000000000    0    1
         0.000000000         0.000000000         0.000000000         0.000000000
         0.000000000         0.000000000         0.000000000         0.000000000
         0.000000000         0.000000000         0.000000000         0.000000000
         0.000000000         0.000000000         0.000000000         0.000000000
         0.000000000         0.000000000         0.000000000         0.000000000
         0.000000000         0.000000000         0.000000000         0.000000000
         1.000000000
$end
