$energy      SCF               SCFKIN            SCFPOT
     1 -230.2246455391      229.3108952730     -459.5355408120
     2 -230.2250392274      229.2887381044     -459.5137773318
     3 -230.2251325922      229.2901359125     -459.5152685047
     4 -230.2251379221      229.2911851011     -459.5163230232
     5 -230.2251387274      229.2914368577     -459.5165755851
     6 -230.2251388057      229.2913799816     -459.5165187873
     7 -230.2251388081      229.2913437487     -459.5164825568
     8 -230.2251388522      229.2913966068     -459.5165354590
     9 -230.2251388527      229.2913413410     -459.5164801937
    10 -230.2251388528      229.2913369650     -459.5164758178
    11 -230.2251388528      229.2913405434     -459.5164793961
    12 -230.2251388528      229.2913362948     -459.5164751476
    13 -230.2251388528      229.2913263696     -459.5164652224
$end
