$hessapprox internal
  0.183763358473D-01 -0.824711952657D-03  0.618699037862D+00  0.276421863279D-02
  0.533028581266D-02  0.336338618605D+00  0.140630522549D-03 -0.708801224020D-03
  0.441409881930D-02  0.423424699968D+00 -0.877263623621D-03  0.194140416767D-02
 -0.118084605148D-01  0.127991144034D-02  0.419806931737D+00  0.300778072372D-04
 -0.408395200054D-02  0.258797464322D-01 -0.300827418155D-02  0.782028202622D-02
  0.327545808330D+00  0.470297109899D-03 -0.265681641261D-02  0.165780103640D-01
 -0.187861329334D-02  0.482998969045D-02 -0.113244198734D-01  0.339305493441D+00
  0.282706829777D-02  0.306110963096D-02 -0.210296195359D-01  0.275063137461D-02
 -0.748961606460D-02  0.159188391976D-01  0.103153793088D-01  0.308540198293D+00
 -0.953014730235D-03 -0.397490182239D-03  0.306619990671D-02 -0.459114883695D-03
  0.130726662015D-02 -0.256643178126D-02 -0.171516511025D-02  0.163554234912D-02
  0.344375202667D+00  0.159941083453D-03 -0.742487341734D-03  0.461665130972D-02
 -0.520046526222D-03  0.133352614972D-02 -0.314048251651D-02 -0.195979868664D-02
  0.288021829460D-02 -0.482211220921D-03  0.423380828117D+00 -0.845278936980D-03
  0.191351706355D-02 -0.116499370979D-01  0.126489870098D-02 -0.318930911104D-02
  0.772446773722D-02  0.477303861228D-02 -0.738377937214D-02  0.128652872892D-02
  0.131795066774D-02  0.419877149945D+00  0.751978436362D-04 -0.399396788947D-02
  0.252833096354D-01 -0.293402556953D-02  0.762181793049D-02 -0.175623424710D-01
 -0.110455458250D-01  0.155639633826D-01 -0.251451304663D-02 -0.306283100771D-02
  0.752866134139D-02  0.328406908446D+00  0.410252604598D-03 -0.266217421479D-02
  0.166463638052D-01 -0.189301364239D-02  0.487457461296D-02 -0.113992379635D-01
 -0.713147506435D-02  0.103416792366D-01 -0.171245713659D-02 -0.197501537698D-02
  0.481678053521D-02 -0.111191938535D-01  0.339199255461D+00  0.280582800764D-02
  0.300334510368D-02 -0.206511645472D-01  0.270431200330D-02 -0.736662646098D-02
  0.156458072068D-01  0.101413113141D-01 -0.119616416035D-01  0.160143259880D-02
  0.283179711067D-02 -0.726240364332D-02  0.152973081672D-01  0.101667794104D-01
  0.308990393481D+00 -0.927173080569D-03 -0.399797510402D-03  0.306603525854D-02
 -0.456321362611D-03  0.129693151068D-02 -0.255459117886D-02 -0.170500403431D-02
  0.164220834575D-02 -0.157198722393D-03 -0.479216071777D-03  0.127644778884D-02
 -0.250268364753D-02 -0.170260820959D-02  0.160814791275D-02  0.344367228511D+00
  0.423812014268D-02 -0.818338906707D-03  0.276265512716D-02  0.133527874265D-03
 -0.850730949167D-03  0.377208286105D-06  0.444491609636D-03  0.280833848729D-02
 -0.942154224265D-03  0.152319238207D-03 -0.819406218152D-03  0.454930689730D-04
  0.385272449391D-03  0.278698976586D-02 -0.916700843182D-03  0.182416526780D-01
 -0.844069172409D-03 -0.771565010993D-03  0.537588857299D-02 -0.716185993730D-03
  0.196290980017D-02 -0.412447383566D-02 -0.268434923006D-02  0.308407724692D-02
 -0.398949932838D-03 -0.750255890338D-03  0.193466340864D-02 -0.403371586003D-02
 -0.268960405178D-02  0.302579587103D-02 -0.401347265983D-03 -0.837456685283D-03
  0.618688155575D+00  0.273628599869D-02  0.543304135162D-02 -0.360184254384D-01
  0.448506122592D-02 -0.119896998495D-01  0.263094281392D-01  0.168455164512D-01
 -0.214277008879D-01  0.313352108044D-02  0.469064940499D-02 -0.118290901005D-01
  0.257023026300D-01  0.169160363753D-01 -0.210425904180D-01  0.313291030287D-02
  0.273586070968D-02  0.547973429670D-02  0.335057339421D+00 -0.597964073721D-02
 -0.156689629241D-02  0.133596047247D-01 -0.219656858350D-02  0.642312162758D-02
 -0.120112510744D-01 -0.818647571602D-02  0.664762903689D-02 -0.378915884649D-03
 -0.231139846214D-02  0.631483600788D-02 -0.117844419948D-01 -0.815257090374D-02
  0.649564649564D-02 -0.407047373915D-03 -0.590485268692D-02 -0.156687393667D-02
  0.136842798016D-01  0.490260847470D+00 -0.295559383319D-02  0.383029939820D-03
 -0.736611134804D-03 -0.231596867360D-03  0.953432896059D-03 -0.828481864524D-03
 -0.831247281575D-03 -0.122686059469D-02  0.539249538156D-03 -0.250791678904D-03
  0.927168193392D-03 -0.839915496241D-03 -0.793372432478D-03 -0.122452962359D-02
  0.522035339392D-03 -0.291033251075D-02  0.394503888939D-03 -0.698143542977D-03
  0.356714619569D-02  0.382478622615D+00 -0.601169672986D-02 -0.148562220677D-02
  0.128625870751D-01 -0.214217453127D-02  0.628546273572D-02 -0.116798867810D-01
 -0.798128109782D-02  0.633366618064D-02 -0.324661160854D-03 -0.225470994528D-02
  0.617870835358D-02 -0.114614326360D-01 -0.794555859910D-02  0.618686923009D-02
 -0.353199848929D-03 -0.593586509665D-02 -0.148471168318D-02  0.131795502700D-01
  0.608686438464D-03  0.360403240357D-02  0.490785028487D+00 -0.294358615050D-02
  0.341667797573D-03 -0.481202491580D-03 -0.260028413840D-03  0.102595063696D-02
 -0.100079036251D-02 -0.938436522176D-03 -0.106668994342D-02  0.512073532499D-03
 -0.280437005358D-03  0.998855244442D-03 -0.100792908302D-02 -0.901441730339D-03
 -0.106703197795D-02  0.495043080518D-03 -0.289879398365D-02  0.352700929748D-03
 -0.438695282615D-03  0.343582341580D-02  0.197646311862D-02  0.347579629972D-02
  0.382445042807D+00  0.411392255052D-02 -0.274922725556D-02  0.150778250428D-01
 -0.131286389887D-02  0.292576745276D-02 -0.862698726293D-02 -0.499843810278D-02
  0.103472259760D-01 -0.214156547735D-02 -0.135806156972D-02  0.291013880829D-02
 -0.837455201377D-02 -0.509158464925D-02  0.101956968681D-01 -0.211126877033D-02
  0.403504111338D-02 -0.278714400529D-02  0.152578760933D-01 -0.114693499043D-01
 -0.321227982188D-02 -0.113405076113D-01 -0.328371523567D-02  0.385895604449D+00
  0.000000000000D+00  0.000000000000D+00  0.000000000000D+00  0.000000000000D+00
  0.000000000000D+00  0.000000000000D+00  0.000000000000D+00  0.000000000000D+00
  0.000000000000D+00  0.000000000000D+00  0.000000000000D+00  0.000000000000D+00
  0.000000000000D+00  0.000000000000D+00  0.000000000000D+00  0.000000000000D+00
  0.000000000000D+00  0.000000000000D+00  0.000000000000D+00  0.000000000000D+00
  0.000000000000D+00  0.000000000000D+00  0.000000000000D+00  0.000000000000D+00
$end
