$coord
    0.77455531773564     -1.28801111995644     -4.09869532841454  h
   -0.37167577646701     -0.95449638332584     -2.72396922038851  o
    0.63551833978519      1.06576640003412     -1.27163772977649  c
    0.28465733916331      2.88583416226402     -2.19906457318628  h
    2.67401992335805      0.85289490966087     -0.98713893459942  h
   -0.63551758921006      1.06576683673168      1.27163809352341  c
   -0.28465494713953      2.88583428089741      2.19906497551494  h
   -2.67401942525624      0.85289700987625      0.98713950779173  h
    0.37167499951211     -0.95449717291329      2.72396888753971  o
   -0.77454956906752     -1.28800219990360      4.09870284796476  h
$intdef
# definitions of internal coordinates
   1 f  1.0000000000000 tors    2    3    6    9 val=  75.00000
$user-defined bonds
$redundant
     number_of_atoms            10
     degrees_of_freedom         24
     internal_coordinates       25
     frozen_coordinates          1
# definitions of redundant internals
   1 k  1.0000000000000 tors   1    2    3    6 val= 197.79215
   2 k  1.0000000000000 stre   2    1           val=   1.82070
   3 k  1.0000000000000 bend   3    1    2      val= 108.06952
   4 k  1.0000000000000 stre   3    5           val=   2.06924
   5 k  1.0000000000000 stre   3    4           val=   2.07265
   6 k  0.0863278164885 bend   4    5    3      val=   1.11832
       -0.5149832756693 bend   2    5    3
       -0.5020207409390 bend   2    4    3
        0.4842023704282 bend   6    5    3
        0.4907779273969 bend   6    4    3
   7 k  0.0040973352924 bend   4    5    3      val=   0.00729
       -0.5365993445716 bend   2    5    3
        0.5457701428785 bend   2    4    3
       -0.4608772981592 bend   6    5    3
        0.4491897399015 bend   6    4    3
   8 k -0.8882146339242 bend   4    5    3      val=   1.42265
        0.1773021980939 bend   2    5    3
        0.1874232753343 bend   2    4    3
        0.2692089803113 bend   6    5    3
        0.2683984638866 bend   6    4    3
   9 k -0.0035200364487 bend   4    5    3      val=   0.49170
        0.4555260096583 bend   2    5    3
       -0.4545319906130 bend   2    4    3
       -0.5380021146756 bend   6    5    3
        0.5444612548034 bend   6    4    3
  10 k  1.0000000000000 stre   6    8           val=   2.06924
  11 k  1.0000000000000 stre   6    7           val=   2.07265
  12 k  0.0863279454263 bend   7    8    6      val=   1.11832
       -0.5149831456475 bend   9    8    6
       -0.5020208956940 bend   9    7    6
        0.4842024465891 bend   3    8    6
        0.4907778077106 bend   3    7    6
  13 k  0.0040973035611 bend   7    8    6      val=   0.00729
       -0.5365994858239 bend   9    8    6
        0.5457700461566 bend   9    7    6
       -0.4608771473101 bend   3    8    6
        0.4491898437438 bend   3    7    6
  14 k -0.8882145830615 bend   7    8    6      val=   1.42266
        0.1773022588760 bend   9    8    6
        0.1874231610187 bend   9    7    6
        0.2692090375020 bend   3    8    6
        0.2683986145182 bend   3    7    6
  15 k -0.0035199416483 bend   7    8    6      val=   0.49169
        0.4555259545207 bend   9    8    6
       -0.4545319988079 bend   9    7    6
       -0.5380022005776 bend   3    8    6
        0.5444612098232 bend   3    7    6
  16 k  1.0000000000000 tors  10    9    6    3 val= 197.79170
  17 k  1.0000000000000 stre   9   10           val=   1.82070
  18 k  1.0000000000000 bend   6   10    9      val= 108.06952
  19 k  1.0000000000000 tors   2    3    6    9 val=  75.00000
  20 k  1.0000000000000 stre   3    2           val=   2.68424
  21 k  1.0000000000000 bend   6    2    3      val= 108.43574
  22 k  1.0000000000000 stre   6    9           val=   2.68424
  23 k  1.0000000000000 bend   3    9    6      val= 108.43573
  24 k  1.0000000000000 stre   3    6           val=   2.84320
  25 f  1.0000000000000 tors   2    3    6    9 val=  75.00000
        24 non zero eigenvalues  of BmBt
           1           4.397620080    1    0
         1
           2           3.806381535    2    0
         2
           3           3.736207084    3    0
         3
           4           3.044690263    4    0
         4
           5           2.854159666    5    0
         5
           6           2.429561923    6    0
         6
           7           2.080170410    7    0
         7
           8           1.730926607    8    0
         8
           9           1.246342599    9    0
         9
          10           1.235746243   10    0
        10
          11           1.037658638   11    0
        11
          12           0.831099352   12    0
        12
          13           0.773200007   13    0
        13
          14           0.731741304   14    0
        14
          15           0.605986591   15    0
        15
          16           0.451866574   16    0
        16
          17           0.351545162   17    0
        17
          18           0.347053421   18    0
        18
          19           0.281311761   20    0
        20
          20           0.252155670   21    0
        21
          21           0.119342366   22    0
        22
          22           0.069288961   23    0
        23
          23           0.065800896   24    0
        24
          24           0.000000000    0    1
         0.000000000         0.000000000         0.000000000         0.000000000
         0.000000000         0.000000000         0.000000000         0.000000000
         0.000000000         0.000000000         0.000000000         0.000000000
         0.000000000         0.000000000         0.000000000         0.000000000
         0.000000000         0.000000000         0.000000000         0.000000000
         0.000000000         0.000000000         0.000000000         0.000000000
         1.000000000
$end
