$energy      SCF               SCFKIN            SCFPOT            MP2
     1 -229.0274977169      228.757883     -457.785381     -.8130274711723
     2 -229.0280280122      228.784152     -457.812180     -.8129649661606
     3 -229.0281771578      228.798639     -457.826816     -.8129965657971
     4 -229.0281633414      228.789937     -457.818100     -.8130381339254
     5 -229.0281679790      228.790564     -457.818732     -.8130374848260
     6 -229.0281862876      228.791844     -457.820030     -.8130202670822
     7 -229.0281918517      228.791680     -457.819872     -.8130147363089
     8 -229.0281932251      228.791676     -457.819869     -.8130134070229
     9 -229.0281932250      228.791672     -457.819865     -.8130133807480
    10 -229.0281931955      228.791676     -457.819869     -.8130133972828
    11 -229.0281930549      228.791680     -457.819873     -.8130135323475
    12 -229.0281930549      228.791681     -457.819874     -.8130135371108
    13 -229.0281930894      228.791677     -457.819870     -.8130135085599
    14 -229.0281930843      228.791677     -457.819870     -.8130135148198
$end
