$grad          cartesian gradients
  cycle =      1 MP2 energy =     -229.8405251881 |dE/dxyz| =  0.010497
    0.45236781300426     -1.01388759662692     -4.32475626689948      h
   -0.35859167775307     -0.97280230099659     -2.69829854522687      o
    0.66211301884223      1.06785074215985     -1.26949004476477      c
    0.33949542898281      2.88670032805342     -2.20749037486574      h
    2.70067950656968      0.84343840040311     -0.97621987721669      h
   -0.66213928037304      1.06784266313722      1.26947696810433      c
   -0.33960380258851      2.88669958704813      2.20745908436945      h
   -2.70070773017963      0.84334873957485      0.97617756151731      h
    0.35866971028564     -0.97271940610813      2.69833869920417      o
   -0.45315688075454     -1.01454439072509      4.32434833712255      h
  -.23408642917755D-02  -.75722318778060D-03  0.10867133775134D-02
  0.76612825423172D-03  -.21040765618503D-02  -.21442005320136D-02
  0.50008807980966D-02  0.21039667771019D-02  -.18945259846299D-02
  0.14971151774596D-02  0.35564308254576D-03  0.40818641696938D-03
  0.11812302345438D-02  0.40253645034818D-03  -.10715480925005D-02
  -.49957801749994D-02  0.21067008102955D-02  0.18967187836456D-02
  -.14970888452974D-02  0.35004894624491D-03  -.41033692060921D-03
  -.11870721846381D-02  0.40319617181098D-03  0.10699228270167D-02
  -.76394220901310D-03  -.21039522742115D-02  0.21440462664328D-02
  0.23393932413118D-02  -.75684030325163D-03  -.10849761417422D-02
  cycle =      2 MP2 energy =     -229.8409929784 |dE/dxyz| =  0.003579
    0.52632390922976     -1.06556754251122     -4.27746847794399      h
   -0.38895961074484     -0.95208178977592     -2.70717674563431      o
    0.63519980668416      1.07527143447344     -1.27461882883632      c
    0.28526883952573      2.89446559056214     -2.20265830292158      h
    2.67585098446705      0.85919421412275     -1.00684320506652      h
   -0.63528150332776      1.07525585109770      1.27460406561363      c
   -0.28537956475808      2.89443546630584      2.20268111977616      h
   -2.67592759408196      0.85915689441709      1.00679982167010      h
    0.38891915442355     -0.95208916380723      2.70713925538459      o
   -0.52688831538178     -1.06611418896472      4.27708683930250      h
  -.87175905278247D-03  -.27785901293453D-03  -.26984863777191D-03
  0.46218970095779D-03  -.26832478411443D-03  -.58367300210804D-05
  0.20598140525783D-02  0.43752446297507D-03  0.67081802984204D-04
  0.63567271551571D-03  -.61691192105862D-04  0.77908472846167D-04
  0.59167087179457D-04  0.16879415116846D-03  -.57198810086228D-03
  -.20600974735938D-02  0.43966294858144D-03  -.64948050887859D-04
  -.63550854136282D-03  -.62513831537103D-04  -.77179005401717D-04
  -.60103478987550D-04  0.16931631312381D-03  0.57086961162742D-03
  -.45962376866449D-03  -.26703096800507D-03  0.42052992599295D-05
  0.87024875908237D-03  -.27787827578696D-03  0.26973533779850D-03
  cycle =      3 MP2 energy =     -229.8411737236 |dE/dxyz| =  0.002391
    0.60783219809455     -1.15148639952034     -4.19617928085742      h
   -0.42828410275942     -0.92568461430204     -2.71455830006205      o
    0.60715572403218      1.09206908578167     -1.28295142467323      c
    0.22951291621199      2.91311667418303     -2.19840194702904      h
    2.65216469656119      0.88330614656126     -1.04497528343887      h
   -0.60728374407356      1.09201263652073      1.28291274427110      c
   -0.22961698187149      2.91300344484332      2.19847121122224      h
   -2.65228941636270      0.88330097700023      1.04490605334492      h
    0.42810776028374     -0.92583555597685      2.71442681019138      o
   -0.60817294408064     -1.15187562917115      4.19589495837523      h
  0.23885597739870D-03  0.15609074986012D-03  -.41589560161981D-03
  -.16846083416588D-03  0.66742131322162D-03  0.69930163013865D-03
  -.10293533858752D-03  -.73613452762711D-03  0.10181828097156D-02
  -.17771338047612D-03  -.66354623245779D-04  -.27324099432180D-04
  -.11640318162209D-03  -.21159966402576D-04  0.14562486377052D-04
  0.10154048016808D-03  -.73603274982226D-03  -.10197505228553D-02
  0.17764595483066D-03  -.65739073511040D-04  0.28003908404184D-04
  0.11782292698514D-03  -.20961543773870D-04  -.14832420770564D-04
  0.16835792206127D-03  0.66733418516041D-03  -.69788540472526D-03
  -.23871052633617D-03  0.15553611271346D-03  0.41563721502369D-03
  cycle =      4 MP2 energy =     -229.8412014753 |dE/dxyz| =  0.000695
    0.63593814658265     -1.20499588865608     -4.15076241450751      h
   -0.44653361490668     -0.91319521925774     -2.71586290430174      o
    0.59905446662350      1.10593831403885     -1.28921684541674      c
    0.21772895890944      2.92789802374758     -2.20163556065073      h
    2.64555894678767      0.89568653304535     -1.06337367343980      h
   -0.59920382526760      1.10586704209794      1.28917187298593      c
   -0.21782337923633      2.92774753406855      2.20172551275596      h
   -2.64571391259108      0.89569427377379      1.06330720128345      h
    0.44631758204484     -0.91340029352637      2.71567461913749      o
   -0.63619726291057     -1.20531355341201      4.15051773349795      h
  0.79172313461440D-04  0.15323336848660D-03  0.13019319243135D-04
  -.23536885999675D-03  -.84602783389620D-04  -.13177134614484D-03
  0.24717074478398D-03  -.17072857859990D-03  -.24320733020167D-04
  -.12307056966060D-03  0.11276583467490D-03  0.62221105583626D-04
  0.88601380026532D-04  -.11054179950720D-04  0.39283384902521D-04
  -.24701040636943D-03  -.17021214672930D-03  0.24549569269228D-04
  0.12305711901300D-03  0.11265463022703D-03  -.61865437575692D-04
  -.88540570406970D-04  -.11182571488787D-04  -.39457410846232D-04
  0.23498390400167D-03  -.84073166880749D-04  0.13160899383635D-03
  -.78995054767272D-04  0.15319947151915D-03  -.13267445852616D-04
  cycle =      5 MP2 energy =     -229.8412054638 |dE/dxyz| =  0.000672
    0.64406182227385     -1.22729244454919     -4.13005869203531      h
   -0.45362587017476     -0.90761997192590     -2.71300515812154      o
    0.59652297975194      1.11232439364744     -1.29059925489624      c
    0.21539579449721      2.93359202568096     -2.20389254645776      h
    2.64299887054076      0.90033608859697     -1.06862016166939      h
   -0.59667807724573      1.11224554512498      1.29055050443171      c
   -0.21548717642733      2.93342807975577      2.20398567954177      h
   -2.64316186272928      0.90034630188053      1.06855311162618      h
    0.45339809391793     -0.90784576796506      2.71280056653324      o
   -0.64429846836875     -1.22758748432665      4.12983149239161      h
  0.57548292399012D-04  0.10492899254699D-03  0.51013632132335D-04
  -.21199732594646D-03  -.10452735691224D-03  -.74332940397603D-04
  0.31678975033822D-03  -.49269156197518D-04  -.14678325986206D-03
  -.69816350392604D-04  0.68478642097247D-04  0.10588685001900D-03
  0.40379588865935D-04  -.19603365602848D-04  0.14186468059535D-04
  -.31647787731481D-03  -.49146879504747D-04  0.14679978476595D-03
  0.69812221484278D-04  0.68297968087716D-04  -.10589089982327D-03
  -.40570162211484D-04  -.19661879241101D-04  -.14248229243757D-04
  0.21179937900229D-03  -.10437332043711D-03  0.74362414051343D-04
  -.57467515550247D-04  0.10487617022736D-03  -.50993819743272D-04
  cycle =      6 MP2 energy =     -229.8412065547 |dE/dxyz| =  0.000355
    0.64672950451130     -1.23827090850708     -4.12034674344086      h
   -0.45675108921560     -0.90456933764278     -2.71105084699540      o
    0.59544160781620      1.11566838743388     -1.29093064481303      c
    0.21548249083042      2.93597033371234     -2.20624607229737      h
    2.64170550055671      0.90254360922295     -1.07036255506337      h
   -0.59559905205223      1.11558722128330      1.29088100386228      c
   -0.21557304488515      2.93580299002110      2.20634004982549      h
   -2.64187093299407      0.90255497803443      1.07029665603050      h
    0.45652018476284     -0.90480215876017      2.71084022495259      o
   -0.64695906329459     -1.23855834887811      4.12012446928344      h
  0.35318610142276D-04  0.17841449835299D-04  -.58788912111751D-05
  -.11357562148628D-03  0.32348972852425D-04  0.18492272883641D-04
  0.20364045936239D-03  -.34939673275503D-04  -.20028875441058D-04
  -.14789837418205D-04  0.82462483552703D-06  0.48533359008784D-04
  -.33045954841437D-04  -.15985868520351D-04  -.70272162954327D-05
  -.20364750466584D-03  -.35048315578656D-04  0.19971169264998D-04
  0.14794765710091D-04  0.84003580402836D-06  -.48606685153718D-04
  0.33030224587893D-04  -.15966785329470D-04  0.70341585078071D-05
  0.11359470473860D-03  0.32259160189341D-04  -.18439545910631D-04
  -.35319845937742D-04  0.17826215023220D-04  0.59502514795362D-05
  cycle =      7 MP2 energy =     -229.8412065880 |dE/dxyz| =  0.000247
    0.64647385362030     -1.23849756927890     -4.12052680582147      h
   -0.45669617485762     -0.90447405521490     -2.71111549443619      o
    0.59544325849090      1.11575179458911     -1.29091488494426      c
    0.21579812419536      2.93588863197908     -2.20675058100483      h
    2.64176227544547      0.90267212081962     -1.07023759966780      h
   -0.59560041644093      1.11567141902239      1.29086575524883      c
   -0.21588884110047      2.93572253681548      2.20684444082156      h
   -2.64192730029290      0.90268342377860      1.07017249046763      h
    0.45646640249722     -0.90470504090056      2.71090581834372      o
   -0.64670507552150     -1.23878649569005      4.12030240233708      h
  0.68179962067205D-05  0.15605890357762D-06  -.39486153777801D-05
  -.73509297627616D-04  0.48559077884924D-04  -.20740492222338D-04
  0.13961063128853D-03  -.39282214999048D-04  0.26007800869809D-04
  -.32176708191223D-05  -.16848261052971D-05  0.11713042723516D-04
  -.15592004062981D-04  -.77308197377344D-05  -.38244093388817D-05
  -.13963411711115D-03  -.39333880392789D-04  -.25979363122985D-04
  0.32219717387982D-05  -.16556578126270D-05  -.11741974336177D-04
  0.15589171183716D-04  -.77220666779426D-05  0.38385576193872D-05
  0.73546598281737D-04  0.48528280855109D-04  0.20710892117748D-04
  -.68332788889514D-05  0.16597953123032D-06  0.39645613192363D-05
  cycle =      8 MP2 energy =     -229.8412066321 |dE/dxyz| =  0.000226
    0.64626310943245     -1.23809376253814     -4.12095573763297      h
   -0.45655267938612     -0.90457277540807     -2.71116588311936      o
    0.59547750823518      1.11561993956631     -1.29086442474565      c
    0.21587562693416      2.93572367127570     -2.20682506183466      h
    2.64184683166157      0.90266360277935     -1.07008171317674      h
   -0.59563427715473      1.11553985939061      1.29081538779872      c
   -0.21596652360256      2.93555802306230      2.20691884323342      h
   -2.64201136329607      0.90267466614827      1.07001642853016      h
    0.45632335939391     -0.90480282973340      2.71095715387073      o
   -0.64649548618196     -1.23838362862308      4.12073054842062      h
  -.70163079390895D-06  -.50273749652163D-06  -.39356264691648D-06
  -.65197810860340D-04  0.55748834927094D-04  -.32216906570959D-04
  0.11000082011936D-03  -.51556885384940D-04  0.49098677372683D-04
  -.21070196723483D-05  -.81040435384594D-06  0.30725148292277D-06
  -.14780027135508D-05  -.28702747327473D-05  -.12958620165815D-06
  -.11001227585039D-03  -.51578535722463D-04  -.49086835377743D-04
  0.21066896303545D-05  -.79871363434236D-06  -.31935553046480D-06
  0.14848738381090D-05  -.28676021506411D-05  0.13822184199985D-06
  0.65201162546380D-04  0.55725955348862D-04  0.32198775527625D-04
  0.70319337464042D-06  -.48970546684401D-06  0.40332020301292D-06
  cycle =      9 MP2 energy =     -229.8412066057 |dE/dxyz| =  0.000227
    0.77456886799380     -1.28805098097498     -4.09867855085585      h
   -0.37167754351870     -0.95449396898885     -2.72397668111723      o
    0.63551891427468      1.06577284464013     -1.27164075196089      c
    0.28463449034399      2.88583401035384     -2.19906543638001      h
    2.67401185687980      0.85286093552353     -0.98714495784176      h
   -0.63551820947874      1.06577321498865      1.27164109955443      c
   -0.28463153843617      2.88583394804321      2.19906588481694      h
   -2.67401148622010      0.85286359372193      0.98714575083179      h
    0.37167635716752     -0.95449537930814      2.72397577109137      o
   -0.77456175820979     -1.28804015342017      4.09868761218561      h
  -.31706576875123D-06  -.10819577682675D-05  0.96768332014108D-07
  -.64639438195790D-04  0.56207710461109D-04  -.34551189305176D-04
  0.10861855125688D-03  -.51537007954572D-04  0.52503442347085D-04
  -.21964380150230D-05  -.71772552079352D-06  0.13792086783759D-06
  -.15859067494794D-05  -.28612006480258D-05  -.18388560069776D-06
  -.10862958747504D-03  -.51565090625871D-04  -.52488354630675D-04
  0.21965407568103D-05  -.70635753202097D-06  -.15000259412368D-06
  0.15921909910510D-05  -.28580820387461D-05  0.19279347950735D-06
  0.64641278293642D-04  0.56186570408734D-04  0.34528136869660D-04
  0.31987539594880D-06  -.10669274115305D-05  -.85629618951089D-07
  cycle =     10 MP2 energy =     -229.8412065928 |dE/dxyz| =  0.000225
    0.77453863339115     -1.28798540043079     -4.09873677566328      h
   -0.37166080280521     -0.95451457702957     -2.72397464803227      o
    0.63552579953502      1.06575035805054     -1.27163494497933      c
    0.28465518488023      2.88581348649049     -2.19906268697712      h
    2.67402195114667      0.85285863747517     -0.98712480597759      h
   -0.63552479878588      1.06575103738761      1.27163548918344      c
   -0.28465230688759      2.88581405314528      2.19906281995345      h
   -2.67402124970085      0.85286112885423      0.98712577066350      h
    0.37166020488720     -0.95451498843718      2.72397469190794      o
   -0.77453266486446     -1.28797567092662      4.09874483024565      h
  -.10505957694917D-05  0.59927354545408D-06  -.62532734146359D-06
  -.64253802451120D-04  0.55316900553493D-04  -.33458338085879D-04
  0.10681807696411D-03  -.53753531447320D-04  0.52913101810548D-04
  -.12383418037942D-05  -.65299364138127D-06  -.81847737476437D-08
  -.67525952740510D-06  -.15073812432145D-05  0.18105212240549D-06
  -.10682047351063D-03  -.53772417359710D-04  -.52902694080981D-04
  0.12354412337601D-05  -.64227666918271D-06  -.49838455584705D-08
  0.67305694972930D-06  -.15108743291409D-05  -.17441060149587D-06
  0.64281660713483D-04  0.55336387087657D-04  0.33467675142340D-04
  0.10302369068960D-05  0.58684441661683D-06  0.61210940849321D-06
  cycle =     11 MP2 energy =     -229.8412065872 |dE/dxyz| =  0.000227
    0.77455446427229     -1.28802919068769     -4.09868556272327      h
   -0.37167875065421     -0.95450859234972     -2.72396319278098      o
    0.63551872672652      1.06575593413350     -1.27163626671105      c
    0.28465162545191      2.88582117766947     -2.19906361244329      h
    2.67402120710436      0.85288330363606     -0.98713692741443      h
   -0.63551780396845      1.06575651997004      1.27163669773077      c
   -0.28464875126282      2.88582143755586      2.19906399185854      h
   -2.67402059253470      0.85288584930564      0.98713764265384      h
    0.37167788184928     -0.95450935913874      2.72396290889081      o
   -0.77454805618790     -1.28801901551527      4.09869406126345      h
  0.25909274148361D-06  -.28438487786886D-06  0.52873667844011D-06
  -.66520324796038D-04  0.56832255308947D-04  -.33050160768155D-04
  0.10563661537777D-03  -.55989327856665D-04  0.52735892020150D-04
  -.46751590077054D-06  -.29258252132180D-06  0.16509264977316D-06
  0.34436024431983D-06  -.26240332354557D-06  0.15498071385261D-06
  -.10563096817684D-03  -.55992442445252D-04  -.52730550686775D-04
  0.46689607147155D-06  -.29206731078091D-06  -.16552704762418D-06
  -.34816202321153D-06  -.26339500874568D-06  -.15287248811280D-06
  0.66508286179712D-04  0.56815727570658D-04  0.33032518080844D-04
  -.24827933575722D-06  -.27144799275014D-06  -.51811042967032D-06
  cycle =     12 MP2 energy =     -229.8412065920 |dE/dxyz| =  0.000227
    0.77455572815317     -1.28801594023989     -4.09868558894412      h
   -0.37167794580338     -0.95449550291557     -2.72396356267435      o
    0.63551898636819      1.06576893361171     -1.27163613336524      c
    0.28465212087480      2.88583424515366     -2.19906343483798      h
    2.67402138193507      0.85289635202004     -0.98713614978649      h
   -0.63551837125001      1.06576925226429      1.27163641780991      c
   -0.28464968576905      2.88583410180655      2.19906398440256      h
   -2.67402105963199      0.85289853279488      0.98713668140729      h
    0.37167691526053     -0.95449671688051      2.72396278064640      o
   -0.77454945772339     -1.28800653424997      4.09869353131132      h
  0.52895174906809D-07  0.44122109521538D-07  0.27939630298235D-06
  -.66252138264389D-04  0.56498898925561D-04  -.32936108706139D-04
  0.10574331857605D-03  -.55943974013317D-04  0.52820416263311D-04
  -.44430743187385D-06  -.30947685347726D-06  0.19048271604483D-06
  0.30527539740532D-06  -.28428738654222D-06  0.18447641269431D-06
  -.10573967810945D-03  -.55948602011746D-04  -.52812728864149D-04
  0.44292241060950D-06  -.30867773048726D-06  -.19034166132137D-06
  -.30916089555078D-06  -.28658178333283D-06  -.18174368299206D-06
  0.66245824368316D-04  0.56487233371705D-04  0.32918085031142D-04
  -.44951129041237D-07  0.51277554424800D-07  -.27193377505341D-06
  cycle =     13 MP2 energy =     -229.8412065980 |dE/dxyz| =  0.000226
    0.77454948231398     -1.28799756726520     -4.09870785120075      h
   -0.37167157222991     -0.95449980733660     -2.72396939173038      o
    0.63552032509294      1.06576329871650     -1.27163647238592      c
    0.28465888864921      2.88583033147691     -2.19906393741897      h
    2.67402163247863      0.85289157063176     -0.98713408339301      h
   -0.63551946570823      1.06576385642705      1.27163693333700      c
   -0.28465651131359      2.88583073974045      2.19906415826265      h
   -2.67402101970500      0.85289360454137      0.98713481030523      h
    0.37167105808500     -0.95450019215620      2.72396943339425      o
   -0.77454420524909     -1.28798911141085      4.09871492679920      h
  -.16128350299738D-06  0.27067370034217D-06  -.18169069360141D-06
  -.65749422732075D-04  0.56166377232714D-04  -.33028837674642D-04
  0.10550089490025D-03  -.56156589278267D-04  0.52682215753830D-04
  -.17512311389911D-06  -.12330731902210D-06  -.35512874196897D-07
  -.52379353299159D-07  -.15624735375409D-06  0.96913804481513D-07
  -.10549872376142D-03  -.56162768120593D-04  -.52679951431989D-04
  0.17198098115068D-06  -.11890134077319D-06  0.28605935842307D-07
  0.48365980553911D-07  -.16125078356084D-06  -.93588525186539D-07
  0.65769010013206D-04  0.56184214194843D-04  0.33041802707245D-04
  0.14668054015843D-06  0.25773076339775D-06  0.17004292773848D-06
  cycle =     14 MP2 energy =     -229.8412065991 |dE/dxyz| =  0.000227
    0.77455531773564     -1.28801111995644     -4.09869532841454      h
   -0.37167577646701     -0.95449638332584     -2.72396922038851      o
    0.63551833978519      1.06576640003412     -1.27163772977649      c
    0.28465733916331      2.88583416226402     -2.19906457318628      h
    2.67401992335805      0.85289490966087     -0.98713893459942      h
   -0.63551758921006      1.06576683673168      1.27163809352341      c
   -0.28465494713953      2.88583428089741      2.19906497551494      h
   -2.67401942525624      0.85289700987625      0.98713950779173      h
    0.37167499951211     -0.95449717291329      2.72396888753971      o
   -0.77454956906752     -1.28800219990360      4.09870284796476      h
  0.12723995723718D-06  -.14385292201879D-06  0.42052860305120D-07
  -.66061078957347D-04  0.56541683770561D-04  -.33121972751182D-04
  0.10547931414262D-03  -.56271829748766D-04  0.52520013065438D-04
  -.93967126552075D-07  -.14710409779184D-07  -.46689991872739D-07
  -.11184395143360D-06  -.10680171731899D-06  0.42391295335120D-09
  -.10547767421976D-03  -.56274021583036D-04  -.52517272201014D-04
  0.93566109221621D-07  -.14687745242270D-07  0.46260879349447D-07
  0.11124011045638D-06  -.10728639822898D-06  0.13603334361734D-08
  0.66049917501587D-04  0.56522830705674D-04  0.33106083158430D-04
  -.11671403488123D-06  -.13139200616408D-06  -.30259047267833D-07
$end
