$hessapprox internal
  0.293175170755D-01 -0.137450119237D-02  0.615924268414D+00 -0.158800790273D-03
 -0.170942355135D-02  0.370062008193D+00  0.312645758244D-02  0.163529154117D-02
  0.304105614884D-02  0.422071047627D+00 -0.884164768534D-03 -0.164344345265D-02
 -0.274275098833D-02  0.288993366908D-02  0.419334504439D+00 -0.192169194275D-02
  0.234776400645D-03  0.107492358478D-03 -0.507320929899D-03  0.202814735351D-03
  0.348024808648D+00 -0.394738373454D-02 -0.202819419899D-02 -0.378139764559D-02
  0.343474413800D-02 -0.359052272467D-02  0.638696943693D-03  0.344382250953D+00
  0.123176574683D-02 -0.503874922269D-02 -0.786183790576D-02  0.904232539373D-02
 -0.793253436648D-02  0.856952098741D-04 -0.112505515248D-01  0.298888606281D+00
 -0.333054665079D-02  0.429282600018D-04 -0.393948209174D-03 -0.230193150991D-03
 -0.229456459661D-03  0.450743745179D-03  0.299735098059D-03 -0.150812660265D-02
  0.347695086261D+00  0.310053935874D-02  0.166400003367D-02  0.308322536918D-02
 -0.282434919258D-02  0.293343866503D-02 -0.505239060356D-03  0.350000530525D-02
  0.915973825912D-02 -0.217743306242D-03  0.421965621432D+00 -0.903058955475D-03
 -0.163192321165D-02 -0.272700836561D-02  0.286851824807D-02 -0.268563403271D-02
  0.204805152936D-03 -0.356381290813D-02 -0.788976288660D-02 -0.222727127772D-03
  0.291181993439D-02  0.419367819595D+00 -0.180687972693D-02  0.217971466266D-03
  0.966412536828D-04 -0.472056664619D-03  0.186263104822D-03  0.234753637526D-03
  0.594376433481D-03  0.679303819874D-04  0.423120979959D-03 -0.470031689923D-03
  0.188159637398D-03  0.347996136330D+00 -0.376289682227D-02 -0.205381234900D-02
 -0.379662585627D-02  0.348893897261D-02 -0.361490815094D-02  0.614896989373D-03
 -0.432385338299D-02 -0.112727931518D-01  0.255694678833D-03  0.355407507326D-02
 -0.358836167417D-02  0.571977105989D-03  0.344248220354D+00  0.123908741706D-02
 -0.502761896010D-02 -0.784307740331D-02  0.902281476609D-02 -0.791411343620D-02
  0.841402880390D-04 -0.112263165173D-01 -0.222499430280D-01 -0.150684477809D-02
  0.913992758996D-02 -0.787145789293D-02  0.664987131588D-04 -0.112483752265D-01
  0.298997286805D+00 -0.311297943222D-02 -0.427405756592D-04 -0.500317488383D-03
 -0.673850849767D-04 -0.346733807262D-03  0.425462928491D-03  0.963784377093D-04
 -0.178677496744D-02  0.624649557696D-03 -0.537355500523D-04 -0.339697389100D-03
  0.399183002580D-03  0.545793110327D-04 -0.178467150643D-02  0.347562842864D+00
  0.135463429899D-01 -0.131430171735D-02 -0.214618346872D-03  0.296866919728D-02
 -0.885893645444D-03 -0.177604192607D-02 -0.374673237201D-02  0.946550879724D-03
 -0.309240111059D-02  0.294571786464D-02 -0.902994241004D-03 -0.167004066281D-02
 -0.357634904960D-02  0.953789573501D-03 -0.289364299214D-02  0.272108502568D-01
 -0.147429824956D-02 -0.932597615770D-03 -0.169143957825D-02  0.159507294035D-02
 -0.162049393794D-02  0.247343633321D-03 -0.197777283218D-02 -0.499889114629D-02
  0.682764770221D-04  0.162370057358D-02 -0.160894042778D-02  0.229815095313D-03
 -0.200456728568D-02 -0.498792662848D-02 -0.182360094022D-04 -0.140622957654D-02
  0.615964733172D+00  0.609623418242D-04 -0.175315165463D-02 -0.278643587898D-02
  0.312917342256D-02 -0.279288701899D-02  0.798054240807D-04 -0.389187324476D-02
 -0.794846561781D-02 -0.449704850514D-03  0.317151459872D-02 -0.277721992264D-02
  0.705491669258D-04 -0.390450918955D-02 -0.792934287430D-02 -0.554201168668D-03
 -0.121741155565D-04 -0.173643941411D-02  0.369986409653D+00 -0.470618818182D-02
  0.732089648760D-03  0.513740220729D-03 -0.152262036123D-02  0.747491440668D-03
  0.603178764381D-03  0.191263144010D-02  0.925043430373D-03  0.114305295172D-02
 -0.152133887215D-02  0.750950096000D-03  0.567887075929D-03  0.185555107781D-02
  0.919518703452D-03  0.109061834271D-02 -0.434332701713D-02  0.761326458253D-03
  0.449290404369D-03  0.501826193102D+00 -0.193750888904D-01 -0.216152703423D-02
 -0.613581143549D-02  0.296082512654D-02 -0.518363260367D-02  0.274331710628D-02
 -0.360399681341D-02 -0.197484425767D-01  0.341502971834D-02  0.309182580178D-02
 -0.512275802583D-02  0.256919237071D-02 -0.387869340026D-02 -0.197146405020D-01
  0.288698130312D-02 -0.180843412345D-01 -0.199043207860D-02 -0.651165488336D-02
  0.729659826649D-02  0.396910877572D+00 -0.467268312458D-02  0.698453223476D-03
  0.464768111739D-03 -0.146109157181D-02  0.696799368710D-03  0.600312834357D-03
  0.183597522432D-02  0.789081119653D-03  0.112782565119D-02 -0.145912871073D-02
  0.700489528167D-03  0.565114056980D-03  0.177908319959D-02  0.783906288080D-03
  0.107404982390D-02 -0.431352091074D-02  0.727760493923D-03  0.400170217108D-03
  0.143242263199D-02  0.714004216673D-02  0.501820271672D+00 -0.198048958322D-01
 -0.218438000492D-02 -0.623191474418D-02  0.298175114405D-02 -0.525856399866D-02
  0.280291230501D-02 -0.362828553101D-02 -0.200722992440D-01  0.349704660985D-02
  0.311504820025D-02 -0.519656515752D-02  0.262506468499D-02 -0.390888332875D-02
 -0.200380215318D-01  0.295879807006D-02 -0.184845298742D-01 -0.200973556356D-02
 -0.661555983101D-02  0.745172787913D-02  0.113287440131D-01  0.729240630658D-02
  0.397592241254D+00 -0.871569440245D-02 -0.311108992761D-02 -0.616975756784D-02
  0.514588609910D-02 -0.574562806120D-02  0.134152581807D-02 -0.636452587680D-02
 -0.186183719780D-01  0.100278056413D-02  0.525677065692D-02 -0.569897233292D-02
  0.125128323241D-02 -0.650450137635D-02 -0.185797986586D-01  0.636236975062D-03
 -0.821900648100D-02 -0.301316110583D-02 -0.638449375185D-02  0.385619433147D-02
 -0.292624864412D-02  0.372547814052D-02 -0.289998776365D-02  0.401093323228D+00
  0.000000000000D+00  0.000000000000D+00  0.000000000000D+00  0.000000000000D+00
  0.000000000000D+00  0.000000000000D+00  0.000000000000D+00  0.000000000000D+00
  0.000000000000D+00  0.000000000000D+00  0.000000000000D+00  0.000000000000D+00
  0.000000000000D+00  0.000000000000D+00  0.000000000000D+00  0.000000000000D+00
  0.000000000000D+00  0.000000000000D+00  0.000000000000D+00  0.000000000000D+00
  0.000000000000D+00  0.000000000000D+00  0.000000000000D+00  0.000000000000D+00
$end
