$coord
    0.03645872841758     -1.07404621865923     -4.20763000750638  h
   -0.12964366088202     -1.18790315928315     -2.39636649098792  o
    0.19970900607719      1.28848929389370     -1.43389786372415  c
   -1.12143675992384      2.63496236333275     -2.28613794577121  h
    2.12111696611045      1.94064373740614     -1.85275444970158  h
   -0.19970908247639      1.28848928185381      1.43389785453969  c
    1.12143667965926      2.63496233063694      2.28613796852329  h
   -2.12111704665142      1.94064373259699      1.85275441652731  h
    0.12964354670234     -1.18790318325668      2.39636646481232  o
   -0.03645814235893     -1.07404614564356      4.20763003998783  h
$intdef
# definitions of internal coordinates
   1 f  1.0000000000000 tors    2    3    6    9 val=  21.00000
$user-defined bonds
$redundant
     number_of_atoms            10
     degrees_of_freedom         24
     internal_coordinates       25
     frozen_coordinates          1
# definitions of redundant internals
   1 k  1.0000000000000 tors   1    2    3    6 val= 176.56155
   2 k  1.0000000000000 stre   2    1           val=   1.82242
   3 k  1.0000000000000 bend   3    1    2      val= 106.75640
   4 k  1.0000000000000 stre   3    4           val=   2.06996
   5 k  1.0000000000000 stre   3    5           val=   2.07185
   6 k  0.0731811392491 bend   5    4    3      val=   0.79415
       -0.5268018174886 bend   2    4    3
       -0.4898614794399 bend   2    5    3
        0.4835681924473 bend   6    4    3
        0.4932766973648 bend   6    5    3
   7 k  0.0151844752917 bend   5    4    3      val=   0.44561
       -0.5310461306011 bend   2    4    3
        0.5585369293290 bend   2    5    3
       -0.4621934164433 bend   6    4    3
        0.4383756189113 bend   6    5    3
   8 k  0.8935537865666 bend   5    4    3      val=  -0.42160
       -0.1696263495759 bend   2    4    3
       -0.1988061806272 bend   2    5    3
       -0.2595110940697 bend   6    4    3
       -0.2567462300427 bend   6    5    3
   9 k -0.0099411996823 bend   5    4    3      val=   1.38325
        0.4494780743536 bend   2    4    3
       -0.4508383481043 bend   2    5    3
       -0.5334928359207 bend   6    4    3
        0.5567771646935 bend   6    5    3
  10 k  1.0000000000000 stre   6    7           val=   2.06996
  11 k  1.0000000000000 stre   6    8           val=   2.07185
  12 k  0.0731811447067 bend   8    7    6      val=   0.79415
       -0.5268018314585 bend   9    7    6
       -0.4898614656232 bend   9    8    6
        0.4835682300452 bend   3    7    6
        0.4932766584989 bend   3    8    6
  13 k  0.0151845686713 bend   8    7    6      val=   0.44561
       -0.5310461374411 bend   9    7    6
        0.5585369215741 bend   9    8    6
       -0.4621934106945 bend   3    7    6
        0.4383756233326 bend   3    8    6
  14 k  0.8935537849520 bend   8    7    6      val=  -0.42160
       -0.1696263093541 bend   9    7    6
       -0.1988062186221 bend   9    8    6
       -0.2595110502236 bend   3    7    6
       -0.2567462771336 bend   3    8    6
  15 k -0.0099411840112 bend   8    7    6      val=   1.38325
        0.4494780415263 bend   9    7    6
       -0.4508383781230 bend   9    8    6
       -0.5334928151150 bend   3    7    6
        0.5567771871030 bend   3    8    6
  16 k  1.0000000000000 tors  10    9    6    3 val= 176.56153
  17 k  1.0000000000000 stre   9   10           val=   1.82242
  18 k  1.0000000000000 bend   6   10    9      val= 106.75640
  19 k  1.0000000000000 tors   2    3    6    9 val=  21.00000
  20 k  1.0000000000000 stre   3    2           val=   2.67719
  21 k  1.0000000000000 bend   6    2    3      val= 109.82205
  22 k  1.0000000000000 stre   6    9           val=   2.67719
  23 k  1.0000000000000 bend   3    9    6      val= 109.82205
  24 k  1.0000000000000 stre   3    6           val=   2.89548
  25 f  1.0000000000000 tors   2    3    6    9 val=  21.00000
        24 non zero eigenvalues  of BmBt
           1           4.627782638    1    0
         1
           2           3.795894813    2    0
         2
           3           3.730219123    3    0
         3
           4           3.069963163    4    0
         4
           5           2.658684283    5    0
         5
           6           2.468899200    6    0
         6
           7           2.105192221    7    0
         7
           8           1.751736506    8    0
         8
           9           1.224792059    9    0
         9
          10           1.209321996   10    0
        10
          11           1.030789795   11    0
        11
          12           0.827842889   12    0
        12
          13           0.762265918   13    0
        13
          14           0.729175793   14    0
        14
          15           0.683935410   15    0
        15
          16           0.388926556   16    0
        16
          17           0.346296713   17    0
        17
          18           0.295071864   18    0
        18
          19           0.261420665   20    0
        20
          20           0.247346745   21    0
        21
          21           0.188064559   22    0
        22
          22           0.067306242   23    0
        23
          23           0.055068716   24    0
        24
          24           0.000000000    0    1
         0.000000000         0.000000000         0.000000000         0.000000000
         0.000000000         0.000000000         0.000000000         0.000000000
         0.000000000         0.000000000         0.000000000         0.000000000
         0.000000000         0.000000000         0.000000000         0.000000000
         0.000000000         0.000000000         0.000000000         0.000000000
         0.000000000         0.000000000         0.000000000         0.000000000
         1.000000000
$end
