$energy      SCF               SCFKIN            SCFPOT            MP2
     1 -229.0140531761      228.796031     -457.810084     -.8139959205261
     2 -229.0169999050      228.753453     -457.770453     -.8126981636926
     3 -229.0169923552      228.775764     -457.792756     -.8129113994368
     4 -229.0167886293      228.779952     -457.796740     -.8131475976785
     5 -229.0167450923      228.775481     -457.792226     -.8131931531505
     6 -229.0167396033      228.776236     -457.792975     -.8131988003861
     7 -229.0167397146      228.775887     -457.792627     -.8131987426979
     8 -229.0167392089      228.775939     -457.792678     -.8131992118230
     9 -229.0167392087      228.775942     -457.792681     -.8131992476932
    10 -229.0167392409      228.775947     -457.792686     -.8131992056825
    11 -229.0167393921      228.775960     -457.792700     -.8131990386587
    12 -229.0167393921      228.775960     -457.792699     -.8131990420422
    13 -229.0167394730      228.775950     -457.792689     -.8131989554505
    14 -229.0167394246      228.775951     -457.792690     -.8131990196767
$end
