$grad          cartesian gradients
  cycle =      1 MP2 energy =     -229.8280490966 |dE/dxyz| =  0.020330
    0.10805620834736     -1.25725997073828     -4.07062061118614      h
   -0.14300512645179     -1.20560766539553     -2.27089611476377      o
    0.20628690199965      1.32346252393985     -1.41684944575027      c
   -1.14716546115594      2.61729331872190     -2.30359017403446      h
    2.11873681539403      2.00563304448019     -1.82831065011761      h
   -0.20628539414558      1.32346961700631      1.41683750674637      c
    1.14713631866602      2.61730860444415      2.30357897740809      h
   -2.11876043360370      2.00563371584846      1.82826763655159      h
    0.14307773629670     -1.20557816741688      2.27091777992668      o
   -0.10917394380750     -1.25742858956474      4.07047319986133      h
  -.76019717152337D-03  -.37832413966189D-02  0.25638155206185D-02
  0.30140833669896D-02  -.48440930771534D-02  0.24559275359968D-02
  -.46336418571307D-02  0.58929951450191D-02  0.84770628094111D-02
  -.17745555406750D-02  -.21391536191073D-03  0.42132166376341D-03
  0.18546751229787D-03  0.29486329582651D-02  0.25344754977976D-02
  0.46397826589113D-02  0.58935705558678D-02  -.84758310837061D-02
  0.17718469956072D-02  -.21850175460258D-03  -.42312871500871D-03
  -.18993499519127D-03  0.29521791537295D-02  -.25341247851789D-02
  -.30120419969408D-02  -.48450368798374D-02  -.24580213456025D-02
  0.75919102746885D-03  -.37825894971829D-02  -.25614970974512D-02
  cycle =      2 MP2 energy =     -229.8296980687 |dE/dxyz| =  0.016790
    0.08871692006610     -1.10280149455316     -4.24537329509489      h
   -0.11738811355529     -1.20462714504753     -2.43796067189834      o
    0.20310376304841      1.26092524811868     -1.43889559245555      c
   -1.11911158664737      2.59596898271707     -2.30680351642501      h
    2.11769783415376      1.93406251597438     -1.84764904806336      h
   -0.20319135740792      1.26092358106274      1.43887417104340      c
    1.11906937428869      2.59589957107549      2.30681312356807      h
   -2.11776549663616      1.93413933880122      1.84760245910503      h
    0.11720816583429     -1.20464574605367      2.43792247540457      o
   -0.08943588160527     -1.10291842076978      4.24527799945789      h
  -.23754089772776D-03  -.18231848794028D-02  -.43802205835330D-03
  0.54391082895502D-02  0.58236407812373D-03  -.31490951659032D-02
  -.94974538208952D-02  0.16558813469452D-02  -.23569760847963D-03
  0.25798469909444D-03  -.91795435979858D-03  -.16798228049240D-02
  -.74835322679645D-03  0.50280350687326D-03  0.17424913701491D-04
  0.94979996974518D-02  0.16559036293193D-02  0.23602902497055D-03
  -.25839405734285D-03  -.91924491038009D-03  0.16803476632574D-02
  0.74764043394060D-03  0.50379733812767D-03  -.18316282578201D-04
  -.54377194800586D-02  0.58301160168206D-03  0.31496044199093D-02
  0.23672836194016D-03  -.18233773217950D-02  0.43754794138007D-03
  cycle =      3 MP2 energy =     -229.8299037546 |dE/dxyz| =  0.016371
    0.08207713724478     -1.10731749576211     -4.21338863359632      h
   -0.11841528540647     -1.20629850926640     -2.40542091586744      o
    0.20541865254066      1.26586839808383     -1.43435342890229      c
   -1.11453576624304      2.60481860996171     -2.29971423042703      h
    2.12554262518734      1.92645609122363     -1.84273063364255      h
   -0.20553167704166      1.26586472274394      1.43433020281488      c
    1.11449431256452      2.60472418531928      2.29972358843159      h
   -2.12562183079793      1.92656047901164      1.84269098619748      h
    0.11815835070103     -1.20633052626828      2.40536955036531      o
   -0.08268289720997     -1.10741952372181      4.21330161926818      h
  -.11377620481329D-03  -.84914206375153D-03  0.55006996912965D-04
  0.58536642727172D-02  0.31775302764459D-03  -.42619876932815D-03
  -.98229573314970D-02  0.87635822393395D-03  -.74851280494892D-03
  0.35595640962782D-04  -.54034035938022D-03  -.69859818987594D-03
  -.28523764677635D-03  0.19530449719962D-03  0.11805807427101D-03
  0.98226660615073D-02  0.87600600037163D-03  0.74871317976255D-03
  -.35590562363463D-04  -.54083837454977D-03  0.69921222731750D-03
  0.28519129905069D-03  0.19562982389387D-03  -.11881996823426D-03
  -.58527250304794D-02  0.31853927056780D-03  0.42648046763105D-03
  0.11316950165846D-03  -.84927009080316D-03  -.55341213908378D-04
  cycle =      4 MP2 energy =     -229.8299362270 |dE/dxyz| =  0.017085
    0.07361786858917     -1.10317463112902     -4.20239680438951      h
   -0.11656860036285     -1.20985271947526     -2.39331054326588      o
    0.20782043995880      1.26618837974453     -1.43251708980293      c
   -1.10800954519192      2.61198624343915     -2.29413402180902      h
    2.13203180381484      1.91837911772551     -1.83928017351289      h
   -0.20796898280002      1.26618158367773      1.43249134089904      c
    1.10796823648220      2.61185576476992      2.29414010738046      h
   -2.13212900721524      1.91852341097916      1.83925253616173      h
    0.11621174115027     -1.20990268316743      2.39324238558594      o
   -0.07407033288598     -1.10325803523886      4.20232036739487      h
  -.49301181356265D-05  -.10653345637834D-03  0.97877371932675D-04
  0.61706254497074D-02  -.66005385908419D-03  0.10654750037178D-02
  -.10179719995048D-01  0.78179395955313D-03  -.14246279791263D-02
  -.14299558906528D-04  -.44439980751321D-04  -.52879907265879D-04
  0.47454034835415D-04  0.29281986555274D-04  0.62554497054501D-04
  0.10179576191679D-01  0.78101530427954D-03  0.14247370673510D-02
  0.14425767121073D-04  -.44351450234181D-04  0.53281753438883D-04
  -.47382291691545D-04  0.29254684005275D-04  -.63005169615327D-04
  -.61705015149622D-02  -.65936553748713D-03  -.10654580599576D-02
  0.47520353059216D-05  -.10660171046528D-03  -.97954575669412D-04
  cycle =      5 MP2 energy =     -229.8299382455 |dE/dxyz| =  0.017120
    0.07012542233131     -1.09850658741862     -4.20740568376516      h
   -0.11423726138762     -1.21140667305360     -2.39783030571280      o
    0.20888414732710      1.26458109499020     -1.43277358157049      c
   -1.10596026892625      2.61203998462120     -2.29330389260986      h
    2.13319743844959      1.91681883792544     -1.83852557737573      h
   -0.20904553583836      1.26457287167667      1.43274660708953      c
    1.10591909116650      2.61189626685923      2.29330522885952      h
   -2.13330092084740      1.91697681643751      1.83850623313478      h
    0.11385046684290     -1.21146213305232      2.39775701892097      o
   -0.07052895757850     -1.09858404766029      4.20733205767105      h
  0.86170413192144D-05  -.12123216118376D-04  -.15042212920591D-04
  0.61747295061096D-02  -.11254576322415D-02  0.89639599130908D-03
  -.10137027305523D-01  0.10683046978217D-02  -.15616544271440D-02
  0.24597392967562D-04  0.41998037244362D-04  0.78557491023368D-06
  0.22626980330731D-04  0.27461730906841D-04  0.60301130992979D-05
  0.10137198302000D-01  0.10673651690016D-02  0.15617183759080D-02
  -.24627341141281D-04  0.41941270580548D-04  -.70447326105949D-06
  -.22665496958396D-04  0.27474846989284D-04  -.61876723904675D-05
  -.61747928629357D-02  -.11248068868408D-02  -.89639706139000D-03
  -.86562164092752D-05  -.12158077317859D-04  0.15055793229912D-04
  cycle =      6 MP2 energy =     -229.8299384037 |dE/dxyz| =  0.016955
    0.06821727508584     -1.09822663915290     -4.20680602065317      h
   -0.11314292061358     -1.21154878637804     -2.39698133176487      o
    0.20963030492551      1.26480854350973     -1.43246025889097      c
   -1.10549156076219      2.61147225727697     -2.29369800699371      h
    2.13390356379109      1.91702065319426     -1.83780622870932      h
   -0.20979554382387      1.26480027628557      1.43243308250448      c
    1.10545067633747      2.61132553869338      2.29369744001064      h
   -2.13400867066010      1.91718262076187      1.83779063391094      h
    0.11274836731306     -1.21160546689656      2.39690627435513      o
   -0.06860787005396     -1.09830256596886      4.20673252087267      h
  0.42901580576404D-05  0.38757258182254D-05  0.71760971280810D-05
  0.61530823838829D-02  -.11466224624357D-02  0.92785594233735D-03
  -.10011845091547D-01  0.11250147360089D-02  -.14846719704840D-02
  0.73045333115473D-06  0.92842915191405D-05  0.16592052365594D-04
  -.46817724941306D-05  0.86241425849565D-05  0.71153563250270D-05
  0.10011948959941D-01  0.11240516771940D-02  0.14847240374851D-02
  -.72659162086985D-06  0.92712854131705D-05  -.16569608917827D-04
  0.46721188131649D-05  0.86308622082587D-05  -.71533505046073D-05
  -.61531725271775D-02  -.11460068872680D-02  -.92787058825383D-03
  -.42980911688084D-05  0.38765702449761D-05  -.71979668279099D-05
  cycle =      7 MP2 energy =     -229.8299384573 |dE/dxyz| =  0.016947
    0.06722828204883     -1.09774998069707     -4.20736398700932      h
   -0.11263070270783     -1.21160996729730     -2.39741075411853      o
    0.20990403979440      1.26472317696585     -1.43246142832895      c
   -1.10508916916902      2.61127565272953     -2.29406351972581      h
    2.13424117192822      1.91688710103579     -1.83753026858527      h
   -0.21007042388930      1.26471484807149      1.43243410661771      c
    1.10504833326475      2.61112801883941      2.29406224992757      h
   -2.13434674297863      1.91705023840394      1.83751579161990      h
    0.11223375398015     -1.21166708797298      2.39733524628964      o
   -0.06761492073231     -1.09782556875323      4.20729066795488      h
  0.15716062862214D-05  0.89786345630616D-06  -.20926702797297D-05
  0.61530296914940D-02  -.11570423948619D-02  0.89750331215921D-03
  -.10004591389828D-01  0.11532142662931D-02  -.14744981678401D-02
  -.13599641721651D-05  0.18520455253856D-05  0.90683400588709D-06
  -.61590273761070D-05  0.12669702793566D-05  -.49336170393488D-06
  0.10004692933872D-01  0.11522459021460D-02  0.14745234588436D-02
  0.13611238265376D-05  0.18481115859892D-05  -.91406139635097D-06
  0.61574768075445D-05  0.12720781554787D-05  0.49737431839780D-06
  -.61531309652507D-02  -.11564556217021D-02  -.89752586295777D-03
  -.15714856646531D-05  0.90071981934114D-06  0.20931446735872D-05
  cycle =      8 MP2 energy =     -229.8299384207 |dE/dxyz| =  0.016960
    0.06682667722583     -1.09773355212997     -4.20729246724304      h
   -0.11249266693475     -1.21161179101349     -2.39729016334568      o
    0.20999964215286      1.26475983753267     -1.43243001519166      c
   -1.10490465869886      2.61128327395342     -2.29419798239617      h
    2.13441199832607      1.91682817037356     -1.83737152400940      h
   -0.21016612897564      1.26475153350251      1.43240267924692      c
    1.10486381634453      2.61113558373659      2.29419672045046      h
   -2.13451761362907      1.91699144761812      1.83735710517071      h
    0.11209532277364     -1.21166894990394      2.39721458433784      o
   -0.06721276704535     -1.09780912234403      4.20721916762184      h
  0.29504731374752D-06  0.85201458510653D-06  -.17860647183454D-06
  0.61561086913924D-02  -.11549590857776D-02  0.90282325720370D-03
  -.10014175444320D-01  0.11554522521227D-02  -.14694332516232D-02
  -.15936579613740D-05  -.21541037042994D-06  -.61430940268004D-06
  -.77332126480201D-06  -.94355186974759D-06  -.24252238706168D-06
  0.10014278612993D-01  0.11544865329691D-02  0.14694554216086D-02
  0.15957283698853D-05  -.21202454991709D-06  0.60935635226578D-06
  0.77621655325544D-06  -.94427943331254D-06  0.24998405789844D-06
  -.61562182275283D-02  -.11543707713475D-02  -.90285009314872D-03
  -.29364563541856D-06  0.85426409862643D-06  0.18076609098472D-06
  cycle =      9 MP2 energy =     -229.8299384564 |dE/dxyz| =  0.016960
    0.03653344428083     -1.07403450819528     -4.20763096457253      h
   -0.12966101074169     -1.18790348849686     -2.39637579783318      o
    0.19969839847157      1.28849255883722     -1.43390094938486      c
   -1.12147841135000      2.63494632068996     -2.28613144573593      h
    2.12109568347543      1.94064664368954     -1.85278181029863      h
   -0.19969841430419      1.28849255414829      1.43390096643250      c
    1.12147853019292      2.63494627824759      2.28613132698995      h
   -2.12109561629915      1.94064672260216      1.85278204963253      h
    0.12966097293504     -1.18790351729566      2.39637577519278      o
   -0.03653284153489     -1.07403443108997      4.20763100021056      h
  0.12787367720257D-07  0.91291522791304D-06  -.23427214479455D-06
  0.61627631149723D-02  -.11546269860574D-02  0.85827105890957D-03
  -.10024640880861D-01  0.11548821032425D-02  -.13967723357218D-02
  -.15608955645785D-05  -.23007009630760D-06  -.62130786893100D-06
  -.72881151913506D-06  -.93710224158272D-06  -.15926949936684D-06
  0.10024634893128D-01  0.11548789090696D-02  0.13967710886811D-02
  0.15636004626618D-05  -.22849700354044D-06  0.61716869459438D-06
  0.73214927232002D-06  -.93603348871873D-06  0.16624120280362D-06
  -.61627649532543D-02  -.11546301448693D-02  -.85827554570539D-03
  -.11004027827832D-07  0.91484647951612D-06  0.23717445163385D-06
  cycle =     10 MP2 energy =     -229.8299384466 |dE/dxyz| =  0.016963
    0.03653536611475     -1.07404748749597     -4.20762281250701      h
   -0.12966738152031     -1.18790240701595     -2.39636801023327      o
    0.19969505553985      1.28849461091663     -1.43389957221179      c
   -1.12147286080457      2.63495520737759     -2.28612685875352      h
    2.12109526230138      1.94064761407779     -1.85277940122543      h
   -0.19969495650195      1.28849461334411      1.43389959445252      c
    1.12147297185945      2.63495526246178      2.28612678737589      h
   -2.12109514672563      1.94064757581589      1.85277954796818      h
    0.12966756446449     -1.18790239720695      2.39636803460347      o
   -0.03653513960158     -1.07404745913793      4.20762284116415      h
  0.52186287383127D-06  0.34646826563289D-06  0.85645339709117D-08
  0.61625021379628D-02  -.11544003920427D-02  0.85843089247017D-03
  -.10026913176484D-01  0.11548414177946D-02  -.13965143511976D-02
  -.66535743092899D-06  -.27944403857560D-06  -.50113534877383D-07
  -.29945594182124D-06  -.50745240010031D-06  -.60492671316581D-07
  0.10026911394401D-01  0.11548402103569D-02  0.13965128019251D-02
  0.66537254683752D-06  -.27701767102428D-06  0.47019481641541D-07
  0.30055624788972D-06  -.50870467682707D-06  0.64890551598751D-07
  -.61624952021981D-02  -.11544013780167D-02  -.85843052786938D-03
  -.52813204537427D-06  0.34623291561564D-06  -.86832958601235D-08
  cycle =     11 MP2 energy =     -229.8299384308 |dE/dxyz| =  0.016971
    0.03647345230255     -1.07406089608020     -4.20761875570589      h
   -0.12965411701895     -1.18790292166271     -2.39635744877188      o
    0.19970329511012      1.28849263814058     -1.43389442172815      c
   -1.12142768137741      2.63497480648620     -2.28612932264280      h
    2.12111674781315      1.94064391479951     -1.85274590128748      h
   -0.19970316680234      1.28849264682245      1.43389445438953      c
    1.12142775396248      2.63497480883540      2.28612944503358      h
   -2.12111665851266      1.94064390971781      1.85274580208766      h
    0.12965413052254     -1.18790292675901      2.39635748365737      o
   -0.03647302087360     -1.07406084716305      4.20761881560125      h
  -.59993663825697D-06  -.61034239723368D-06  0.37297975374884D-06
  0.61644795074804D-02  -.11536936257510D-02  0.85860292023643D-03
  -.10033195494164D-01  0.11538932400317D-02  -.13960237112585D-02
  0.19568086444544D-05  -.36124972391249D-06  0.10396095475596D-05
  0.10020391125742D-05  0.77033555778705D-06  0.49963709169987D-06
  0.10033207167322D-01  0.11538978001004D-02  0.13960258916683D-02
  -.19594051541283D-05  -.36116386059604D-06  -.10356738979755D-05
  -.10051827463720D-05  0.76884732247429D-06  -.50510686211425D-06
  -.61644896136568D-02  -.11536928114246D-02  -.85859882077255D-03
  0.60411008351302D-06  -.61108729987325D-06  -.37772714378548D-06
  cycle =     12 MP2 energy =     -229.8299384341 |dE/dxyz| =  0.016971
    0.03646740531266     -1.07406120392245     -4.20761882501083      h
   -0.12965756761144     -1.18790323297106     -2.39635728015687      o
    0.19970118158577      1.28849233200308     -1.43389472396694      c
   -1.12143103826744      2.63497447848342     -2.28612773196420      h
    2.12111402336536      1.94064364108168     -1.85274895555194      h
   -0.19970117245014      1.28849233290712      1.43389472426532      c
    1.12143094645078      2.63497451679721      2.28612782299652      h
   -2.12111407514363      1.94064356336747      1.85274882447567      h
    0.12965754512755     -1.18790323549968      2.39635728083216      o
   -0.03646701369523     -1.07406115936910      4.20761885078032      h
  0.81233274884518D-07  -.56136316900490D-06  0.40962349334706D-06
  0.61637886142278D-02  -.11538410603613D-02  0.85846972394776D-03
  -.10033140462917D-01  0.11539952674005D-02  -.13959668246244D-02
  0.17649508234907D-05  -.37816670284130D-06  0.10501034637400D-05
  0.84313450177120D-06  0.78364616085125D-06  0.42519302367872D-06
  0.10033148271819D-01  0.11539997678991D-02  0.13959688305172D-02
  -.17673134282692D-05  -.37739514802126D-06  -.10469167313065D-05
  -.84612979112109D-06  0.78146840643001D-06  -.42956775936354D-06
  -.61637932826806D-02  -.11538399109199D-02  -.85846570349180D-03
  -.79015587378661D-07  -.56231353556813D-06  -.41446177956317D-06
  cycle =     13 MP2 energy =     -229.8299384285 |dE/dxyz| =  0.016968
    0.03644973026769     -1.07404162221590     -4.20763674668990      h
   -0.12964191093049     -1.18790379131324     -2.39637270223511      o
    0.19970920980056      1.28848630572547     -1.43389752525234      c
   -1.12142957755643      2.63496402748790     -2.28613770809522      h
    2.12111911109779      1.94064110595279     -1.85274869352677      h
   -0.19970919602479      1.28848629904067      1.43389751842852      c
    1.12142949725903      2.63496408407431      2.28613773819756      h
   -2.12111914786290      1.94064099927564      1.85274862316069      h
    0.12964200497496     -1.18790378119369      2.39637271365988      o
   -0.03644948635119     -1.07404159395625      4.20763676905190      h
  -.12928600101603D-06  -.73089985397345D-07  0.27665789659181D-08
  0.61640201892608D-02  -.11530949827829D-02  0.85811467760166D-03
  -.10030314197047D-01  0.11528185083467D-02  -.13968306156276D-02
  0.55609798077505D-06  0.45767876599712D-07  0.27704022187436D-07
  0.14432357753336D-06  0.30375857806852D-06  0.90696234522625D-07
  0.10030315792261D-01  0.11528198123143D-02  0.13968303376506D-02
  -.55729586612152D-06  0.45438397933140D-07  -.26841570299752D-07
  -.14558998717717D-06  0.30295165465155D-06  -.92471834411967D-07
  -.61640170876416D-02  -.11530940262485D-02  -.85811267738478D-03
  0.12705334456742D-06  -.74196691235429D-07  -.35751366311843D-08
  cycle =     14 MP2 energy =     -229.8299384443 |dE/dxyz| =  0.016966
    0.03645872841758     -1.07404621865923     -4.20763000750638      h
   -0.12964366088202     -1.18790315928315     -2.39636649098792      o
    0.19970900607719      1.28848929389370     -1.43389786372415      c
   -1.12143675992384      2.63496236333275     -2.28613794577121      h
    2.12111696611045      1.94064373740614     -1.85275444970158      h
   -0.19970908247639      1.28848928185381      1.43389785453969      c
    1.12143667965926      2.63496233063694      2.28613796852329      h
   -2.12111704665142      1.94064373259699      1.85275441652731      h
    0.12964354670234     -1.18790318325668      2.39636646481232      o
   -0.03645814235893     -1.07404614564356      4.20763003998783      h
  0.39005124247149D-06  -.20282577556374D-06  -.24015747612793D-07
  0.61632586627389D-02  -.11529661611007D-02  0.85874126820151D-03
  -.10029018349633D-01  0.11529253363225D-02  -.13969913838867D-02
  0.27760804099941D-07  0.14783785795558D-06  -.71654699507206D-07
  0.21686852313962D-07  0.95609466344015D-07  -.82567076953310D-07
  0.10029020061265D-01  0.11529259246927D-02  0.13969921144206D-02
  -.27597139684588D-07  0.14708467377389D-06  0.72626116454089D-07
  -.21896588542347D-07  0.95940501099179D-07  0.81342274249607D-07
  -.61632672234520D-02  -.11529667733097D-02  -.85874263577246D-03
  -.38315599426575D-06  -.20203369421878D-06  0.24906135820402D-07
$end
