$hessapprox internal
  0.162808310670D-01 -0.430619678757D-03  0.614637316752D+00  0.366473472108D-03
  0.782582981982D-03  0.371067081646D+00 -0.614934563980D-03 -0.161692122280D-02
  0.487890994616D-02  0.414383689704D+00  0.153266822651D-03  0.973821425499D-03
 -0.278915903485D-02  0.562187857713D-02  0.419519589418D+00 -0.383084815502D-03
 -0.182268025311D-02  0.528656183762D-02 -0.106651307061D-01  0.603012618014D-02
  0.334050736663D+00  0.119151561521D-02 -0.261408836355D-02  0.638502981275D-02
 -0.127124721609D-01  0.692400982464D-02 -0.132840966811D-01  0.333676189002D+00
  0.147219981608D-02 -0.181955903491D-02  0.400238282536D-02 -0.789469289629D-02
  0.418278901396D-02 -0.808233064834D-02 -0.700504103928D-02  0.317048772573D+00
  0.989486353855D-03 -0.104413680371D-02  0.219725790976D-02 -0.431559978592D-02
  0.225695003177D-02 -0.437595523696D-02 -0.353172633010D-02 -0.144497631149D-02
  0.343217296949D+00 -0.612398642473D-03 -0.161834248093D-02  0.488108329189D-02
 -0.987350118602D-02  0.562377293503D-02 -0.106689337824D-01 -0.127132683885D-01
 -0.789352711244D-02 -0.431454370236D-02  0.414375476953D+00  0.152814503264D-03
  0.975430971449D-03 -0.279328384230D-02  0.563012336297D-02 -0.317539775914D-02
  0.603881493554D-02  0.693307355440D-02  0.418784331806D-02  0.225956803607D-02
  0.563201896384D-02  0.419510495231D+00 -0.382469901358D-03 -0.182371383169D-02
  0.528898753011D-02 -0.106699436652D-01  0.603272141154D-02 -0.114657001576D-01
 -0.132888225049D-01 -0.808472149388D-02 -0.437712495833D-02 -0.106737466715D-01
  0.604141346997D-02  0.334040751038D+00  0.118768129227D-02 -0.262883904402D-02
  0.642831787569D-02 -0.127998728082D-01  0.697353784112D-02 -0.133781759064D-01
 -0.132892539749D-01 -0.707238411994D-02 -0.356829742078D-02 -0.128007017777D-01
  0.698267332034D-02 -0.133829431553D-01  0.333455451907D+00  0.147010364383D-02
 -0.181609547477D-02  0.399427869701D-02 -0.787861727925D-02  0.417412753151D-02
 -0.806566689429D-02 -0.698932462585D-02 -0.317440023017D-02 -0.144111260479D-02
 -0.787745182498D-02  0.417917083643D-02 -0.806805220167D-02 -0.705652939892D-02
  0.317064590231D+00  0.995579032143D-03 -0.105711585629D-02  0.222883831019D-02
 -0.437845541846D-02  0.229115293877D-02 -0.444159119792D-02 -0.359656567732D-02
 -0.147929094052D-02 -0.618383395373D-03 -0.437740281527D-02  0.229381559988D-02
 -0.444278413611D-02 -0.363368030278D-02 -0.147535003199D-02  0.343182464753D+00
  0.116696631212D-02 -0.413852271280D-03  0.338214620478D-03 -0.560796760523D-03
  0.127145451991D-03 -0.331320102240D-03  0.121375727968D-02  0.146848074846D-02
  0.983030863581D-03 -0.558305141419D-03  0.126671035328D-03 -0.330700689218D-03
  0.121036380664D-02  0.146637056280D-02  0.989228693168D-03  0.162290219452D-01
 -0.433679618014D-03 -0.180050144798D-03  0.794376218137D-03 -0.164093786862D-02
  0.987752129435D-03 -0.184899062793D-02 -0.264754211915D-02 -0.184126422002D-02
 -0.105623638648D-02 -0.164237267283D-02  0.989382965230D-03 -0.185003708013D-02
 -0.266250753051D-02 -0.183775760736D-02 -0.106938110368D-02 -0.416743034708D-03
  0.614630240399D+00  0.363186167259D-03  0.786848503877D-03 -0.241820235117D-02
  0.489766041288D-02 -0.279912694459D-02  0.530580578694D-02  0.640200440619D-02
  0.401027486206D-02  0.220090369609D-02  0.489983146428D-02 -0.280326392056D-02
  0.530823731333D-02  0.644545268768D-02  0.400215140119D-02  0.223256729729D-02
  0.334931138149D-03  0.798693025694D-03  0.371048072792D+00  0.139064119331D-02
 -0.182581695638D-03 -0.452935388215D-03  0.105223795714D-02 -0.811390614096D-03
  0.143991909872D-02  0.348987096222D-02  0.295523532895D-02  0.181423512114D-02
  0.105568054870D-02 -0.813309171131D-03  0.144141663618D-02  0.350092326525D-02
  0.295018791400D-02  0.183170712177D-02  0.135314389552D-02 -0.181703617359D-03
 -0.459729087142D-03  0.508614579024D+00 -0.782412933118D-02  0.378296124743D-02
 -0.504619160936D-02  0.934492785740D-02 -0.397814545167D-02  0.817713016385D-02
 -0.150456746733D-02 -0.593321777344D-02 -0.450436775319D-02  0.932975905472D-02
 -0.397935727156D-02  0.817544227959D-02 -0.143281173995D-02 -0.592729123999D-02
 -0.451318144672D-02 -0.767412275446D-02  0.381637544639D-02 -0.503352846310D-02
 -0.100422979784D-01  0.428609346644D+00  0.138785538428D-02 -0.181372736900D-03
 -0.454351845002D-03  0.105480092893D-02 -0.812379286838D-03  0.144201553098D-02
  0.348842746742D-02  0.295258735043D-02  0.181234577529D-02  0.105823790928D-02
 -0.814297674199D-03  0.144351213011D-02  0.349949861301D-02  0.294754317079D-02
  0.182981015709D-02  0.135041454931D-02 -0.180484681784D-03 -0.461139755380D-03
  0.131026771915D-02 -0.100246165728D-01  0.508607700255D+00 -0.783461865013D-02
  0.378818131285D-02 -0.505336594064D-02  0.935827855115D-02 -0.398393904086D-02
  0.818896987014D-02 -0.150560761882D-02 -0.594059585061D-02 -0.451009917832D-02
  0.934308963893D-02 -0.398515313229D-02  0.818728008608D-02 -0.143374847595D-02
 -0.593466258268D-02 -0.451891986587D-02 -0.768441425392D-02  0.382164237481D-02
 -0.504068719497D-02 -0.100559039017D-01  0.486045578728D-01 -0.100381988827D-01
  0.428738723657D+00 -0.420165577462D-02 -0.178178169551D-03  0.337984087625D-02
 -0.722205299108D-02  0.471413170021D-02 -0.866177679612D-02 -0.153459203072D-01
 -0.117610434082D-01 -0.699189276625D-02 -0.723356674877D-02  0.472310812324D-02
 -0.866808584511D-02 -0.154147861984D-01 -0.117398418220D-01 -0.706838266040D-02
 -0.407221647900D-02 -0.190989063691D-03  0.340713660448D-02 -0.326712255208D-02
  0.324499585584D-01 -0.325627302448D-02  0.324942202243D-01  0.376692067644D+00
  0.000000000000D+00  0.000000000000D+00  0.000000000000D+00  0.000000000000D+00
  0.000000000000D+00  0.000000000000D+00  0.000000000000D+00  0.000000000000D+00
  0.000000000000D+00  0.000000000000D+00  0.000000000000D+00  0.000000000000D+00
  0.000000000000D+00  0.000000000000D+00  0.000000000000D+00  0.000000000000D+00
  0.000000000000D+00  0.000000000000D+00  0.000000000000D+00  0.000000000000D+00
  0.000000000000D+00  0.000000000000D+00  0.000000000000D+00  0.000000000000D+00
$end
