$coord
    0.17247107447078     -1.05382596334901     -4.22556684966976  h
   -0.23065235779477     -1.14192648581467     -2.45087537403262  o
    0.36296541988014      1.24122434438345     -1.38626579016363  c
   -0.63629249720659      2.79632830176983     -2.32131255451044  h
    2.39905552753467      1.59246949099516     -1.55300884805952  h
   -0.36296516580364      1.24122469314393      1.38626539766371  c
    0.63629083539753      2.79633025707851      2.32131168387671  h
   -2.39905568854157      1.59246765922838      1.55300753653748  h
    0.23065522457755     -1.14192474685465      2.45087640706310  o
   -0.17250094954590     -1.05383477902917      4.22556094360535  h
$intdef
# definitions of internal coordinates
   1 f  1.0000000000000 tors    2    3    6    9 val=  39.00000
$user-defined bonds
$redundant
     number_of_atoms            10
     degrees_of_freedom         24
     internal_coordinates       25
     frozen_coordinates          1
# definitions of redundant internals
   1 k  1.0000000000000 tors   1    2    3    6 val= 177.18377
   2 k  1.0000000000000 stre   2    1           val=   1.82203
   3 k  1.0000000000000 bend   3    1    2      val= 107.17382
   4 k  1.0000000000000 stre   3    4           val=   2.07152
   5 k  1.0000000000000 stre   3    5           val=   2.07288
   6 k  0.0853487999789 bend   5    4    3      val=   1.04859
       -0.5291046135294 bend   2    4    3
       -0.4876455949925 bend   2    5    3
        0.4798028508589 bend   6    4    3
        0.4947270846398 bend   6    5    3
   7 k  0.0123311514593 bend   5    4    3      val=   0.36850
       -0.5281645613865 bend   2    4    3
        0.5609328435356 bend   2    5    3
       -0.4645229150181 bend   6    4    3
        0.4364206059129 bend   6    5    3
   8 k -0.8905147257660 bend   5    4    3      val=   0.90816
        0.1665441872920 bend   2    4    3
        0.1946229309268 bend   2    5    3
        0.2689061101842 bend   6    4    3
        0.2627888421074 bend   6    5    3
   9 k -0.0107735645729 bend   5    4    3      val=   1.55199
        0.4505196214260 bend   2    4    3
       -0.4502276379500 bend   2    5    3
       -0.5330332483574 bend   6    4    3
        0.5568542279521 bend   6    5    3
  10 k  1.0000000000000 stre   6    7           val=   2.07152
  11 k  1.0000000000000 stre   6    8           val=   2.07288
  12 k  0.0853489637489 bend   8    7    6      val=   1.04860
       -0.5291045090302 bend   9    7    6
       -0.4876457134098 bend   9    8    6
        0.4798030565068 bend   3    7    6
        0.4947268519807 bend   3    8    6
  13 k  0.0123313807245 bend   8    7    6      val=   0.36851
       -0.5281647733980 bend   9    7    6
        0.5609327687156 bend   9    8    6
       -0.4645226854846 bend   3    7    6
        0.4364206833345 bend   3    8    6
  14 k -0.8905147338196 bend   8    7    6      val=   0.90815
        0.1665440695929 bend   9    7    6
        0.1946228499183 bend   9    8    6
        0.2689059910810 bend   3    7    6
        0.2627890712796 bend   3    8    6
  15 k -0.0107734203507 bend   8    7    6      val=   1.55197
        0.4505194164310 bend   9    7    6
       -0.4502276854877 bend   9    8    6
       -0.5330333195005 bend   3    7    6
        0.5568542900574 bend   3    8    6
  16 k  1.0000000000000 tors  10    9    6    3 val= 177.18492
  17 k  1.0000000000000 stre   9   10           val=   1.82203
  18 k  1.0000000000000 bend   6   10    9      val= 107.17382
  19 k  1.0000000000000 tors   2    3    6    9 val=  39.00000
  20 k  1.0000000000000 stre   3    2           val=   2.67679
  21 k  1.0000000000000 bend   6    2    3      val= 109.18253
  22 k  1.0000000000000 stre   6    9           val=   2.67679
  23 k  1.0000000000000 bend   3    9    6      val= 109.18253
  24 k  1.0000000000000 stre   3    6           val=   2.86599
  25 f  1.0000000000000 tors   2    3    6    9 val=  39.00000
        24 non zero eigenvalues  of BmBt
           1           4.545363878    1    0
         1
           2           3.781944624    2    0
         2
           3           3.772998758    3    0
         3
           4           3.080735113    4    0
         4
           5           2.691152925    5    0
         5
           6           2.459173058    6    0
         6
           7           2.105225207    7    0
         7
           8           1.731148662    8    0
         8
           9           1.230765393    9    0
         9
          10           1.222628889   10    0
        10
          11           1.039595417   11    0
        11
          12           0.838082778   12    0
        12
          13           0.770615094   13    0
        13
          14           0.730380388   14    0
        14
          15           0.659102342   15    0
        15
          16           0.403018533   16    0
        16
          17           0.345209703   17    0
        17
          18           0.313218200   18    0
        18
          19           0.274020271   20    0
        20
          20           0.247092891   21    0
        21
          21           0.159422330   22    0
        22
          22           0.067887144   23    0
        23
          23           0.057838453   24    0
        24
          24           0.000000000    0    1
         0.000000000         0.000000000         0.000000000         0.000000000
         0.000000000         0.000000000         0.000000000         0.000000000
         0.000000000         0.000000000         0.000000000         0.000000000
         0.000000000         0.000000000         0.000000000         0.000000000
         0.000000000         0.000000000         0.000000000         0.000000000
         0.000000000         0.000000000         0.000000000         0.000000000
         1.000000000
$end
