$energy      SCF               SCFKIN            SCFPOT            MP2
     1 -229.0208605663      228.767990     -457.788851     -.8136800115500
     2 -229.0222981988      228.772698     -457.794997     -.8130618541891
     3 -229.0223602859      228.788514     -457.810874     -.8131024704995
     4 -229.0222449801      228.787089     -457.809334     -.8132317533023
     5 -229.0222015233      228.784652     -457.806854     -.8132762516929
     6 -229.0222010485      228.784576     -457.806777     -.8132768171237
     7 -229.0222009283      228.784569     -457.806770     -.8132769075098
     8 -229.0222009281      228.784573     -457.806774     -.8132769436768
     9 -229.0222007946      228.784570     -457.806770     -.8132770934259
    10 -229.0222007364      228.784569     -457.806770     -.8132771507139
    11 -229.0222007363      228.784567     -457.806768     -.8132771387127
    12 -229.0222006931      228.784567     -457.806768     -.8132771764318
    13 -229.0222006803      228.784566     -457.806767     -.8132771871727
$end
