$grad          cartesian gradients
  cycle =      1 MP2 energy =     -229.8345405778 |dE/dxyz| =  0.014709
    0.21339059327488     -1.20514327251532     -4.13229635791643      h
   -0.24482446589055     -1.15582387177109     -2.37379854053468      o
    0.37534141717863      1.26879196805986     -1.38171540009287      c
   -0.64877623712420      2.77619309982342     -2.36714190753743      h
    2.40461648736903      1.65579063528968     -1.53790865766181      h
   -0.37534427648851      1.26880093394435      1.38170071651333      c
    0.64873538977100      2.77621313228262      2.36711910216757      h
   -2.40464099903081      1.65577919288290      1.53786096948122      h
    0.24489647310660     -1.15577526282514      2.37383078797460      o
   -0.21443412505302     -1.20547583353735      4.13202996345054      h
  -.12770616200922D-02  -.28820511160648D-02  0.19329965829442D-02
  0.30137116176543D-02  -.50240843541367D-02  -.54391834936851D-03
  -.34128599021122D-02  0.57369419464228D-02  0.16851689659032D-02
  -.87344556968172D-03  -.73023266737460D-03  -.94712573210676D-03
  -.98192651917461D-04  0.28998299424547D-02  0.13580019028229D-02
  0.34186326824543D-02  0.57385890444781D-02  -.16833703403032D-02
  0.87151328331525D-03  -.73520445200081D-03  0.94482442664434D-03
  0.93020379488440D-04  0.29027198166351D-02  -.13580449429992D-02
  -.30114504943652D-02  -.50251848058371D-02  0.54212510453144D-03
  0.12761322755246D-02  -.28813233717947D-02  -.19306576181375D-02
  cycle =      2 MP2 energy =     -229.8353600530 |dE/dxyz| =  0.015870
    0.20083676439062     -1.10581363848356     -4.21892449711391      h
   -0.22364819544896     -1.15498801700536     -2.44847166021735      o
    0.36953388012603      1.23347003671160     -1.38860363477918      c
   -0.63023122131717      2.76951878053931     -2.35282624677909      h
    2.40215928199512      1.59763015374646     -1.54538856816763      h
   -0.36959292857682      1.23346764187041      1.38857746846221      c
    0.63018630841040      2.76948511898260      2.35283284566060      h
   -2.40221660398739      1.59766004817354      1.54533165380212      h
    0.22355950462820     -1.15500123173997      2.44843147216019      o
   -0.20162653310698     -1.10607817116110      4.21872184281609      h
  -.44807589802032D-03  -.14343333298366D-02  -.37231023169326D-04
  0.55875053448435D-02  -.14214169195794D-02  -.26627730422657D-03
  -.85313964405931D-02  0.30106565147365D-02  -.21465100431408D-02
  0.10852224097957D-03  -.88814026656836D-03  -.14254640703615D-02
  -.67147276406887D-03  0.73294245019540D-03  0.28291395119695D-03
  0.85317653436465D-02  0.30113816898734D-02  0.21468660811559D-02
  -.10873315350723D-03  -.88945575873467D-03  0.14258160230007D-02
  0.67087340654659D-03  0.73369696007153D-03  -.28365209184189D-03
  -.55861542958402D-02  -.14208709737717D-02  0.26678057369978D-03
  0.44716621603003D-03  -.14344603603184D-02  0.36757902665663D-04
  cycle =      3 MP2 energy =     -229.8354627564 |dE/dxyz| =  0.018000
    0.19607402363834     -1.07987634033691     -4.22274266848116      h
   -0.22095817595793     -1.15648859211703     -2.45096047179891      o
    0.36847726358043      1.22513350257116     -1.38566022862932      c
   -0.62449018131575      2.77443358928274     -2.33571335947988      h
    2.40480331656352      1.57661693723263     -1.54226349202370      h
   -0.36857968905865      1.22512306132252      1.38562787860718      c
    0.62444809093600      2.77435637354269      2.33573238968661      h
   -2.40489133313780      1.57669076220014      1.54221076392794      h
    0.22074826410144     -1.15654629514711      2.45087660708153      o
   -0.19667132223656     -1.08009227691691      4.22257325695375      h
  -.10645252745178D-03  -.37806112594108D-03  -.55243198374910D-04
  0.63728603723252D-02  -.10619010947348D-02  0.14333336880270D-02
  -.10350857271169D-01  0.19117040652166D-02  -.25652782446972D-02
  0.13857761355229D-03  -.46960951600195D-03  -.61832221238944D-03
  -.24494964048571D-03  -.25676679104025D-05  0.46309422815582D-04
  0.10350064074178D-01  0.19117138777576D-02  0.25654313115893D-02
  -.13832682269199D-03  -.46951089031122D-03  0.61918678953332D-03
  0.24533637193835D-03  -.24814845106524D-05  -.47080526433319D-04
  -.63721898477245D-02  -.10609493314098D-02  -.14331004655528D-02
  0.10593767719302D-03  -.37833684329047D-03  0.54763435511695D-04
  cycle =      4 MP2 energy =     -229.8354767334 |dE/dxyz| =  0.018346
    0.19468925953913     -1.07364471031097     -4.22349791396741      h
   -0.21980138044086     -1.15944053568177     -2.45141280320385      o
    0.36893012373832      1.22273547697482     -1.38442203771014      c
   -0.62376115592920      2.77763073430218     -2.32645957608034      h
    2.40642201482366      1.57254211492709     -1.54071991780693      h
   -0.36906287467399      1.22271731110975      1.38438450159368      c
    0.62372239553102      2.77751814729255      2.32648166566200      h
   -2.40653327455231      1.57264813615674      1.54067517461098      h
    0.21951035304564     -1.15952944942483      2.45130171076038      o
   -0.19515520396836     -1.07382650371164      4.22334987198567      h
  -.12545992957858D-04  -.39176099371208D-04  0.19308704218624D-04
  0.63432961928491D-02  -.19026942196216D-02  0.17084393199855D-02
  -.10515968072450D-01  0.20635147918853D-02  -.25763293878263D-02
  0.66391902724838D-04  -.84287222391843D-04  -.12575219629474D-03
  0.63627657582277D-04  -.37454579227658D-04  0.21453735152499D-04
  0.10515844504594D-01  0.20629950144171D-02  0.25763467991333D-02
  -.66292305924476D-04  -.84194889869327D-04  0.12624604575584D-03
  -.63462700527150D-04  -.37503484789370D-04  -.21910149734183D-04
  -.63432270536907D-02  -.19018085239555D-02  -.17083210521909D-02
  0.12335867770275D-04  -.39390768956094D-04  -.19481817679079D-04
  cycle =      5 MP2 energy =     -229.8354777750 |dE/dxyz| =  0.018000
    0.19465540866479     -1.07328085704100     -4.22418283570570      h
   -0.21898437894374     -1.16060598494374     -2.45189430341415      o
    0.36956115965622      1.22244144980940     -1.38442541094476      c
   -0.62436684849224      2.77788400129595     -2.32454935448842      h
    2.40668973253603      1.57338574258323     -1.54090219559985      h
   -0.36970910150319      1.22241973829348      1.38438572955112      c
    0.62433017306643      2.77775439473308      2.32457094869413      h
   -2.40681261916918      1.57350803359310      1.54086452443296      h
    0.21865733166460     -1.16070903244907      2.45177019820309      o
   -0.19506060036667     -1.07344676424053      4.22404337511562      h
  0.17515580652550D-07  -.55711047444174D-05  0.82398032574815D-05
  0.62231728317594D-02  -.22666378095924D-02  0.16601687629221D-02
  -.10163060925205D-01  0.22522678516239D-02  -.26468992787860D-02
  0.24907116552564D-04  0.75935179886244D-05  -.69763615984098D-05
  0.43802757415001D-04  0.12396754548671D-04  0.86550003839392D-05
  0.10163250030164D-01  0.22515811668873D-02  0.26470520781019D-02
  -.24919264260514D-04  0.75329808146840D-05  0.71579374081310D-05
  -.43812102862084D-04  0.12405626340528D-04  -.89116341525086D-05
  -.62232872235990D-02  -.22658977176881D-02  -.16601676774473D-02
  -.70735637236474D-07  -.56712519851954D-05  -.83186288613035D-05
  cycle =      6 MP2 energy =     -229.8354778656 |dE/dxyz| =  0.017845
    0.19437719460472     -1.07285825130372     -4.22456377687434      h
   -0.21847417768811     -1.16075173569474     -2.45209444514084      o
    0.36985994997992      1.22232329915218     -1.38445454202963      c
   -0.62452943140694      2.77755748056708     -2.32446887855554      h
    2.40676262369053      1.57355415018829     -1.54094442325678      h
   -0.37001378692346      1.22230010618211      1.38441384186615      c
    0.62449386357721      2.77742188196539      2.32448914161709      h
   -2.40688975933102      1.57368218092077      1.54091114187562      h
    0.21813434686502     -1.16086006979482      2.45196543765867      o
   -0.19476056625481     -1.07301832054863      4.22442717868365      h
  0.27295893134660D-05  0.16282062190731D-05  -.19079651014664D-05
  0.62056644672732D-02  -.22734194924006D-02  0.16652120848368D-02
  -.10021295186010D-01  0.22638797007257D-02  -.26868297931992D-02
  0.64585876082823D-05  0.33944118795759D-05  0.80896699361510D-06
  -.35993234406284D-05  0.46810194627156D-05  -.24505139537556D-05
  0.10021497655974D-01  0.22630201789848D-02  0.26869272471841D-02
  -.64654774767359D-05  0.33544296242916D-05  -.74649899572954D-06
  0.35922067644911D-05  0.46795496532193D-05  0.23023721352766D-05
  -.62057871613459D-02  -.22727766795807D-02  -.16652506396264D-02
  -.27953586201335D-05  0.15586890209640D-05  0.19347399433656D-05
  cycle =      7 MP2 energy =     -229.8354778358 |dE/dxyz| =  0.017833
    0.19402553616784     -1.07269400700994     -4.22467991875941      h
   -0.21828413364107     -1.16078497532452     -2.45210068870716      o
    0.36997189354765      1.22230985001410     -1.38441377927291      c
   -0.62445062920697      2.77747779371684     -2.32451231460276      h
    2.40689192964640      1.57351559509551     -1.54074172823807      h
   -0.37013098436485      1.22228605250186      1.38437258821175      c
    0.62441585717081      2.77733737174128      2.32453269320660      h
   -2.40702296151109      1.57364928503459      1.54071183994503      h
    0.21793296739431     -1.16089737047058      2.45196683664408      o
   -0.19438921808997     -1.07284887366524      4.22454514741690      h
  0.10997419908065D-06  0.13842731461100D-06  0.63642026404409D-06
  0.62059412822468D-02  -.22735595791801D-02  0.16591951213565D-02
  -.10012429812670D-01  0.22704140462428D-02  -.26780967834643D-02
  -.11562822337385D-05  0.17035415469380D-05  -.31963234481402D-06
  -.11591377497844D-05  0.14315193576087D-05  -.51151156643670D-07
  0.10012604783578D-01  0.22695384030902D-02  0.26782622567123D-02
  0.11615679589294D-05  0.16929763813067D-05  0.36684901094652D-06
  0.11599633706894D-05  0.14310928188044D-05  -.16051352247359D-07
  -.62061230626216D-02  -.22729321652282D-02  -.16592898402639D-02
  -.10927624471968D-06  0.14175145368611D-06  -.68718896173436D-06
  cycle =      8 MP2 energy =     -229.8354778718 |dE/dxyz| =  0.017833
    0.17255502258623     -1.05384694605974     -4.22555397334976      h
   -0.23066561681718     -1.14192018001452     -2.45088424893651      o
    0.36295506003625      1.24121924548278     -1.38627051273482      c
   -0.63633328044893      2.79632859659314     -2.32129268448857      h
    2.39903330507207      1.59250453987394     -1.55303729150913      h
   -0.36295499322828      1.24121925382352      1.38627070676023      c
    0.63633156611238      2.79632916887027      2.32129400751008      h
   -2.39903367743155      1.59250293749880      1.55303513548433      h
    0.23066685963561     -1.14191957367570      2.45088441268512      o
   -0.17257345910988     -1.05385334320792      4.22554989514757      h
  0.36924422075479D-07  0.16919169154583D-06  0.59896801118953D-06
  0.62144967799314D-02  -.22732496255884D-02  0.16274087063142D-02
  -.10026160009399D-01  0.22698896035234D-02  -.26267721541480D-02
  -.11183973560591D-05  0.16888814386995D-05  -.31816398959883D-06
  -.10934988106115D-05  0.14558715121238D-05  -.20689042590227D-07
  0.10026146864178D-01  0.22699269151207D-02  0.26268485230299D-02
  0.11247536562120D-05  0.16784059142516D-05  0.36774683409568D-06
  0.10961859162606D-05  0.14566599629839D-05  -.48691660037292D-07
  -.62144719085415D-02  -.22731809916756D-02  -.16274100664484D-02
  -.57693997579378D-07  0.16510251232837D-06  -.65417859840267D-06
  cycle =      9 MP2 energy =     -229.8354778880 |dE/dxyz| =  0.017838
    0.17253130798565     -1.05384253696065     -4.22555678743166      h
   -0.23066396857827     -1.14191930491438     -2.45088054636268      o
    0.36295777107379      1.24122522153001     -1.38626909226626      c
   -0.63631183425697      2.79633487630250     -2.32130061978815      h
    2.39904282537129      1.59248728193686     -1.55302549132982      h
   -0.36295860298407      1.24122492601701      1.38626901057106      c
    0.63631025640073      2.79633442269569      2.32130166982570      h
   -2.39904384384250      1.59248657740027      1.55302384695676      h
    0.23066306567160     -1.14191965193405      2.45088008378710      o
   -0.17254619043454     -1.05384811288868      4.22555337260649      h
  0.62839030978701D-07  -.60619330943812D-07  0.10479813461473D-07
  0.62149067457145D-02  -.22742348240676D-02  0.16276903782479D-02
  -.10028801314772D-01  0.22727745657285D-02  -.26269260993170D-02
  -.17715731281953D-06  0.82610866325439D-06  0.60530927381564D-07
  -.35865222525189D-06  0.68419534116071D-06  -.58205669950517D-07
  0.10028807872016D-01  0.22727852892039D-02  0.26269523283657D-02
  0.18501336240817D-06  0.81239689730950D-06  -.35770820749903D-07
  0.35943404075311D-06  0.69516817113868D-06  0.16581029660401D-07
  -.62149688310700D-02  -.22742314895794D-02  -.16277026398939D-02
  -.15948825371481D-07  -.50776105764427D-07  -.75801960264243D-08
  cycle =     10 MP2 energy =     -229.8354778871 |dE/dxyz| =  0.017840
    0.17250484030078     -1.05383203465469     -4.22556208440338      h
   -0.23065566272219     -1.14192076627415     -2.45087849026716      o
    0.36296246674216      1.24122797889369     -1.38626691678733      c
   -0.63629843014312      2.79633351406988     -2.32130814826143      h
    2.39905149083405      1.59247698230268     -1.55301461735016      h
   -0.36296106504565      1.24122799890905      1.38626697235095      c
    0.63629682373781      2.79633575337379      2.32130777409004      h
   -2.39905075938275      1.59247354540078      1.55301363189751      h
    0.23066101426510     -1.14191901106357      2.45088007908051      o
   -0.17252993217949     -1.05384026177288      4.22555724621898      h
  -.10036129804991D-06  -.52690500240704D-07  -.31132506350673D-07
  0.62153860748606D-02  -.22748255149789D-02  0.16273942356708D-02
  -.10030315592290D-01  0.22746174190535D-02  -.26265158347933D-02
  0.12755221789895D-06  0.12046595321280D-06  0.15277346099296D-06
  0.78344322140822D-08  0.15763488536713D-06  -.63167673314268D-08
  0.10030289246352D-01  0.22745961435007D-02  0.26264722419613D-02
  -.14710612616931D-06  0.11942801991793D-06  -.18153483938299D-06
  -.20671773182102D-07  0.14722161767455D-06  0.10372009029425D-07
  -.62151020722254D-02  -.22747524125517D-02  -.16272915785143D-02
  -.12490417278244D-06  -.12768120122297D-06  -.32251730175403D-08
  cycle =     11 MP2 energy =     -229.8354778750 |dE/dxyz| =  0.017840
    0.17249471454892     -1.05383501502630     -4.22556279527212      h
   -0.23066227808617     -1.14192365293048     -2.45087839902193      o
    0.36295899521507      1.24122479245471     -1.38626790745547      c
   -0.63630310834458      2.79633079456099     -2.32130707280566      h
    2.39904783561349      1.59247293560340     -1.55301966308604      h
   -0.36295899376048      1.24122499981837      1.38626743293339      c
    0.63630142698180      2.79633228735825      2.32130630538071      h
   -2.39904820506798      1.59247140656393      1.55301817845354      h
    0.23066419843570     -1.14192230993526      2.45087924806031      o
   -0.17252316256756     -1.05384346691585      4.22555722512367      h
  0.26130818264747D-06  -.18660465933573D-06  0.69730770491105D-07
  0.62149819987294D-02  -.22745913355262D-02  0.16272987706536D-02
  -.10030279492983D-01  0.22744608416438D-02  -.26265978395754D-02
  0.34892637890138D-07  0.15247153228870D-06  0.19399443296209D-06
  -.50202304979763D-07  0.18503079290966D-06  -.58166955918537D-07
  0.10030307523971D-01  0.22744469166920D-02  0.26265700776986D-02
  -.34174485685767D-07  0.13529473408269D-06  -.21475057510045D-06
  0.44860808401381D-07  0.20074227158329D-06  0.61760840330827D-07
  -.62149080989915D-02  -.22745810477396D-02  -.16272495968614D-02
  -.35861596048292D-06  -.22229506946303D-06  -.73979803616453D-07
  cycle =     12 MP2 energy =     -229.8354778695 |dE/dxyz| =  0.017840
    0.17245945802231     -1.05381712997937     -4.22557420934931      h
   -0.23064750521707     -1.14192743017040     -2.45087949890476      o
    0.36296839548446      1.24122126202211     -1.38626489307344      c
   -0.63628419797191      2.79632764930414     -2.32131354932073      h
    2.39905933567427      1.59246516215547     -1.55300014218582      h
   -0.36297102564091      1.24122120818555      1.38626426159072      c
    0.63628269217575      2.79632636840201      2.32131392772791      h
   -2.39906171019809      1.59246671835263      1.55299879209777      h
    0.23064273822100     -1.14192831887466      2.45087789900616      o
   -0.17247675758160     -1.05382271784573      4.22556996472191      h
  -.31225248742217D-06  0.94151005047838D-07  -.31687702239935D-07
  0.62156075282691D-02  -.22749345436548D-02  0.16273569665763D-02
  -.10030138579519D-01  0.22745139115754D-02  -.26264737924264D-02
  0.66127239684022D-07  0.17781026961927D-06  0.17029354371090D-07
  -.43266275007170D-07  0.13232069839830D-06  0.11221131246408D-06
  0.10030160471568D-01  0.22745314069201D-02  0.26265181822720D-02
  -.37729387836194D-07  0.16833815941197D-06  0.97048427072366D-08
  0.55983020441630D-07  0.15602490288646D-06  -.12822314576777D-06
  -.62158405518846D-02  -.22749879291872D-02  -.16274430826284D-02
  0.48226954185715D-06  0.14852363489082D-06  0.62693981561779D-07
  cycle =     13 MP2 energy =     -229.8354778675 |dE/dxyz| =  0.017839
    0.17247107447078     -1.05382596334901     -4.22556684966976      h
   -0.23065235779477     -1.14192648581467     -2.45087537403262      o
    0.36296541988014      1.24122434438345     -1.38626579016363      c
   -0.63629249720659      2.79632830176983     -2.32131255451044      h
    2.39905552753467      1.59246949099516     -1.55300884805952      h
   -0.36296516580364      1.24122469314393      1.38626539766371      c
    0.63629083539753      2.79633025707851      2.32131168387671      h
   -2.39905568854157      1.59246765922838      1.55300753653748      h
    0.23065522457755     -1.14192474685465      2.45087640706310      o
   -0.17250094954590     -1.05383477902917      4.22556094360535      h
  0.41589269561548D-06  -.23132779053414D-06  0.11540471245297D-06
  0.62148045171755D-02  -.22747222436426D-02  0.16274035848420D-02
  -.10030175243879D-01  0.22747404443946D-02  -.26264947314578D-02
  -.44452305170140D-07  0.11572617975020D-06  0.10478582779250D-06
  -.31037706627046D-07  0.10292845031845D-06  -.37289565102405D-07
  0.10030133187070D-01  0.22747197460209D-02  0.26264599141594D-02
  0.29000323698014D-07  0.12309092811691D-06  -.12540331040256D-06
  0.23108475133427D-07  0.89815228920820D-07  0.41784380733212D-07
  -.62144937965907D-02  -.22746313056086D-02  -.16273028137919D-02
  -.66117537111943D-06  -.30685898272376D-06  -.16523577794914D-06
$end
