$hessapprox internal
  0.186647963600D-01  0.201055162984D-03  0.615278955486D+00  0.713318059653D-04
  0.445103786087D-04  0.373460839433D+00 -0.754271884949D-03 -0.386374516461D-05
 -0.126455235118D-03  0.423019531045D+00  0.146610037461D-03 -0.839233184649D-06
  0.291396674450D-04 -0.599908804081D-05  0.421844554633D+00  0.336691308797D-02
 -0.832565628804D-04  0.852674979241D-03  0.381992536488D-04 -0.382710608897D-04
  0.344766719676D+00  0.112651420699D-02  0.875039025212D-04 -0.455170883571D-04
 -0.304485377535D-03  0.618606809445D-04  0.152834424673D-02  0.348365487372D+00
 -0.136931149687D-02  0.449728546958D-04 -0.378646794084D-03 -0.460979243375D-04
  0.227572760428D-04  0.107775016835D-02 -0.640278947535D-03  0.320004155827D+00
  0.110157512028D-02  0.761312424929D-04 -0.174521424500D-04 -0.271794939045D-03
  0.543841899890D-04  0.131148788805D-02  0.326026941987D-03 -0.544241153575D-03
  0.345951794746D+00 -0.833882499592D-03 -0.113897290758D-04 -0.119389942931D-03
  0.785734487123D-04 -0.112394295243D-04 -0.958414632415D-04 -0.324640146008D-03
  0.107946517926D-04 -0.293523196890D-03  0.423071068823D+00  0.151078061443D-03
  0.226730443435D-05  0.210460294258D-04 -0.147959241867D-04  0.216818881734D-05
  0.213167326389D-04  0.584734098725D-04 -0.372371569694D-05  0.529796410901D-04
 -0.195255331177D-04  0.421848055209D+00  0.328874262924D-02 -0.884734474951D-04
  0.853381271295D-03  0.569761155695D-04 -0.420101850048D-04 -0.220946361850D-02
  0.150489618914D-02  0.111476078892D-02  0.128802842570D-02 -0.754829886215D-04
  0.176397579922D-04  0.344589463603D+00  0.173698283540D-02  0.967244836377D-04
  0.393555410904D-04 -0.364434188079D-03  0.706599578048D-04  0.161562370623D-02
  0.553342164920D-03 -0.655837192750D-03  0.540046759580D-03 -0.403687499374D-03
  0.731603687672D-04  0.157732123015D-02  0.348897298984D+00 -0.132076475220D-02
  0.453583470052D-04 -0.370900157236D-03 -0.499088526062D-04  0.232319419754D-04
  0.107794534593D-02 -0.620911845628D-03 -0.532952134258D-03 -0.526881527569D-03
  0.539049681293D-05 -0.271052607021D-05  0.111375513491D-02 -0.632366178218D-03
  0.320007982221D+00  0.139626728886D-02  0.829229274637D-04  0.168065110862D-04
 -0.307171329596D-03  0.601468161919D-04  0.139902186465D-02  0.436096844581D-03
 -0.572059090804D-03  0.429059168045D-03 -0.337618032222D-03  0.611111896343D-04
  0.136852331343D-02  0.683015509869D-03 -0.552326750931D-03  0.346171367267D+00
  0.660456173350D-02  0.271798162569D-03  0.424873135863D-03 -0.112173084902D-02
  0.206550277398D-03  0.428139293149D-02  0.226555156867D-02 -0.166097735538D-02
  0.214725839251D-02 -0.129152894903D-02  0.235463402501D-03  0.413035834946D-02
  0.321742609604D-02 -0.158779208847D-02  0.262366048183D-02  0.266522544363D-01
  0.261297375863D-03  0.222571625357D-05  0.412628270740D-04 -0.209267553698D-04
  0.265247006325D-05  0.397653301047D-05  0.103987308744D-03  0.827174503425D-05
  0.932887607528D-04 -0.294698292129D-04  0.552051364868D-05 -0.247832623417D-05
  0.126346800066D-03  0.974038787308D-05  0.106165258276D-03  0.395000778205D-03
  0.615289739181D+00 -0.597418386188D-04  0.457122081280D-04 -0.141978269559D-03
 -0.122333685396D-03  0.293096163587D-04  0.895648836083D-03 -0.101582432931D-03
 -0.402909986612D-03 -0.665146065832D-04 -0.110486724271D-03  0.193085596468D-04
  0.899723401088D-03 -0.237664943393D-04 -0.395512165886D-03 -0.370917186212D-04
  0.243471874185D-03  0.392932500065D-04  0.373405726882D+00  0.259553713733D-02
 -0.792686561834D-04  0.700585477072D-03  0.709390540161D-04 -0.392675866551D-04
 -0.192693210718D-02  0.120358954494D-02  0.961725037886D-03  0.102576827036D-02
 -0.356216006662D-04  0.971867173797D-05 -0.199674984415D-02  0.124380510963D-02
  0.959351249305D-03  0.108268322641D-02  0.319155840608D-02 -0.103597610295D-04
  0.742926300593D-03  0.505973209526D+00 -0.595665011818D-02  0.292334598064D-04
 -0.116997385141D-02  0.257115082226D-03 -0.870600635660D-05  0.146057670127D-02
 -0.250516285964D-02 -0.882410289454D-03 -0.220483177481D-02  0.468984889218D-03
 -0.902564943976D-04  0.161222089178D-02 -0.287139719793D-02 -0.902509411831D-03
 -0.244236875384D-02 -0.842709931083D-02 -0.112096076598D-03 -0.117390862992D-02
  0.151748093132D-02  0.384401623856D+00  0.280169304876D-02 -0.693153357028D-04
  0.709633966795D-03  0.318840716416D-04 -0.318692607038D-04 -0.176479043757D-02
  0.127183336692D-02  0.897130637801D-03  0.109135671349D-02 -0.796621690630D-04
  0.177224095233D-04 -0.183923997929D-02  0.134439718608D-02  0.897287117549D-03
  0.116417110808D-02  0.356239867907D-02  0.327742144275D-05  0.745415244681D-03
 -0.160401674296D-02  0.121630276451D-02  0.506231349863D+00 -0.486482548250D-02
  0.701257648190D-04 -0.108815232175D-02  0.827875505216D-04  0.228249646233D-04
  0.208999174180D-02 -0.212383586746D-02 -0.112194414050D-02 -0.184591136366D-02
  0.265722706092D-03 -0.531290192276D-04  0.221644071684D-02 -0.233996009362D-02
 -0.113062064086D-02 -0.200752136681D-02 -0.654845692728D-02 -0.503918457361D-04
 -0.111960843415D-02  0.198036558999D-02 -0.808329618811D-03  0.174000237217D-02
  0.382129663811D+00 -0.168700510650D-02  0.511369569416D-04 -0.454251728227D-03
 -0.450495354561D-04  0.252734527852D-04  0.124497207359D-02 -0.781641842260D-03
 -0.621747888512D-03 -0.666336037261D-03  0.241286628397D-04 -0.648803920873D-05
  0.129032943817D-02 -0.808470891866D-03 -0.620269395403D-03 -0.703598156352D-03
 -0.207717613433D-02  0.639104516754D-05 -0.481536756149D-03  0.111643974537D-02
 -0.976321289210D-03  0.103634083453D-02 -0.127774905473D-02  0.391678615384D+00
  0.000000000000D+00  0.000000000000D+00  0.000000000000D+00  0.000000000000D+00
  0.000000000000D+00  0.000000000000D+00  0.000000000000D+00  0.000000000000D+00
  0.000000000000D+00  0.000000000000D+00  0.000000000000D+00  0.000000000000D+00
  0.000000000000D+00  0.000000000000D+00  0.000000000000D+00  0.000000000000D+00
  0.000000000000D+00  0.000000000000D+00  0.000000000000D+00  0.000000000000D+00
  0.000000000000D+00  0.000000000000D+00  0.000000000000D+00  0.000000000000D+00
$end
