$coord
    0.08848176681837     -1.06163683714080     -4.21637582688999  h
   -0.18186231491461     -1.16855222742382     -2.41746089350747  o
    0.28279192063369      1.26846793542542     -1.41218678096859  c
   -0.87784491112220      2.72735514617403     -2.31342740235997  h
    2.27286481433229      1.76727344516888     -1.70619393220132  h
   -0.28279184145131      1.26846796843270      1.41218674143052  c
    0.87784470798521      2.72735542157876      2.31342735251862  h
   -2.27286483696310      1.76727316277130      1.70619373252986  h
    0.18186276971919     -1.16855204515565      2.41746100426734  o
   -0.08848593259729     -1.06163771081329      4.21637530279722  h
$intdef
# definitions of internal coordinates
   1 f  1.0000000000000 tors    2    3    6    9 val=  30.00000
$user-defined bonds
$redundant
     number_of_atoms            10
     degrees_of_freedom         24
     internal_coordinates       25
     frozen_coordinates          1
# definitions of redundant internals
   1 k  1.0000000000000 tors   1    2    3    6 val= 176.28932
   2 k  1.0000000000000 stre   2    1           val=   1.82225
   3 k  1.0000000000000 bend   3    1    2      val= 106.95172
   4 k  1.0000000000000 stre   3    4           val=   2.07067
   5 k  1.0000000000000 stre   3    5           val=   2.07259
   6 k  0.0793172342651 bend   5    4    3      val=   0.92129
       -0.5297657512854 bend   2    4    3
       -0.4868187455668 bend   2    5    3
        0.4812880823860 bend   6    4    3
        0.4943948986706 bend   6    5    3
   7 k  0.0154733986886 bend   5    4    3      val=   0.45444
       -0.5281969370513 bend   2    4    3
        0.5610168677783 bend   2    5    3
       -0.4645297752601 bend   6    4    3
        0.4361659450114 bend   6    5    3
   8 k  0.8920819235829 bend   5    4    3      val=  -0.64664
       -0.1664969314745 bend   2    4    3
       -0.1982521194516 bend   2    5    3
       -0.2641466632970 bend   6    4    3
       -0.2595982488927 bend   6    5    3
   9 k -0.0113378690678 bend   5    4    3      val=   1.60180
        0.4498030608552 bend   2    4    3
       -0.4506064288240 bend   2    5    3
       -0.5320545106120 bend   6    4    3
        0.5580506278200 bend   6    5    3
  10 k  1.0000000000000 stre   6    7           val=   2.07067
  11 k  1.0000000000000 stre   6    8           val=   2.07259
  12 k  0.0793172718849 bend   8    7    6      val=   0.92129
       -0.5297657315064 bend   9    7    6
       -0.4868187698365 bend   9    8    6
        0.4812881315553 bend   3    7    6
        0.4943948420657 bend   3    8    6
  13 k  0.0154734612958 bend   8    7    6      val=   0.45445
       -0.5281969828102 bend   9    7    6
        0.5610168500745 bend   9    8    6
       -0.4645297252309 bend   3    7    6
        0.4361659634304 bend   3    8    6
  14 k  0.8920819218689 bend   8    7    6      val=  -0.64664
       -0.1664969043564 bend   9    7    6
       -0.1982521077422 bend   9    8    6
       -0.2641466334113 bend   3    7    6
       -0.2595983115269 bend   3    8    6
  15 k -0.0113378322116 bend   8    7    6      val=   1.60180
        0.4498030115645 bend   9    7    6
       -0.4506064454993 bend   9    8    6
       -0.5320545233827 bend   3    7    6
        0.5580506426577 bend   3    8    6
  16 k  1.0000000000000 tors  10    9    6    3 val= 176.28948
  17 k  1.0000000000000 stre   9   10           val=   1.82225
  18 k  1.0000000000000 bend   6   10    9      val= 106.95172
  19 k  1.0000000000000 tors   2    3    6    9 val=  30.00000
  20 k  1.0000000000000 stre   3    2           val=   2.67685
  21 k  1.0000000000000 bend   6    2    3      val= 109.52081
  22 k  1.0000000000000 stre   6    9           val=   2.67685
  23 k  1.0000000000000 bend   3    9    6      val= 109.52081
  24 k  1.0000000000000 stre   3    6           val=   2.88045
  25 f  1.0000000000000 tors   2    3    6    9 val=  30.00000
        24 non zero eigenvalues  of BmBt
           1           4.590685585    1    0
         1
           2           3.784078941    2    0
         2
           3           3.756976651    3    0
         3
           4           3.076951885    4    0
         4
           5           2.672611823    5    0
         5
           6           2.463368841    6    0
         6
           7           2.105819307    7    0
         7
           8           1.741554009    8    0
         8
           9           1.227719488    9    0
         9
          10           1.215626294   10    0
        10
          11           1.034588550   11    0
        11
          12           0.832951880   12    0
        12
          13           0.766836059   13    0
        13
          14           0.729722771   14    0
        14
          15           0.671989829   15    0
        15
          16           0.394950437   16    0
        16
          17           0.345759209   17    0
        17
          18           0.303591755   18    0
        18
          19           0.269181421   20    0
        20
          20           0.247149889   21    0
        21
          21           0.173020699   22    0
        22
          22           0.067576386   23    0
        23
          23           0.056261566   24    0
        24
          24           0.000000000    0    1
         0.000000000         0.000000000         0.000000000         0.000000000
         0.000000000         0.000000000         0.000000000         0.000000000
         0.000000000         0.000000000         0.000000000         0.000000000
         0.000000000         0.000000000         0.000000000         0.000000000
         0.000000000         0.000000000         0.000000000         0.000000000
         0.000000000         0.000000000         0.000000000         0.000000000
         1.000000000
$end
