$energy      SCF               SCFKIN            SCFPOT            MP2
     1 -229.0174062170      228.781663     -457.799070     -.8138660040962
     2 -229.0195884977      228.763528     -457.783117     -.8129164570803
     3 -229.0195969540      228.781839     -457.801436     -.8130375057601
     4 -229.0194357663      228.783592     -457.803028     -.8132231242299
     5 -229.0193894360      228.780292     -457.799681     -.8132706044242
     6 -229.0193871977      228.780342     -457.799729     -.8132729268085
     7 -229.0193865549      228.780300     -457.799687     -.8132735934069
     8 -229.0193865546      228.780299     -457.799686     -.8132735724818
     9 -229.0193862753      228.780291     -457.799677     -.8132738366368
    10 -229.0193861611      228.780291     -457.799677     -.8132740038772
    11 -229.0193861609      228.780290     -457.799676     -.8132739996839
    12 -229.0193861326      228.780291     -457.799678     -.8132740253934
    13 -229.0193861129      228.780291     -457.799677     -.8132740431902
$end
