$grad          cartesian gradients
  cycle =      1 MP2 energy =     -229.8312722211 |dE/dxyz| =  0.017501
    0.15901531279338     -1.23500921416918     -4.09750159607378      h
   -0.19726205080942     -1.18436687278226     -2.31558975456332      o
    0.29219906659169      1.30013482607579     -1.40165552621007      c
   -0.90092914451282      2.70508169882960     -2.34754658763162      h
    2.27302264051191      1.83637195442012     -1.68610116922690      h
   -0.29219936040231      1.30014348534811      1.40164183988003      c
    0.90089507290144      2.70510016366759      2.34752898885498      h
   -2.27304656182412      1.83636817164644      1.68605498311189      h
    0.19733433754369     -1.18432750495198      2.31561725367983      o
   -0.16010121837156     -1.23525963306887      4.09729197917607      h
  -.10198333979599D-02  -.33742476129864D-02  0.22583754692027D-02
  0.32788280490488D-02  -.50577967550982D-02  0.91227826626561D-03
  -.46638137575401D-02  0.59362961086729D-02  0.50074565377392D-02
  -.14486788635497D-02  -.59638631412362D-03  -.39374360591315D-03
  -.70326119447017D-04  0.30924738491860D-02  0.20430789421896D-02
  0.46697728377667D-02  0.59375083347266D-02  -.50059063040893D-02
  0.14463239851144D-02  -.60122738295743D-03  0.39172355500239D-03
  0.65491050284638D-04  0.30957432728465D-02  -.20429240981048D-02
  -.32766354054794D-02  -.50588815911148D-02  -.91431100596751D-03
  0.10188716219434D-02  -.33734819577501D-02  -.22560277562240D-02
  cycle =      2 MP2 energy =     -229.8325049548 |dE/dxyz| =  0.017649
    0.13776374200067     -1.10644720293748     -4.22829077495066      h
   -0.16986265080462     -1.18399759246138     -2.43450415311522      o
    0.28854787128978      1.25142625513986     -1.41590102876693      c
   -0.87379195591957      2.69292139580676     -2.34176584836404      h
    2.27362712129092      1.76831938693854     -1.69868721058637      h
   -0.28861957812458      1.25142370461646      1.41587567862079      c
    0.87375071792497      2.69287117979376      2.34177346067193      h
   -2.27369038252989      1.76837180846123      1.69863433042295      h
    0.16973128303138     -1.18401664558436      2.43446096886934      o
   -0.13852807373717     -1.10663521475802      4.22814498819531      h
  -.34541442489050D-03  -.16632859497594D-02  -.20567947274053D-03
  0.60659788158355D-02  -.57948140641706D-03  -.15180263737307D-02
  -.10002101768440D-01  0.25431251776320D-02  -.14830838924502D-02
  0.13197153081257D-03  -.97194921156829D-03  -.16242069594563D-02
  -.74323886497529D-03  0.67145291483373D-03  0.25770659805902D-03
  0.10002566978798D-01  0.25435155551836D-02  0.14832892161631D-02
  -.13227814867944D-03  -.97324085151351D-03  0.16245927495955D-02
  0.74257013118828D-03  0.67236605100018D-03  -.25853100113726D-03
  -.60646269558406D-02  -.57892721305031D-03  0.15186569335439D-02
  0.34457270622135D-03  -.16635750884738D-02  0.20528220073324D-03
  cycle =      3 MP2 energy =     -229.8326344598 |dE/dxyz| =  0.018692
    0.13009451977799     -1.09423891851362     -4.21619933872330      h
   -0.16884821308587     -1.18555265852732     -2.42143780722341      o
    0.28993115302919      1.24900521214385     -1.41219933420706      c
   -0.86672373293411      2.70006010603740     -2.33011138141962      h
    2.27978704544892      1.75294770172969     -1.69393098324689      h
   -0.29003661739334      1.24899847464953      1.41217074772739      c
    0.86668409611399      2.69997668898459      2.33012455277148      h
   -2.27987027427377      1.75303540327773      1.69388455808927      h
    0.16861857650500     -1.18559723372071      2.42136863886164      o
   -0.13070845876612     -1.09439770104576      4.21607075836760      h
  -.12767756970811D-03  -.62868994625342D-03  0.10970046984582D-04
  0.66990581904389D-02  -.47771932343288D-03  0.62333808587134D-03
  -.11019460703436D-01  0.15348289421953D-02  -.20094006586122D-02
  0.82662139231138D-04  -.56052428938624D-03  -.73469238668067D-03
  -.29385709542451D-03  0.13185073836874D-03  0.10171441722417D-03
  0.11018957114797D-01  0.15346191701449D-02  0.20096320559024D-02
  -.82516330924598D-04  -.56073601897566D-03  0.73541715355963D-03
  0.29402724017125D-03  0.13201930971074D-03  -.10248257161583D-03
  -.66982815378611D-02  -.47675245166090D-03  -.62301911917295D-03
  0.12708855262372D-03  -.62889606535055D-03  -.11477022244577D-04
  cycle =      4 MP2 energy =     -229.8326588905 |dE/dxyz| =  0.019437
    0.12366579291721     -1.08673136642539     -4.21271186856175      h
   -0.16679000484560     -1.18906827244737     -2.41684491621984      o
    0.29165288960289      1.24709109152646     -1.41017306698805      c
   -0.86178371352314      2.70568172449304     -2.32095357551224      h
    2.28420933534215      1.74524962614547     -1.69018567654287      h
   -0.29179455247522      1.24707855846552      1.41014028311365      c
    0.86174617245532      2.70555955506454      2.32096707707095      h
   -2.28431570887536      1.74537734452192      1.69014991789672      h
    0.16646161703456     -1.18913986825763      2.41675162429971      o
   -0.12412373321094     -1.08686131807119      4.21260061244080      h
  -.74696750793080D-05  -.55404154117089D-04  0.63161111595100D-04
  0.68891885220002D-02  -.14157938819750D-02  0.15145999425119D-02
  -.11387843624274D-01  0.15427766424754D-02  -.22464526849866D-02
  0.30046938585437D-04  -.67018318650192D-04  -.92089941491347D-04
  0.63314800971881D-04  -.45620146944536D-05  0.36380370928457D-04
  0.11387730311877D-01  0.15420092804810D-02  0.22465452706109D-02
  -.29930074527007D-04  -.66931945844839D-04  0.92537850771901D-04
  -.63183582075244D-04  -.46335800141240D-05  -.36845752484971D-04
  -.68891154850297D-02  -.14149000763712D-02  -.15145674297550D-02
  0.72618676151270D-05  -.55541913919765D-04  -.63268737695132D-04
  cycle =      5 MP2 energy =     -229.8326600404 |dE/dxyz| =  0.019250
    0.12182115204952     -1.08475364699406     -4.21508563250275      h
   -0.16516295510577     -1.19041943687175     -2.41868820890166      o
    0.29254218706835      1.24640236194715     -1.41019736796376      c
   -0.86103507557455      2.70588541041506     -2.31955789816296      h
    2.28487712844556      1.74510847536901     -1.68975443204022      h
   -0.29269779571369      1.24638761740358      1.41016306208151      c
    0.86099862734510      2.70574853783872      2.31956859295413      h
   -2.28499235056708      1.74525154883052      1.68972656055783      h
    0.16480192808614     -1.19050022236110      2.41858647031766      o
   -0.12222475161172     -1.08487357056175      4.21497926465730      h
  0.37367836607793D-05  -.12396674692716D-04  0.29879637279961D-05
  0.68228780242725D-02  -.18376129495543D-02  0.14245446090930D-02
  -.11167703692515D-01  0.18035060467092D-02  -.23135008610475D-02
  0.22071089457620D-04  0.23594674180227D-04  -.80134793178921D-06
  0.35998583167274D-04  0.23055895957524D-04  0.12444574128190D-04
  0.11167904938555D-01  0.18025823618766D-02  0.23136202902596D-02
  -.22084410963519D-04  0.23535567939881D-04  0.94210178414045D-06
  -.36028750439954D-04  0.23057915290003D-04  -.12679100655166D-04
  -.68229688900876D-02  -.18368616743238D-02  -.14245351125890D-02
  -.38036752704751D-05  -.12461126244923D-04  -.30231148544502D-05
  cycle =      6 MP2 energy =     -229.8326601245 |dE/dxyz| =  0.019087
    0.12059978281205     -1.08392105013456     -4.21555482946064      h
   -0.16420603063787     -1.19063446690889     -2.41885647760068      o
    0.29310936602173      1.24628157836215     -1.41010626077519      c
   -0.86078499037195      2.70535018323986     -2.31969160906977      h
    2.28525820823887      1.74514652816455     -1.68943467119756      h
   -0.29327154833180      1.24626608151844      1.41007127452106      c
    0.86074930611035      2.70520743148853      2.31970024611917      h
   -2.28537726354875      1.74529646035130      1.68941211019242      h
    0.16383110007883     -1.19071902777181      2.41875063898481      o
   -0.12097983594960     -1.08403664329420      4.21544998928345      h
  0.33065242868169D-05  0.22922675339543D-05  -.12578362236226D-05
  0.68056776343701D-02  -.18582251756065D-02  0.14237092537908D-02
  -.11026462417612D-01  0.18445520941057D-02  -.23163357317251D-02
  0.39851149635783D-05  0.63415762405761D-05  0.72112999358609D-05
  -.92673845366598D-05  0.52243862864731D-05  -.96589248321788D-06
  0.11026633854812D-01  0.18435251101705D-02  0.23164314355892D-02
  -.39886712039916D-05  0.63116974651223D-05  -.71758361979146D-05
  0.92479260365153D-05  0.52372095080688D-05  0.89573013895006D-06
  -.68058064389753D-02  -.18575440169588D-02  -.14237586415415D-02
  -.33261421616970D-05  0.22848881362503D-05  0.12462182867878D-05
  cycle =      7 MP2 energy =     -229.8326601483 |dE/dxyz| =  0.019078
    0.12008618196608     -1.08377516901710     -4.21563971718209      h
   -0.16396872559229     -1.19066533206381     -2.41883629626862      o
    0.29325806146749      1.24629903157157     -1.41006377480859      c
   -0.86060697384328      2.70525856000336     -2.31986297482329      h
    2.28545124445998      1.74510559301184     -1.68921401022183      h
   -0.29342185593018      1.24628337372882      1.41002857990206      c
    0.86057148511507      2.70511446772506      2.31987101992933      h
   -2.28557119906645      1.74525718781696      1.68919284852722      h
    0.16359025029011     -1.19075086074969      2.41872945642848      o
   -0.12046037444468     -1.08388977701162      4.21553527951438      h
  0.11121678233361D-05  0.55511305169231D-06  -.14862984620834D-06
  0.68047283980450D-02  -.18610324545811D-02  0.14176976503348D-02
  -.11020900519151D-01  0.18564091545974D-02  -.23029255529143D-02
  -.15268718309702D-05  0.24020811020264D-05  0.19525931314046D-05
  -.57058413434063D-05  0.18624163735659D-05  -.62976431380868D-06
  0.11021058830879D-01  0.18553630270945D-02  0.23029912391528D-02
  0.15295280646477D-05  0.23969450793082D-05  -.19401565998223D-05
  0.57012893295294D-05  0.18691058043530D-05  0.60740810214899D-06
  -.68048779056360D-02  -.18603779314113D-02  -.14177490615941D-02
  -.11190761786128D-05  0.55258145537085D-06  0.14427313921317D-06
  cycle =      8 MP2 energy =     -229.8326601271 |dE/dxyz| =  0.019078
    0.08869788064438     -1.06166763999956     -4.21637029035958      h
   -0.18188847227576     -1.16854386253480     -2.41748849059049      o
    0.28277222570882      1.26845552299969     -1.41220341901149      c
   -0.87793824021120      2.72735075987457     -2.31335707504887      h
    2.27279699577000      1.76734583224781     -1.70627210471292      h
   -0.28277219137901      1.26845553267892      1.41220337306382      c
    0.87793790101171      2.72735092121139      2.31335729132797      h
   -2.27279713094536      1.76734560025414      1.70627139539825      h
    0.18188878134157     -1.16854368523544      2.41748859421873      o
   -0.08870272111827     -1.06166866100354      4.21636968603587      h
  0.97520257874573D-06  0.58985088841057D-06  -.16201628039170D-06
  0.68154081263030D-02  -.18607330090177D-02  0.13666842451698D-02
  -.11037918514767D-01  0.18559178572923D-02  -.22203334273634D-02
  -.14813220143850D-05  0.23611705559645D-05  0.19901057748406D-05
  -.56933300744966D-05  0.18630861349234D-05  -.53611631056771D-06
  0.11037913940093D-01  0.18559117748431D-02  0.22203443660014D-02
  0.14840327127175D-05  0.23538762992104D-05  -.19793874492802D-05
  0.56888352206741D-05  0.18713049052543D-05  0.51364963649103D-06
  -.68153933939639D-02  -.18607225744987D-02  -.13666832939458D-02
  -.98357612909883D-06  0.58670118729953D-06  0.16187405726953D-06
  cycle =      9 MP2 energy =     -229.8326601119 |dE/dxyz| =  0.019090
    0.08858675078305     -1.06164865932559     -4.21637153393829      h
   -0.18186612800615     -1.16854496872944     -2.41747140996603      o
    0.28278785014028      1.26846478186066     -1.41219291071605      c
   -0.87787368705863      2.72736330841595     -2.31339543639563      h
    2.27284403873115      1.76730612401476     -1.70621456093147      h
   -0.28278806417687      1.26846477778660      1.41219283562143      c
    0.87787337225063      2.72736325660224      2.31339559000086      h
   -2.27284431131902      1.76730614747986      1.70621406170986      h
    0.18186581319638     -1.16854494814007      2.41747134404153      o
   -0.08859060599395     -1.06164949947177      4.21637098089508      h
  0.18000494661496D-06  0.22162787588487D-06  -.35805789444510D-07
  0.68172985169070D-02  -.18618056539630D-02  0.13665193491397D-02
  -.11047183219321D-01  0.18588211250083D-02  -.22171051631856D-02
  -.66461954451036D-06  0.17190332552985D-05  0.11195877207548D-05
  -.18222521398492D-05  0.10423948411109D-05  0.64519332099167D-08
  0.11047182343699D-01  0.18588178334396D-02  0.22171135856863D-02
  0.66623133210264D-06  0.17149730986432D-05  -.11125909493703D-05
  0.18204854108639D-05  0.10462068951167D-05  -.20151473045793D-07
  -.68172988692963D-02  -.18617989028193D-02  -.13665204849156D-02
  -.17862199747087D-06  0.22140126570980D-06  0.35222242900090D-07
  cycle =     10 MP2 energy =     -229.8326601650 |dE/dxyz| =  0.019097
    0.08853980370730     -1.06163940660024     -4.21637339078587      h
   -0.18186049880225     -1.16854315312868     -2.41746603995609      o
    0.28279199934998      1.26847327355385     -1.41218759030089      c
   -0.87784435333043      2.72736654432993     -2.31342143451127      h
    2.27286494045838      1.76728333611227     -1.70619180877653      h
   -0.28279216662737      1.26847327683872      1.41218749521654      c
    0.87784406241130      2.72736660190007      2.31342142496217      h
   -2.27286515738753      1.76728325930795      1.70619150603169      h
    0.18186039054635     -1.16854309513210      2.41746600354000      o
   -0.08854399177887     -1.06164031668857      4.21637279490155      h
  -.13001993059980D-06  -.13155140871079D-06  -.11902192209590D-06
  0.68181566106345D-02  -.18625722689034D-02  0.13656892968950D-02
  -.11052897105941D-01  0.18618425270924D-02  -.22141704516998D-02
  0.10117809634558D-06  0.58017738258087D-06  0.33077080030530D-06
  0.32771034463863D-06  0.28241552163522D-06  0.97997307824116D-07
  0.11052895463620D-01  0.18618396591785D-02  0.22141699605593D-02
  -.10169381514658D-06  0.57863268532188D-06  -.33086905815161D-06
  -.32804839689149D-06  0.28305660237926D-06  -.10107825454408D-06
  -.68181426490905D-02  -.18625676889990D-02  -.13656843726153D-02
  0.11855454301601D-06  -.13492078893007D-06  0.11776970776367D-06
  cycle =     11 MP2 energy =     -229.8326601606 |dE/dxyz| =  0.019097
    0.08851331737765     -1.06164606214762     -4.21637389478854      h
   -0.18187560663191     -1.16854979587510     -2.41746483289114      o
    0.28278316131857      1.26846665986241     -1.41218935167612      c
   -0.87785894183125      2.72735987812527     -2.31341587521603      h
    2.27285422562385      1.76727678954013     -1.70620615981571      h
   -0.28278314580818      1.26846667822883      1.41218931003674      c
    0.87785872986519      2.72736005585363      2.31341588273992      h
   -2.27285429526883      1.76727659350642      1.70620589807995      h
    0.18187585461632     -1.16854966466207      2.41746491067874      o
   -0.08851715682117     -1.06164687341436      4.21637341046842      h
  0.33761337481231D-06  -.24789265201663D-06  -.46723247493219D-07
  0.68176547807621D-02  -.18623022413724D-02  0.13655749947183D-02
  -.11052867809563D-01  0.18615698896483D-02  -.22143306067481D-02
  -.11646850150981D-06  0.61991598787614D-06  0.44538783883219D-06
  0.16754267750940D-06  0.36152863924777D-06  -.73595262106707D-08
  0.11052865733658D-01  0.18615673657782D-02  0.22143298109110D-02
  0.11529082866168D-06  0.61849510890610D-06  -.44513664554380D-06
  -.16808077463182D-06  0.36187785856789D-06  0.34015887884209D-08
  -.68176426538824D-02  -.18622983910319D-02  -.13655697732773D-02
  -.34594867209803D-06  -.25050970919871D-06  0.46005514953151D-07
  cycle =     12 MP2 energy =     -229.8326601580 |dE/dxyz| =  0.019097
    0.08846338377263     -1.06162845180242     -4.21638297710925      h
   -0.18185382297528     -1.16855388691824     -2.41746457763913      o
    0.28279642200661      1.26846441647169     -1.41218617342258      c
   -0.87783623916664      2.72735423725519     -2.31342878544616      h
    2.27287038496167      1.76727111189884     -1.70618458669748      h
   -0.28279669002231      1.26846442066441      1.41218612291516      c
    0.87783603470376      2.72735412570675      2.31342886170624      h
   -2.27287064050768      1.76727125676654      1.70618437967866      h
    0.18185331524530     -1.16855393442901      2.41746446202000      o
   -0.08846600557782     -1.06162903659621      4.21638257161077      h
  -.41128270117374D-06  0.44755177952549D-07  -.58614049613936D-07
  0.68185017205464D-02  -.18627001774796D-02  0.13654880429623D-02
  -.11052553159609D-01  0.18620208558744D-02  -.22140476161625D-02
  0.50602975143477D-08  0.38639151078712D-06  0.12028448170831D-06
  -.48992019774374D-07  0.24623185801431D-06  0.20211778772872D-06
  0.11052557221924D-01  0.18620217518341D-02  0.22140531043691D-02
  -.28535784846184D-08  0.38500557897336D-06  -.11684614431573D-06
  0.49363947596248D-07  0.24845965240772D-06  -.20592036431566D-06
  -.68185267245902D-02  -.18627024417217D-02  -.13654949796695D-02
  0.42964587976257D-06  0.49205644780947D-07  0.60427027825938D-07
  cycle =     13 MP2 energy =     -229.8326601561 |dE/dxyz| =  0.019096
    0.08848176681837     -1.06163683714080     -4.21637582688999      h
   -0.18186231491461     -1.16855222742382     -2.41746089350747      o
    0.28279192063369      1.26846793542542     -1.41218678096859      c
   -0.87784491112220      2.72735514617403     -2.31342740235997      h
    2.27286481433229      1.76727344516888     -1.70619393220132      h
   -0.28279184145131      1.26846796843270      1.41218674143052      c
    0.87784470798521      2.72735542157876      2.31342735251862      h
   -2.27286483696310      1.76727316277130      1.70619373252986      h
    0.18186276971919     -1.16855204515565      2.41746100426734      o
   -0.08848593259729     -1.06163771081329      4.21637530279722      h
  0.66749495392093D-06  -.29148276309288D-06  0.11506120234372D-06
  0.68172686468499D-02  -.18625199902917D-02  0.13654442209772D-02
  -.11052553504761D-01  0.18624280919610D-02  -.22138876175246D-02
  -.67091163513666D-07  0.23599472109836D-06  0.22194932669528D-06
  -.55434131507326D-07  0.14825572636212D-06  0.23691293371542D-08
  0.11052549218940D-01  0.18624263863218D-02  0.22138846363455D-02
  0.64378728126258D-07  0.23680661964676D-06  -.22361107743230D-06
  0.54162377249867D-07  0.14630597533483D-06  -.34537565030135D-08
  -.68172276905403D-02  -.18625111337158D-02  -.13654343387390D-02
  -.70018111741899D-06  -.29919673494305D-06  -.11921398890280D-06
$end
