$hessapprox internal
  0.210603491299D-01 -0.149204820451D-05  0.614973571854D+00 -0.393848886034D-03
 -0.144829046202D-03  0.373059125061D+00 -0.154376094221D-02 -0.222095142383D-03
 -0.674827303887D-03  0.422870896205D+00  0.177827406287D-03 -0.112660581569D-03
 -0.405051857640D-03 -0.649860947493D-03  0.421781363328D+00  0.589633890297D-02
  0.848866718591D-03  0.257951223575D-02  0.302959620494D-02  0.248370069836D-02
  0.334631005197D+00  0.199831260861D-02  0.286071810929D-04 -0.305629521222D-04
 -0.362194940642D-03  0.138686906289D-03  0.138298194718D-02  0.348110568464D+00
  0.140403711998D-02  0.170414004310D-03  0.503464927169D-03  0.551363882527D-03
  0.505346285812D-03 -0.210831077608D-02  0.351563293908D-03  0.319995654345D+00
  0.117861337036D-02 -0.179657994691D-03 -0.704365206645D-03 -0.126723967783D-02
 -0.451521090505D-03  0.484269304086D-02  0.521470469858D-03  0.101605521578D-02
  0.344189706342D+00 -0.155373999454D-02 -0.222108821532D-03 -0.674223556550D-03
 -0.789880688150D-03 -0.650202968263D-03  0.302004304312D-02 -0.365533591309D-03
  0.549076715395D-03 -0.126928545458D-02  0.422875910320D+00  0.173911126497D-03
 -0.112755247163D-03 -0.405126767384D-03 -0.649358065428D-03 -0.300666815257D-03
  0.248178130082D-02  0.137439286304D-03  0.504816134988D-03 -0.452709901755D-03
 -0.649693558184D-03  0.421780613454D+00  0.589463291089D-02  0.849973245528D-03
  0.258348791416D-02  0.303596852144D-02  0.248665132208D-02 -0.116077203883D-01
  0.138163341417D-02 -0.211326464207D-02  0.484713586014D-02  0.302641865083D-02
  0.248473559624D-02  0.334582268146D+00  0.209352295658D-02  0.336090483798D-04
 -0.193112088227D-04 -0.359943610342D-03  0.155169380024D-03  0.137431254449D-02
  0.678860652511D-03  0.353340123304D-03  0.562043451462D-03 -0.363439913488D-03
  0.153870703506D-03  0.137280277229D-02  0.348168358650D+00  0.139326315236D-02
  0.168990070589D-03  0.499195576445D-03  0.546509726086D-03  0.501153012091D-03
 -0.208975048110D-02  0.348947090088D-03 -0.368184943768D-03  0.100775601012D-02
  0.544240064349D-03  0.500626661480D-03 -0.209466323481D-02  0.350724363268D-03
  0.320002282746D+00  0.123676970155D-02 -0.173101192949D-03 -0.685263998264D-03
 -0.124709237298D-02 -0.431951187095D-03  0.476564892199D-02  0.536384523634D-03
  0.100273199180D-02 -0.501930860135D-03 -0.124923308168D-02 -0.433163114338D-03
  0.476989992502D-02  0.577091882456D-03  0.994553430909D-03  0.344269067418D+00
  0.630278529499D-02  0.116492102365D-04 -0.370817992400D-03 -0.156365225294D-02
  0.224187481112D-03  0.597212739377D-02  0.210658622125D-02  0.143219489164D-02
  0.130512274998D-02 -0.157421317414D-02  0.220071312601D-03  0.596996844787D-02
  0.220579532425D-02  0.142124191157D-02  0.136460538589D-02  0.217770682280D-01
  0.692296780534D-05 -0.411265451487D-04 -0.144077202688D-03 -0.222268620072D-03
 -0.111392335006D-03  0.849524051764D-03  0.311692997202D-04  0.170856926339D-03
 -0.176372287319D-03 -0.222296260174D-03 -0.111491673274D-03  0.850618179555D-03
  0.362603832183D-04  0.169430643508D-03 -0.169792607693D-03  0.204397966429D-04
  0.614974329998D+00 -0.399790730537D-03 -0.145813626554D-03 -0.483119513850D-03
 -0.678572730771D-03 -0.407905230691D-03  0.259383159578D-02 -0.318660119260D-04
  0.506120998016D-03 -0.709803518662D-03 -0.677959406904D-03 -0.407978503915D-03
  0.259783525911D-02 -0.205898903140D-04  0.501828503524D-03 -0.690604218919D-03
 -0.376795036493D-03 -0.145061279184D-03  0.373053009239D+00  0.404910102886D-02
  0.537886689447D-03  0.161408804493D-02  0.183899206943D-02  0.158336308929D-02
 -0.703152612336D-02  0.981306684122D-03 -0.126246323329D-02  0.313087246825D-02
  0.183241421356D-02  0.158194119868D-02 -0.704705008285D-02  0.980808058693D-03
 -0.125126603676D-02  0.308509753680D-02  0.411550447015D-02  0.538744796080D-03
  0.162285110575D-02  0.503390737233D+00 -0.584402018879D-02 -0.495545732877D-03
 -0.134903395515D-02 -0.114891386879D-02 -0.152330569843D-02  0.439520960020D-02
 -0.161324946544D-02  0.666720653467D-03 -0.330521024376D-02 -0.113931065176D-02
 -0.152060636493D-02  0.441013144030D-02 -0.164653318729D-02  0.660212273144D-03
 -0.328360482604D-02 -0.602936521367D-02 -0.499319508900D-03 -0.135500997240D-02
  0.247881355553D-02  0.381828178213D+00  0.408449510261D-02  0.539674248605D-03
  0.161801986265D-02  0.183944371680D-02  0.158929536534D-02 -0.703327638418D-02
  0.991928558247D-03 -0.126150698578D-02  0.314564471009D-02  0.183280722622D-02
  0.158785432903D-02 -0.704885836826D-02  0.991778496728D-03 -0.125031209481D-02
  0.309993111261D-02  0.415240797434D-02  0.540566169918D-03  0.162679027841D-02
 -0.424299501173D-02  0.246557978110D-02  0.503392382947D+00 -0.573781635249D-02
 -0.493507754394D-03 -0.134885067689D-02 -0.116538846534D-02 -0.151453034477D-02
  0.445810475050D-02 -0.157904462285D-02  0.683275238168D-03 -0.327525869354D-02
 -0.115596248495D-02 -0.151189612528D-02  0.447294112470D-02 -0.161087967568D-02
  0.676645608677D-03 -0.325294260322D-02 -0.591757198393D-02 -0.497150035746D-03
 -0.135488364887D-02  0.252424541660D-02 -0.294480598990D-03  0.251155375450D-02
  0.381670892492D+00 -0.256461703502D-02 -0.320631225506D-03 -0.952292118833D-03
 -0.105726270361D-02 -0.948446579089D-03  0.404268511301D-02 -0.635606197637D-03
  0.717093640646D-03 -0.189635107361D-02 -0.105308860607D-02 -0.947499760340D-03
  0.405198313390D-02 -0.637719119051D-03  0.710691004163D-03 -0.187053386792D-02
 -0.261306867881D-02 -0.321355818613D-03 -0.957365931665D-03  0.242746901741D-02
 -0.132984352071D-02  0.242612719165D-02 -0.135961686418D-02  0.380144056074D+00
  0.000000000000D+00  0.000000000000D+00  0.000000000000D+00  0.000000000000D+00
  0.000000000000D+00  0.000000000000D+00  0.000000000000D+00  0.000000000000D+00
  0.000000000000D+00  0.000000000000D+00  0.000000000000D+00  0.000000000000D+00
  0.000000000000D+00  0.000000000000D+00  0.000000000000D+00  0.000000000000D+00
  0.000000000000D+00  0.000000000000D+00  0.000000000000D+00  0.000000000000D+00
  0.000000000000D+00  0.000000000000D+00  0.000000000000D+00  0.000000000000D+00
$end
